,startIdx,endIdx,length
0,-4,432,436
1,432,647,215
2,647,878,231
3,878,1673,795
4,1673,2291,618
5,2291,2464,173
6,2464,3684,1220
7,3684,5028,1344
8,5028,6600,1572
9,6600,7679,1079
10,7679,7724,45
11,7724,8131,407
12,8131,8377,246
13,8377,8561,184
14,8561,8592,31
15,8592,9591,999
16,9591,9813,222
17,9813,9969,156
18,9969,10110,141
19,10110,10996,886
20,10996,12164,1168
21,12164,12209,45
22,12209,12424,215
23,12424,12469,45
24,12469,12592,123
25,12592,12607,15
26,12607,12632,25
27,12632,12704,72
28,12704,13225,521
29,13225,13663,438
30,13663,13802,139
31,13802,14096,294
32,14096,14335,239
33,14335,14843,508
34,14843,14959,116
35,14959,15014,55
36,15014,15080,66
37,15080,15658,578
38,15658,17287,1629
39,17287,17941,654
40,17941,18697,756
41,18697,18808,111
42,18808,19289,481
43,19289,19459,170
44,19459,19858,399
45,19858,20383,525
46,20383,20431,48
47,20431,20498,67
48,20498,21241,743
49,21241,21286,45
50,21286,21674,388
51,21674,21905,231
52,21905,22264,359
53,22264,22303,39
54,22303,22574,271
55,22574,23311,737
56,23311,23356,45
57,23356,23571,215
58,23571,23616,45
59,23616,23739,123
60,23739,23754,15
61,23754,23779,25
62,23779,23851,72
63,23851,24372,521
64,24372,24810,438
65,24810,24949,139
66,24949,25243,294
67,25243,25482,239
68,25482,25990,508
69,25990,26106,116
70,26106,26161,55
71,26161,26227,66
72,26227,26805,578
73,26805,28793,1988
74,28793,29447,654
75,29447,30203,756
76,30203,30314,111
77,30314,30795,481
78,30795,30965,170
79,30965,31364,399
80,31364,31889,525
81,31889,31937,48
82,31937,32004,67
83,32004,32747,743
84,32747,32792,45
85,32792,33180,388
86,33180,33411,231
87,33411,33770,359
88,33770,33809,39
89,33809,34080,271
90,34080,34817,737
91,34817,34862,45
92,34862,35077,215
93,35077,35122,45
94,35122,35245,123
95,35245,35260,15
96,35260,35285,25
97,35285,35357,72
98,35357,35878,521
99,35878,36316,438
100,36316,36455,139
101,36455,36749,294
102,36749,36988,239
103,36988,37496,508
104,37496,37612,116
105,37612,37667,55
106,37667,37733,66
107,37733,38311,578
108,38311,40464,2153
109,40464,41118,654
110,41118,41874,756
111,41874,41985,111
112,41985,42466,481
113,42466,42636,170
114,42636,43035,399
115,43035,43560,525
116,43560,43608,48
117,43608,43675,67
118,43675,44418,743
119,44418,44463,45
120,44463,44851,388
121,44851,45082,231
122,45082,45441,359
123,45441,45480,39
124,45480,45751,271
125,45751,46488,737
126,46488,46533,45
127,46533,46748,215
128,46748,46793,45
129,46793,46916,123
130,46916,46931,15
131,46931,46956,25
132,46956,47028,72
133,47028,47549,521
134,47549,47987,438
135,47987,48126,139
136,48126,48420,294
137,48420,48659,239
138,48659,49167,508
139,49167,49283,116
140,49283,49338,55
141,49338,49404,66
142,49404,49982,578
143,49982,50854,872
144,50854,51072,218
145,51072,51507,435
146,51507,52692,1185
147,52692,52829,137
148,52829,53108,279
149,53108,53475,367
150,53475,55655,2180
151,55655,56999,1344
152,56999,58531,1532
153,58531,58573,42
154,58573,59577,1004
155,59577,59795,218
156,59795,60230,435
157,60230,61439,1209
158,61439,61471,32
159,61471,61575,104
160,61575,61662,87
161,61662,62322,660
162,62322,63115,793
163,63115,63896,781
164,63896,64052,156
165,64052,64193,141
166,64193,65079,886
167,65079,66669,1590
168,66669,67748,1079
169,67748,67793,45
170,67793,68200,407
171,68200,68446,246
172,68446,68630,184
173,68630,68661,31
174,68661,69660,999
175,69660,69882,222
176,69882,70038,156
177,70038,70179,141
178,70179,71065,886
179,71065,72047,982
180,72047,72801,754
181,72801,73001,200
182,73001,73064,63
183,73064,73242,178
184,73242,74081,839
185,74081,74296,215
186,74296,74527,231
187,74527,75322,795
188,75322,75940,618
189,75940,76113,173
190,76113,77333,1220
191,77333,78677,1344
192,78677,80201,1524
193,80201,80408,207
194,80408,81900,1492
195,81900,82330,430
196,82330,82361,31
197,82361,83367,1006
198,83367,83413,46
199,83413,83604,191
200,83604,83904,300
201,83904,84730,826
202,84730,84853,123
203,84853,86736,1883
204,86736,88228,1492
205,88228,88658,430
206,88658,88689,31
207,88689,89695,1006
208,89695,89741,46
209,89741,89932,191
210,89932,90232,300
211,90232,91058,826
212,91058,92007,949
213,92007,93221,1214
214,93221,93358,137
215,93358,93637,279
216,93637,94004,367
217,94004,94874,870
218,94874,96794,1920
219,96794,97861,1067
220,97861,98268,407
221,98268,98514,246
222,98514,98698,184
223,98698,100279,1581
224,100279,100299,20
225,100299,100344,45
226,100344,101247,903
227,101247,102760,1513
228,102760,103827,1067
229,103827,104234,407
230,104234,104480,246
231,104480,104664,184
232,104664,106245,1581
233,106245,106265,20
234,106265,106310,45
235,106310,107213,903
236,107213,108077,864
237,108077,108218,141
238,108218,109117,899
239,109117,110093,976
240,110093,110548,455
241,110548,110794,246
242,110794,110978,184
243,110978,111009,31
244,111009,112003,994
245,112003,112059,56
246,112059,112252,193
247,112252,112553,301
248,112553,113384,831
249,113384,113526,142
250,113526,115042,1516
251,115042,115743,701
252,115743,117407,1664
253,117407,118474,1067
254,118474,118881,407
255,118881,119127,246
256,119127,119311,184
257,119311,120892,1581
258,120892,120912,20
259,120912,120957,45
260,120957,121860,903
261,121860,123226,1366
262,123226,123334,108
263,123334,123343,9
264,123343,123780,437
265,123780,124205,425
266,124205,124256,51
267,124256,124368,112
268,124368,124460,92
269,124460,124513,53
270,124513,124968,455
271,124968,125062,94
272,125062,125138,76
273,125138,125158,20
274,125158,125507,349
275,125507,125691,184
276,125691,125786,95
277,125786,126079,293
278,126079,126459,380
279,126459,126962,503
280,126962,127965,1003
281,127965,128465,500
282,128465,129294,829
283,129294,129860,566
284,129860,129865,5
285,129865,130322,457
286,130322,130328,6
287,130328,130380,52
288,130380,131495,1115
289,131495,132731,1236
290,132731,132860,129
291,132860,132922,62
292,132922,132927,5
293,132927,132964,37
294,132964,133249,285
295,133249,133589,340
296,133589,133900,311
297,133900,134011,111
298,134011,134267,256
299,134267,134440,173
300,134440,134508,68
301,134508,134718,210
302,134718,135084,366
303,135084,135090,6
304,135090,135106,16
305,135106,136314,1208
306,136314,136745,431
307,136745,137299,554
308,137299,137351,52
309,137351,137416,65
310,137416,137539,123
311,137539,137594,55
312,137594,137681,87
313,137681,137900,219
314,137900,137966,66
315,137966,138030,64
316,138030,138041,11
317,138041,138119,78
318,138119,138235,116
319,138235,138721,486
320,138721,139375,654
321,139375,139510,135
322,139510,139687,177
323,139687,139758,71
324,139758,140081,323
325,140081,140093,12
326,140093,140957,864
327,140957,141264,307
328,141264,141318,54
329,141318,141615,297
330,141615,142059,444
331,142059,143182,1123
332,143182,143284,102
333,143284,143383,99
334,143383,144205,822
335,144205,145062,857
336,145062,145230,168
337,145230,145978,748
338,145978,146046,68
339,146046,146189,143
340,146189,146241,52
341,146241,146380,139
342,146380,146519,139
343,146519,146716,197
344,146716,146759,43
345,146759,146950,191
346,146950,147128,178
347,147128,147581,453
348,147581,147938,357
349,147938,148003,65
350,148003,148359,356
351,148359,148426,67
352,148426,148685,259
353,148685,148740,55
354,148740,148800,60
355,148800,149044,244
356,149044,149211,167
357,149211,150103,892
358,150103,150182,79
359,150182,150374,192
360,150374,151392,1018
361,151392,151444,52
362,151444,151460,16
363,151460,151466,6
364,151466,151829,363
365,151829,151850,21
366,151850,151974,124
367,151974,152574,600
368,152574,152637,63
369,152637,152712,75
370,152712,153234,522
371,153234,153454,220
372,153454,153826,372
373,153826,153853,27
374,153853,154305,452
375,154305,154398,93
376,154398,154613,215
377,154613,154728,115
378,154728,155013,285
379,155013,155367,354
380,155367,155549,182
381,155549,155577,28
382,155577,156468,891
383,156468,156504,36
384,156504,157026,522
385,157026,157488,462
386,157488,158201,713
387,158201,158557,356
388,158557,158563,6
389,158563,158714,151
390,158714,158796,82
391,158796,158818,22
392,158818,159083,265
393,159083,159431,348
394,159431,160203,772
395,160203,160496,293
396,160496,160629,133
397,160629,160703,74
398,160703,160985,282
399,160985,162244,1259
400,162244,162257,13
401,162257,162824,567
402,162824,162869,45
403,162869,163028,159
404,163028,163638,610
405,163638,163660,22
406,163660,163720,60
407,163720,163843,123
408,163843,163967,124
409,163967,164678,711
410,164678,164795,117
411,164795,165514,719
412,165514,165701,187
413,165701,165870,169
414,165870,166432,562
415,166432,166514,82
416,166514,167012,498
417,167012,167753,741
418,167753,168162,409
419,168162,168218,56
420,168218,168430,212
421,168430,168446,16
422,168446,169475,1029
423,169475,170090,615
424,170090,170781,691
425,170781,171237,456
426,171237,172836,1599
427,172836,173282,446
428,173282,173481,199
429,173481,173579,98
430,173579,173730,151
431,173730,174627,897
432,174627,175023,396
433,175023,175851,828
434,175851,176021,170
435,176021,176408,387
436,176408,178285,1877
437,178285,179183,898
438,179183,179421,238
439,179421,180047,626
440,180047,180281,234
441,180281,181411,1130
442,181411,181832,421
443,181832,182194,362
444,182194,182330,136
445,182330,182618,288
446,182618,182765,147
447,182765,183664,899
448,183664,184945,1281
449,184945,185056,111
450,185056,185202,146
451,185202,185670,468
452,185670,185777,107
453,185777,185912,135
454,185912,186256,344
455,186256,187711,1455
456,187711,187827,116
457,187827,188074,247
458,188074,188819,745
459,188819,189228,409
460,189228,189341,113
461,189341,189492,151
462,189492,190830,1338
463,190830,191291,461
464,191291,193018,1727
465,193018,193158,140
466,193158,193382,224
467,193382,193976,594
468,193976,194372,396
469,194372,194699,327
470,194699,194982,283
471,194982,195894,912
472,195894,195981,87
473,195981,196013,32
474,196013,196240,227
475,196240,196273,33
476,196273,196304,31
477,196304,196308,4
478,196308,196705,397
479,196705,196794,89
480,196794,197127,333
481,197127,197159,32
482,197159,197215,56
483,197215,197219,4
484,197219,197286,67
485,197286,197348,62
486,197348,197779,431
487,197779,197842,63
488,197842,197860,18
489,197860,197899,39
490,197899,197951,52
491,197951,198072,121
492,198072,198115,43
493,198115,198143,28
494,198143,198232,89
495,198232,198475,243
496,198475,198524,49
497,198524,198685,161
498,198685,198748,63
499,198748,198768,20
500,198768,199215,447
501,199215,199221,6
502,199221,199637,416
503,199637,199850,213
504,199850,199930,80
505,199930,200728,798
506,200728,201975,1247
507,204800,205158,358
508,237644,240084,2440
509,240084,241159,1075
510,244656,244768,112
511,244768,245193,425
512,245193,245300,107
513,245300,245616,316
514,245616,247212,1596
515,247212,248777,1565
516,248777,248986,209
517,248986,250070,1084
518,250070,250162,92
519,250162,250395,233
520,250395,250835,440
521,250835,251316,481
522,251316,251623,307
523,251623,251883,260
524,251883,252231,348
525,252231,252312,81
526,252312,252495,183
527,252495,252594,99
528,252594,252755,161
529,252755,252982,227
530,252982,253027,45
531,253027,254452,1425
532,254452,254758,306
533,254758,255302,544
534,255302,256028,726
535,256028,256032,4
536,256032,256363,331
537,256363,256419,56
538,256419,257011,592
539,257011,257026,15
540,257026,257047,21
541,257047,257181,134
542,257181,257603,422
543,257603,258207,604
544,258207,258534,327
545,258534,258558,24
546,258558,258564,6
547,258564,258754,190
548,258754,259379,625
549,259379,259604,225
550,259604,259755,151
551,259755,260335,580
552,260335,260747,412
553,260747,260821,74
554,260821,261108,287
555,261108,261135,27
556,261135,261825,690
557,261825,261890,65
558,261890,262884,994
559,262884,263363,479
560,263363,263607,244
561,263607,264132,525
562,264132,264172,40
563,264172,264972,800
564,267202,268139,937
565,268139,268454,315
566,268454,269303,849
567,269303,269431,128
568,269431,269906,475
569,269906,269928,22
570,269928,270118,190
571,270118,270785,667
572,270785,270986,201
573,270986,270997,11
574,270997,271129,132
575,271129,271180,51
576,271180,271340,160
577,271340,272469,1129
578,272469,272832,363
579,272832,273325,493
580,273325,273356,31
581,273356,273389,33
582,273389,273432,43
583,273432,273696,264
584,273696,274071,375
585,274071,274107,36
586,274107,274162,55
587,274162,274456,294
588,274456,274705,249
589,274705,275114,409
590,275114,275367,253
591,275367,276710,1343
592,276710,277241,531
593,277241,277631,390
594,277631,277672,41
595,277672,280066,2394
596,280066,281102,1036
597,281102,281299,197
598,281299,281885,586
599,281885,282239,354
600,282239,282444,205
601,282444,282469,25
602,282469,282485,16
603,282485,282491,6
604,282491,283467,976
605,283467,284816,1349
606,284816,285363,547
607,285363,285398,35
608,285398,285407,9
609,285407,286143,736
610,286143,286673,530
611,286673,286679,6
612,286679,287244,565
613,287244,287357,113
614,287357,287361,4
615,287361,287415,54
616,287415,287420,5
617,287420,287713,293
618,287713,287837,124
619,287837,288647,810
620,288647,290616,1969
621,290616,291406,790
622,291406,291569,163
623,291569,292557,988
624,292557,293442,885
625,293442,293925,483
626,293925,294107,182
627,294107,296287,2180
628,296287,297093,806
629,297093,297619,526
630,297619,297838,219
631,297838,297868,30
632,297868,299778,1910
633,299778,300229,451
634,300229,301045,816
635,301045,301203,158
636,301203,301212,9
637,301212,301435,223
638,301435,301508,73
639,301508,301557,49
640,301557,301569,12
641,301569,301756,187
642,301756,303345,1589
643,303345,303714,369
644,303714,304874,1160
645,304874,305178,304
646,305178,305352,174
647,305352,305745,393
648,305745,305758,13
649,305758,306523,765
650,306523,306803,280
651,306803,306825,22
652,306825,307647,822
653,307647,308133,486
654,308133,308187,54
655,308187,308726,539
656,308726,309056,330
657,309056,309997,941
658,309997,310005,8
659,310005,310188,183
660,310188,310543,355
661,310543,311241,698
662,311241,311375,134
663,311375,311466,91
664,311466,311835,369
665,311835,312579,744
666,312579,313340,761
667,313340,313930,590
668,313930,314425,495
669,314425,314507,82
670,314507,315228,721
671,315228,315452,224
672,315452,315474,22
673,315474,315699,225
674,315699,316053,354
675,316053,316450,397
676,316450,317055,605
677,317055,318001,946
678,318001,318286,285
679,318286,318635,349
680,318635,319395,760
681,319395,319693,298
682,319693,320079,386
683,320079,320281,202
684,320281,321614,1333
685,321614,322095,481
686,322095,322410,315
687,322410,322790,380
688,322790,322872,82
689,322872,323034,162
690,323034,323262,228
691,323262,323388,126
692,323388,323654,266
693,323654,323793,139
694,323793,323861,68
695,323861,323890,29
696,323890,324437,547
697,324437,324588,151
698,324588,325500,912
699,325500,325518,18
700,325518,326133,615
701,326133,326854,721
702,326854,327142,288
703,327142,327880,738
704,327880,327884,4
705,327884,328152,268
706,328152,328260,108
707,328260,328264,4
708,328264,328488,224
709,328488,328570,82
710,328570,329017,447
711,329017,329579,562
712,329579,330128,549
713,330128,330430,302
714,330430,331764,1334
715,331764,332308,544
716,332308,332332,24
717,332332,332381,49
718,332381,333435,1054
719,333435,333588,153
720,333588,333954,366
721,333954,334932,978
722,334932,336522,1590
723,336522,337389,867
724,337389,337459,70
725,337459,337465,6
726,337465,337695,230
727,337695,337713,18
728,337713,337719,6
729,337719,337888,169
730,337888,338723,835
731,338723,338741,18
732,338741,339570,829
733,339570,339617,47
734,339617,340271,654
735,340271,340346,75
736,340346,341467,1121
737,341467,342110,643
738,342110,342229,119
739,342229,342238,9
740,342238,342436,198
741,342436,342765,329
742,342765,343091,326
743,343091,343157,66
744,343157,343916,759
745,343916,344183,267
746,344183,344204,21
747,344204,345664,1460
748,345664,345946,282
749,345946,346089,143
750,346089,346635,546
751,346635,346797,162
752,346797,346909,112
753,346909,346955,46
754,346955,347247,292
755,347247,347298,51
756,347298,347935,637
757,347935,347949,14
758,347949,347955,6
759,347955,348078,123
760,348078,348401,323
761,348401,348988,587
762,348988,349663,675
763,349663,349963,300
764,349963,350261,298
765,350261,350839,578
766,350839,351202,363
767,351202,351304,102
768,351304,351372,68
769,351372,351944,572
770,351944,351966,22
771,351966,352366,400
772,352366,353150,784
773,353150,353335,185
774,353335,354233,898
775,354233,354573,340
776,354573,354642,69
777,354642,354889,247
778,354889,355002,113
779,355002,355116,114
780,355116,355478,362
781,355478,356097,619
782,356097,356341,244
783,356341,356699,358
784,356699,356714,15
785,356714,356950,236
786,356950,358395,1445
787,358395,358542,147
788,358542,359278,736
789,359278,360062,784
790,360062,360150,88
791,360150,360350,200
792,360350,360416,66
793,360416,361329,913
794,361329,361362,33
795,361362,361444,82
796,361444,362839,1395
797,362839,363021,182
798,363021,363100,79
799,363100,363147,47
800,363147,363195,48
801,363195,363252,57
802,363252,363758,506
803,363758,363994,236
804,363994,364494,500
805,364494,364570,76
806,364570,364634,64
807,364634,365815,1181
808,365815,366205,390
809,366205,366342,137
810,366342,366681,339
811,366681,366956,275
812,366956,367074,118
813,367074,367312,238
814,367312,368316,1004
815,368316,368513,197
816,368513,368687,174
817,368687,369276,589
818,369276,369303,27
819,369303,369398,95
820,369398,369406,8
821,369406,369914,508
822,369914,369976,62
823,369976,370706,730
824,370706,371089,383
825,371089,371147,58
826,371147,371219,72
827,371219,371269,50
828,371269,371373,104
829,371373,371400,27
830,371400,371404,4
831,371404,371408,4
832,371408,371412,4
833,371412,371492,80
834,371492,371528,36
835,371528,371663,135
836,371663,372377,714
837,372377,372381,4
838,372381,372423,42
839,372423,373374,951
840,373374,373402,28
841,373402,373888,486
842,373888,375794,1906
843,375794,375956,162
844,375956,376078,122
845,376078,376175,97
846,376175,376465,290
847,376465,376487,22
848,376487,376526,39
849,376526,376606,80
850,376606,376906,300
851,376906,377019,113
852,377019,377079,60
853,377079,377174,95
854,377174,377294,120
855,377294,377716,422
856,377716,378121,405
857,378121,378367,246
858,378367,378594,227
859,378594,378880,286
860,378880,378943,63
861,378943,378950,7
862,378950,379968,1018
863,379968,380452,484
864,380452,381349,897
865,381349,381795,446
866,381795,381960,165
867,381960,382105,145
868,382105,382116,11
869,382116,382648,532
870,382648,382810,162
871,382810,383377,567
872,383377,383601,224
873,383601,383608,7
874,383608,383789,181
875,383789,383793,4
876,383793,383829,36
877,383829,384114,285
878,384114,384125,11
879,384125,384864,739
880,384864,384870,6
881,384870,384898,28
882,384898,384905,7
883,384905,384992,87
884,384992,385009,17
885,385009,385280,271
886,385280,385466,186
887,385466,385852,386
888,385852,386522,670
889,386522,386775,253
890,386775,386926,151
891,386926,387014,88
892,387014,387031,17
893,387031,387047,16
894,387047,387055,8
895,387055,387064,9
896,387064,387078,14
897,387078,387082,4
898,387082,387087,5
899,387087,387172,85
900,387172,387263,91
901,387263,387446,183
902,387446,387535,89
903,387535,387640,105
904,387640,387645,5
905,387645,387767,122
906,387767,387777,10
907,387777,387830,53
908,387830,387901,71
909,387901,387939,38
910,387939,388036,97
911,388036,388345,309
912,388345,388783,438
913,388783,389066,283
914,389066,389143,77
915,389143,389401,258
916,389401,389439,38
917,389439,389459,20
918,389459,389520,61
919,389520,390002,482
920,390002,390102,100
921,390102,390322,220
922,390322,390962,640
923,390962,391042,80
924,391042,391253,211
925,391253,391936,683
926,391936,392140,204
927,392140,392146,6
928,392146,392312,166
929,392312,392506,194
930,392506,392517,11
931,392517,392547,30
932,392547,392890,343
933,392890,393264,374
934,393264,393713,449
935,393713,394473,760
936,394473,394530,57
937,394530,394742,212
938,394742,394952,210
939,394952,394960,8
940,394960,395119,159
941,395119,395526,407
942,395526,395610,84
943,395610,395618,8
944,395618,395629,11
945,395629,395638,9
946,395638,395692,54
947,395692,395776,84
948,395776,396090,314
949,396090,396135,45
950,396135,396274,139
951,396274,396610,336
952,396610,396665,55
953,396665,396814,149
954,396814,397061,247
955,397061,397070,9
956,397070,397529,459
957,397529,397541,12
958,397541,397704,163
959,397704,397861,157
960,397861,397988,127
961,397988,398318,330
962,398318,398357,39
963,398357,399804,1447
964,399804,399841,37
965,399841,399990,149
966,399990,400595,605
967,400595,400696,101
968,400696,400708,12
969,400708,400881,173
970,400881,401292,411
971,401292,401296,4
972,401296,401545,249
973,401545,401849,304
974,401849,402269,420
975,402269,402802,533
976,402802,402876,74
977,402876,403166,290
978,403166,403229,63
979,403229,403375,146
980,403375,403556,181
981,403556,403683,127
982,403683,404422,739
983,404422,404992,570
984,404992,405026,34
985,405026,405056,30
986,405056,405658,602
987,405658,405832,174
988,405832,406928,1096
989,406928,406945,17
990,406945,406980,35
991,406980,407068,88
992,407068,407139,71
993,407139,407197,58
994,407197,407788,591
995,407788,407803,15
996,407803,408122,319
997,408122,408144,22
998,408144,408836,692
999,408836,408897,61
1000,408897,409081,184
1001,409081,409250,169
1002,409250,409280,30
1003,409280,409373,93
1004,409373,409382,9
1005,409382,409556,174
1006,409556,409608,52
1007,409608,409706,98
1008,409706,410426,720
1009,410426,410864,438
1010,410864,411318,454
1011,411318,411900,582
1012,411900,412016,116
1013,412016,412057,41
1014,412057,413149,1092
1015,413149,413567,418
1016,413567,414010,443
1017,414010,414100,90
1018,414100,414765,665
1019,414765,415003,238
1020,415003,415261,258
1021,415261,415446,185
1022,415446,415464,18
1023,415464,415618,154
1024,415618,415882,264
1025,415882,416325,443
1026,416325,416441,116
1027,416441,417815,1374
1028,417815,418872,1057
1029,418872,418943,71
1030,418943,419520,577
1031,419520,419529,9
1032,419529,419623,94
1033,419623,419717,94
1034,419717,419731,14
1035,419731,419993,262
1036,419993,420108,115
1037,420108,420325,217
1038,420325,420333,8
1039,420333,420341,8
1040,420341,420417,76
1041,420417,420505,88
1042,420505,420799,294
1043,420799,420815,16
1044,420815,420933,118
1045,420933,421103,170
1046,421103,421151,48
1047,421151,421159,8
1048,421159,421245,86
1049,421245,421501,256
1050,421501,421576,75
1051,421576,421803,227
1052,421803,421825,22
1053,421825,421916,91
1054,421916,422130,214
1055,422130,422141,11
1056,422141,422281,140
1057,422281,422288,7
1058,422288,422304,16
1059,422304,422414,110
1060,422414,422420,6
1061,422420,422460,40
1062,422460,422482,22
1063,422482,422585,103
1064,422585,422613,28
1065,422613,422617,4
1066,422617,422650,33
1067,422650,422762,112
1068,422762,422872,110
1069,422872,423053,181
1070,423053,423682,629
1071,423682,424055,373
1072,424055,424123,68
1073,424123,424130,7
1074,424130,424465,335
1075,424465,424644,179
1076,424644,424679,35
1077,424679,424880,201
1078,424880,425178,298
1079,425178,425291,113
1080,425291,425647,356
1081,425647,425943,296
1082,425943,426002,59
1083,426002,426076,74
1084,426076,426305,229
1085,426305,426467,162
1086,426467,426689,222
1087,426689,426702,13
1088,426702,426960,258
1089,426960,426969,9
1090,426969,426999,30
1091,426999,427369,370
1092,427369,427673,304
1093,427673,427913,240
1094,427913,427953,40
1095,427953,427967,14
1096,427967,428327,360
1097,428327,428725,398
1098,428725,429402,677
1099,429402,429576,174
1100,429576,429704,128
1101,429704,429864,160
1102,429864,430096,232
1103,430096,430190,94
1104,430190,430215,25
1105,430215,430416,201
1106,430416,430725,309
1107,430725,430730,5
1108,430730,430757,27
1109,430757,430844,87
1110,430844,430952,108
1111,430952,431286,334
1112,431286,431354,68
1113,431354,431585,231
1114,431585,431963,378
1115,431963,432277,314
1116,432277,432819,542
1117,432819,433261,442
1118,433261,433339,78
1119,433339,433731,392
1120,433731,433832,101
1121,433832,434038,206
1122,434038,434491,453
1123,434491,435220,729
1124,435220,435232,12
1125,435232,435373,141
1126,435373,435378,5
1127,435378,435385,7
1128,435385,435676,291
1129,435676,435682,6
1130,435682,435997,315
1131,435997,436030,33
1132,436030,436230,200
1133,436230,436460,230
1134,436460,436529,69
1135,436529,436697,168
1136,436697,437063,366
1137,437063,437576,513
1138,437576,438815,1239
1139,438815,438874,59
1140,438874,439032,158
1141,439032,439582,550
1142,439582,439681,99
1143,439681,439788,107
1144,439788,440119,331
1145,440119,440156,37
1146,440156,440605,449
1147,440605,440635,30
1148,440635,440847,212
1149,440847,440974,127
1150,440974,441098,124
1151,441098,441246,148
1152,441246,441308,62
1153,441308,441342,34
1154,441342,441378,36
1155,441378,441746,368
1156,441746,441909,163
1157,441909,442102,193
1158,442102,442217,115
1159,442217,442805,588
1160,442805,443622,817
1161,443622,443814,192
1162,443814,444143,329
1163,444143,444437,294
1164,444437,444503,66
1165,444503,444510,7
1166,444510,444516,6
1167,444516,444522,6
1168,444522,444922,400
1169,444922,445006,84
1170,445006,445514,508
1171,445514,445717,203
1172,445717,445731,14
1173,445731,445971,240
1174,445971,445983,12
1175,445983,446206,223
1176,446206,446319,113
1177,446319,447238,919
1178,447238,447271,33
1179,447271,447612,341
1180,447612,447787,175
1181,447787,448074,287
1182,448074,448350,276
1183,448350,448462,112
1184,448462,448660,198
1185,448660,448670,10
1186,448670,448713,43
1187,448713,448719,6
1188,448719,448725,6
1189,448725,449556,831
1190,449556,449746,190
1191,449746,450838,1092
1192,450838,450842,4
1193,450842,450961,119
1194,450961,451253,292
1195,451253,451868,615
1196,451868,452011,143
1197,452011,453043,1032
1198,453043,453165,122
1199,453165,453211,46
1200,453211,453353,142
1201,453353,453530,177
1202,453530,453725,195
1203,453725,453966,241
1204,453966,454470,504
1205,454470,455295,825
1206,455295,455331,36
1207,455331,455772,441
1208,455772,455787,15
1209,455787,456183,396
1210,456183,456218,35
1211,456218,456443,225
1212,456443,456907,464
1213,456907,457019,112
1214,457019,457138,119
1215,457138,457240,102
1216,457240,457250,10
1217,457250,457375,125
1218,457375,457638,263
1219,457638,457644,6
1220,457644,458051,407
1221,458051,458140,89
1222,458140,458203,63
1223,458203,458227,24
1224,458227,458495,268
1225,458495,458807,312
1226,458807,459013,206
1227,459013,459189,176
1228,459189,459615,426
1229,459615,459798,183
1230,459798,460189,391
1231,460189,460306,117
1232,460306,460540,234
1233,460540,460612,72
1234,460612,461137,525
1235,461137,461384,247
1236,461384,461509,125
1237,461509,461831,322
1238,461831,461982,151
1239,461982,462189,207
1240,462189,462296,107
1241,462296,462343,47
1242,462343,462783,440
1243,462783,462787,4
1244,462787,462826,39
1245,462826,464073,1247
1246,464073,464120,47
1247,464120,464227,107
1248,464227,464553,326
1249,464553,464735,182
1250,464735,464831,96
1251,464831,464979,148
1252,464979,464987,8
1253,464987,465395,408
1254,465395,465415,20
1255,465415,466307,892
1256,466307,466743,436
1257,466743,467817,1074
1258,467817,468134,317
1259,468134,468300,166
1260,468300,468402,102
1261,468402,468450,48
1262,468450,468708,258
1263,468708,468802,94
1264,468802,468880,78
1265,468880,468988,108
1266,468988,469252,264
1267,469252,469510,258
1268,469510,469878,368
1269,469878,470872,994
1270,470872,472096,1224
1271,472096,472137,41
1272,472137,472400,263
1273,472400,472670,270
1274,472670,472787,117
1275,472787,472945,158
1276,472945,473289,344
1277,473289,473585,296
1278,473585,473711,126
1279,473711,474232,521
1280,474232,474468,236
1281,474468,474572,104
1282,474572,474633,61
1283,474633,475013,380
1284,475013,475836,823
1285,475836,476208,372
1286,476208,476412,204
1287,476412,476431,19
1288,476431,476483,52
1289,476483,476932,449
1290,476932,476955,23
1291,476955,477115,160
1292,477115,477180,65
1293,477180,477186,6
1294,477186,477263,77
1295,477263,477331,68
1296,477331,477857,526
1297,477857,478037,180
1298,478037,478237,200
1299,478237,478336,99
1300,478336,478370,34
1301,478370,478540,170
1302,478540,478764,224
1303,478764,478915,151
1304,478915,479147,232
1305,479147,479424,277
1306,479424,479871,447
1307,479871,480180,309
1308,480180,480481,301
1309,480481,480510,29
1310,480510,480585,75
1311,480585,480974,389
1312,480974,481093,119
1313,481093,481324,231
1314,481324,481374,50
1315,481374,481420,46
1316,481420,481634,214
1317,481634,481912,278
1318,481912,482359,447
1319,482359,482542,183
1320,482542,482668,126
1321,482668,482918,250
1322,482918,482993,75
1323,482993,483006,13
1324,483006,483042,36
1325,483042,483188,146
1326,483188,483491,303
1327,483491,483590,99
1328,483590,483624,34
1329,483624,483801,177
1330,483801,484051,250
1331,484051,484170,119
1332,484170,484416,246
1333,484416,484642,226
1334,484642,484773,131
1335,484773,484962,189
1336,484962,485081,119
1337,485081,485100,19
1338,485100,485119,19
1339,485119,485349,230
1340,485349,485504,155
1341,485504,485601,97
1342,485601,485945,344
1343,485945,486512,567
1344,486512,486537,25
1345,486537,486717,180
1346,486717,486924,207
1347,486924,486974,50
1348,486974,487863,889
1349,487863,488305,442
1350,488305,488569,264
1351,488569,488897,328
1352,488897,488912,15
1353,488912,489038,126
1354,489038,489051,13
1355,489051,489141,90
1356,489141,489234,93
1357,489234,489681,447
1358,489681,489866,185
1359,489866,490445,579
1360,490445,491446,1001
1361,491446,491623,177
1362,491623,491694,71
1363,491694,492406,712
1364,492406,492516,110
1365,492516,492686,170
1366,492686,493281,595
1367,493281,493396,115
1368,493396,493450,54
1369,493450,493455,5
1370,493455,494069,614
1371,494069,494123,54
1372,494123,495057,934
1373,495057,495270,213
1374,495270,495350,80
1375,495350,495481,131
1376,495481,496450,969
1377,496450,496611,161
1378,496611,496687,76
1379,496687,496962,275
1380,496962,497065,103
1381,497065,497137,72
1382,497137,497194,57
1383,497194,497802,608
1384,497802,497881,79
1385,497881,499051,1170
1386,499051,499062,11
1387,499062,499653,591
1388,499653,500354,701
1389,500354,501824,1470
1390,501824,501868,44
1391,501868,502062,194
1392,502062,502139,77
1393,502139,502326,187
1394,502326,504090,1764
1395,504090,504144,54
1396,504144,504824,680
1397,504824,504859,35
1398,504859,504991,132
1399,504991,505218,227
1400,505218,505297,79
1401,505297,505456,159
1402,505456,505765,309
1403,505765,506050,285
1404,506050,507621,1571
1405,507621,507791,170
1406,507791,507914,123
1407,507914,508093,179
1408,508093,508108,15
1409,508108,508805,697
1410,508805,509246,441
1411,509246,509328,82
1412,509328,509477,149
1413,509477,509491,14
1414,509491,509498,7
1415,509498,509667,169
1416,509667,509880,213
1417,509880,510094,214
1418,510094,510102,8
1419,510102,510174,72
1420,510174,510223,49
1421,510223,510572,349
1422,510572,510981,409
1423,510981,511256,275
1424,511256,511874,618
1425,511874,512200,326
1426,512200,512292,92
1427,512292,512313,21
1428,512313,512458,145
1429,512458,513793,1335
1430,513793,513839,46
1431,513839,514259,420
1432,514259,514970,711
1433,514970,515106,136
1434,515106,515487,381
1435,515487,516068,581
1436,516068,516093,25
1437,516093,516955,862
1438,516955,517000,45
1439,517000,517314,314
1440,517314,517436,122
1441,517436,517934,498
1442,517934,518235,301
1443,518235,518672,437
1444,518672,518748,76
1445,518748,518833,85
1446,518833,518839,6
1447,518839,519260,421
1448,519260,520250,990
1449,520250,520849,599
1450,520849,521401,552
1451,521401,522612,1211
1452,522612,522879,267
1453,522879,523666,787
1454,523666,524766,1100
1455,524766,524898,132
1456,524898,525401,503
1457,525401,525416,15
1458,525416,525517,101
1459,525517,525529,12
1460,525529,525564,35
1461,525564,525663,99
1462,525663,525729,66
1463,525729,525921,192
1464,525921,526195,274
1465,526195,526216,21
1466,526216,526236,20
1467,526236,526311,75
1468,526311,526324,13
1469,526324,526370,46
1470,526370,526471,101
1471,526471,526511,40
1472,526511,526889,378
1473,526889,526894,5
1474,526894,526899,5
1475,526899,526904,5
1476,526904,526919,15
1477,526919,527018,99
1478,527018,527106,88
1479,527106,527116,10
1480,527116,527312,196
1481,527312,527626,314
1482,527626,527768,142
1483,527768,527779,11
1484,527779,528393,614
1485,528393,528399,6
1486,528399,528608,209
1487,528608,528770,162
1488,528770,529174,404
1489,529174,529325,151
1490,529325,529827,502
1491,529827,530405,578
1492,533201,533795,594
1493,533795,534938,1143
1494,534938,535248,310
1495,535248,535270,22
1496,535270,535822,552
1497,535822,536168,346
1498,536168,536772,604
1499,536772,538727,1955
1500,538727,539088,361
1501,539088,539472,384
1502,539472,539569,97
1503,539569,539851,282
1504,539851,539861,10
1505,539861,541206,1345
1506,541206,541375,169
1507,541375,541455,80
1508,541455,544017,2562
1509,544017,544078,61
1510,544078,544104,26
1511,544104,544440,336
1512,544440,544884,444
1513,544884,545425,541
1514,545425,546373,948
1515,546373,546473,100
1516,546473,546597,124
1517,546597,546849,252
1518,546849,548052,1203
1519,550106,550201,95
1520,550201,550208,7
1521,550208,550545,337
1522,550545,550833,288
1523,550833,550907,74
1524,550907,551602,695
1525,551602,553160,1558
1526,553160,553342,182
1527,553342,553354,12
1528,553354,553403,49
1529,553403,553476,73
1530,553476,553699,223
1531,553699,553708,9
1532,553708,553866,158
1533,553866,554682,816
1534,554682,555133,451
1535,555133,557043,1910
1536,557043,557073,30
1537,557073,557292,219
1538,557292,557818,526
1539,557818,558624,806
1540,558624,559127,503
1541,559127,559423,296
1542,559423,559577,154
1543,559577,560276,699
1544,560276,560574,298
1545,560574,561797,1223
1546,561797,562232,435
1547,562232,563450,1218
1548,563450,563637,187
1549,563637,563785,148
1550,563785,563933,148
1551,563933,564081,148
1552,564081,564229,148
1553,564229,564377,148
1554,564377,564525,148
1555,564525,564673,148
1556,564673,564821,148
1557,564821,564969,148
1558,564969,565117,148
1559,565117,565265,148
1560,565265,565413,148
1561,565413,565561,148
1562,565561,566755,1194
1563,566755,566766,11
1564,566766,567197,431
1565,567197,567204,7
1566,567204,568148,944
1567,568148,568602,454
1568,568602,569672,1070
1569,569672,570095,423
1570,570095,570417,322
1571,570417,570914,497
1572,570914,570964,50
1573,570964,570977,13
1574,570977,571048,71
1575,571048,571058,10
1576,571058,571478,420
1577,571478,571563,85
1578,571563,571681,118
1579,571681,571788,107
1580,571788,572007,219
1581,572007,572028,21
1582,572028,572202,174
1583,572202,572238,36
1584,572238,572679,441
1585,572679,572958,279
1586,572958,573186,228
1587,573186,573310,124
1588,573310,573320,10
1589,573320,573324,4
1590,573324,573533,209
1591,573533,573557,24
1592,573557,573750,193
1593,573750,573774,24
1594,573774,574115,341
1595,574115,574539,424
1596,574539,574840,301
1597,574840,575253,413
1598,575253,575508,255
1599,575508,575526,18
1600,575526,576068,542
1601,576068,576337,269
1602,576337,576496,159
1603,576496,577550,1054
1604,577550,577715,165
1605,577715,577841,126
1606,577841,577863,22
1607,577863,578735,872
1608,578735,578742,7
1609,578742,578749,7
1610,578749,578756,7
1611,578756,578763,7
1612,578763,578878,115
1613,578878,579092,214
1614,579092,579139,47
1615,579139,579887,748
1616,579887,579951,64
1617,579951,580513,562
1618,580513,580541,28
1619,580541,580642,101
1620,580642,580713,71
1621,580713,581196,483
1622,581196,581467,271
1623,581467,581705,238
1624,581705,581790,85
1625,581790,582256,466
1626,582256,582369,113
1627,582369,582577,208
1628,582577,582645,68
1629,582645,582723,78
1630,582723,582947,224
1631,582947,583553,606
1632,583553,583714,161
1633,583714,583913,199
1634,583913,583979,66
1635,583979,584459,480
1636,584459,584491,32
1637,584491,585964,1473
1638,585964,585981,17
1639,585981,586030,49
1640,586030,586486,456
1641,586486,586593,107
1642,586593,586605,12
1643,586605,586772,167
1644,586772,586894,122
1645,586894,586945,51
1646,586945,587145,200
1647,587145,587186,41
1648,587186,587746,560
1649,587746,587780,34
1650,587780,588272,492
1651,588272,588293,21
1652,588293,589320,1027
1653,589320,589659,339
1654,589659,590032,373
1655,590032,590047,15
1656,590047,590116,69
1657,590116,591436,1320
1658,591436,591442,6
1659,591442,591598,156
1660,591598,591616,18
1661,591616,591655,39
1662,591655,592155,500
1663,592155,592536,381
1664,592536,592646,110
1665,592646,593031,385
1666,593031,593634,603
1667,593634,593826,192
1668,593826,593927,101
1669,593927,594283,356
1670,594283,594460,177
1671,594460,594800,340
1672,594800,594968,168
1673,594968,595577,609
1674,595577,595770,193
1675,595770,595792,22
1676,595792,595801,9
1677,595801,595867,66
1678,595867,595985,118
1679,595985,596074,89
1680,596074,596532,458
1681,596532,596638,106
1682,596638,596748,110
1683,596748,596881,133
1684,596881,596908,27
1685,596908,597982,1074
1686,597982,598235,253
1687,598235,598266,31
1688,598266,598326,60
1689,598326,598506,180
1690,598506,598513,7
1691,598513,598917,404
1692,598917,599164,247
1693,599164,599262,98
1694,599262,599553,291
1695,599553,599694,141
1696,599694,599913,219
1697,599913,599988,75
1698,599988,599997,9
1699,599997,600002,5
1700,600002,600633,631
1701,600633,600723,90
1702,600723,600929,206
1703,600929,601459,530
1704,601459,602463,1004
1705,602463,602482,19
1706,602482,602819,337
1707,602819,603082,263
1708,603082,603178,96
1709,603178,603479,301
1710,603479,603732,253
1711,603732,603939,207
1712,603939,605329,1390
1713,605329,605646,317
1714,605646,605700,54
1715,605700,605735,35
1716,605735,605854,119
1717,605854,605913,59
1718,605913,606276,363
1719,606276,606748,472
1720,606748,606963,215
1721,606963,607363,400
1722,607363,607794,431
1723,607794,608111,317
1724,608111,608202,91
1725,608202,608265,63
1726,608265,608411,146
1727,608411,609834,1423
1728,609834,609930,96
1729,609930,610590,660
1730,610590,610862,272
1731,610862,611317,455
1732,611317,611490,173
1733,611490,611505,15
1734,611505,611713,208
1735,611713,611891,178
1736,611891,612535,644
1737,612535,612963,428
1738,612963,613005,42
1739,613005,613393,388
1740,613393,613486,93
1741,613486,613675,189
1742,613675,613702,27
1743,613702,613903,201
1744,613903,614045,142
1745,614045,614586,541
1746,614586,615123,537
1747,615123,615535,412
1748,615535,615672,137
1749,615672,616287,615
1750,616287,616602,315
1751,616602,617065,463
1752,617065,618463,1398
1753,618463,618672,209
1754,618672,618691,19
1755,618691,618792,101
1756,618792,619244,452
1757,619244,619527,283
1758,619527,620223,696
1759,620223,620875,652
1760,620875,621583,708
1761,621583,621633,50
1762,621633,621840,207
1763,621840,621908,68
1764,621908,622046,138
1765,622046,622475,429
1766,622475,622552,77
1767,622552,622704,152
1768,622704,622865,161
1769,622865,623412,547
1770,623412,623486,74
1771,623486,623755,269
1772,623755,623902,147
1773,623902,624457,555
1774,624457,624775,318
1775,624775,625769,994
1776,625769,625809,40
1777,625809,625842,33
1778,625842,625989,147
1779,625989,626331,342
1780,626331,626718,387
1781,626718,627160,442
1782,627160,627173,13
1783,627173,627180,7
1784,627180,627222,42
1785,627222,627321,99
1786,627321,627451,130
1787,627451,627780,329
1788,627780,627871,91
1789,627871,628007,136
1790,628007,628029,22
1791,628029,628683,654
1792,628683,628763,80
1793,628763,628813,50
1794,628813,629278,465
1795,629278,629863,585
1796,629863,630097,234
1797,630097,630160,63
1798,630160,630307,147
1799,630307,630713,406
1800,630713,631234,521
1801,631234,631935,701
1802,631935,633317,1382
1803,633317,633381,64
1804,633381,633914,533
1805,633914,634238,324
1806,634238,634326,88
1807,634326,634369,43
1808,634369,634875,506
1809,634875,634892,17
1810,634892,634910,18
1811,634910,635034,124
1812,635034,635186,152
1813,635186,635206,20
1814,635206,635426,220
1815,635426,635431,5
1816,635431,635440,9
1817,635440,635472,32
1818,635472,635486,14
1819,635486,635579,93
1820,635579,635621,42
1821,635621,635906,285
1822,635906,636591,685
1823,636591,637106,515
1824,637106,637561,455
1825,637561,637684,123
1826,637684,637689,5
1827,637689,637842,153
1828,637842,637850,8
1829,637850,638316,466
1830,638316,638508,192
1831,638508,638884,376
1832,638884,638900,16
1833,638900,639181,281
1834,639181,639376,195
1835,639376,640079,703
1836,640079,640085,6
1837,640085,640408,323
1838,640408,640951,543
1839,640951,641195,244
1840,641195,641304,109
1841,641304,641327,23
1842,641327,641485,158
1843,641485,641559,74
1844,641559,641791,232
1845,641791,641820,29
1846,641820,641910,90
1847,641910,642035,125
1848,642035,642047,12
1849,642047,642159,112
1850,642159,642438,279
1851,642438,642450,12
1852,642450,642728,278
1853,642728,643270,542
1854,643270,643393,123
1855,643393,643564,171
1856,643564,644228,664
1857,644228,644451,223
1858,644451,644547,96
1859,644547,644762,215
1860,644762,644985,223
1861,644985,645081,96
1862,645081,645362,281
1863,645362,645873,511
1864,645873,645891,18
1865,645891,646115,224
1866,646115,646439,324
1867,646439,646445,6
1868,646445,646741,296
1869,646741,648024,1283
1870,648024,648349,325
1871,648349,648409,60
1872,648409,649664,1255
1873,649664,649808,144
1874,649808,649827,19
1875,649827,650036,209
1876,650036,650257,221
1877,650257,650671,414
1878,650671,650724,53
1879,650724,650779,55
1880,650779,651404,625
1881,651404,651410,6
1882,651410,651830,420
1883,651830,652044,214
1884,652044,652371,327
1885,652371,653106,735
1886,653106,653235,129
1887,653235,653371,136
1888,653371,653492,121
1889,653492,653572,80
1890,653572,653579,7
1891,653579,653694,115
1892,653694,653700,6
1893,653700,653706,6
1894,653706,653712,6
1895,653712,653721,9
1896,653721,654166,445
1897,654166,654657,491
1898,654657,656803,2146
1899,656803,657010,207
1900,657010,657144,134
1901,657144,657165,21
1902,657165,657757,592
1903,657757,658120,363
1904,658120,658731,611
1905,658731,659368,637
1906,659368,660074,706
1907,660074,660090,16
1908,660090,660530,440
1909,660530,660837,307
1910,660837,660915,78
1911,660915,661054,139
1912,661054,661430,376
1913,661430,662249,819
1914,662249,663425,1176
1915,663425,663923,498
1916,663923,664615,692
1917,664615,664847,232
1918,664847,664888,41
1919,664888,665623,735
1920,665623,665675,52
1921,665675,665681,6
1922,665681,665790,109
1923,665790,667718,1928
1924,667718,667722,4
1925,667722,667833,111
1926,667833,667963,130
1927,667963,669054,1091
1928,669054,671797,2743
1929,671797,671875,78
1930,671875,672658,783
1931,672658,673120,462
1932,673120,674021,901
1933,674021,674531,510
1934,674531,675867,1336
1935,675867,676358,491
1936,676358,676500,142
1937,676500,677894,1394
1938,677894,678094,200
1939,678094,678514,420
1940,678514,679117,603
1941,679117,679242,125
1942,679242,679417,175
1943,679417,680000,583
1944,680000,680218,218
1945,680218,680327,109
1946,680327,680372,45
1947,680372,680487,115
1948,680487,681359,872
1949,683656,683757,101
1950,683757,684063,306
1951,684063,684471,408
1952,684471,684477,6
1953,684477,684483,6
1954,684483,684533,50
1955,684533,685203,670
1956,685203,686261,1058
1957,686261,687112,851
1958,687112,687225,113
1959,687225,687420,195
1960,687420,688037,617
1961,688037,688041,4
1962,688041,688688,647
1963,688688,688787,99
1964,688787,689176,389
1965,689176,689319,143
1966,689319,689772,453
1967,689772,690549,777
1968,690549,690613,64
1969,690613,690624,11
1970,690624,691225,601
1971,691225,691692,467
1972,691692,691932,240
1973,691932,692025,93
1974,692025,692935,910
1975,692935,692958,23
1976,692958,693303,345
1977,693303,694191,888
1978,694191,696055,1864
1979,696055,696530,475
1980,696530,697265,735
1981,697265,697273,8
1982,697273,698265,992
1983,698265,698656,391
1984,698656,700132,1476
1985,700132,700525,393
1986,700525,701312,787
1987,701312,701929,617
1988,701929,702432,503
1989,702432,702475,43
1990,702475,702892,417
1991,702892,703146,254
1992,703146,705160,2014
1993,705160,705285,125
1994,705285,705291,6
1995,705291,705307,16
1996,705307,707012,1705
1997,707012,708290,1278
1998,708290,708343,53
1999,708343,709098,755
2000,709098,709460,362
2001,709460,709739,279
2002,709739,709883,144
2003,709883,710691,808
2004,710691,710707,16
2005,710707,710743,36
2006,710743,711389,646
2007,711389,712094,705
2008,712094,712405,311
2009,712405,713763,1358
2010,713763,713840,77
2011,713840,715064,1224
2012,715064,716514,1450
2013,716514,716544,30
2014,716544,716934,390
2015,716934,718067,1133
2016,718067,718612,545
2017,718612,719643,1031
2018,719643,720332,689
2019,720332,720417,85
2020,720417,720667,250
2021,720667,720811,144
2022,720811,721739,928
2023,721739,721745,6
2024,721745,721792,47
2025,721792,722114,322
2026,722114,722342,228
2027,722342,723495,1153
2028,723495,724009,514
2029,724009,724657,648
2030,724657,725272,615
2031,725272,725848,576
2032,725848,726772,924
2033,726772,727012,240
2034,727012,728267,1255
2035,728267,728688,421
2036,728688,728984,296
2037,728984,729086,102
2038,729086,729175,89
2039,729175,730278,1103
2040,730278,730436,158
2041,730436,730523,87
2042,730523,730706,183
2043,730706,731430,724
2044,731430,731459,29
2045,731459,731720,261
2046,731720,731732,12
2047,731732,733671,1939
2048,733671,733677,6
2049,733677,733683,6
2050,733683,733980,297
2051,733980,734231,251
2052,734231,734680,449
2053,734680,734947,267
2054,734947,737252,2305
2055,737252,737581,329
2056,737581,737704,123
2057,737704,738354,650
2058,738354,740178,1824
2059,740178,740509,331
2060,740509,740613,104
2061,740613,741279,666
2062,741279,741757,478
2063,741757,741902,145
2064,741902,741923,21
2065,741923,742559,636
2066,742559,742581,22
2067,742581,742629,48
2068,742629,742737,108
2069,742737,742764,27
2070,742764,742950,186
2071,742950,743035,85
2072,743035,743216,181
2073,743216,743296,80
2074,743296,743391,95
2075,743391,743626,235
2076,743626,743751,125
2077,743751,743947,196
2078,743947,744214,267
2079,744214,744463,249
2080,744463,744477,14
2081,744477,744553,76
2082,744553,744844,291
2083,744844,744957,113
2084,744957,745198,241
2085,745198,745210,12
2086,745210,745416,206
2087,745416,745589,173
2088,745589,745690,101
2089,745690,745989,299
2090,745989,746009,20
2091,746009,746673,664
2092,746673,746778,105
2093,746778,747649,871
2094,747649,748842,1193
2095,748842,748922,80
2096,748922,749360,438
2097,749360,749449,89
2098,749449,749741,292
2099,749741,749914,173
2100,749914,750568,654
2101,750568,751354,786
2102,751354,751608,254
2103,751608,751832,224
2104,751832,752037,205
2105,752037,752056,19
2106,752056,752371,315
2107,752371,752564,193
2108,752564,752695,131
2109,752695,752772,77
2110,752772,752965,193
2111,752965,753014,49
2112,753014,753394,380
2113,753394,753557,163
2114,753557,754063,506
2115,754063,754337,274
2116,754337,754687,350
2117,754687,754691,4
2118,754691,754809,118
2119,754809,754872,63
2120,754872,754876,4
2121,754876,754890,14
2122,754890,755866,976
2123,755866,755915,49
2124,755915,756463,548
2125,756463,757252,789
2126,757252,757296,44
2127,757296,758074,778
2128,758074,758620,546
2129,758620,758790,170
2130,758790,758851,61
2131,758851,758877,26
2132,758877,759082,205
2133,759082,759348,266
2134,759348,759713,365
2135,759713,759792,79
2136,759792,760258,466
2137,760258,760456,198
2138,760456,760556,100
2139,760556,760794,238
2140,760794,761064,270
2141,761064,761181,117
2142,761181,761191,10
2143,761191,762353,1162
2144,762353,762710,357
2145,762710,762811,101
2146,762811,763044,233
2147,763044,763442,398
2148,763442,764102,660
2149,764102,764274,172
2150,764274,765664,1390
2151,765664,765733,69
2152,765733,765873,140
2153,765873,766000,127
2154,766000,766119,119
2155,766119,766416,297
2156,766416,766983,567
2157,766983,767410,427
2158,767410,767989,579
2159,767989,768419,430
2160,768419,768691,272
2161,768691,768718,27
2162,768718,768878,160
2163,768878,768933,55
2164,768933,769048,115
2165,769048,769070,22
2166,769070,769077,7
2167,769077,769090,13
2168,769090,769299,209
2169,769299,769368,69
2170,769368,769403,35
2171,769403,769410,7
2172,769410,769448,38
2173,769448,769760,312
2174,769760,769900,140
2175,769900,770242,342
2176,770242,770248,6
2177,770248,770278,30
2178,770278,770500,222
2179,770500,770694,194
2180,770694,771158,464
2181,771158,771216,58
2182,771216,771462,246
2183,771462,771890,428
2184,771890,771928,38
2185,771928,772059,131
2186,772059,772235,176
2187,772235,772689,454
2188,772689,772838,149
2189,772838,772905,67
2190,772905,773157,252
2191,773157,774716,1559
2192,774716,774885,169
2193,774885,775692,807
2194,775692,775814,122
2195,775814,775892,78
2196,775892,776012,120
2197,776012,776063,51
2198,776063,776096,33
2199,776096,776528,432
2200,776528,776643,115
2201,776643,776718,75
2202,776718,776762,44
2203,776762,777156,394
2204,777156,777263,107
2205,777263,777628,365
2206,777628,777858,230
2207,777858,778116,258
2208,778116,779125,1009
2209,779125,779361,236
2210,779361,780171,810
2211,780171,780185,14
2212,780185,780399,214
2213,780399,780504,105
2214,780504,780578,74
2215,780578,781112,534
2216,781112,781793,681
2217,781793,782569,776
2218,782569,782734,165
2219,782734,783004,270
2220,783004,783111,107
2221,783111,783176,65
2222,783176,783503,327
2223,783503,783593,90
2224,783593,784119,526
2225,784119,784803,684
2226,784803,784833,30
2227,784833,784947,114
2228,784947,785027,80
2229,785027,785162,135
2230,785162,785532,370
2231,785532,785569,37
2232,785569,785830,261
2233,785830,786143,313
2234,786143,786193,50
2235,786193,786268,75
2236,786268,786377,109
2237,786377,787230,853
2238,787230,787501,271
2239,787501,787711,210
2240,787711,788078,367
2241,788078,788086,8
2242,788086,788332,246
2243,788332,788440,108
2244,788440,788681,241
2245,788681,789167,486
2246,789167,789347,180
2247,789347,789603,256
2248,789603,789666,63
2249,789666,789891,225
2250,789891,790052,161
2251,790052,790505,453
2252,790505,790516,11
2253,790516,790559,43
2254,790559,790724,165
2255,790724,791364,640
2256,791364,791547,183
2257,791547,791611,64
2258,791611,791867,256
2259,791867,791898,31
2260,791898,791966,68
2261,791966,792233,267
2262,792233,792246,13
2263,792246,792514,268
2264,792514,792814,300
2265,792814,792902,88
2266,792902,793164,262
2267,793164,793203,39
2268,793203,793218,15
2269,793218,793593,375
2270,793593,794118,525
2271,794118,794171,53
2272,794171,794465,294
2273,794465,795048,583
2274,795048,795327,279
2275,795327,795405,78
2276,795405,795656,251
2277,795656,796086,430
2278,796086,796119,33
2279,796119,796185,66
2280,796185,796392,207
2281,796392,796444,52
2282,796444,796647,203
2283,796647,796908,261
2284,796908,797050,142
2285,797050,797219,169
2286,797219,797910,691
2287,797910,798312,402
2288,798312,798352,40
2289,798352,798538,186
2290,798538,798664,126
2291,798664,798673,9
2292,798673,798831,158
2293,798831,798868,37
2294,798868,798961,93
2295,798961,799338,377
2296,799338,799430,92
2297,799430,799734,304
2298,799734,799874,140
2299,799874,800168,294
2300,800168,800233,65
2301,800233,800658,425
2302,800658,800670,12
2303,800670,800701,31
2304,800701,801317,616
2305,801317,802132,815
2306,802132,802217,85
2307,802217,802321,104
2308,802321,802364,43
2309,802364,802814,450
2310,802814,802933,119
2311,802933,802960,27
2312,802960,803581,621
2313,803581,803862,281
2314,803862,804849,987
2315,804849,805021,172
2316,805021,805026,5
2317,805026,805100,74
2318,805100,805147,47
2319,805147,805778,631
2320,805778,806278,500
2321,806278,806359,81
2322,806359,807906,1547
2323,807906,807945,39
2324,807945,808341,396
2325,808341,808346,5
2326,808346,808351,5
2327,808351,808357,6
2328,808357,808709,352
2329,808709,809570,861
2330,809570,809675,105
2331,809675,809714,39
2332,809714,810561,847
2333,810561,810754,193
2334,810754,810789,35
2335,810789,810848,59
2336,810848,810937,89
2337,810937,811852,915
2338,811852,812153,301
2339,812153,812602,449
2340,812602,813194,592
2341,813194,813324,130
2342,813324,813639,315
2343,813639,814400,761
2344,814400,814416,16
2345,814416,814654,238
2346,814654,814741,87
2347,814741,814786,45
2348,814786,815202,416
2349,815202,815206,4
2350,815206,815920,714
2351,815920,816400,480
2352,816400,817286,886
2353,817286,817775,489
2354,817775,818483,708
2355,818483,818495,12
2356,818495,818853,358
2357,818853,818977,124
2358,818977,819033,56
2359,819033,819384,351
2360,819384,819674,290
2361,819674,819707,33
2362,819707,819841,134
2363,819841,820259,418
2364,820259,820884,625
2365,820884,821420,536
2366,821420,821431,11
2367,821431,821632,201
2368,821632,821663,31
2369,821663,821732,69
2370,821732,821784,52
2371,821784,822684,900
2372,822684,823723,1039
2373,823723,824856,1133
2374,824856,825529,673
2375,825529,825557,28
2376,825557,825671,114
2377,825671,825968,297
2378,825968,825992,24
2379,825992,826230,238
2380,826230,826906,676
2381,826906,827198,292
2382,827198,827426,228
2383,827426,827465,39
2384,827465,827833,368
2385,827833,829025,1192
2386,829025,829038,13
2387,829038,829605,567
2388,829605,829650,45
2389,829650,829809,159
2390,829809,830700,891
2391,830700,830931,231
2392,830931,831453,522
2393,831453,831945,492
2394,831945,832026,81
2395,832026,832330,304
2396,832330,832352,22
2397,832352,832412,60
2398,832412,832535,123
2399,832535,832659,124
2400,832659,833370,711
2401,833370,833487,117
2402,833487,833829,342
2403,833829,833911,82
2404,833911,834409,498
2405,834409,835139,730
2406,835139,835461,322
2407,835461,835935,474
2408,835935,836127,192
2409,836127,836290,163
2410,836290,836298,8
2411,836298,837014,716
2412,837014,838424,1410
2413,838424,839068,644
2414,839068,839174,106
2415,839174,839696,522
2416,839696,839939,243
2417,839939,840929,990
2418,840929,841022,93
2419,841022,841739,717
2420,841739,841998,259
2421,841998,842051,53
2422,842051,842567,516
2423,842567,842710,143
2424,842710,843030,320
2425,843030,843229,199
2426,843229,843491,262
2427,843491,843707,216
2428,843707,844061,354
2429,844061,844321,260
2430,844321,844953,632
2431,844953,844992,39
2432,844992,845047,55
2433,845047,845121,74
2434,845121,845137,16
2435,845137,845237,100
2436,845237,845939,702
2437,845939,846877,938
2438,846877,847078,201
2439,847078,847415,337
2440,847415,847795,380
2441,847795,848224,429
2442,848224,848236,12
2443,848236,849823,1587
2444,849823,851114,1291
2445,851114,851437,323
2446,851437,852768,1331
2447,852768,853371,603
2448,853371,853916,545
2449,853916,855735,1819
2450,855735,856227,492
2451,856227,856847,620
2452,856847,856950,103
2453,856950,857955,1005
2454,857955,859329,1374
2455,859329,859566,237
2456,859566,860266,700
2457,860266,860988,722
2458,860988,862026,1038
2459,862026,862188,162
2460,862188,863590,1402
2461,863590,864355,765
2462,864355,864949,594
2463,864949,865459,510
2464,865459,866918,1459
2465,866918,868347,1429
2466,868347,868522,175
2467,868522,868993,471
2468,868993,869782,789
2469,869782,869941,159
2470,869941,869961,20
2471,869961,870518,557
2472,870518,871577,1059
2473,871577,872184,607
2474,872184,872532,348
2475,872532,872892,360
2476,872892,874792,1900
2477,874792,875435,643
2478,875435,875693,258
2479,875693,875847,154
2480,875847,875876,29
2481,875876,876099,223
2482,876099,876261,162
2483,876261,876276,15
2484,876276,876328,52
2485,876328,876336,8
2486,876336,876542,206
2487,876542,878236,1694
2488,878236,879404,1168
2489,879404,879591,187
2490,879591,880377,786
2491,880377,881336,959
2492,881336,881381,45
2493,881381,881543,162
2494,881543,881555,12
2495,881555,881571,16
2496,881571,882168,597
2497,882168,883014,846
2498,883014,883517,503
2499,883517,883758,241
2500,883758,883999,241
2501,883999,885480,1481
2502,885480,885502,22
2503,885502,886457,955
2504,886457,886667,210
2505,886667,887690,1023
2506,887690,888947,1257
2507,888947,889004,57
2508,889004,889404,400
2509,889404,889640,236
2510,889640,890411,771
2511,890411,890555,144
2512,890555,890643,88
2513,890643,891071,428
2514,891071,891633,562
2515,891633,891917,284
2516,891917,892483,566
2517,892483,893311,828
2518,893311,893840,529
2519,893840,893858,18
2520,893858,894122,264
2521,894122,894133,11
2522,894133,894418,285
2523,894418,894896,478
2524,894896,895288,392
2525,895288,895398,110
2526,898920,899153,233
2527,899153,899590,437
2528,899590,899878,288
2529,899878,899894,16
2530,899894,900349,455
2531,900349,900436,87
2532,902078,902175,97
2533,902175,902935,760
2534,902935,903171,236
2535,903171,903768,597
2536,903768,903815,47
2537,903815,904496,681
2538,904496,905361,865
2539,907118,907407,289
2540,907407,907574,167
2541,907574,907904,330
2542,907904,907963,59
2543,907963,907988,25
2544,907988,908097,109
2545,908097,908712,615
2546,908712,908719,7
2547,908719,909503,784
2548,909503,910268,765
2549,910268,910612,344
2550,910612,911000,388
2551,911000,911255,255
2552,911255,911365,110
2553,911365,911544,179
2554,911544,911549,5
2555,911549,911628,79
2556,911628,911706,78
2557,911706,912633,927
2558,912633,913062,429
2559,913062,913611,549
2560,913611,914308,697
2561,914308,914874,566
2562,914874,915759,885
2563,915759,916523,764
2564,916523,917764,1241
2565,917764,919139,1375
2566,919139,920542,1403
2567,920542,921563,1021
2568,921563,922200,637
2569,922200,922521,321
2570,922521,922859,338
2571,922859,923272,413
2572,923272,923743,471
2573,923743,923794,51
2574,923794,923986,192
2575,923986,924072,86
2576,924072,924234,162
2577,924234,924279,45
2578,924279,924351,72
2579,924351,924384,33
2580,924384,924615,231
2581,924615,924649,34
2582,924649,924766,117
2583,924766,924833,67
2584,924833,924896,63
2585,924896,924900,4
2586,924900,925033,133
2587,925033,925128,95
2588,925128,925138,10
2589,925138,925191,53
2590,925191,925345,154
2591,925345,925392,47
2592,925392,925890,498
2593,925890,925931,41
2594,925931,925956,25
2595,925956,926169,213
2596,926169,926181,12
2597,926181,926266,85
2598,926266,926306,40
2599,926306,926379,73
2600,926379,926875,496
2601,926875,927162,287
2602,927162,927218,56
2603,927218,927432,214
2604,927432,927468,36
2605,927468,928225,757
2606,928225,929051,826
2607,929051,929428,377
2608,929428,929612,184
2609,929612,929798,186
2610,929798,930088,290
2611,930088,930485,397
2612,930485,931740,1255
2613,931740,932221,481
2614,932221,932338,117
2615,932338,932356,18
2616,932356,932427,71
2617,932427,932653,226
2618,932653,933487,834
2619,933487,933638,151
2620,933638,933707,69
2621,933707,933732,25
2622,933732,933750,18
2623,933750,933840,90
2624,933840,933902,62
2625,933902,934203,301
2626,934203,934296,93
2627,934296,934447,151
2628,934447,934608,161
2629,934608,935143,535
2630,935143,935579,436
2631,935579,936296,717
2632,936296,936419,123
2633,936419,936650,231
2634,936650,936677,27
2635,936677,936926,249
2636,936926,936956,30
2637,936956,936968,12
2638,936968,936986,18
2639,936986,937082,96
2640,937082,937151,69
2641,937151,937172,21
2642,937172,937213,41
2643,937213,937238,25
2644,937238,937894,656
2645,937894,937906,12
2646,937906,938080,174
2647,938080,938183,103
2648,938183,938202,19
2649,938202,938208,6
2650,938208,938435,227
2651,938435,938592,157
2652,938592,939009,417
2653,939009,939446,437
2654,939446,939779,333
2655,939779,940083,304
2656,940083,940340,257
2657,940340,940358,18
2658,940358,940555,197
2659,940555,941580,1025
2660,941580,941790,210
2661,941790,942052,262
2662,942052,942126,74
2663,942126,942428,302
2664,942428,942567,139
2665,942567,942762,195
2666,942762,944091,1329
2667,944091,944111,20
2668,944111,944282,171
2669,944282,944387,105
2670,944387,944690,303
2671,944690,944701,11
2672,944701,945149,448
2673,945149,945492,343
2674,945492,946036,544
2675,946036,947012,976
2676,947012,947195,183
2677,947195,947457,262
2678,947457,948708,1251
2679,948708,948904,196
2680,948904,949559,655
2681,949559,949718,159
2682,949718,949767,49
2683,949767,950089,322
2684,950089,950304,215
2685,950304,950490,186
2686,950490,950596,106
2687,950596,950876,280
2688,950876,950930,54
2689,950930,951209,279
2690,951209,951474,265
2691,951474,951594,120
2692,951594,951653,59
2693,951653,951815,162
2694,951815,951854,39
2695,951854,952044,190
2696,952044,952306,262
2697,952306,952951,645
2698,952951,953882,931
2699,953882,954004,122
2700,954004,955313,1309
2701,955313,955726,413
2702,955726,956199,473
2703,956199,956642,443
2704,956642,957181,539
2705,957181,958330,1149
2706,958330,959816,1486
2707,959816,961034,1218
2708,961034,962258,1224
2709,962258,962390,132
2710,962390,963289,899
2711,963289,963348,59
2712,963348,963396,48
2713,963396,963539,143
2714,963539,963742,203
2715,963742,963952,210
2716,963952,964878,926
2717,964878,965006,128
2718,965006,965957,951
2719,965957,966362,405
2720,968545,969048,503
2721,969048,969118,70
2722,969118,969798,680
2723,969798,970171,373
2724,970171,971060,889
2725,971060,973028,1968
2726,973028,973138,110
2727,973138,974203,1065
2728,974203,974368,165
2729,974368,974915,547
2730,974915,975910,995
2731,975910,976846,936
2732,976846,977259,413
2733,977259,977768,509
2734,977768,977777,9
2735,977777,978868,1091
2736,978868,979468,600
2737,979468,979569,101
2738,979569,980020,451
2739,980020,980082,62
2740,980082,980960,878
2741,980960,982399,1439
2742,982399,982616,217
2743,982616,983711,1095
2744,983711,983920,209
2745,983920,984152,232
2746,984152,985418,1266
2747,985418,985481,63
2748,985481,985488,7
2749,985488,986584,1096
2750,986584,987067,483
2751,987067,988238,1171
2752,988238,988793,555
2753,988793,989104,311
2754,989104,989599,495
2755,989599,990028,429
2756,990028,990199,171
2757,990199,990625,426
2758,990625,990709,84
2759,990709,991101,392
2760,991101,991174,73
2761,991174,991347,173
2762,991347,991492,145
2763,991492,993054,1562
2764,993054,993495,441
2765,993495,993592,97
2766,993592,994904,1312
2767,994904,995307,403
2768,995307,997066,1759
2769,997066,997577,511
2770,997577,998249,672
2771,998249,999452,1203
2772,999452,999688,236
2773,999688,1000114,426
2774,1000114,1002091,1977
2775,1002091,1003505,1414
2776,1003505,1003824,319
2777,1003824,1004203,379
2778,1004203,1005525,1322
2779,1005525,1005800,275
2780,1005800,1008054,2254
2781,1008054,1008274,220
2782,1008274,1009457,1183
2783,1009457,1009809,352
2784,1009809,1010069,260
2785,1010069,1011208,1139
2786,1011208,1011236,28
2787,1011236,1011313,77
2788,1011313,1011768,455
2789,1011768,1012267,499
2790,1012267,1012764,497
2791,1012764,1013008,244
2792,1013008,1013604,596
2793,1013604,1014245,641
2794,1014245,1015065,820
2795,1015065,1015154,89
2796,1015154,1015262,108
2797,1015262,1015478,216
2798,1015478,1016170,692
2799,1016170,1018055,1885
2800,1018055,1018842,787
2801,1018842,1018883,41
2802,1018883,1020017,1134
2803,1020017,1020161,144
2804,1020161,1020537,376
2805,1020537,1020677,140
2806,1020677,1020917,240
2807,1020917,1021265,348
2808,1021265,1021412,147
2809,1021412,1021546,134
2810,1021546,1022713,1167
2811,1022713,1024560,1847
2812,1024560,1024716,156
2813,1024716,1024895,179
2814,1024895,1025356,461
2815,1025356,1025455,99
2816,1025455,1025464,9
2817,1025464,1026058,594
2818,1026058,1027042,984
2819,1027042,1027850,808
2820,1027850,1028769,919
2821,1028769,1029504,735
2822,1029504,1029580,76
2823,1029580,1029828,248
2824,1029828,1029990,162
2825,1029990,1030197,207
2826,1030197,1030264,67
2827,1030264,1030311,47
2828,1030311,1031727,1416
2829,1031727,1031792,65
2830,1031792,1031826,34
2831,1031826,1032764,938
2832,1032764,1032857,93
2833,1032857,1033532,675
2834,1033532,1035125,1593
2835,1035125,1035309,184
2836,1035309,1035321,12
2837,1035321,1035370,49
2838,1035370,1035443,73
2839,1035443,1035666,223
2840,1035666,1035675,9
2841,1035675,1035833,158
2842,1035833,1036649,816
2843,1036649,1037100,451
2844,1037100,1039010,1910
2845,1039010,1039040,30
2846,1039040,1039259,219
2847,1039259,1039785,526
2848,1039785,1040591,806
2849,1040591,1040985,394
2850,1040985,1041000,15
2851,1041000,1041013,13
2852,1041013,1041586,573
2853,1041586,1041725,139
2854,1041725,1041975,250
2855,1041975,1042464,489
2856,1042464,1042975,511
2857,1042975,1042988,13
2858,1042988,1043013,25
2859,1043013,1043202,189
2860,1043202,1043703,501
2861,1043703,1043858,155
2862,1043858,1043962,104
2863,1043962,1044177,215
2864,1044177,1044393,216
2865,1044393,1045390,997
2866,1045390,1045829,439
2867,1045829,1046357,528
2868,1046357,1046510,153
2869,1046510,1046589,79
2870,1046589,1047104,515
2871,1047104,1047305,201
2872,1047305,1048001,696
2873,1048001,1048241,240
2874,1048241,1049034,793
2875,1049034,1049038,4
2876,1049038,1050629,1591
2877,1050629,1050783,154
2878,1050783,1050868,85
2879,1050868,1051597,729
2880,1051597,1051623,26
2881,1051623,1051771,148
2882,1051771,1051862,91
2883,1051862,1051874,12
2884,1051874,1051976,102
2885,1051976,1052199,223
2886,1052199,1052291,92
2887,1052291,1052410,119
2888,1052410,1052870,460
2889,1054801,1055140,339
2890,1055140,1056000,860
2891,1056000,1057778,1778
2892,1057778,1059433,1655
2893,1059433,1060737,1304
2894,1060737,1061667,930
2895,1061667,1062159,492
2896,1062159,1062165,6
2897,1062165,1063481,1316
2898,1063481,1063681,200
2899,1063681,1063987,306
2900,1063987,1065260,1273
2901,1065260,1065273,13
2902,1065273,1065840,567
2903,1065840,1065885,45
2904,1065885,1066044,159
2905,1066044,1066935,891
2906,1066935,1067166,231
2907,1067166,1067688,522
2908,1067688,1068180,492
2909,1068180,1068202,22
2910,1068202,1068262,60
2911,1068262,1068385,123
2912,1068385,1068509,124
2913,1068509,1069220,711
2914,1069220,1069337,117
2915,1069337,1070056,719
2916,1070056,1070243,187
2917,1070243,1070412,169
2918,1070412,1070974,562
2919,1070974,1071056,82
2920,1071056,1071554,498
2921,1071554,1072295,741
2922,1072295,1072583,288
2923,1072583,1074354,1771
2924,1074354,1074539,185
2925,1074539,1075077,538
2926,1075077,1075288,211
2927,1075288,1075348,60
2928,1075348,1075825,477
2929,1075825,1075997,172
2930,1075997,1076066,69
2931,1076066,1076237,171
2932,1076237,1076483,246
2933,1076483,1076684,201
2934,1076684,1076834,150
2935,1076834,1076846,12
2936,1076846,1077038,192
2937,1077038,1077152,114
2938,1077152,1077239,87
2939,1077239,1077248,9
2940,1077248,1077408,160
2941,1077408,1077417,9
2942,1077417,1079227,1810
2943,1079227,1079349,122
2944,1079349,1079579,230
2945,1079579,1079583,4
2946,1079583,1079846,263
2947,1079846,1079861,15
2948,1079861,1079872,11
2949,1079872,1079973,101
2950,1079973,1080178,205
2951,1080178,1080182,4
2952,1080182,1080903,721
2953,1080903,1082052,1149
2954,1082052,1082751,699
2955,1082751,1083276,525
2956,1083276,1083638,362
2957,1083638,1083897,259
2958,1083897,1084268,371
2959,1084268,1084363,95
2960,1084363,1085343,980
2961,1085343,1086408,1065
2962,1086408,1086588,180
2963,1086588,1088043,1455
2964,1088043,1088486,443
2965,1088486,1088520,34
2966,1088520,1088985,465
2967,1088985,1089501,516
2968,1089501,1090258,757
2969,1093267,1093271,4
2970,1093271,1093325,54
2971,1093325,1094123,798
2972,1094123,1094490,367
2973,1094490,1094903,413
2974,1094903,1094987,84
2975,1094987,1095154,167
2976,1095154,1095266,112
2977,1095266,1095518,252
2978,1095518,1095523,5
2979,1095523,1096097,574
2980,1096097,1096763,666
2981,1096763,1098067,1304
2982,1098067,1098306,239
2983,1098306,1098980,674
2984,1098980,1099698,718
2985,1099698,1100277,579
2986,1100277,1101066,789
2987,1101066,1101995,929
2988,1101995,1102796,801
2989,1102796,1103287,491
2990,1103287,1103312,25
2991,1103312,1103431,119
2992,1103431,1103448,17
2993,1103448,1103490,42
2994,1103490,1103533,43
2995,1103533,1103680,147
2996,1103680,1104275,595
2997,1104275,1104742,467
2998,1104742,1105425,683
2999,1105425,1105938,513
3000,1105938,1106089,151
3001,1106089,1106523,434
3002,1106523,1107078,555
3003,1107078,1107680,602
3004,1107680,1107953,273
3005,1107953,1107993,40
3006,1107993,1108227,234
3007,1108227,1108238,11
3008,1108238,1108759,521
3009,1108759,1108768,9
3010,1108768,1108790,22
3011,1108790,1108799,9
3012,1108799,1110434,1635
3013,1110434,1110789,355
3014,1110789,1111927,1138
3015,1111927,1112685,758
3016,1112685,1113589,904
3017,1113589,1114552,963
3018,1114552,1115485,933
3019,1115485,1115658,173
3020,1115658,1115790,132
3021,1115790,1117567,1777
3022,1117567,1118024,457
3023,1118024,1118140,116
3024,1118140,1118792,652
3025,1118792,1119287,495
3026,1119287,1121417,2130
3027,1121417,1121637,220
3028,1121637,1122050,413
3029,1122050,1122346,296
3030,1122346,1122682,336
3031,1124060,1124310,250
3032,1124310,1124405,95
3033,1124405,1124673,268
3034,1124673,1125439,766
3035,1125439,1125488,49
3036,1125488,1125493,5
3037,1125493,1125502,9
3038,1125502,1125511,9
3039,1125511,1125545,34
3040,1125545,1125643,98
3041,1125643,1125793,150
3042,1125793,1125809,16
3043,1127617,1127631,14
3044,1127631,1127758,127
3045,1127758,1128451,693
3046,1128451,1129117,666
3047,1129117,1129679,562
3048,1129679,1130408,729
3049,1130408,1130673,265
3050,1130673,1130725,52
3051,1130725,1131138,413
3052,1131138,1131702,564
3053,1131702,1131757,55
3054,1131757,1132095,338
3055,1132095,1133764,1669
3056,1133764,1133897,133
3057,1133897,1134238,341
3058,1134238,1134572,334
3059,1134572,1135593,1021
3060,1135593,1135643,50
3061,1135643,1136216,573
3062,1136216,1136228,12
3063,1136228,1136409,181
3064,1136409,1136682,273
3065,1136682,1137824,1142
3066,1137824,1138709,885
3067,1138709,1139467,758
3068,1139467,1139736,269
3069,1139736,1139944,208
3070,1139944,1140430,486
3071,1140430,1141085,655
3072,1141085,1141291,206
3073,1141291,1141876,585
3074,1141876,1143081,1205
3075,1143081,1144016,935
3076,1144016,1145095,1079
3077,1145095,1145111,16
3078,1145111,1145147,36
3079,1145147,1145411,264
3080,1145411,1145446,35
3081,1145446,1145739,293
3082,1145739,1145994,255
3083,1145994,1146259,265
3084,1146259,1146265,6
3085,1146265,1146281,16
3086,1146281,1147018,737
3087,1147018,1147168,150
3088,1147168,1147183,15
3089,1147183,1147631,448
3090,1147631,1148544,913
3091,1148544,1149509,965
3092,1149509,1150248,739
3093,1150248,1150263,15
3094,1150263,1150281,18
3095,1150281,1151160,879
3096,1151160,1151195,35
3097,1151195,1151237,42
3098,1151237,1152372,1135
3099,1152372,1153072,700
3100,1153072,1154571,1499
3101,1154571,1155544,973
3102,1155544,1155780,236
3103,1155780,1155873,93
3104,1155873,1156605,732
3105,1156605,1157747,1142
3106,1157747,1158717,970
3107,1158717,1158728,11
3108,1158728,1158843,115
3109,1158843,1158980,137
3110,1158980,1159024,44
3111,1159024,1159235,211
3112,1159235,1159309,74
3113,1159309,1159360,51
3114,1159360,1159405,45
3115,1159405,1159636,231
3116,1159636,1159906,270
3117,1159906,1160223,317
3118,1160223,1161113,890
3119,1161113,1161238,125
3120,1161238,1161323,85
3121,1161323,1162514,1191
3122,1162514,1163269,755
3123,1163269,1163576,307
3124,1163576,1163730,154
3125,1163730,1163875,145
3126,1163875,1164515,640
3127,1164515,1164762,247
3128,1167940,1168507,567
3129,1168507,1168869,362
3130,1168869,1168902,33
3131,1168902,1169249,347
3132,1169249,1169485,236
3133,1169485,1169541,56
3134,1169541,1169784,243
3135,1169784,1169965,181
3136,1169965,1170244,279
3137,1170244,1170275,31
3138,1170275,1170877,602
3139,1170877,1171207,330
3140,1171207,1171460,253
3141,1171460,1171625,165
3142,1171625,1172159,534
3143,1172159,1172383,224
3144,1172383,1172954,571
3145,1172954,1172990,36
3146,1172990,1173044,54
3147,1173044,1173865,821
3148,1173865,1174242,377
3149,1174242,1174297,55
3150,1174297,1174351,54
3151,1174351,1174441,90
3152,1174441,1174637,196
3153,1174637,1175096,459
3154,1175096,1175264,168
3155,1175264,1175549,285
3156,1175549,1175692,143
3157,1175692,1175914,222
3158,1175914,1175948,34
3159,1175948,1176221,273
3160,1176221,1176280,59
3161,1176280,1176939,659
3162,1176939,1177523,584
3163,1177523,1178298,775
3164,1178298,1178638,340
3165,1178638,1178742,104
3166,1178742,1179672,930
3167,1179672,1179705,33
3168,1179705,1180283,578
3169,1180283,1180446,163
3170,1180446,1180542,96
3171,1180542,1180682,140
3172,1180682,1180793,111
3173,1180793,1181252,459
3174,1181252,1181259,7
3175,1181259,1181354,95
3176,1181354,1181391,37
3177,1181391,1182066,675
3178,1182066,1182374,308
3179,1182374,1182519,145
3180,1182519,1182565,46
3181,1182565,1182615,50
3182,1182615,1182766,151
3183,1182766,1183984,1218
3184,1183984,1183998,14
3185,1183998,1184564,566
3186,1184564,1184574,10
3187,1184574,1184710,136
3188,1184710,1184984,274
3189,1184984,1185003,19
3190,1185003,1186013,1010
3191,1186013,1186408,395
3192,1186408,1186793,385
3193,1186793,1186998,205
3194,1186998,1187016,18
3195,1187016,1187517,501
3196,1187517,1187678,161
3197,1187678,1188277,599
3198,1188277,1188321,44
3199,1188321,1188360,39
3200,1188360,1188720,360
3201,1188720,1188727,7
3202,1188727,1189556,829
3203,1189556,1189652,96
3204,1189652,1189891,239
3205,1189891,1190351,460
3206,1190351,1190898,547
3207,1190898,1191212,314
3208,1191212,1192052,840
3209,1192052,1192793,741
3210,1192793,1193004,211
3211,1193004,1193496,492
3212,1193496,1193628,132
3213,1193628,1193835,207
3214,1193835,1194382,547
3215,1194382,1194514,132
3216,1194514,1194520,6
3217,1194520,1194934,414
3218,1194934,1195083,149
3219,1195083,1195123,40
3220,1195123,1195159,36
3221,1195159,1195558,399
3222,1195558,1195779,221
3223,1195779,1195869,90
3224,1195869,1196200,331
3225,1196200,1196338,138
3226,1196338,1196349,11
3227,1196349,1196563,214
3228,1196563,1196992,429
3229,1196992,1197037,45
3230,1197037,1197133,96
3231,1197133,1197290,157
3232,1197290,1197339,49
3233,1197339,1197756,417
3234,1197756,1197809,53
3235,1197809,1197818,9
3236,1197818,1197911,93
3237,1197911,1198007,96
3238,1198007,1198308,301
3239,1198308,1198616,308
3240,1198616,1198787,171
3241,1198787,1198878,91
3242,1198878,1199374,496
3243,1199374,1199664,290
3244,1199664,1199745,81
3245,1199745,1200172,427
3246,1200172,1200182,10
3247,1200182,1200685,503
3248,1200685,1200744,59
3249,1200744,1200783,39
3250,1200783,1200805,22
3251,1200805,1201005,200
3252,1201005,1201210,205
3253,1201210,1201293,83
3254,1201293,1201606,313
3255,1201606,1202177,571
3256,1202177,1202204,27
3257,1202204,1202261,57
3258,1202261,1202555,294
3259,1202555,1203300,745
3260,1203300,1203746,446
3261,1203746,1203932,186
3262,1203932,1204110,178
3263,1204110,1204930,820
3264,1204930,1205288,358
3265,1205288,1205973,685
3266,1205973,1206270,297
3267,1206270,1206438,168
3268,1206438,1206806,368
3269,1206806,1206929,123
3270,1206929,1207029,100
3271,1207029,1207393,364
3272,1207393,1207855,462
3273,1207855,1208492,637
3274,1208492,1208914,422
3275,1208914,1208999,85
3276,1208999,1209217,218
3277,1209217,1209390,173
3278,1209390,1210002,612
3279,1210002,1210037,35
3280,1210037,1210587,550
3281,1210587,1210628,41
3282,1210628,1210784,156
3283,1210784,1210915,131
3284,1210915,1211116,201
3285,1211116,1211179,63
3286,1211179,1211393,214
3287,1211393,1212263,870
3288,1212263,1212458,195
3289,1212458,1212534,76
3290,1212534,1212554,20
3291,1212554,1212566,12
3292,1212566,1212572,6
3293,1212572,1212578,6
3294,1212578,1212723,145
3295,1212723,1212849,126
3296,1212849,1213254,405
3297,1213254,1214159,905
3298,1214159,1214313,154
3299,1214313,1214447,134
3300,1214447,1214621,174
3301,1214621,1214788,167
3302,1214788,1214841,53
3303,1214841,1214885,44
3304,1214885,1214904,19
3305,1214904,1215045,141
3306,1215045,1215456,411
3307,1215456,1215460,4
3308,1215460,1215541,81
3309,1215541,1216663,1122
3310,1216663,1216921,258
3311,1216921,1217150,229
3312,1217150,1218771,1621
3313,1218771,1219025,254
3314,1219025,1219040,15
3315,1219040,1219175,135
3316,1219175,1219196,21
3317,1219196,1219214,18
3318,1219214,1219279,65
3319,1219279,1219727,448
3320,1219727,1219807,80
3321,1219807,1220334,527
3322,1220334,1221185,851
3323,1221185,1221191,6
3324,1221191,1221984,793
3325,1221984,1222090,106
3326,1222090,1222211,121
3327,1222211,1222222,11
3328,1222222,1222361,139
3329,1222361,1222526,165
3330,1222526,1222766,240
3331,1222766,1222841,75
3332,1222841,1222906,65
3333,1222906,1223101,195
3334,1223101,1223131,30
3335,1223131,1223236,105
3336,1223236,1223287,51
3337,1223287,1223295,8
3338,1223295,1223466,171
3339,1223466,1223754,288
3340,1223754,1223770,16
3341,1223770,1223787,17
3342,1223787,1223882,95
3343,1223882,1225476,1594
3344,1225476,1225624,148
3345,1225624,1225642,18
3346,1225642,1225653,11
3347,1225653,1226191,538
3348,1226191,1226240,49
3349,1226240,1227832,1592
3350,1227832,1228870,1038
3351,1228870,1229112,242
3352,1229112,1229645,533
3353,1229645,1229663,18
3354,1229663,1229672,9
3355,1229672,1230149,477
3356,1230149,1230156,7
3357,1230156,1230453,297
3358,1232321,1232536,215
3359,1232536,1233426,890
3360,1233426,1233670,244
3361,1233670,1233689,19
3362,1233689,1233717,28
3363,1233717,1234690,973
3364,1236550,1237044,494
3365,1237044,1237193,149
3366,1237193,1237415,222
3367,1237415,1237534,119
3368,1237534,1237843,309
3369,1237843,1237890,47
3370,1237890,1237954,64
3371,1237954,1238104,150
3372,1238104,1238327,223
3373,1238327,1238458,131
3374,1238458,1238542,84
3375,1238542,1238645,103
3376,1238645,1238841,196
3377,1238841,1239295,454
3378,1239295,1239374,79
3379,1239374,1239379,5
3380,1239379,1240364,985
3381,1240364,1240677,313
3382,1240677,1240950,273
3383,1240950,1241145,195
3384,1241145,1241644,499
3385,1241644,1241658,14
3386,1241658,1241691,33
3387,1241691,1241733,42
3388,1241733,1241955,222
3389,1241955,1242116,161
3390,1242116,1242293,177
3391,1242293,1242327,34
3392,1242327,1242679,352
3393,1242679,1242690,11
3394,1242690,1242720,30
3395,1242720,1242785,65
3396,1242785,1242800,15
3397,1242800,1243064,264
3398,1243064,1243101,37
3399,1243101,1243464,363
3400,1243464,1243724,260
3401,1243724,1244425,701
3402,1244425,1244742,317
3403,1244742,1245107,365
3404,1245107,1245834,727
3405,1245834,1245917,83
3406,1245917,1246144,227
3407,1246144,1246164,20
3408,1246164,1246321,157
3409,1246321,1246327,6
3410,1246327,1246486,159
3411,1246486,1246603,117
3412,1246603,1247654,1051
3413,1247654,1247922,268
3414,1247922,1247990,68
3415,1247990,1248935,945
3416,1248935,1249489,554
3417,1249489,1250680,1191
3418,1250680,1251220,540
3419,1251220,1251504,284
3420,1251504,1251970,466
3421,1251970,1251974,4
3422,1251974,1251997,23
3423,1251997,1252380,383
3424,1252380,1252390,10
3425,1252390,1252519,129
3426,1252519,1252877,358
3427,1252877,1253818,941
3428,1253818,1253924,106
3429,1253924,1254120,196
3430,1254120,1254201,81
3431,1254201,1254764,563
3432,1254764,1255021,257
3433,1255021,1258590,3569
3434,1258590,1259929,1339
3435,1259929,1260116,187
3436,1260116,1261134,1018
3437,1261134,1261240,106
3438,1261240,1261256,16
3439,1261256,1261347,91
3440,1261347,1261516,169
3441,1261516,1261521,5
3442,1261521,1261526,5
3443,1261526,1261531,5
3444,1261531,1261574,43
3445,1261574,1262074,500
3446,1262074,1262122,48
3447,1262122,1262312,190
3448,1262312,1262319,7
3449,1262319,1263166,847
3450,1263166,1263590,424
3451,1263590,1263733,143
3452,1263733,1263923,190
3453,1263923,1263952,29
3454,1263952,1264020,68
3455,1264020,1264053,33
3456,1264053,1264205,152
3457,1264205,1264366,161
3458,1264366,1264377,11
3459,1264377,1266038,1661
3460,1266038,1266769,731
3461,1266769,1267574,805
3462,1267574,1267585,11
3463,1267585,1267911,326
3464,1267911,1268836,925
3465,1268836,1269320,484
3466,1269320,1270070,750
3467,1270070,1270786,716
3468,1270786,1271614,828
3469,1271614,1272951,1337
3470,1272951,1273131,180
3471,1273131,1274311,1180
3472,1274311,1276099,1788
3473,1276099,1276126,27
3474,1276126,1276745,619
3475,1276745,1277126,381
3476,1277126,1277915,789
3477,1277915,1278279,364
3478,1278279,1278291,12
3479,1278291,1278324,33
3480,1278324,1278420,96
3481,1278420,1278458,38
3482,1278458,1278658,200
3483,1278658,1278797,139
3484,1278797,1279024,227
3485,1279024,1279306,282
3486,1279306,1279456,150
3487,1279456,1279528,72
3488,1279528,1279652,124
3489,1279652,1279871,219
3490,1279871,1280133,262
3491,1280133,1280575,442
3492,1280575,1280912,337
3493,1280912,1281139,227
3494,1281139,1282410,1271
3495,1282410,1282919,509
3496,1282919,1283019,100
3497,1283019,1283189,170
3498,1283189,1283252,63
3499,1283252,1283256,4
3500,1283256,1283388,132
3501,1283388,1284683,1295
3502,1284683,1285197,514
3503,1285197,1285810,613
3504,1285810,1285898,88
3505,1285898,1285927,29
3506,1285927,1286315,388
3507,1286315,1286547,232
3508,1286547,1286843,296
3509,1286843,1286986,143
3510,1286986,1287208,222
3511,1287208,1287915,707
3512,1287915,1288159,244
3513,1288159,1288239,80
3514,1288239,1288446,207
3515,1288446,1288489,43
3516,1288489,1288650,161
3517,1288650,1289146,496
3518,1289146,1289484,338
3519,1289484,1289865,381
3520,1289865,1290133,268
3521,1290133,1290423,290
3522,1290423,1290536,113
3523,1290536,1290630,94
3524,1290630,1290678,48
3525,1290678,1291396,718
3526,1291396,1291647,251
3527,1291647,1291914,267
3528,1291914,1291972,58
3529,1291972,1292233,261
3530,1292233,1292286,53
3531,1292286,1292558,272
3532,1292558,1292704,146
3533,1292704,1292837,133
3534,1292837,1292860,23
3535,1292860,1292926,66
3536,1292926,1292977,51
3537,1292977,1293362,385
3538,1293362,1293681,319
3539,1293681,1294156,475
3540,1294156,1294429,273
3541,1294429,1294592,163
3542,1294592,1294941,349
3543,1294941,1294992,51
3544,1294992,1295197,205
3545,1295197,1295311,114
3546,1295311,1296655,1344
3547,1296655,1296677,22
3548,1296677,1297176,499
3549,1297176,1297180,4
3550,1297180,1297245,65
3551,1297245,1297457,212
3552,1297457,1297568,111
3553,1297568,1297751,183
3554,1297751,1297843,92
3555,1297843,1297943,100
3556,1297943,1298027,84
3557,1298027,1298389,362
3558,1298389,1298426,37
3559,1298426,1298787,361
3560,1298787,1298794,7
3561,1298794,1298835,41
3562,1298835,1298841,6
3563,1298841,1298847,6
3564,1298847,1298853,6
3565,1298853,1300512,1659
3566,1300512,1300570,58
3567,1300570,1300891,321
3568,1300891,1300908,17
3569,1300908,1301012,104
3570,1301012,1301016,4
3571,1301016,1301251,235
3572,1301251,1301348,97
3573,1301348,1301437,89
3574,1301437,1302370,933
3575,1302370,1302414,44
3576,1302414,1302771,357
3577,1302771,1303237,466
3578,1303237,1303787,550
3579,1303787,1303794,7
3580,1303794,1303801,7
3581,1303801,1303808,7
3582,1303808,1303816,8
3583,1303816,1304456,640
3584,1304456,1304471,15
3585,1304471,1304864,393
3586,1304864,1305149,285
3587,1305149,1305256,107
3588,1305256,1305448,192
3589,1305448,1307018,1570
3590,1307018,1307188,170
3591,1307188,1307479,291
3592,1307479,1307486,7
3593,1307486,1307493,7
3594,1307493,1308017,524
3595,1308017,1308081,64
3596,1308081,1309498,1417
3597,1309498,1309705,207
3598,1309705,1310112,407
3599,1310112,1310949,837
3600,1310949,1312220,1271
3601,1312220,1312589,369
3602,1312589,1313476,887
3603,1313476,1313764,288
3604,1313764,1314133,369
3605,1314133,1314181,48
3606,1314181,1314310,129
3607,1314310,1314950,640
3608,1314950,1315235,285
3609,1315235,1315453,218
3610,1315453,1316425,972
3611,1316425,1316436,11
3612,1316436,1316598,162
3613,1316598,1316687,89
3614,1316687,1317650,963
3615,1317650,1317811,161
3616,1317811,1317906,95
3617,1317906,1317981,75
3618,1317981,1318112,131
3619,1318112,1318122,10
3620,1318122,1318127,5
3621,1318127,1318155,28
3622,1318155,1318622,467
3623,1318622,1319338,716
3624,1319338,1319349,11
3625,1319349,1319474,125
3626,1319474,1319819,345
3627,1319819,1319848,29
3628,1319848,1320337,489
3629,1320337,1320351,14
3630,1320351,1320419,68
3631,1320419,1320558,139
3632,1320558,1320762,204
3633,1320762,1320809,47
3634,1320809,1320868,59
3635,1320868,1322232,1364
3636,1322232,1322474,242
3637,1322474,1322764,290
3638,1322764,1323183,419
3639,1323183,1323324,141
3640,1323324,1323381,57
3641,1323381,1323563,182
3642,1323563,1323593,30
3643,1323593,1323797,204
3644,1323797,1324047,250
3645,1324047,1324053,6
3646,1324053,1324208,155
3647,1324208,1324459,251
3648,1324459,1324755,296
3649,1324755,1325411,656
3650,1325411,1325923,512
3651,1325923,1326079,156
3652,1326079,1326343,264
3653,1326343,1326527,184
3654,1326527,1326545,18
3655,1326545,1326569,24
3656,1326569,1326692,123
3657,1326692,1326899,207
3658,1326899,1326914,15
3659,1326914,1326989,75
3660,1326989,1327083,94
3661,1327083,1327175,92
3662,1327175,1327466,291
3663,1327466,1327781,315
3664,1327781,1327843,62
3665,1327843,1327887,44
3666,1327887,1327898,11
3667,1327898,1327902,4
3668,1327902,1328012,110
3669,1328012,1328138,126
3670,1328138,1328235,97
3671,1328235,1328934,699
3672,1328934,1329654,720
3673,1329654,1329783,129
3674,1329783,1329825,42
3675,1329825,1329832,7
3676,1329832,1329957,125
3677,1329957,1329992,35
3678,1329992,1330137,145
3679,1330137,1330333,196
3680,1330333,1330932,599
3681,1330932,1331126,194
3682,1331126,1331268,142
3683,1331268,1331332,64
3684,1331332,1331533,201
3685,1331533,1331733,200
3686,1331733,1331859,126
3687,1331859,1331892,33
3688,1331892,1332000,108
3689,1332000,1332175,175
3690,1332175,1332288,113
3691,1332288,1332729,441
3692,1332729,1333203,474
3693,1333203,1333227,24
3694,1333227,1333426,199
3695,1333426,1333492,66
3696,1333492,1333524,32
3697,1333524,1333555,31
3698,1333555,1333567,12
3699,1333567,1333669,102
3700,1333669,1333836,167
3701,1333836,1333843,7
3702,1333843,1333855,12
3703,1333855,1333868,13
3704,1333868,1334126,258
3705,1334126,1334133,7
3706,1334133,1334140,7
3707,1334140,1334469,329
3708,1334469,1334560,91
3709,1334560,1334955,395
3710,1334955,1335000,45
3711,1335000,1335746,746
3712,1335746,1335995,249
3713,1335995,1336398,403
3714,1336398,1336549,151
3715,1336549,1337110,561
3716,1337110,1337690,580
3717,1337690,1337700,10
3718,1337700,1337789,89
3719,1337789,1338349,560
3720,1338349,1338896,547
3721,1338896,1338929,33
3722,1338929,1338956,27
3723,1338956,1339310,354
3724,1339310,1339373,63
3725,1339373,1339382,9
3726,1339382,1340256,874
3727,1340256,1340374,118
3728,1340374,1340717,343
3729,1340717,1340724,7
3730,1340724,1341121,397
3731,1341121,1341694,573
3732,1341694,1341747,53
3733,1341747,1341873,126
3734,1341873,1342229,356
3735,1342229,1342238,9
3736,1342238,1342242,4
3737,1342242,1342906,664
3738,1342906,1343174,268
3739,1343174,1343303,129
3740,1343303,1343999,696
3741,1343999,1344469,470
3742,1344469,1344485,16
3743,1344485,1344511,26
3744,1344511,1344722,211
3745,1344722,1345007,285
3746,1345007,1345075,68
3747,1345075,1345079,4
3748,1345079,1345292,213
3749,1345292,1345434,142
3750,1345434,1345695,261
3751,1345695,1345830,135
3752,1345830,1345858,28
3753,1345858,1345987,129
3754,1345987,1346070,83
3755,1346070,1346184,114
3756,1346184,1347156,972
3757,1347156,1347218,62
3758,1347218,1347247,29
3759,1347247,1348062,815
3760,1348062,1348445,383
3761,1348445,1348702,257
3762,1348702,1348809,107
3763,1348809,1348949,140
3764,1348949,1349120,171
3765,1349120,1349304,184
3766,1349304,1349793,489
3767,1349793,1350978,1185
3768,1350978,1351416,438
3769,1351416,1351637,221
3770,1351637,1351827,190
3771,1351827,1352149,322
3772,1352149,1352696,547
3773,1352696,1353044,348
3774,1353044,1353080,36
3775,1353080,1353090,10
3776,1353090,1353104,14
3777,1353104,1353218,114
3778,1353218,1353281,63
3779,1353281,1353766,485
3780,1353766,1353773,7
3781,1353773,1354250,477
3782,1354250,1354294,44
3783,1354294,1354466,172
3784,1354466,1354814,348
3785,1354814,1355297,483
3786,1355297,1355686,389
3787,1355686,1355743,57
3788,1355743,1356185,442
3789,1356185,1356229,44
3790,1356229,1356376,147
3791,1356376,1356520,144
3792,1356520,1356791,271
3793,1356791,1357059,268
3794,1357059,1357074,15
3795,1357074,1357368,294
3796,1357368,1357404,36
3797,1357404,1357567,163
3798,1357567,1358052,485
3799,1358052,1358139,87
3800,1358139,1358735,596
3801,1358735,1358755,20
3802,1358755,1359560,805
3803,1359560,1359923,363
3804,1359923,1360243,320
3805,1360243,1360558,315
3806,1360558,1361500,942
3807,1361500,1361582,82
3808,1361582,1361712,130
3809,1361712,1361785,73
3810,1361785,1362101,316
3811,1362101,1362418,317
3812,1362418,1364592,2174
3813,1364592,1364882,290
3814,1364882,1365209,327
3815,1365209,1365511,302
3816,1365511,1365957,446
3817,1365957,1365977,20
3818,1365977,1366450,473
3819,1366450,1366469,19
3820,1366469,1366552,83
3821,1366552,1366633,81
3822,1366633,1367274,641
3823,1367274,1367818,544
3824,1367818,1367993,175
3825,1367993,1368495,502
3826,1368495,1368750,255
3827,1368750,1368782,32
3828,1368782,1369653,871
3829,1369653,1369884,231
3830,1369884,1369911,27
3831,1369911,1370185,274
3832,1370185,1370286,101
3833,1370286,1371451,1165
3834,1371451,1371671,220
3835,1371671,1372281,610
3836,1372281,1372490,209
3837,1372490,1372525,35
3838,1372525,1372595,70
3839,1372595,1373050,455
3840,1373050,1373068,18
3841,1373068,1373324,256
3842,1373324,1373975,651
3843,1373975,1374840,865
3844,1374840,1374938,98
3845,1374938,1375159,221
3846,1375159,1375219,60
3847,1375219,1376036,817
3848,1376036,1376051,15
3849,1376051,1376096,45
3850,1376096,1376123,27
3851,1376123,1376135,12
3852,1376135,1376590,455
3853,1376590,1376724,134
3854,1376724,1376853,129
3855,1376853,1376913,60
3856,1376913,1377126,213
3857,1377126,1377312,186
3858,1377312,1377394,82
3859,1377394,1377403,9
3860,1377403,1377429,26
3861,1377429,1377480,51
3862,1377480,1377882,402
3863,1377882,1378143,261
3864,1378143,1378204,61
3865,1378204,1378220,16
3866,1378220,1378309,89
3867,1378309,1378635,326
3868,1378635,1378841,206
3869,1378841,1379035,194
3870,1379035,1379224,189
3871,1379224,1379261,37
3872,1379261,1379345,84
3873,1379345,1379366,21
3874,1379366,1380142,776
3875,1380142,1380311,169
3876,1380311,1380634,323
3877,1380634,1381901,1267
3878,1381901,1382303,402
3879,1382303,1382327,24
3880,1382327,1382332,5
3881,1382332,1382337,5
3882,1382337,1382352,15
3883,1382352,1382357,5
3884,1382357,1382372,15
3885,1382372,1382382,10
3886,1382382,1382387,5
3887,1382387,1382397,10
3888,1382397,1382415,18
3889,1382415,1382799,384
3890,1382799,1382835,36
3891,1382835,1382841,6
3892,1382841,1383160,319
3893,1383160,1383504,344
3894,1383504,1383557,53
3895,1383557,1383567,10
3896,1383567,1383699,132
3897,1383699,1383704,5
3898,1383704,1383834,130
3899,1383834,1384039,205
3900,1384039,1384101,62
3901,1384101,1384375,274
3902,1384375,1384949,574
3903,1384949,1385375,426
3904,1385375,1385642,267
3905,1385642,1385647,5
3906,1385647,1385679,32
3907,1385679,1386401,722
3908,1386401,1386504,103
3909,1386504,1386564,60
3910,1386564,1386599,35
3911,1386599,1386901,302
3912,1386901,1387723,822
3913,1387723,1387732,9
3914,1387732,1387766,34
3915,1387766,1387863,97
3916,1387863,1387934,71
3917,1387934,1388995,1061
3918,1388995,1389185,190
3919,1389185,1389410,225
3920,1389410,1389415,5
3921,1389415,1389702,287
3922,1389702,1389762,60
3923,1389762,1390073,311
3924,1390073,1390310,237
3925,1390310,1390483,173
3926,1390483,1391200,717
3927,1391200,1391255,55
3928,1391255,1391342,87
3929,1391342,1391372,30
3930,1391372,1391925,553
3931,1391925,1392360,435
3932,1392360,1393656,1296
3933,1393656,1393704,48
3934,1393704,1393860,156
3935,1393860,1393900,40
3936,1393900,1393954,54
3937,1393954,1394360,406
3938,1394360,1394442,82
3939,1394442,1395005,563
3940,1395005,1395852,847
3941,1395852,1396123,271
3942,1396123,1396560,437
3943,1396560,1396571,11
3944,1396571,1397189,618
3945,1397189,1397194,5
3946,1397194,1397204,10
3947,1397204,1397505,301
3948,1397505,1397523,18
3949,1397523,1397773,250
3950,1397773,1398091,318
3951,1400063,1401126,1063
3952,1401126,1401743,617
3953,1401743,1402025,282
3954,1402025,1402029,4
3955,1402029,1402033,4
3956,1402033,1402492,459
3957,1402492,1402595,103
3958,1402595,1403340,745
3959,1403340,1403488,148
3960,1403488,1403817,329
3961,1403817,1404005,188
3962,1404005,1404010,5
3963,1404010,1404745,735
3964,1404745,1404792,47
3965,1407223,1407886,663
3966,1407886,1408321,435
3967,1408321,1410199,1878
3968,1410199,1410633,434
3969,1410633,1410681,48
3970,1410681,1410829,148
3971,1410829,1410842,13
3972,1410842,1411837,995
3973,1411837,1412277,440
3974,1412277,1412369,92
3975,1412369,1412790,421
3976,1412790,1413248,458
3977,1413248,1413416,168
3978,1413416,1414267,851
3979,1414267,1414837,570
3980,1414837,1415123,286
3981,1415123,1415894,771
3982,1415894,1416573,679
3983,1416573,1416816,243
3984,1416816,1417216,400
3985,1417216,1417262,46
3986,1417262,1417749,487
3987,1417749,1418112,363
3988,1418112,1418296,184
3989,1418296,1418436,140
3990,1418436,1419189,753
3991,1419189,1419691,502
3992,1419691,1420970,1279
3993,1420970,1421075,105
3994,1421075,1422437,1362
3995,1422437,1423050,613
3996,1423050,1423672,622
3997,1423672,1424320,648
3998,1424320,1424672,352
3999,1424672,1424857,185
4000,1424857,1425655,798
4001,1425655,1425740,85
4002,1425740,1426474,734
4003,1426474,1426764,290
4004,1426764,1426962,198
4005,1426962,1427365,403
4006,1427365,1427645,280
4007,1427645,1427842,197
4008,1427842,1427850,8
4009,1427850,1428325,475
4010,1428325,1428415,90
4011,1428415,1429164,749
4012,1431582,1431699,117
4013,1431699,1432601,902
4014,1432601,1432815,214
4015,1432815,1433389,574
4016,1433389,1433629,240
4017,1433629,1433699,70
4018,1433699,1433710,11
4019,1433710,1433714,4
4020,1433714,1433762,48
4021,1433762,1435390,1628
4022,1435390,1435471,81
4023,1435471,1435513,42
4024,1435513,1435552,39
4025,1435552,1435618,66
4026,1435618,1435880,262
4027,1435880,1436015,135
4028,1436015,1436038,23
4029,1436038,1436324,286
4030,1436324,1436443,119
4031,1436443,1436609,166
4032,1436609,1437417,808
4033,1437417,1437798,381
4034,1437798,1439603,1805
4035,1439603,1439663,60
4036,1439663,1440057,394
4037,1440057,1440083,26
4038,1440083,1440100,17
4039,1440100,1440728,628
4040,1440728,1440735,7
4041,1440735,1441816,1081
4042,1444598,1444690,92
4043,1444690,1444872,182
4044,1444872,1445386,514
4045,1445386,1445627,241
4046,1445627,1446623,996
4047,1446623,1446923,300
4048,1446923,1446959,36
4049,1446959,1447020,61
4050,1447020,1447745,725
4051,1447745,1447810,65
4052,1447810,1447886,76
4053,1447886,1447992,106
4054,1447992,1448202,210
4055,1448202,1448805,603
4056,1448805,1449227,422
4057,1449227,1449470,243
4058,1449470,1449553,83
4059,1449553,1449809,256
4060,1449809,1449828,19
4061,1449828,1449993,165
4062,1449993,1450254,261
4063,1450254,1450339,85
4064,1450339,1450348,9
4065,1450348,1450855,507
4066,1450855,1450876,21
4067,1450876,1451064,188
4068,1451064,1451070,6
4069,1451070,1451521,451
4070,1451521,1451526,5
4071,1451526,1451531,5
4072,1451531,1452069,538
4073,1452069,1452398,329
4074,1452398,1452811,413
4075,1452811,1453055,244
4076,1453055,1453059,4
4077,1453059,1453145,86
4078,1453145,1453220,75
4079,1453220,1453229,9
4080,1453229,1453277,48
4081,1453277,1453395,118
4082,1453395,1453424,29
4083,1453424,1454013,589
4084,1454013,1454331,318
4085,1454331,1454622,291
4086,1454622,1454913,291
4087,1454913,1454999,86
4088,1454999,1455003,4
4089,1455003,1455134,131
4090,1455134,1455163,29
4091,1455163,1455180,17
4092,1455180,1456014,834
4093,1456014,1456025,11
4094,1456025,1456271,246
4095,1456271,1456342,71
4096,1456342,1456553,211
4097,1456553,1456651,98
4098,1456651,1456786,135
4099,1456786,1456795,9
4100,1456795,1457160,365
4101,1457160,1457255,95
4102,1457255,1457409,154
4103,1457409,1457467,58
4104,1457467,1457608,141
4105,1457608,1458172,564
4106,1458172,1458619,447
4107,1458619,1458842,223
4108,1458842,1458946,104
4109,1458946,1459202,256
4110,1459202,1459252,50
4111,1459252,1459603,351
4112,1459603,1459813,210
4113,1459813,1460093,280
4114,1460093,1460267,174
4115,1460267,1460272,5
4116,1460272,1460403,131
4117,1460403,1460845,442
4118,1460845,1460872,27
4119,1460872,1461092,220
4120,1461092,1461158,66
4121,1461158,1461212,54
4122,1461212,1462176,964
4123,1462176,1462309,133
4124,1462309,1462325,16
4125,1462325,1462539,214
4126,1462539,1462789,250
4127,1462789,1463411,622
4128,1463411,1463498,87
4129,1463498,1463517,19
4130,1463517,1463582,65
4131,1463582,1463699,117
4132,1463699,1463947,248
4133,1463947,1463972,25
4134,1463972,1464057,85
4135,1464057,1464064,7
4136,1464064,1464504,440
4137,1464504,1464641,137
4138,1464641,1465247,606
4139,1465247,1465359,112
4140,1465359,1465817,458
4141,1465817,1466259,442
4142,1466259,1467003,744
4143,1467003,1467337,334
4144,1467337,1467422,85
4145,1467422,1467610,188
4146,1467610,1467932,322
4147,1467932,1468042,110
4148,1468042,1468751,709
4149,1468751,1468993,242
4150,1468993,1469900,907
4151,1469900,1470221,321
4152,1470221,1470448,227
4153,1470448,1470567,119
4154,1470567,1470759,192
4155,1470759,1470958,199
4156,1470958,1471091,133
4157,1471091,1471215,124
4158,1471215,1471386,171
4159,1471386,1471799,413
4160,1471799,1471983,184
4161,1471983,1472099,116
4162,1472099,1472154,55
4163,1472154,1472172,18
4164,1472172,1472339,167
4165,1472339,1472348,9
4166,1472348,1472417,69
4167,1472417,1472557,140
4168,1472557,1472825,268
4169,1472825,1472855,30
4170,1472855,1473115,260
4171,1473115,1473300,185
4172,1473300,1474020,720
4173,1474020,1474126,106
4174,1474126,1474465,339
4175,1474465,1474643,178
4176,1474643,1475308,665
4177,1475308,1475620,312
4178,1475620,1475953,333
4179,1475953,1476265,312
4180,1476265,1476392,127
4181,1476392,1476591,199
4182,1476591,1477266,675
4183,1477266,1477448,182
4184,1477448,1477503,55
4185,1477503,1477740,237
4186,1477740,1478091,351
4187,1478091,1478564,473
4188,1478564,1478912,348
4189,1478912,1479133,221
4190,1479133,1480391,1258
4191,1480391,1481358,967
4192,1481358,1481607,249
4193,1481607,1481703,96
4194,1481703,1482080,377
4195,1482080,1482098,18
4196,1482098,1482308,210
4197,1482308,1482363,55
4198,1482363,1482402,39
4199,1482402,1482453,51
4200,1482453,1482477,24
4201,1482477,1483751,1274
4202,1483751,1483801,50
4203,1483801,1484948,1147
4204,1484948,1484998,50
4205,1484998,1485008,10
4206,1485008,1486072,1064
4207,1486072,1486595,523
4208,1486595,1487235,640
4209,1487235,1487502,267
4210,1487502,1487697,195
4211,1487697,1488378,681
4212,1488378,1488767,389
4213,1488767,1489242,475
4214,1489242,1489411,169
4215,1489411,1489458,47
4216,1489458,1489807,349
4217,1489807,1490019,212
4218,1490019,1490707,688
4219,1490707,1491219,512
4220,1491219,1491493,274
4221,1491493,1491544,51
4222,1491544,1491835,291
4223,1491835,1491974,139
4224,1491974,1492001,27
4225,1492001,1492009,8
4226,1492009,1492020,11
4227,1492020,1492037,17
4228,1492037,1492044,7
4229,1492044,1492061,17
4230,1492061,1492071,10
4231,1492071,1492437,366
4232,1492437,1492477,40
4233,1492477,1492572,95
4234,1492572,1492606,34
4235,1492606,1492873,267
4236,1492873,1493295,422
4237,1493295,1493453,158
4238,1493453,1494094,641
4239,1494094,1494326,232
4240,1494326,1494684,358
4241,1494684,1496106,1422
4242,1496106,1496778,672
4243,1496778,1496830,52
4244,1496830,1498041,1211
4245,1498041,1498663,622
4246,1498663,1498961,298
4247,1498961,1499090,129
4248,1499090,1501484,2394
4249,1501484,1501962,478
4250,1501962,1502050,88
4251,1502050,1502064,14
4252,1502064,1502296,232
4253,1502296,1502314,18
4254,1502314,1502782,468
4255,1502782,1503784,1002
4256,1503784,1505217,1433
4257,1505217,1505233,16
4258,1505233,1505564,331
4259,1505564,1505975,411
4260,1505975,1506085,110
4261,1506085,1507673,1588
4262,1509502,1510233,731
4263,1510233,1511123,890
4264,1511123,1512383,1260
4265,1512383,1512416,33
4266,1512416,1512756,340
4267,1512756,1512954,198
4268,1512954,1513066,112
4269,1513066,1513642,576
4270,1513642,1514186,544
4271,1514186,1514502,316
4272,1514502,1514662,160
4273,1514662,1514802,140
4274,1514802,1514833,31
4275,1514833,1514858,25
4276,1514858,1514897,39
4277,1514897,1515031,134
4278,1515031,1515235,204
4279,1515235,1515571,336
4280,1515571,1515576,5
4281,1515576,1515599,23
4282,1515599,1515612,13
4283,1515612,1515949,337
4284,1515949,1516378,429
4285,1516378,1516639,261
4286,1516639,1517069,430
4287,1517069,1517074,5
4288,1517074,1517508,434
4289,1517508,1517795,287
4290,1517795,1517860,65
4291,1517860,1517883,23
4292,1517883,1518235,352
4293,1518235,1518258,23
4294,1518258,1518742,484
4295,1518742,1518884,142
4296,1518884,1519184,300
4297,1519184,1519436,252
4298,1519436,1519715,279
4299,1519715,1519805,90
4300,1519805,1520287,482
4301,1520287,1520651,364
4302,1520651,1521163,512
4303,1521163,1521180,17
4304,1521180,1521577,397
4305,1521577,1521613,36
4306,1521613,1521705,92
4307,1521705,1521795,90
4308,1521795,1522431,636
4309,1522431,1522677,246
4310,1522677,1522683,6
4311,1522683,1523106,423
4312,1523106,1523142,36
4313,1523142,1523202,60
4314,1523202,1523238,36
4315,1523238,1523465,227
4316,1523465,1523484,19
4317,1523484,1524017,533
4318,1524017,1524544,527
4319,1524544,1525798,1254
4320,1525798,1526440,642
4321,1526440,1526889,449
4322,1526889,1528150,1261
4323,1528150,1528379,229
4324,1528379,1530119,1740
4325,1530119,1531181,1062
4326,1531181,1531521,340
4327,1531521,1531927,406
4328,1531927,1531936,9
4329,1531936,1532380,444
4330,1532380,1532522,142
4331,1532522,1532759,237
4332,1532759,1532767,8
4333,1532767,1533601,834
4334,1533601,1534559,958
4335,1534559,1535025,466
4336,1535025,1535033,8
4337,1535033,1536836,1803
4338,1536836,1536857,21
4339,1536857,1537103,246
4340,1537103,1537467,364
4341,1537467,1537531,64
4342,1537531,1537614,83
4343,1537614,1537669,55
4344,1537669,1538966,1297
4345,1538966,1539372,406
4346,1539372,1539426,54
4347,1539426,1539572,146
4348,1539572,1539915,343
4349,1539915,1540264,349
4350,1540264,1540502,238
4351,1540502,1540609,107
4352,1540609,1540622,13
4353,1540622,1540994,372
4354,1540994,1542297,1303
4355,1542297,1543386,1089
4356,1543386,1543566,180
4357,1543566,1544248,682
4358,1544248,1544372,124
4359,1544372,1544509,137
4360,1544509,1545460,951
4361,1545460,1545471,11
4362,1545471,1545648,177
4363,1545648,1546101,453
4364,1546101,1548589,2488
4365,1548589,1549614,1025
4366,1549614,1550192,578
4367,1550192,1550204,12
4368,1550204,1551032,828
4369,1551032,1551538,506
4370,1551538,1552462,924
4371,1552462,1552656,194
4372,1552656,1552746,90
4373,1552746,1554682,1936
4374,1554682,1554914,232
4375,1554914,1555752,838
4376,1555752,1556283,531
4377,1556283,1557181,898
4378,1557181,1558444,1263
4379,1558444,1558722,278
4380,1558722,1558736,14
4381,1558736,1558758,22
4382,1558758,1559215,457
4383,1559215,1559310,95
4384,1559310,1559315,5
4385,1559315,1559683,368
4386,1559683,1559766,83
4387,1559766,1560089,323
4388,1560089,1560195,106
4389,1560195,1560254,59
4390,1560254,1560338,84
4391,1560338,1562071,1733
4392,1562071,1562392,321
4393,1562392,1562563,171
4394,1562563,1564544,1981
4395,1564544,1564559,15
4396,1564559,1564564,5
4397,1564564,1565518,954
4398,1565518,1565666,148
4399,1565666,1565728,62
4400,1565728,1566012,284
4401,1566012,1566235,223
4402,1566235,1566313,78
4403,1566313,1566651,338
4404,1566651,1567141,490
4405,1567141,1567172,31
4406,1567172,1567311,139
4407,1567311,1567440,129
4408,1567440,1568368,928
4409,1568368,1568451,83
4410,1571199,1571264,65
4411,1571264,1571316,52
4412,1571316,1571327,11
4413,1571327,1573081,1754
4414,1573081,1573562,481
4415,1573562,1575074,1512
4416,1575074,1575453,379
4417,1575453,1575580,127
4418,1575580,1576521,941
4419,1576521,1576557,36
4420,1576557,1576883,326
4421,1576883,1577093,210
4422,1577093,1577111,18
4423,1577111,1577414,303
4424,1577414,1577631,217
4425,1577631,1577664,33
4426,1577664,1577888,224
4427,1577888,1578431,543
4428,1578431,1578458,27
4429,1578458,1578602,144
4430,1578602,1578747,145
4431,1578747,1578856,109
4432,1578856,1578868,12
4433,1578868,1578879,11
4434,1578879,1578977,98
4435,1578977,1579060,83
4436,1579060,1580190,1130
4437,1580190,1581744,1554
4438,1581744,1582500,756
4439,1582500,1584114,1614
4440,1584114,1584218,104
4441,1584218,1585055,837
4442,1585055,1585139,84
4443,1585139,1585999,860
4444,1585999,1586275,276
4445,1586275,1588357,2082
4446,1588357,1589052,695
4447,1589052,1589965,913
4448,1589965,1590723,758
4449,1590723,1591497,774
4450,1591497,1591505,8
4451,1591505,1592960,1455
4452,1592960,1592967,7
4453,1592967,1593009,42
4454,1593009,1593070,61
4455,1593070,1593099,29
4456,1593099,1593760,661
4457,1593760,1593764,4
4458,1593764,1593775,11
4459,1593775,1596138,2363
4460,1596138,1597231,1093
4461,1600368,1600376,8
4462,1600376,1600562,186
4463,1600562,1601881,1319
4464,1601881,1601897,16
4465,1601897,1601933,36
4466,1601933,1601938,5
4467,1601938,1603193,1255
4468,1603193,1603296,103
4469,1603296,1603447,151
4470,1603447,1603455,8
4471,1603455,1603506,51
4472,1603506,1604101,595
4473,1604101,1604106,5
4474,1604106,1604939,833
4475,1604939,1604996,57
4476,1604996,1607105,2109
4477,1607105,1607114,9
4478,1607114,1609265,2151
4479,1609265,1609394,129
4480,1609394,1609411,17
4481,1609411,1609444,33
4482,1609444,1609600,156
4483,1609600,1609938,338
4484,1609938,1609988,50
4485,1609988,1610075,87
4486,1610075,1610084,9
4487,1610084,1610103,19
4488,1610103,1610263,160
4489,1610263,1610374,111
4490,1610374,1610634,260
4491,1610634,1611459,825
4492,1611459,1611602,143
4493,1611602,1611610,8
4494,1611610,1611939,329
4495,1611939,1611944,5
4496,1611944,1611953,9
4497,1611953,1611967,14
4498,1611967,1611974,7
4499,1611974,1611981,7
4500,1611981,1612335,354
4501,1612335,1612879,544
4502,1612879,1612909,30
4503,1612909,1613004,95
4504,1613004,1613511,507
4505,1613511,1613560,49
4506,1613560,1613897,337
4507,1613897,1614110,213
4508,1614110,1615377,1267
4509,1615377,1615389,12
4510,1615389,1615404,15
4511,1615404,1615416,12
4512,1615416,1616286,870
4513,1616286,1616634,348
4514,1616634,1616866,232
4515,1616866,1617037,171
4516,1617037,1617042,5
4517,1617042,1617369,327
4518,1617369,1618034,665
4519,1618034,1618497,463
4520,1618497,1618615,118
4521,1618615,1618662,47
4522,1618662,1619709,1047
4523,1619709,1619864,155
4524,1619864,1621046,1182
4525,1621046,1621051,5
4526,1621051,1621463,412
4527,1621463,1621550,87
4528,1621550,1621566,16
4529,1621566,1621827,261
4530,1621827,1621955,128
4531,1621955,1622066,111
4532,1622066,1622416,350
4533,1622416,1622473,57
4534,1622473,1622507,34
4535,1622507,1622858,351
4536,1622858,1622969,111
4537,1622969,1624070,1101
4538,1624070,1624329,259
4539,1624329,1624490,161
4540,1624490,1624730,240
4541,1624730,1625032,302
4542,1625032,1625133,101
4543,1625133,1625190,57
4544,1625190,1625201,11
4545,1625201,1625694,493
4546,1625694,1625712,18
4547,1625712,1627619,1907
4548,1627619,1627627,8
4549,1627627,1628079,452
4550,1628079,1628166,87
4551,1628166,1628805,639
4552,1628805,1629602,797
4553,1629602,1629724,122
4554,1629724,1630280,556
4555,1630280,1630302,22
4556,1630302,1630419,117
4557,1630419,1631048,629
4558,1631048,1631387,339
4559,1631387,1631435,48
4560,1631435,1631595,160
4561,1631595,1631666,71
4562,1631666,1631844,178
4563,1631844,1632183,339
4564,1632183,1632694,511
4565,1632694,1632705,11
4566,1632705,1633145,440
4567,1633145,1633150,5
4568,1633150,1633540,390
4569,1633540,1634060,520
4570,1634060,1634503,443
4571,1634503,1634995,492
4572,1634995,1635082,87
4573,1635082,1635512,430
4574,1635512,1635517,5
4575,1635517,1635728,211
4576,1635728,1636499,771
4577,1636499,1636902,403
4578,1636902,1637017,115
4579,1637017,1637120,103
4580,1637120,1637664,544
4581,1637664,1637779,115
4582,1637779,1637865,86
4583,1637865,1637961,96
4584,1637961,1638968,1007
4585,1638968,1639453,485
4586,1639453,1639591,138
4587,1639591,1640013,422
4588,1640013,1640020,7
4589,1640020,1640044,24
4590,1640044,1640501,457
4591,1640501,1640530,29
4592,1640530,1640689,159
4593,1640689,1640693,4
4594,1640693,1640744,51
4595,1640744,1641160,416
4596,1641160,1641519,359
4597,1641519,1642150,631
4598,1642150,1642155,5
4599,1642155,1643293,1138
4600,1643293,1644685,1392
4601,1644685,1645070,385
4602,1645070,1645416,346
4603,1645416,1645621,205
4604,1645621,1645688,67
4605,1645688,1646386,698
4606,1646386,1646500,114
4607,1646500,1646882,382
4608,1646882,1647643,761
4609,1647643,1647988,345
4610,1647988,1648504,516
4611,1648504,1648586,82
4612,1648586,1648713,127
4613,1648713,1648807,94
4614,1648807,1648911,104
4615,1648911,1649137,226
4616,1649137,1649338,201
4617,1649338,1649639,301
4618,1649639,1649931,292
4619,1649931,1649946,15
4620,1649946,1649956,10
4621,1649956,1649976,20
4622,1649976,1650000,24
4623,1650000,1650516,516
4624,1650516,1650523,7
4625,1650523,1650529,6
4626,1650529,1650899,370
4627,1650899,1651538,639
4628,1651538,1651847,309
4629,1651847,1652588,741
4630,1652588,1652739,151
4631,1652739,1652746,7
4632,1652746,1653234,488
4633,1653234,1653571,337
4634,1653571,1653618,47
4635,1653618,1653784,166
4636,1653784,1653938,154
4637,1653938,1654635,697
4638,1654635,1654822,187
4639,1654822,1654831,9
4640,1654831,1655270,439
4641,1655270,1655693,423
4642,1655693,1655775,82
4643,1655775,1655819,44
4644,1655819,1655971,152
4645,1655971,1656212,241
4646,1656212,1656465,253
4647,1656465,1656573,108
4648,1656573,1656789,216
4649,1656789,1656910,121
4650,1656910,1657156,246
4651,1657156,1657892,736
4652,1657892,1658244,352
4653,1658244,1658866,622
4654,1658866,1659749,883
4655,1659749,1659794,45
4656,1659794,1659800,6
4657,1659800,1660727,927
4658,1660727,1661366,639
4659,1661366,1661460,94
4660,1661460,1661569,109
4661,1661569,1662018,449
4662,1662018,1662062,44
4663,1662062,1662200,138
4664,1662200,1662652,452
4665,1662652,1663060,408
4666,1663060,1664177,1117
4667,1664177,1664195,18
4668,1664195,1664653,458
4669,1664653,1666033,1380
4670,1666033,1666179,146
4671,1666179,1666342,163
4672,1666342,1666576,234
4673,1666576,1666634,58
4674,1666634,1666860,226
4675,1666860,1667198,338
4676,1667198,1667388,190
4677,1667388,1667505,117
4678,1667505,1667518,13
4679,1667518,1667583,65
4680,1667583,1667735,152
4681,1667735,1667947,212
4682,1667947,1668261,314
4683,1668261,1668445,184
4684,1668445,1669699,1254
4685,1669699,1669710,11
4686,1669710,1670335,625
4687,1670335,1670887,552
4688,1670887,1671091,204
4689,1671091,1671098,7
4690,1671098,1671408,310
4691,1671408,1671500,92
4692,1671500,1671612,112
4693,1671612,1672014,402
4694,1672014,1672979,965
4695,1672979,1673011,32
4696,1673011,1673261,250
4697,1673261,1673272,11
4698,1673272,1673283,11
4699,1673283,1673289,6
4700,1673289,1673295,6
4701,1673295,1674005,710
4702,1674005,1674065,60
4703,1674065,1674374,309
4704,1674374,1674452,78
4705,1674452,1674862,410
4706,1674862,1675020,158
4707,1675020,1676042,1022
4708,1676042,1676371,329
4709,1676371,1676654,283
4710,1676654,1677659,1005
4711,1677659,1677760,101
4712,1677760,1678190,430
4713,1678190,1678271,81
4714,1678271,1678661,390
4715,1678661,1678959,298
4716,1678959,1679005,46
4717,1679005,1679365,360
4718,1679365,1679401,36
4719,1679401,1679410,9
4720,1679410,1679416,6
4721,1679416,1679492,76
4722,1679492,1680570,1078
4723,1680570,1681048,478
4724,1681048,1681056,8
4725,1681056,1681100,44
4726,1681100,1681105,5
4727,1681105,1681424,319
4728,1681424,1681780,356
4729,1681780,1682000,220
4730,1682000,1682229,229
4731,1682229,1683020,791
4732,1683020,1683343,323
4733,1683343,1683981,638
4734,1683981,1684019,38
4735,1684019,1684182,163
4736,1684182,1684375,193
4737,1684375,1684429,54
4738,1684429,1684459,30
4739,1684459,1684466,7
4740,1684466,1684534,68
4741,1684534,1684794,260
4742,1684794,1685136,342
4743,1685136,1685204,68
4744,1685204,1685254,50
4745,1685254,1685555,301
4746,1685555,1685782,227
4747,1685782,1686282,500
4748,1686282,1686730,448
4749,1686730,1687169,439
4750,1687169,1687371,202
4751,1687371,1687484,113
4752,1687484,1688091,607
4753,1688091,1688256,165
4754,1688256,1688266,10
4755,1688266,1688441,175
4756,1688441,1688599,158
4757,1688599,1689075,476
4758,1689075,1689223,148
4759,1689223,1689372,149
4760,1689372,1689576,204
4761,1689576,1689668,92
4762,1689668,1689700,32
4763,1689700,1690264,564
4764,1690264,1690270,6
4765,1690270,1690381,111
4766,1690381,1690388,7
4767,1690388,1690547,159
4768,1690547,1690720,173
4769,1690720,1690877,157
4770,1690877,1690973,96
4771,1690973,1691048,75
4772,1691048,1691303,255
4773,1691303,1691663,360
4774,1691663,1691681,18
4775,1691681,1691687,6
4776,1691687,1692277,590
4777,1692277,1693218,941
4778,1693218,1693295,77
4779,1693295,1693443,148
4780,1693443,1693472,29
4781,1693472,1693553,81
4782,1693553,1693682,129
4783,1693682,1694527,845
4784,1694527,1695358,831
4785,1695358,1695665,307
4786,1695665,1696059,394
4787,1696059,1696311,252
4788,1696311,1696494,183
4789,1696494,1696746,252
4790,1696746,1696759,13
4791,1696759,1696808,49
4792,1696808,1696848,40
4793,1696848,1696954,106
4794,1696954,1698073,1119
4795,1698073,1698246,173
4796,1698246,1698486,240
4797,1698486,1699493,1007
4798,1699493,1700061,568
4799,1700061,1700827,766
4800,1700827,1701786,959
4801,1701786,1702537,751
4802,1702537,1702716,179
4803,1702716,1703314,598
4804,1703314,1703619,305
4805,1703619,1703967,348
4806,1703967,1704317,350
4807,1704317,1704672,355
4808,1704672,1705234,562
4809,1705234,1706623,1389
4810,1706623,1706629,6
4811,1706629,1707052,423
4812,1707052,1707211,159
4813,1707211,1707421,210
4814,1707421,1708725,1304
4815,1708725,1709172,447
4816,1709172,1709205,33
4817,1709205,1709394,189
4818,1709394,1709602,208
4819,1709602,1709790,188
4820,1709790,1709800,10
4821,1709800,1709887,87
4822,1709887,1712511,2624
4823,1712511,1712737,226
4824,1712737,1713044,307
4825,1715343,1716383,1040
4826,1716383,1716475,92
4827,1716475,1717082,607
4828,1717082,1717605,523
4829,1717605,1717619,14
4830,1717619,1717632,13
4831,1717632,1717641,9
4832,1717641,1718641,1000
4833,1718641,1719106,465
4834,1719106,1719304,198
4835,1719304,1719791,487
4836,1719791,1720364,573
4837,1720364,1721659,1295
4838,1721659,1721922,263
4839,1721922,1722160,238
4840,1722160,1722757,597
4841,1722757,1723089,332
4842,1723089,1723478,389
4843,1723478,1723595,117
4844,1723595,1724927,1332
4845,1724927,1724971,44
4846,1724971,1725520,549
4847,1725520,1726024,504
4848,1726024,1726604,580
4849,1726604,1728045,1441
4850,1728045,1728510,465
4851,1728510,1728543,33
4852,1728543,1729315,772
4853,1729315,1729734,419
4854,1729734,1729836,102
4855,1729836,1730132,296
4856,1730132,1730757,625
4857,1730757,1731373,616
4858,1731373,1731468,95
4859,1731468,1731737,269
4860,1731737,1731746,9
4861,1731746,1731756,10
4862,1731756,1732354,598
4863,1732354,1732584,230
4864,1732584,1733608,1024
4865,1733608,1733854,246
4866,1733854,1734955,1101
4867,1734955,1735017,62
4868,1735017,1736206,1189
4869,1736206,1736613,407
4870,1736613,1737412,799
4871,1737412,1738153,741
4872,1738153,1738651,498
4873,1738651,1738733,82
4874,1738733,1739295,562
4875,1739295,1739464,169
4876,1739464,1739651,187
4877,1739651,1740370,719
4878,1740370,1740487,117
4879,1740487,1741198,711
4880,1741198,1741322,124
4881,1741322,1741445,123
4882,1741445,1741505,60
4883,1741505,1741527,22
4884,1741527,1741831,304
4885,1741831,1741912,81
4886,1741912,1742404,492
4887,1742404,1742926,522
4888,1742926,1743157,231
4889,1743157,1744048,891
4890,1744048,1744207,159
4891,1744207,1744252,45
4892,1744252,1744819,567
4893,1744819,1744832,13
4894,1744832,1746091,1259
4895,1746091,1746310,219
4896,1746310,1746328,18
4897,1746328,1746334,6
4898,1746334,1746494,160
4899,1746494,1747165,671
4900,1747165,1747918,753
4901,1747918,1748108,190
4902,1748108,1748257,149
4903,1748257,1748963,706
4904,1748963,1749495,532
4905,1749495,1750386,891
4906,1750386,1751432,1046
4907,1751432,1751671,239
4908,1751671,1751914,243
4909,1751914,1751924,10
4910,1751924,1752362,438
4911,1752362,1752466,104
4912,1752466,1752745,279
4913,1752745,1753602,857
4914,1753602,1753650,48
4915,1753650,1753691,41
4916,1753691,1753763,72
4917,1753763,1753805,42
4918,1753805,1754506,701
4919,1754506,1755168,662
4920,1755168,1756238,1070
4921,1756238,1756671,433
4922,1756671,1757014,343
4923,1757014,1757117,103
4924,1757117,1757669,552
4925,1757669,1757674,5
4926,1757674,1757783,109
4927,1757783,1758223,440
4928,1758223,1759006,783
4929,1759006,1760206,1200
4930,1760206,1760248,42
4931,1760248,1760778,530
4932,1760778,1761000,222
4933,1763787,1764452,665
4934,1764452,1765478,1026
4935,1765478,1765649,171
4936,1765649,1766214,565
4937,1766214,1767155,941
4938,1767155,1767289,134
4939,1767289,1767540,251
4940,1767540,1768085,545
4941,1768085,1769450,1365
4942,1769450,1769463,13
4943,1769463,1769581,118
4944,1769581,1770249,668
4945,1770249,1771581,1332
4946,1771581,1772350,769
4947,1772350,1773149,799
4948,1773149,1774835,1686
4949,1774835,1775252,417
4950,1775252,1776067,815
4951,1776067,1776312,245
4952,1776312,1776424,112
4953,1776424,1777561,1137
4954,1777561,1777910,349
4955,1777910,1778763,853
4956,1778763,1778813,50
4957,1778813,1778995,182
4958,1778995,1779060,65
4959,1779060,1779292,232
4960,1779292,1779889,597
4961,1779889,1780668,779
4962,1780668,1781083,415
4963,1783061,1783386,325
4964,1783386,1783606,220
4965,1783606,1783654,48
4966,1783654,1784474,820
4967,1784474,1784963,489
4968,1784963,1785837,874
4969,1785837,1786319,482
4970,1786319,1786915,596
4971,1786915,1786960,45
4972,1786960,1787765,805
4973,1787765,1787948,183
4974,1787948,1788584,636
4975,1788584,1789070,486
4976,1789070,1789545,475
4977,1789545,1790075,530
4978,1790075,1790170,95
4979,1790170,1790687,517
4980,1790687,1790740,53
4981,1790740,1791282,542
4982,1791282,1791335,53
4983,1791335,1791579,244
4984,1791579,1791626,47
4985,1791626,1792399,773
4986,1792399,1792485,86
4987,1792485,1792681,196
4988,1792681,1793064,383
4989,1793064,1794548,1484
4990,1794548,1794554,6
4991,1794554,1794824,270
4992,1794824,1795695,871
4993,1795695,1795818,123
4994,1795818,1796037,219
4995,1797841,1797954,113
4996,1797954,1799157,1203
4997,1799157,1799603,446
4998,1799603,1799975,372
4999,1799975,1800785,810
5000,1800785,1800976,191
5001,1800976,1801174,198
5002,1801174,1801179,5
5003,1801179,1801230,51
5004,1803793,1804862,1069
5005,1804862,1805694,832
5006,1805694,1805837,143
5007,1805837,1806030,193
5008,1806030,1806365,335
5009,1806365,1806378,13
5010,1806378,1806566,188
5011,1809148,1810343,1195
5012,1810343,1811524,1181
5013,1811524,1812832,1308
5014,1812832,1812954,122
5015,1812954,1813645,691
5016,1813645,1814518,873
5017,1814518,1814776,258
5018,1814776,1814992,216
5019,1814992,1816010,1018
5020,1816010,1816289,279
5021,1816289,1816978,689
5022,1816978,1818193,1215
5023,1818193,1818272,79
5024,1818272,1818499,227
5025,1818499,1818874,375
5026,1818874,1818910,36
5027,1818910,1818926,16
5028,1818926,1818932,6
5029,1818932,1819409,477
5030,1819409,1819429,20
5031,1819429,1819634,205
5032,1819634,1819832,198
5033,1819832,1820009,177
5034,1820009,1820515,506
5035,1820515,1820641,126
5036,1820641,1821436,795
5037,1821436,1821591,155
5038,1821591,1821720,129
5039,1821720,1822549,829
5040,1822549,1822617,68
5041,1822617,1823552,935
5042,1823552,1824156,604
5043,1824156,1825275,1119
5044,1825275,1825730,455
5045,1825730,1825734,4
5046,1825734,1825903,169
5047,1825903,1826574,671
5048,1826574,1827559,985
5049,1827559,1827613,54
5050,1827613,1827655,42
5051,1827655,1829715,2060
5052,1829715,1830176,461
5053,1830176,1830195,19
5054,1830195,1830849,654
5055,1830849,1832111,1262
5056,1832111,1832295,184
5057,1832295,1832375,80
5058,1832375,1832527,152
5059,1832527,1832818,291
5060,1832818,1834119,1301
5061,1834119,1834209,90
5062,1834209,1834446,237
5063,1834446,1834806,360
5064,1834806,1834812,6
5065,1834812,1835528,716
5066,1835528,1835560,32
5067,1835560,1835611,51
5068,1835611,1835675,64
5069,1835675,1835952,277
5070,1835952,1836158,206
5071,1836158,1836290,132
5072,1836290,1836327,37
5073,1836327,1836443,116
5074,1836443,1836510,67
5075,1836510,1836545,35
5076,1836545,1837188,643
5077,1837188,1837308,120
5078,1837308,1838654,1346
5079,1838654,1839492,838
5080,1839492,1839858,366
5081,1839858,1840737,879
5082,1840737,1840842,105
5083,1840842,1840857,15
5084,1840857,1841085,228
5085,1841085,1841249,164
5086,1841249,1842295,1046
5087,1842295,1842578,283
5088,1842578,1842789,211
5089,1842789,1842875,86
5090,1842875,1843419,544
5091,1843419,1843424,5
5092,1843424,1843587,163
5093,1843587,1843624,37
5094,1843624,1843960,336
5095,1843960,1844000,40
5096,1844000,1844161,161
5097,1844161,1844283,122
5098,1844283,1844455,172
5099,1844455,1844533,78
5100,1844533,1845016,483
5101,1845016,1845166,150
5102,1845166,1845677,511
5103,1845677,1845778,101
5104,1845778,1845839,61
5105,1845839,1846331,492
5106,1846331,1846503,172
5107,1846503,1846699,196
5108,1846699,1846704,5
5109,1846704,1846714,10
5110,1846714,1846719,5
5111,1846719,1846745,26
5112,1846745,1846754,9
5113,1846754,1847499,745
5114,1847499,1847739,240
5115,1847739,1848617,878
5116,1848617,1848724,107
5117,1848724,1849089,365
5118,1849089,1849121,32
5119,1849121,1849511,390
5120,1849511,1849617,106
5121,1849617,1850344,727
5122,1850344,1850560,216
5123,1850560,1850570,10
5124,1850570,1850819,249
5125,1850819,1851175,356
5126,1851175,1851451,276
5127,1851451,1851873,422
5128,1851873,1851930,57
5129,1851930,1852115,185
5130,1852115,1852157,42
5131,1852157,1852171,14
5132,1852171,1852214,43
5133,1852214,1852249,35
5134,1852249,1852433,184
5135,1852433,1853746,1313
5136,1853746,1854008,262
5137,1854008,1854014,6
5138,1854014,1854214,200
5139,1854214,1854223,9
5140,1854223,1854303,80
5141,1854303,1854600,297
5142,1854600,1854659,59
5143,1854659,1854740,81
5144,1854740,1854747,7
5145,1854747,1854754,7
5146,1854754,1854840,86
5147,1854840,1854861,21
5148,1854861,1854996,135
5149,1854996,1855718,722
5150,1855718,1856656,938
5151,1856656,1856661,5
5152,1856661,1857097,436
5153,1857097,1857467,370
5154,1857467,1857482,15
5155,1857482,1857489,7
5156,1857489,1858069,580
5157,1858069,1858375,306
5158,1858375,1858660,285
5159,1858660,1858851,191
5160,1858851,1859524,673
5161,1859524,1860553,1029
5162,1860553,1860975,422
5163,1860975,1861017,42
5164,1861017,1861035,18
5165,1861035,1861184,149
5166,1861184,1861641,457
5167,1861641,1861679,38
5168,1861679,1862233,554
5169,1862233,1862372,139
5170,1862372,1862591,219
5171,1862591,1862622,31
5172,1862622,1862767,145
5173,1862767,1862778,11
5174,1862778,1863147,369
5175,1863147,1863270,123
5176,1863270,1863665,395
5177,1863665,1863793,128
5178,1863793,1863969,176
5179,1863969,1864308,339
5180,1864308,1864569,261
5181,1864569,1864831,262
5182,1864831,1865334,503
5183,1865334,1865600,266
5184,1865600,1865726,126
5185,1865726,1866098,372
5186,1866098,1866257,159
5187,1866257,1866380,123
5188,1866380,1866770,390
5189,1866770,1867045,275
5190,1867045,1867066,21
5191,1867066,1867399,333
5192,1867399,1867532,133
5193,1867532,1867543,11
5194,1867543,1867783,240
5195,1867783,1868129,346
5196,1868129,1868173,44
5197,1868173,1868288,115
5198,1868288,1868351,63
5199,1868351,1868534,183
5200,1868534,1868957,423
5201,1868957,1869144,187
5202,1869144,1869487,343
5203,1869487,1869634,147
5204,1869634,1869673,39
5205,1869673,1869678,5
5206,1869678,1870047,369
5207,1870047,1870231,184
5208,1870231,1870269,38
5209,1870269,1870311,42
5210,1870311,1870520,209
5211,1870520,1870557,37
5212,1870557,1870884,327
5213,1870884,1871301,417
5214,1871301,1871460,159
5215,1871460,1871470,10
5216,1871470,1871545,75
5217,1871545,1871915,370
5218,1871915,1872100,185
5219,1872100,1872139,39
5220,1872139,1872194,55
5221,1872194,1872219,25
5222,1872219,1872509,290
5223,1872509,1872789,280
5224,1872789,1872810,21
5225,1872810,1872886,76
5226,1872886,1873071,185
5227,1873071,1873403,332
5228,1873403,1873743,340
5229,1873743,1874413,670
5230,1874413,1874431,18
5231,1874431,1874504,73
5232,1874504,1874623,119
5233,1874623,1874788,165
5234,1874788,1874815,27
5235,1874815,1874836,21
5236,1874836,1874908,72
5237,1874908,1875079,171
5238,1875079,1875220,141
5239,1875220,1875282,62
5240,1875282,1875546,264
5241,1875546,1876340,794
5242,1876340,1876779,439
5243,1876779,1877121,342
5244,1877121,1877417,296
5245,1877417,1877566,149
5246,1877566,1877800,234
5247,1877800,1877876,76
5248,1877876,1877951,75
5249,1877951,1877972,21
5250,1877972,1878026,54
5251,1878026,1878569,543
5252,1878569,1879135,566
5253,1879135,1879231,96
5254,1879231,1879465,234
5255,1879465,1879981,516
5256,1879981,1880763,782
5257,1880763,1880885,122
5258,1880885,1881227,342
5259,1881227,1881300,73
5260,1881300,1881501,201
5261,1881501,1882034,533
5262,1882034,1882333,299
5263,1882333,1882357,24
5264,1882357,1882371,14
5265,1882371,1882675,304
5266,1882675,1882682,7
5267,1882682,1883577,895
5268,1883577,1884485,908
5269,1884485,1884660,175
5270,1884660,1884777,117
5271,1884777,1884821,44
5272,1884821,1884976,155
5273,1884976,1885016,40
5274,1885016,1885327,311
5275,1885327,1885477,150
5276,1885477,1885513,36
5277,1885513,1885676,163
5278,1885676,1885788,112
5279,1885788,1885889,101
5280,1885889,1886319,430
5281,1886319,1886403,84
5282,1886403,1886987,584
5283,1886987,1887139,152
5284,1887139,1887212,73
5285,1887212,1887564,352
5286,1887564,1887763,199
5287,1887763,1887781,18
5288,1887781,1888016,235
5289,1888016,1888461,445
5290,1888461,1888542,81
5291,1888542,1889189,647
5292,1889189,1889424,235
5293,1889424,1889432,8
5294,1889432,1889630,198
5295,1889630,1890260,630
5296,1890260,1890889,629
5297,1890889,1891153,264
5298,1891153,1891680,527
5299,1891680,1891699,19
5300,1891699,1891713,14
5301,1891713,1892075,362
5302,1892075,1892742,667
5303,1892742,1892785,43
5304,1892785,1893105,320
5305,1893105,1893503,398
5306,1893503,1893507,4
5307,1893507,1893562,55
5308,1893562,1893634,72
5309,1893634,1894133,499
5310,1894133,1894512,379
5311,1894512,1894686,174
5312,1894686,1894832,146
5313,1894832,1894879,47
5314,1894879,1895239,360
5315,1895239,1895391,152
5316,1895391,1896138,747
5317,1896138,1896267,129
5318,1896267,1896289,22
5319,1896289,1896340,51
5320,1896340,1896414,74
5321,1896414,1896579,165
5322,1896579,1896720,141
5323,1896720,1896841,121
5324,1896841,1897500,659
5325,1897500,1898469,969
5326,1898469,1898840,371
5327,1898840,1899896,1056
5328,1899896,1900818,922
5329,1900818,1900836,18
5330,1900836,1900870,34
5331,1900870,1901036,166
5332,1901036,1901502,466
5333,1901502,1901552,50
5334,1901552,1901624,72
5335,1901624,1902020,396
5336,1902020,1902270,250
5337,1902270,1902668,398
5338,1902668,1902676,8
5339,1902676,1902714,38
5340,1902714,1902729,15
5341,1902729,1903256,527
5342,1903256,1904101,845
5343,1904101,1904304,203
5344,1904304,1904505,201
5345,1904505,1904968,463
5346,1904968,1905271,303
5347,1905271,1905280,9
5348,1905280,1905733,453
5349,1905733,1905970,237
5350,1905970,1907304,1334
5351,1907304,1907994,690
5352,1907994,1908022,28
5353,1908022,1908591,569
5354,1908591,1908741,150
5355,1908741,1909000,259
5356,1909000,1909270,270
5357,1909270,1909591,321
5358,1909591,1910071,480
5359,1910071,1910843,772
5360,1910843,1910881,38
5361,1910881,1911041,160
5362,1911041,1911176,135
5363,1911176,1911196,20
5364,1911196,1911379,183
5365,1911379,1911463,84
5366,1911463,1911911,448
5367,1911911,1911935,24
5368,1911935,1912012,77
5369,1912012,1912120,108
5370,1912120,1912238,118
5371,1912238,1912288,50
5372,1912288,1912529,241
5373,1912529,1912810,281
5374,1912810,1912879,69
5375,1912879,1912999,120
5376,1912999,1913050,51
5377,1913050,1913273,223
5378,1913273,1913848,575
5379,1913848,1913869,21
5380,1913869,1914033,164
5381,1914033,1914488,455
5382,1914488,1914841,353
5383,1914841,1914955,114
5384,1914955,1915048,93
5385,1915048,1915069,21
5386,1915069,1915270,201
5387,1915270,1916729,1459
5388,1916729,1917147,418
5389,1917147,1917521,374
5390,1917521,1918106,585
5391,1918106,1918228,122
5392,1918228,1918244,16
5393,1918244,1918543,299
5394,1918543,1918629,86
5395,1918629,1918758,129
5396,1918758,1918839,81
5397,1918839,1919120,281
5398,1919120,1919385,265
5399,1919385,1919601,216
5400,1919601,1919628,27
5401,1919628,1919801,173
5402,1919801,1919882,81
5403,1919882,1919925,43
5404,1919925,1920592,667
5405,1920592,1920719,127
5406,1920719,1920728,9
5407,1920728,1921256,528
5408,1921256,1921345,89
5409,1921345,1921637,292
5410,1921637,1922050,413
5411,1922050,1922186,136
5412,1922186,1922302,116
5413,1922302,1922351,49
5414,1922351,1922781,430
5415,1922781,1922799,18
5416,1922799,1923065,266
5417,1923065,1923163,98
5418,1923163,1923879,716
5419,1923879,1924115,236
5420,1924115,1924235,120
5421,1924235,1924540,305
5422,1924540,1924676,136
5423,1924676,1925670,994
5424,1925670,1925698,28
5425,1925698,1925755,57
5426,1925755,1925827,72
5427,1925827,1925952,125
5428,1925952,1926109,157
5429,1926109,1926132,23
5430,1926132,1926204,72
5431,1926204,1926361,157
5432,1926361,1926420,59
5433,1926420,1926501,81
5434,1926501,1926622,121
5435,1926622,1926737,115
5436,1926737,1926902,165
5437,1926902,1927134,232
5438,1927134,1927667,533
5439,1927667,1927982,315
5440,1927982,1928451,469
5441,1928451,1928523,72
5442,1928523,1929128,605
5443,1929128,1929261,133
5444,1929261,1929357,96
5445,1929357,1929523,166
5446,1929523,1930007,484
5447,1930007,1930058,51
5448,1930058,1930749,691
5449,1930749,1930970,221
5450,1930970,1931121,151
5451,1931121,1931501,380
5452,1931501,1931700,199
5453,1931700,1932134,434
5454,1932134,1932160,26
5455,1932160,1932611,451
5456,1932611,1932951,340
5457,1932951,1933234,283
5458,1933234,1934117,883
5459,1934117,1934340,223
5460,1934340,1934763,423
5461,1934763,1935235,472
5462,1935235,1935975,740
5463,1935975,1937201,1226
5464,1937201,1937480,279
5465,1937480,1937746,266
5466,1937746,1937967,221
5467,1937967,1938488,521
5468,1938488,1938530,42
5469,1938530,1938568,38
5470,1938568,1938580,12
5471,1938580,1938625,45
5472,1938625,1938936,311
5473,1938936,1939086,150
5474,1939086,1939095,9
5475,1939095,1939693,598
5476,1939693,1939812,119
5477,1939812,1939818,6
5478,1939818,1939944,126
5479,1939944,1940452,508
5480,1940452,1940575,123
5481,1940575,1940614,39
5482,1940614,1941176,562
5483,1941176,1941188,12
5484,1941188,1941206,18
5485,1941206,1941398,192
5486,1941398,1942266,868
5487,1942266,1942501,235
5488,1942501,1942806,305
5489,1942806,1942985,179
5490,1942985,1942995,10
5491,1942995,1944291,1296
5492,1944291,1945397,1106
5493,1945397,1945455,58
5494,1945455,1946131,676
5495,1946131,1946229,98
5496,1946229,1946269,40
5497,1946269,1946283,14
5498,1946283,1946553,270
5499,1946553,1946610,57
5500,1946610,1946702,92
5501,1946702,1948355,1653
5502,1948355,1948491,136
5503,1948491,1948830,339
5504,1948830,1949896,1066
5505,1949896,1950181,285
5506,1950181,1950942,761
5507,1950942,1952404,1462
5508,1952404,1952484,80
5509,1952484,1953528,1044
5510,1953528,1953824,296
5511,1953824,1953943,119
5512,1953943,1954137,194
5513,1954137,1955190,1053
5514,1955190,1955213,23
5515,1955213,1955605,392
5516,1955605,1956666,1061
5517,1956666,1956699,33
5518,1956699,1956708,9
5519,1956708,1956808,100
5520,1956808,1956841,33
5521,1956841,1956915,74
5522,1956915,1957314,399
5523,1957314,1958181,867
5524,1958181,1958784,603
5525,1958784,1958825,41
5526,1958825,1959057,232
5527,1962649,1962672,23
5528,1962672,1964609,1937
5529,1964609,1965948,1339
5530,1965948,1965961,13
5531,1965961,1965973,12
5532,1965973,1966072,99
5533,1966072,1967000,928
5534,1967000,1967580,580
5535,1967580,1968103,523
5536,1968103,1969899,1796
5537,1969899,1970029,130
5538,1970029,1970164,135
5539,1970164,1970317,153
5540,1970317,1970613,296
5541,1970613,1970984,371
5542,1970984,1971009,25
5543,1971009,1971361,352
5544,1971361,1971522,161
5545,1971522,1971600,78
5546,1971600,1972644,1044
5547,1972644,1972705,61
5548,1972705,1972921,216
5549,1972921,1974136,1215
5550,1974136,1974487,351
5551,1974487,1975689,1202
5552,1975689,1976605,916
5553,1976605,1977104,499
5554,1977104,1977263,159
5555,1977263,1977637,374
5556,1977637,1977669,32
5557,1977669,1977976,307
5558,1977976,1978211,235
5559,1978211,1978498,287
5560,1978498,1978582,84
5561,1978582,1978617,35
5562,1978617,1978770,153
5563,1978770,1979111,341
5564,1979111,1979248,137
5565,1979248,1979411,163
5566,1979411,1979576,165
5567,1979576,1980307,731
5568,1980307,1980948,641
5569,1980948,1981343,395
5570,1981343,1982741,1398
5571,1982741,1982747,6
5572,1982747,1982882,135
5573,1982882,1983228,346
5574,1983228,1983319,91
5575,1983319,1983534,215
5576,1983534,1983653,119
5577,1983653,1983660,7
5578,1983660,1983750,90
5579,1983750,1983900,150
5580,1983900,1984238,338
5581,1984238,1984407,169
5582,1984407,1984756,349
5583,1984756,1985179,423
5584,1985179,1985306,127
5585,1985306,1985798,492
5586,1988386,1988880,494
5587,1988880,1990075,1195
5588,1990075,1990144,69
5589,1990144,1990936,792
5590,1990936,1991138,202
5591,1991138,1992103,965
5592,1992103,1992947,844
5593,1992947,1993111,164
5594,1993111,1993242,131
5595,1993242,1993256,14
5596,1993256,1993444,188
5597,1993444,1993471,27
5598,1993471,1993753,282
5599,1993753,1994812,1059
5600,1994812,1995123,311
5601,1995123,1995331,208
5602,1995331,1995501,170
5603,1995501,1995920,419
5604,1995920,1995989,69
5605,1995989,1996790,801
5606,1996790,1996897,107
5607,1996897,1997046,149
5608,1997046,1997050,4
5609,1997050,1997101,51
5610,1997101,1997510,409
5611,1997510,1998277,767
5612,1998277,1998358,81
5613,1998358,1998807,449
5614,1998807,1998819,12
5615,1998819,1999076,257
5616,1999076,1999544,468
5617,1999544,1999960,416
5618,1999960,2000113,153
5619,2000113,2000351,238
5620,2000351,2000781,430
5621,2000781,2001536,755
5622,2001536,2001563,27
5623,2001563,2001575,12
5624,2001575,2001731,156
5625,2001731,2001779,48
5626,2001779,2002079,300
5627,2002079,2002458,379
5628,2002458,2002608,150
5629,2002608,2002692,84
5630,2002692,2002698,6
5631,2002698,2002704,6
5632,2002704,2002720,16
5633,2002720,2003444,724
5634,2003444,2004622,1178
5635,2004622,2004656,34
5636,2004656,2004705,49
5637,2004705,2005224,519
5638,2005224,2005279,55
5639,2005279,2005344,65
5640,2005344,2007072,1728
5641,2007072,2007166,94
5642,2007166,2007172,6
5643,2007172,2007348,176
5644,2007348,2007414,66
5645,2007414,2007875,461
5646,2007875,2008156,281
5647,2008156,2008219,63
5648,2008219,2008234,15
5649,2008234,2008448,214
5650,2008448,2009035,587
5651,2009035,2009047,12
5652,2009047,2009248,201
5653,2009248,2010129,881
5654,2010129,2010492,363
5655,2010492,2010945,453
5656,2010945,2011000,55
5657,2011000,2011370,370
5658,2011370,2013318,1948
5659,2013318,2013715,397
5660,2013715,2013720,5
5661,2013720,2014411,691
5662,2014411,2014892,481
5663,2014892,2014960,68
5664,2014960,2014993,33
5665,2014993,2015034,41
5666,2015034,2015229,195
5667,2015229,2015665,436
5668,2015665,2015965,300
5669,2015965,2016510,545
5670,2016510,2016909,399
5671,2016909,2017941,1032
5672,2017941,2017945,4
5673,2017945,2017953,8
5674,2017953,2018218,265
5675,2018218,2018223,5
5676,2018223,2018780,557
5677,2018780,2018927,147
5678,2018927,2019189,262
5679,2019189,2019285,96
5680,2019285,2019959,674
5681,2019959,2020149,190
5682,2020149,2020424,275
5683,2020424,2020502,78
5684,2020502,2020682,180
5685,2020682,2020899,217
5686,2020899,2021331,432
5687,2021331,2021487,156
5688,2021487,2021657,170
5689,2021657,2022179,522
5690,2022179,2022529,350
5691,2022529,2022563,34
5692,2022563,2023179,616
5693,2023179,2023387,208
5694,2023387,2023559,172
5695,2023559,2023640,81
5696,2023640,2024155,515
5697,2024155,2024454,299
5698,2024454,2024552,98
5699,2024552,2024560,8
5700,2024560,2025384,824
5701,2025384,2025479,95
5702,2025479,2025893,414
5703,2025893,2025938,45
5704,2025938,2026194,256
5705,2026194,2026221,27
5706,2026221,2026306,85
5707,2026306,2026356,50
5708,2026356,2026542,186
5709,2026542,2026590,48
5710,2026590,2026650,60
5711,2026650,2026700,50
5712,2026700,2026773,73
5713,2026773,2026841,68
5714,2026841,2026914,73
5715,2026914,2026936,22
5716,2026936,2027156,220
5717,2027156,2027198,42
5718,2027198,2027320,122
5719,2027320,2027856,536
5720,2027856,2028003,147
5721,2028003,2028747,744
5722,2028747,2029038,291
5723,2029038,2029472,434
5724,2029472,2029918,446
5725,2029918,2030220,302
5726,2030220,2030322,102
5727,2030322,2030583,261
5728,2030583,2030619,36
5729,2030619,2030694,75
5730,2030694,2030720,26
5731,2030720,2030748,28
5732,2030748,2031052,304
5733,2031052,2031143,91
5734,2031143,2031163,20
5735,2031163,2031244,81
5736,2031244,2031641,397
5737,2031641,2031806,165
5738,2031806,2031823,17
5739,2031823,2031912,89
5740,2031912,2031926,14
5741,2031926,2031937,11
5742,2031937,2031994,57
5743,2031994,2032559,565
5744,2032559,2032594,35
5745,2032594,2032734,140
5746,2032734,2033051,317
5747,2033051,2033170,119
5748,2033170,2033355,185
5749,2033355,2033439,84
5750,2033439,2033907,468
5751,2033907,2034149,242
5752,2034149,2034218,69
5753,2034218,2034716,498
5754,2034716,2034980,264
5755,2034980,2035095,115
5756,2035095,2035185,90
5757,2035185,2035462,277
5758,2035462,2035937,475
5759,2035937,2035954,17
5760,2035954,2035969,15
5761,2035969,2036042,73
5762,2036042,2036657,615
5763,2036657,2036667,10
5764,2036667,2036677,10
5765,2036677,2037014,337
5766,2037014,2037864,850
5767,2037864,2037916,52
5768,2037916,2038319,403
5769,2038319,2038385,66
5770,2038385,2038402,17
5771,2038402,2038768,366
5772,2038768,2039002,234
5773,2039002,2039490,488
5774,2039490,2039509,19
5775,2039509,2039513,4
5776,2039513,2039626,113
5777,2039626,2039644,18
5778,2039644,2039779,135
5779,2039779,2039846,67
5780,2039846,2039956,110
5781,2039956,2040144,188
5782,2040144,2040193,49
5783,2040193,2040299,106
5784,2040299,2040507,208
5785,2040507,2040585,78
5786,2040585,2043127,2542
5787,2043127,2043148,21
5788,2043148,2043410,262
5789,2043410,2043589,179
5790,2043589,2043697,108
5791,2043697,2043770,73
5792,2043770,2043785,15
5793,2043785,2044090,305
5794,2044090,2044497,407
5795,2044497,2044750,253
5796,2044750,2045043,293
5797,2045043,2045247,204
5798,2045247,2045509,262
5799,2045509,2045569,60
5800,2045569,2045575,6
5801,2045575,2046130,555
5802,2046130,2046318,188
5803,2046318,2046449,131
5804,2046449,2046547,98
5805,2046547,2046742,195
5806,2046742,2046772,30
5807,2046772,2046799,27
5808,2046799,2046817,18
5809,2046817,2046823,6
5810,2046823,2047136,313
5811,2047136,2047280,144
5812,2047280,2047409,129
5813,2047409,2047445,36
5814,2047445,2047853,408
5815,2047853,2047969,116
5816,2047969,2048195,226
5817,2048195,2048346,151
5818,2048346,2048353,7
5819,2048353,2048367,14
5820,2048367,2048692,325
5821,2048692,2049251,559
5822,2049251,2049500,249
5823,2049500,2049555,55
5824,2049555,2049828,273
5825,2049828,2050070,242
5826,2050070,2050080,10
5827,2050080,2050098,18
5828,2050098,2050462,364
5829,2050462,2050469,7
5830,2050469,2050537,68
5831,2050537,2050541,4
5832,2050541,2050660,119
5833,2050660,2050669,9
5834,2050669,2050954,285
5835,2050954,2050962,8
5836,2050962,2051275,313
5837,2051275,2051733,458
5838,2051733,2052780,1047
5839,2052780,2052805,25
5840,2052805,2052820,15
5841,2052820,2052832,12
5842,2052832,2053111,279
5843,2053111,2053183,72
5844,2053183,2053254,71
5845,2053254,2053594,340
5846,2053594,2053861,267
5847,2053861,2053955,94
5848,2053955,2053968,13
5849,2053968,2054026,58
5850,2054026,2054206,180
5851,2054206,2054281,75
5852,2054281,2054306,25
5853,2054306,2054372,66
5854,2054372,2054378,6
5855,2054378,2054794,416
5856,2054794,2055056,262
5857,2055056,2055081,25
5858,2055081,2055128,47
5859,2055128,2055169,41
5860,2055169,2055735,566
5861,2055735,2056228,493
5862,2056228,2056376,148
5863,2056376,2057001,625
5864,2057001,2057293,292
5865,2057293,2057600,307
5866,2057600,2057690,90
5867,2057690,2058146,456
5868,2058146,2058234,88
5869,2058234,2058754,520
5870,2058754,2058841,87
5871,2058841,2058854,13
5872,2058854,2058932,78
5873,2058932,2059012,80
5874,2059012,2059339,327
5875,2059339,2059362,23
5876,2059362,2059541,179
5877,2059541,2059650,109
5878,2059650,2059699,49
5879,2059699,2059968,269
5880,2059968,2060004,36
5881,2060004,2060072,68
5882,2060072,2060140,68
5883,2060140,2060200,60
5884,2060200,2060634,434
5885,2060634,2060777,143
5886,2060777,2060783,6
5887,2060783,2061289,506
5888,2061289,2061772,483
5889,2061772,2062104,332
5890,2062104,2062482,378
5891,2062482,2062489,7
5892,2062489,2062748,259
5893,2062748,2062829,81
5894,2062829,2062862,33
5895,2062862,2063056,194
5896,2063056,2063358,302
5897,2063358,2063517,159
5898,2063517,2063583,66
5899,2063583,2063946,363
5900,2063946,2064076,130
5901,2064076,2064255,179
5902,2064255,2064451,196
5903,2064451,2064969,518
5904,2064969,2064984,15
5905,2064984,2065600,616
5906,2065600,2066206,606
5907,2066206,2066519,313
5908,2066519,2066774,255
5909,2066774,2066836,62
5910,2066836,2066927,91
5911,2066927,2067091,164
5912,2067091,2067186,95
5913,2067186,2067257,71
5914,2067257,2067265,8
5915,2067265,2067332,67
5916,2067332,2067513,181
5917,2067513,2067545,32
5918,2067545,2067797,252
5919,2067797,2067821,24
5920,2067821,2067832,11
5921,2067832,2067955,123
5922,2067955,2068006,51
5923,2068006,2068011,5
5924,2068011,2068222,211
5925,2068222,2068294,72
5926,2068294,2068647,353
5927,2068647,2068655,8
5928,2068655,2068743,88
5929,2068743,2068801,58
5930,2068801,2068816,15
5931,2068816,2069128,312
5932,2069128,2069140,12
5933,2069140,2069476,336
5934,2069476,2069506,30
5935,2069506,2069806,300
5936,2069806,2070127,321
5937,2070127,2071134,1007
5938,2071134,2071229,95
5939,2071229,2073553,2324
5940,2073553,2073733,180
5941,2073733,2073826,93
5942,2073826,2074069,243
5943,2074069,2074513,444
5944,2074513,2074805,292
5945,2074805,2074895,90
5946,2074895,2074961,66
5947,2074961,2075014,53
5948,2075014,2075789,775
5949,2075789,2076254,465
5950,2076254,2076516,262
5951,2076516,2076792,276
5952,2076792,2077698,906
5953,2077698,2077764,66
5954,2077764,2078087,323
5955,2078087,2078095,8
5956,2078095,2078109,14
5957,2078109,2078309,200
5958,2078309,2078499,190
5959,2078499,2078511,12
5960,2078511,2078730,219
5961,2078730,2078936,206
5962,2078936,2078993,57
5963,2078993,2079032,39
5964,2079032,2079141,109
5965,2079141,2079517,376
5966,2079517,2079586,69
5967,2079586,2079618,32
5968,2079618,2079752,134
5969,2079752,2079785,33
5970,2079785,2080229,444
5971,2080229,2080758,529
5972,2080758,2080766,8
5973,2080766,2081540,774
5974,2081540,2081641,101
5975,2081641,2082063,422
5976,2082063,2082198,135
5977,2082198,2082342,144
5978,2082342,2083147,805
5979,2083147,2083274,127
5980,2083274,2083281,7
5981,2083281,2083554,273
5982,2083554,2084097,543
5983,2084097,2084886,789
5984,2084886,2084989,103
5985,2084989,2085002,13
5986,2085002,2085011,9
5987,2085011,2085032,21
5988,2085032,2085192,160
5989,2085192,2085361,169
5990,2085361,2086674,1313
5991,2086674,2087123,449
5992,2087123,2087155,32
5993,2087155,2087390,235
5994,2087390,2088043,653
5995,2088043,2088291,248
5996,2088291,2088752,461
5997,2088752,2089047,295
5998,2089047,2089251,204
5999,2089251,2089348,97
6000,2089348,2089504,156
6001,2089504,2089543,39
6002,2089543,2090220,677
6003,2090220,2090939,719
6004,2090939,2091162,223
6005,2091162,2091168,6
6006,2091168,2091174,6
6007,2091174,2091215,41
6008,2091215,2091328,113
6009,2091328,2091337,9
6010,2091337,2091403,66
6011,2091403,2091575,172
6012,2091575,2091599,24
6013,2091599,2091883,284
6014,2091883,2091949,66
6015,2091949,2092636,687
6016,2092636,2092682,46
6017,2092682,2092720,38
6018,2092720,2093210,490
6019,2093210,2093396,186
6020,2093396,2093410,14
6021,2093410,2093766,356
6022,2093766,2094196,430
6023,2094196,2094675,479
6024,2094675,2095184,509
6025,2095184,2095369,185
6026,2095369,2095405,36
6027,2095405,2095541,136
6028,2095541,2096114,573
6029,2096114,2096184,70
6030,2096184,2096344,160
6031,2096344,2097052,708
6032,2097052,2097223,171
6033,2097223,2097335,112
6034,2097335,2097378,43
6035,2097378,2097809,431
6036,2097809,2097822,13
6037,2097822,2097993,171
6038,2097993,2098127,134
6039,2098127,2098145,18
6040,2098145,2098328,183
6041,2098328,2098722,394
6042,2098722,2098861,139
6043,2098861,2098884,23
6044,2098884,2099014,130
6045,2099014,2099061,47
6046,2099061,2099362,301
6047,2099362,2099763,401
6048,2099763,2100781,1018
6049,2100781,2100913,132
6050,2100913,2101107,194
6051,2101107,2101209,102
6052,2101209,2101378,169
6053,2101378,2102210,832
6054,2102210,2102497,287
6055,2102497,2102897,400
6056,2102897,2103487,590
6057,2103487,2104309,822
6058,2104309,2104515,206
6059,2104515,2104619,104
6060,2104619,2104691,72
6061,2104691,2104892,201
6062,2104892,2104946,54
6063,2104946,2104987,41
6064,2104987,2105258,271
6065,2105258,2106176,918
6066,2106176,2106277,101
6067,2106277,2106291,14
6068,2106291,2106660,369
6069,2106660,2107439,779
6070,2107439,2108289,850
6071,2108289,2108421,132
6072,2108421,2109287,866
6073,2109287,2109291,4
6074,2109291,2109621,330
6075,2109621,2110088,467
6076,2110088,2110359,271
6077,2110359,2110430,71
6078,2110430,2110522,92
6079,2110522,2110539,17
6080,2110539,2110570,31
6081,2110570,2110588,18
6082,2110588,2110680,92
6083,2110680,2110749,69
6084,2110749,2110800,51
6085,2110800,2110816,16
6086,2110816,2110902,86
6087,2110902,2110994,92
6088,2110994,2111076,82
6089,2111076,2111236,160
6090,2111236,2111731,495
6091,2111731,2112213,482
6092,2112213,2112831,618
6093,2112831,2112986,155
6094,2112986,2112998,12
6095,2112998,2113004,6
6096,2113004,2113554,550
6097,2113554,2114016,462
6098,2114016,2114022,6
6099,2114022,2114053,31
6100,2114053,2114200,147
6101,2114200,2114475,275
6102,2114475,2114792,317
6103,2114792,2115255,463
6104,2115255,2115293,38
6105,2115293,2115702,409
6106,2115702,2115816,114
6107,2115816,2116323,507
6108,2116323,2116400,77
6109,2116400,2116495,95
6110,2116495,2116767,272
6111,2116767,2117000,233
6112,2117000,2117101,101
6113,2117101,2117106,5
6114,2117106,2117436,330
6115,2117436,2117812,376
6116,2117812,2117820,8
6117,2117820,2117960,140
6118,2117960,2118596,636
6119,2118596,2119457,861
6120,2119457,2120147,690
6121,2120147,2120201,54
6122,2120201,2120379,178
6123,2120379,2120735,356
6124,2120735,2120810,75
6125,2120810,2121248,438
6126,2121248,2121348,100
6127,2121348,2121937,589
6128,2121937,2121941,4
6129,2121941,2122035,94
6130,2122035,2123130,1095
6131,2123130,2123354,224
6132,2123354,2123417,63
6133,2123417,2123974,557
6134,2123974,2124748,774
6135,2124748,2124880,132
6136,2124880,2125104,224
6137,2125104,2125289,185
6138,2125289,2125615,326
6139,2125615,2126123,508
6140,2126123,2126614,491
6141,2126614,2126773,159
6142,2126773,2126822,49
6143,2126822,2126958,136
6144,2126958,2127059,101
6145,2127059,2127151,92
6146,2127151,2127379,228
6147,2127379,2127755,376
6148,2127755,2127763,8
6149,2127763,2127903,140
6150,2127903,2129373,1470
6151,2129373,2130063,690
6152,2130063,2130295,232
6153,2130295,2130639,344
6154,2130639,2130714,75
6155,2130714,2131363,649
6156,2131363,2131753,390
6157,2131753,2132078,325
6158,2132078,2133782,1704
6159,2133782,2133913,131
6160,2133913,2133925,12
6161,2133925,2133931,6
6162,2133931,2134092,161
6163,2134092,2134471,379
6164,2134471,2134548,77
6165,2134548,2134958,410
6166,2134958,2136044,1086
6167,2136044,2136546,502
6168,2136546,2136924,378
6169,2136924,2136983,59
6170,2136983,2137635,652
6171,2137635,2137645,10
6172,2137645,2137777,132
6173,2137777,2138851,1074
6174,2138851,2138861,10
6175,2138861,2139117,256
6176,2139117,2139700,583
6177,2139700,2139847,147
6178,2139847,2139894,47
6179,2139894,2140207,313
6180,2140207,2140645,438
6181,2140645,2141275,630
6182,2141275,2141388,113
6183,2141388,2141626,238
6184,2141626,2141749,123
6185,2141749,2142017,268
6186,2142017,2142452,435
6187,2142452,2142494,42
6188,2142494,2143229,735
6189,2143229,2143309,80
6190,2143309,2143646,337
6191,2143646,2143656,10
6192,2143656,2143765,109
6193,2143765,2144003,238
6194,2144003,2144361,358
6195,2144361,2144400,39
6196,2144400,2144425,25
6197,2144425,2144445,20
6198,2144445,2144454,9
6199,2144454,2144481,27
6200,2144481,2144658,177
6201,2144658,2145197,539
6202,2145197,2145310,113
6203,2145310,2145454,144
6204,2145454,2145785,331
6205,2145785,2145999,214
6206,2145999,2146199,200
6207,2146199,2146376,177
6208,2146376,2146849,473
6209,2146849,2147120,271
6210,2147120,2147235,115
6211,2147235,2147318,83
6212,2147318,2147421,103
6213,2147421,2147532,111
6214,2147532,2147928,396
6215,2147928,2149132,1204
6216,2149132,2149267,135
6217,2149267,2149271,4
6218,2149271,2149457,186
6219,2149457,2149490,33
6220,2149490,2150513,1023
6221,2150513,2150634,121
6222,2150634,2150862,228
6223,2150862,2151232,370
6224,2151232,2151497,265
6225,2151497,2151733,236
6226,2151733,2152066,333
6227,2152066,2152413,347
6228,2152413,2152531,118
6229,2152531,2152639,108
6230,2152639,2152662,23
6231,2152662,2153101,439
6232,2153101,2153284,183
6233,2153284,2153539,255
6234,2153539,2153673,134
6235,2153673,2153814,141
6236,2153814,2154081,267
6237,2154081,2154087,6
6238,2154087,2154093,6
6239,2154093,2154120,27
6240,2154120,2154675,555
6241,2154675,2154888,213
6242,2154888,2154898,10
6243,2154898,2154908,10
6244,2154908,2155026,118
6245,2155026,2155031,5
6246,2155031,2155177,146
6247,2155177,2155217,40
6248,2155217,2155318,101
6249,2155318,2155336,18
6250,2155336,2155396,60
6251,2155396,2155526,130
6252,2155526,2155770,244
6253,2155770,2155799,29
6254,2155799,2156150,351
6255,2156150,2156536,386
6256,2156536,2156640,104
6257,2156640,2156645,5
6258,2156645,2156828,183
6259,2156828,2156852,24
6260,2156852,2157096,244
6261,2157096,2157191,95
6262,2157191,2157197,6
6263,2157197,2158875,1678
6264,2158875,2159277,402
6265,2159277,2159355,78
6266,2159355,2159625,270
6267,2159625,2159775,150
6268,2159775,2160048,273
6269,2160048,2160373,325
6270,2160373,2160386,13
6271,2160386,2160410,24
6272,2160410,2160454,44
6273,2160454,2160521,67
6274,2160521,2161197,676
6275,2161197,2161483,286
6276,2161483,2161695,212
6277,2161695,2161743,48
6278,2161743,2162079,336
6279,2162079,2162358,279
6280,2162358,2162606,248
6281,2162606,2162898,292
6282,2162898,2163544,646
6283,2163544,2163694,150
6284,2163694,2163849,155
6285,2163849,2163995,146
6286,2163995,2164223,228
6287,2164223,2164473,250
6288,2164473,2164641,168
6289,2164641,2165052,411
6290,2165052,2165151,99
6291,2165151,2165288,137
6292,2165288,2165503,215
6293,2165503,2165539,36
6294,2165539,2166011,472
6295,2166011,2166035,24
6296,2166035,2166315,280
6297,2166315,2166328,13
6298,2166328,2166516,188
6299,2166516,2166713,197
6300,2166713,2166797,84
6301,2166797,2167042,245
6302,2167042,2167227,185
6303,2167227,2167335,108
6304,2167335,2168081,746
6305,2168081,2168093,12
6306,2168093,2168140,47
6307,2168140,2168302,162
6308,2168302,2168715,413
6309,2168715,2168923,208
6310,2168923,2169183,260
6311,2169183,2169283,100
6312,2169283,2169326,43
6313,2169326,2169341,15
6314,2169341,2169528,187
6315,2169528,2169821,293
6316,2169821,2169936,115
6317,2169936,2170649,713
6318,2170649,2170914,265
6319,2170914,2171009,95
6320,2171009,2171060,51
6321,2171060,2171153,93
6322,2171153,2171379,226
6323,2171379,2171636,257
6324,2171636,2172847,1211
6325,2172847,2173703,856
6326,2173703,2173732,29
6327,2173732,2173753,21
6328,2173753,2173771,18
6329,2173771,2173799,28
6330,2173799,2173868,69
6331,2173868,2174602,734
6332,2174602,2174666,64
6333,2174666,2174693,27
6334,2174693,2174807,114
6335,2174807,2174816,9
6336,2174816,2174983,167
6337,2174983,2175275,292
6338,2175275,2175506,231
6339,2175506,2175518,12
6340,2175518,2175527,9
6341,2175527,2175602,75
6342,2175602,2175727,125
6343,2175727,2175854,127
6344,2175854,2175927,73
6345,2175927,2176205,278
6346,2176205,2177053,848
6347,2177053,2177239,186
6348,2177239,2177373,134
6349,2177373,2178125,752
6350,2178125,2178147,22
6351,2178147,2178174,27
6352,2178174,2178245,71
6353,2178245,2178395,150
6354,2180486,2180496,10
6355,2180496,2180793,297
6356,2180793,2181030,237
6357,2181030,2181195,165
6358,2181195,2181772,577
6359,2181772,2181905,133
6360,2181905,2182147,242
6361,2182147,2182317,170
6362,2182317,2182381,64
6363,2182381,2182519,138
6364,2182519,2182590,71
6365,2182590,2183008,418
6366,2183008,2183112,104
6367,2183112,2183214,102
6368,2183214,2183280,66
6369,2183280,2183466,186
6370,2183466,2183479,13
6371,2183479,2183655,176
6372,2183655,2183983,328
6373,2183983,2184151,168
6374,2184151,2184476,325
6375,2184476,2184531,55
6376,2184531,2184662,131
6377,2184662,2185357,695
6378,2185357,2185536,179
6379,2185536,2185938,402
6380,2185938,2186045,107
6381,2186045,2186102,57
6382,2186102,2186193,91
6383,2186193,2186204,11
6384,2186204,2186388,184
6385,2186388,2186490,102
6386,2186490,2186531,41
6387,2186531,2187487,956
6388,2187487,2187517,30
6389,2187517,2187835,318
6390,2187835,2187862,27
6391,2187862,2187908,46
6392,2187908,2187938,30
6393,2187938,2188098,160
6394,2188098,2188104,6
6395,2188104,2188116,12
6396,2188116,2188746,630
6397,2188746,2189377,631
6398,2189377,2189505,128
6399,2189505,2190069,564
6400,2190069,2190404,335
6401,2190404,2190520,116
6402,2190520,2191397,877
6403,2191397,2191635,238
6404,2191635,2191722,87
6405,2191722,2191763,41
6406,2191763,2191857,94
6407,2191857,2191992,135
6408,2191992,2192361,369
6409,2192361,2192436,75
6410,2192436,2192651,215
6411,2192651,2192879,228
6412,2192879,2193451,572
6413,2193451,2193591,140
6414,2193591,2194370,779
6415,2194370,2194824,454
6416,2194824,2195051,227
6417,2195051,2195110,59
6418,2195110,2195124,14
6419,2195124,2195129,5
6420,2195129,2195136,7
6421,2195136,2195155,19
6422,2195155,2195251,96
6423,2195251,2195386,135
6424,2195386,2195458,72
6425,2195458,2195475,17
6426,2195475,2195481,6
6427,2195481,2195604,123
6428,2195604,2196024,420
6429,2196024,2196143,119
6430,2196143,2196306,163
6431,2196306,2196325,19
6432,2196325,2196536,211
6433,2196536,2196690,154
6434,2196690,2196992,302
6435,2196992,2197943,951
6436,2197943,2197980,37
6437,2197980,2198035,55
6438,2198035,2199320,1285
6439,2199320,2199405,85
6440,2199405,2199639,234
6441,2199639,2199712,73
6442,2199712,2199800,88
6443,2199800,2199957,157
6444,2199957,2199966,9
6445,2199966,2200008,42
6446,2200008,2200122,114
6447,2200122,2200131,9
6448,2200131,2200214,83
6449,2200214,2200290,76
6450,2200290,2200456,166
6451,2200456,2200507,51
6452,2200507,2200977,470
6453,2200977,2201023,46
6454,2201023,2201200,177
6455,2201200,2201953,753
6456,2201953,2202096,143
6457,2202096,2202151,55
6458,2202151,2202445,294
6459,2202445,2202508,63
6460,2202508,2202627,119
6461,2202627,2203001,374
6462,2203001,2203176,175
6463,2203176,2203270,94
6464,2203270,2203500,230
6465,2203500,2203546,46
6466,2203546,2203724,178
6467,2203724,2203847,123
6468,2203847,2203949,102
6469,2203949,2203991,42
6470,2203991,2204207,216
6471,2204207,2204447,240
6472,2204447,2204452,5
6473,2204452,2204578,126
6474,2204578,2204822,244
6475,2204822,2205689,867
6476,2205689,2205767,78
6477,2205767,2206043,276
6478,2206043,2206114,71
6479,2206114,2206175,61
6480,2206175,2206196,21
6481,2206196,2206253,57
6482,2206253,2206539,286
6483,2206539,2206739,200
6484,2206739,2207161,422
6485,2207161,2207617,456
6486,2207617,2207737,120
6487,2207737,2207830,93
6488,2207830,2207859,29
6489,2207859,2207902,43
6490,2207902,2207998,96
6491,2207998,2208241,243
6492,2208241,2208336,95
6493,2208336,2209324,988
6494,2209324,2210408,1084
6495,2210408,2210766,358
6496,2210766,2211125,359
6497,2211125,2211483,358
6498,2211483,2212397,914
6499,2212397,2212422,25
6500,2212422,2212871,449
6501,2212871,2213252,381
6502,2213252,2213479,227
6503,2213479,2213737,258
6504,2213737,2213857,120
6505,2213857,2214723,866
6506,2214723,2215067,344
6507,2215067,2215077,10
6508,2215077,2215304,227
6509,2215304,2215315,11
6510,2215315,2215424,109
6511,2215424,2215485,61
6512,2215485,2215503,18
6513,2215503,2215566,63
6514,2215566,2215593,27
6515,2215593,2215650,57
6516,2215650,2216063,413
6517,2216063,2216165,102
6518,2216165,2216214,49
6519,2216214,2216523,309
6520,2216523,2216582,59
6521,2216582,2216803,221
6522,2216803,2216853,50
6523,2216853,2217080,227
6524,2217080,2217228,148
6525,2217228,2217246,18
6526,2217246,2217423,177
6527,2217423,2217753,330
6528,2217753,2217948,195
6529,2217948,2217969,21
6530,2217969,2218077,108
6531,2218077,2218450,373
6532,2218450,2218497,47
6533,2218497,2218510,13
6534,2218510,2218546,36
6535,2218546,2219090,544
6536,2219090,2219493,403
6537,2219493,2219604,111
6538,2219604,2219688,84
6539,2219688,2219695,7
6540,2219695,2219782,87
6541,2219782,2219787,5
6542,2219787,2219914,127
6543,2219914,2219918,4
6544,2219918,2220386,468
6545,2220386,2220511,125
6546,2220511,2220735,224
6547,2220735,2220842,107
6548,2220842,2221731,889
6549,2221731,2221801,70
6550,2221801,2221847,46
6551,2221847,2221940,93
6552,2221940,2222739,799
6553,2222739,2222854,115
6554,2222854,2223289,435
6555,2223289,2223527,238
6556,2223527,2224286,759
6557,2224286,2224391,105
6558,2224391,2224461,70
6559,2224461,2224470,9
6560,2224470,2224719,249
6561,2224719,2224723,4
6562,2224723,2224728,5
6563,2224728,2225352,624
6564,2225352,2225666,314
6565,2225666,2225779,113
6566,2225779,2225904,125
6567,2225904,2226019,115
6568,2226019,2226280,261
6569,2226280,2226373,93
6570,2226373,2226569,196
6571,2226569,2227320,751
6572,2227320,2227368,48
6573,2227368,2227476,108
6574,2227476,2227537,61
6575,2227537,2227576,39
6576,2227576,2228153,577
6577,2228153,2228346,193
6578,2228346,2228416,70
6579,2228416,2228491,75
6580,2228491,2228508,17
6581,2228508,2228732,224
6582,2228732,2229419,687
6583,2229419,2229611,192
6584,2229611,2229837,226
6585,2229837,2229905,68
6586,2229905,2229918,13
6587,2229918,2229930,12
6588,2229930,2229959,29
6589,2229959,2230286,327
6590,2230286,2230573,287
6591,2230573,2230619,46
6592,2230619,2230662,43
6593,2230662,2230753,91
6594,2230753,2230808,55
6595,2230808,2230823,15
6596,2230823,2230838,15
6597,2230838,2230844,6
6598,2230844,2230921,77
6599,2230921,2231131,210
6600,2231131,2231231,100
6601,2231231,2231396,165
6602,2231396,2231525,129
6603,2231525,2231683,158
6604,2231683,2231830,147
6605,2231830,2231858,28
6606,2231858,2231871,13
6607,2231871,2231939,68
6608,2231939,2232017,78
6609,2232017,2232265,248
6610,2232265,2232570,305
6611,2232570,2232693,123
6612,2232693,2232846,153
6613,2232846,2233190,344
6614,2233190,2233282,92
6615,2233282,2233628,346
6616,2233628,2233721,93
6617,2233721,2233899,178
6618,2233899,2233987,88
6619,2233987,2234114,127
6620,2234114,2234180,66
6621,2234180,2234365,185
6622,2234365,2234450,85
6623,2234450,2234625,175
6624,2234625,2234649,24
6625,2234649,2234745,96
6626,2234745,2234804,59
6627,2234804,2235039,235
6628,2235039,2235140,101
6629,2235140,2235203,63
6630,2235203,2235420,217
6631,2235420,2235478,58
6632,2235478,2235772,294
6633,2235772,2236511,739
6634,2236511,2236598,87
6635,2236598,2237040,442
6636,2237040,2237411,371
6637,2237411,2237654,243
6638,2237654,2238239,585
6639,2238239,2238258,19
6640,2238258,2238279,21
6641,2238279,2238457,178
6642,2238457,2238587,130
6643,2238587,2238622,35
6644,2238622,2239110,488
6645,2239110,2239156,46
6646,2239156,2239457,301
6647,2239457,2239492,35
6648,2239492,2239528,36
6649,2239528,2239687,159
6650,2239687,2239941,254
6651,2239941,2240173,232
6652,2240173,2240537,364
6653,2240537,2240579,42
6654,2240579,2240645,66
6655,2240645,2240681,36
6656,2240681,2240933,252
6657,2240933,2241630,697
6658,2241630,2241750,120
6659,2241750,2242220,470
6660,2242220,2242593,373
6661,2242593,2243393,800
6662,2243393,2243739,346
6663,2243739,2244075,336
6664,2244075,2244380,305
6665,2244380,2245181,801
6666,2245181,2245274,93
6667,2245274,2245406,132
6668,2245406,2245420,14
6669,2245420,2246076,656
6670,2246076,2246575,499
6671,2246575,2246698,123
6672,2246698,2246986,288
6673,2246986,2247015,29
6674,2247015,2247135,120
6675,2247135,2247576,441
6676,2247576,2247918,342
6677,2247918,2248460,542
6678,2248460,2248551,91
6679,2248551,2248632,81
6680,2248632,2248689,57
6681,2248689,2248773,84
6682,2248773,2248778,5
6683,2248778,2248784,6
6684,2248784,2248964,180
6685,2248964,2248979,15
6686,2248979,2249208,229
6687,2249208,2249226,18
6688,2249226,2249402,176
6689,2249402,2249529,127
6690,2249529,2249565,36
6691,2249565,2249654,89
6692,2249654,2249661,7
6693,2249661,2249696,35
6694,2249696,2250364,668
6695,2250364,2250430,66
6696,2250430,2250577,147
6697,2250577,2250691,114
6698,2250691,2250696,5
6699,2250696,2250790,94
6700,2250790,2250879,89
6701,2250879,2251231,352
6702,2251231,2251351,120
6703,2251351,2251725,374
6704,2251725,2252150,425
6705,2252150,2252555,405
6706,2252555,2252585,30
6707,2252585,2252857,272
6708,2252857,2253270,413
6709,2253270,2253324,54
6710,2253324,2253330,6
6711,2253330,2253493,163
6712,2253493,2253958,465
6713,2253958,2254002,44
6714,2254002,2254183,181
6715,2254183,2254240,57
6716,2254240,2254257,17
6717,2254257,2254262,5
6718,2254262,2254426,164
6719,2254426,2254481,55
6720,2254481,2254811,330
6721,2254811,2254817,6
6722,2254817,2254829,12
6723,2254829,2254944,115
6724,2254944,2254954,10
6725,2254954,2255124,170
6726,2255124,2255417,293
6727,2255417,2255612,195
6728,2255612,2255630,18
6729,2255630,2255636,6
6730,2255636,2255838,202
6731,2255838,2256169,331
6732,2256169,2256619,450
6733,2256619,2256822,203
6734,2256822,2256950,128
6735,2256950,2257148,198
6736,2257148,2258213,1065
6737,2258213,2258306,93
6738,2258306,2258319,13
6739,2258319,2259332,1013
6740,2259332,2260326,994
6741,2260326,2260395,69
6742,2260395,2260434,39
6743,2260434,2260830,396
6744,2260830,2260946,116
6745,2260946,2261049,103
6746,2261049,2261079,30
6747,2261079,2261314,235
6748,2261314,2261383,69
6749,2261383,2261438,55
6750,2261438,2261919,481
6751,2261919,2261951,32
6752,2261951,2261957,6
6753,2261957,2261991,34
6754,2261991,2262097,106
6755,2262097,2262315,218
6756,2262315,2262401,86
6757,2262401,2263113,712
6758,2263113,2263532,419
6759,2263532,2263581,49
6760,2263581,2263668,87
6761,2263668,2263741,73
6762,2263741,2263872,131
6763,2263872,2263968,96
6764,2263968,2264025,57
6765,2264025,2264191,166
6766,2264191,2265117,926
6767,2265117,2265623,506
6768,2265623,2265644,21
6769,2265644,2266361,717
6770,2266361,2266505,144
6771,2266505,2266899,394
6772,2266899,2266906,7
6773,2266906,2266917,11
6774,2266917,2267182,265
6775,2267182,2267723,541
6776,2267723,2267766,43
6777,2267766,2267785,19
6778,2267785,2267840,55
6779,2267840,2268920,1080
6780,2268920,2269018,98
6781,2269018,2269048,30
6782,2269048,2269937,889
6783,2269937,2270724,787
6784,2270724,2271078,354
6785,2271078,2271138,60
6786,2271138,2271541,403
6787,2271541,2271703,162
6788,2271703,2271709,6
6789,2271709,2271874,165
6790,2271874,2272069,195
6791,2272069,2272083,14
6792,2272083,2272092,9
6793,2272092,2272296,204
6794,2272296,2272812,516
6795,2272812,2272950,138
6796,2272950,2273173,223
6797,2273173,2273241,68
6798,2273241,2273496,255
6799,2273496,2273533,37
6800,2273533,2273916,383
6801,2273916,2274098,182
6802,2274098,2274162,64
6803,2274162,2274257,95
6804,2274257,2274432,175
6805,2274432,2274652,220
6806,2274652,2275776,1124
6807,2275776,2275902,126
6808,2275902,2276142,240
6809,2276142,2277434,1292
6810,2277434,2277538,104
6811,2277538,2277546,8
6812,2277546,2277581,35
6813,2277581,2277865,284
6814,2277865,2278147,282
6815,2278147,2278414,267
6816,2278414,2278912,498
6817,2278912,2279006,94
6818,2279006,2279130,124
6819,2279130,2279476,346
6820,2279476,2279487,11
6821,2279487,2280257,770
6822,2280257,2281424,1167
6823,2281424,2281709,285
6824,2281709,2282011,302
6825,2282011,2282110,99
6826,2282110,2282167,57
6827,2282167,2282355,188
6828,2282355,2282622,267
6829,2282622,2283358,736
6830,2283358,2284478,1120
6831,2284478,2284705,227
6832,2284705,2286127,1422
6833,2286127,2286208,81
6834,2286208,2286751,543
6835,2286751,2287412,661
6836,2287412,2289847,2435
6837,2292026,2292125,99
6838,2292125,2292168,43
6839,2292168,2292437,269
6840,2292437,2292470,33
6841,2292470,2292509,39
6842,2292509,2294497,1988
6843,2294497,2294797,300
6844,2294797,2295134,337
6845,2295134,2295140,6
6846,2295140,2296402,1262
6847,2296402,2297016,614
6848,2297016,2298152,1136
6849,2298152,2298774,622
6850,2298774,2298962,188
6851,2298962,2300364,1402
6852,2302639,2302644,5
6853,2302644,2302654,10
6854,2302654,2304041,1387
6855,2304041,2304870,829
6856,2304870,2305413,543
6857,2305413,2306578,1165
6858,2306578,2306601,23
6859,2306601,2306619,18
6860,2306619,2308513,1894
6861,2308513,2308631,118
6862,2308631,2308673,42
6863,2308673,2308859,186
6864,2308859,2309331,472
6865,2309331,2309556,225
6866,2309556,2311509,1953
6867,2311509,2311516,7
6868,2311516,2311723,207
6869,2311723,2311849,126
6870,2311849,2311897,48
6871,2311897,2311930,33
6872,2311930,2312409,479
6873,2312409,2312719,310
6874,2312719,2312869,150
6875,2312869,2312978,109
6876,2312978,2313243,265
6877,2313243,2313663,420
6878,2313663,2313798,135
6879,2313798,2314663,865
6880,2314663,2316016,1353
6881,2316016,2316161,145
6882,2316161,2316270,109
6883,2316270,2316373,103
6884,2316373,2316475,102
6885,2316475,2316577,102
6886,2316577,2316679,102
6887,2316679,2316968,289
6888,2316968,2317567,599
6889,2317567,2317573,6
6890,2317573,2317619,46
6891,2317619,2318058,439
6892,2318058,2318288,230
6893,2318288,2318578,290
6894,2318578,2319018,440
6895,2319018,2319304,286
6896,2319304,2320423,1119
6897,2320423,2320870,447
6898,2322742,2323110,368
6899,2323110,2323525,415
6900,2323525,2324351,826
6901,2324351,2326038,1687
6902,2326038,2326200,162
6903,2326200,2326370,170
6904,2326370,2327238,868
6905,2327238,2327527,289
6906,2327527,2327619,92
6907,2327619,2328109,490
6908,2328109,2328396,287
6909,2328396,2328553,157
6910,2328553,2329011,458
6911,2329011,2329045,34
6912,2329045,2329691,646
6913,2329691,2329995,304
6914,2329995,2330284,289
6915,2330284,2330511,227
6916,2330511,2331407,896
6917,2331407,2332067,660
6918,2332067,2332299,232
6919,2332299,2332374,75
6920,2332374,2332948,574
6921,2332948,2333271,323
6922,2333271,2333604,333
6923,2333604,2333792,188
6924,2333792,2334167,375
6925,2334167,2334394,227
6926,2334394,2334497,103
6927,2334497,2335087,590
6928,2335087,2335555,468
6929,2335555,2336368,813
6930,2336368,2336393,25
6931,2336393,2336813,420
6932,2336813,2336822,9
6933,2336822,2336829,7
6934,2336829,2337277,448
6935,2337277,2337300,23
6936,2337300,2339431,2131
6937,2339431,2339566,135
6938,2339566,2339630,64
6939,2339630,2339780,150
6940,2339780,2339929,149
6941,2339929,2340191,262
6942,2340191,2340918,727
6943,2340918,2340927,9
6944,2340927,2341368,441
6945,2341368,2341433,65
6946,2341433,2341631,198
6947,2341631,2341685,54
6948,2341685,2342024,339
6949,2342024,2342037,13
6950,2342037,2342041,4
6951,2342041,2342080,39
6952,2342080,2342215,135
6953,2342215,2342452,237
6954,2342452,2342885,433
6955,2342885,2343113,228
6956,2343113,2343118,5
6957,2343118,2343233,115
6958,2343233,2343468,235
6959,2343468,2343477,9
6960,2343477,2343788,311
6961,2343788,2344036,248
6962,2344036,2344045,9
6963,2344045,2344133,88
6964,2344133,2344838,705
6965,2344838,2344855,17
6966,2344855,2345537,682
6967,2345537,2345595,58
6968,2345595,2346144,549
6969,2346144,2346234,90
6970,2346234,2346726,492
6971,2346726,2347132,406
6972,2347132,2347500,368
6973,2347500,2347567,67
6974,2347567,2347626,59
6975,2347626,2347656,30
6976,2347656,2347734,78
6977,2347734,2348009,275
6978,2348009,2348069,60
6979,2348069,2348263,194
6980,2348263,2348322,59
6981,2348322,2348815,493
6982,2348815,2348839,24
6983,2348839,2348933,94
6984,2348933,2349052,119
6985,2349052,2349291,239
6986,2349291,2349542,251
6987,2349542,2350331,789
6988,2350331,2350530,199
6989,2350530,2350760,230
6990,2350760,2350795,35
6991,2350795,2351796,1001
6992,2351796,2351877,81
6993,2351877,2351905,28
6994,2351905,2352145,240
6995,2352145,2352557,412
6996,2352557,2352586,29
6997,2352586,2352678,92
6998,2352678,2353068,390
6999,2353068,2353170,102
7000,2353170,2353830,660
7001,2353830,2355482,1652
7002,2355482,2355580,98
7003,2355580,2356237,657
7004,2356237,2356258,21
7005,2356258,2356299,41
7006,2356299,2356427,128
7007,2356427,2356591,164
7008,2356591,2356809,218
7009,2356809,2356827,18
7010,2356827,2356891,64
7011,2356891,2357051,160
7012,2357051,2357272,221
7013,2357272,2357541,269
7014,2357541,2358245,704
7015,2358245,2358704,459
7016,2358704,2359279,575
7017,2359279,2359300,21
7018,2359300,2360088,788
7019,2360088,2360186,98
7020,2360186,2360193,7
7021,2360193,2360467,274
7022,2360467,2360568,101
7023,2360568,2360741,173
7024,2360741,2361179,438
7025,2361179,2361922,743
7026,2361922,2362014,92
7027,2362014,2362705,691
7028,2362705,2362716,11
7029,2362716,2363083,367
7030,2363083,2363522,439
7031,2363522,2363840,318
7032,2363840,2364033,193
7033,2364033,2364574,541
7034,2364574,2365028,454
7035,2365028,2365081,53
7036,2365081,2365212,131
7037,2365212,2365220,8
7038,2365220,2365274,54
7039,2365274,2365793,519
7040,2365793,2365800,7
7041,2365800,2366529,729
7042,2366529,2366568,39
7043,2366568,2367303,735
7044,2367303,2367352,49
7045,2367352,2367469,117
7046,2367469,2367914,445
7047,2367914,2367950,36
7048,2367950,2368245,295
7049,2368245,2368349,104
7050,2368349,2368459,110
7051,2368459,2368471,12
7052,2368471,2368528,57
7053,2368528,2368536,8
7054,2368536,2368977,441
7055,2368977,2369272,295
7056,2369272,2369361,89
7057,2369361,2369714,353
7058,2369714,2369759,45
7059,2369759,2369781,22
7060,2369781,2369973,192
7061,2369973,2370255,282
7062,2370255,2370358,103
7063,2370358,2370554,196
7064,2370554,2370640,86
7065,2370640,2370670,30
7066,2370670,2370721,51
7067,2370721,2370874,153
7068,2370874,2370886,12
7069,2370886,2371139,253
7070,2371139,2371428,289
7071,2371428,2371629,201
7072,2371629,2371993,364
7073,2371993,2372124,131
7074,2372124,2372165,41
7075,2372165,2372397,232
7076,2372397,2372482,85
7077,2372482,2372542,60
7078,2372542,2372787,245
7079,2372787,2372804,17
7080,2372804,2373224,420
7081,2373224,2373528,304
7082,2373528,2373784,256
7083,2373784,2374007,223
7084,2374007,2374521,514
7085,2374521,2374737,216
7086,2374737,2374923,186
7087,2374923,2374993,70
7088,2374993,2375001,8
7089,2375001,2375121,120
7090,2375121,2375133,12
7091,2375133,2375183,50
7092,2375183,2375195,12
7093,2375195,2375606,411
7094,2375606,2375862,256
7095,2375862,2375870,8
7096,2375870,2375993,123
7097,2375993,2376092,99
7098,2376092,2376118,26
7099,2376118,2376633,515
7100,2376633,2376895,262
7101,2376895,2376900,5
7102,2376900,2377627,727
7103,2377627,2378182,555
7104,2378182,2378305,123
7105,2378305,2378332,27
7106,2378332,2378347,15
7107,2378347,2378541,194
7108,2378541,2379380,839
7109,2379380,2379428,48
7110,2379428,2379491,63
7111,2379491,2379588,97
7112,2379588,2379688,100
7113,2379688,2379756,68
7114,2379756,2379820,64
7115,2379820,2379969,149
7116,2379969,2380102,133
7117,2380102,2380167,65
7118,2380167,2380245,78
7119,2380245,2380258,13
7120,2380258,2380263,5
7121,2380263,2380518,255
7122,2380518,2380872,354
7123,2380872,2381083,211
7124,2381083,2381145,62
7125,2381145,2381177,32
7126,2381177,2381332,155
7127,2381332,2381489,157
7128,2381489,2381594,105
7129,2381594,2381628,34
7130,2381628,2381665,37
7131,2381665,2381677,12
7132,2381677,2381759,82
7133,2381759,2381789,30
7134,2381789,2381866,77
7135,2381866,2382293,427
7136,2382293,2384248,1955
7137,2384248,2384326,78
7138,2384326,2386243,1917
7139,2386243,2386312,69
7140,2386312,2386333,21
7141,2386333,2386678,345
7142,2386678,2386788,110
7143,2386788,2386817,29
7144,2386817,2386829,12
7145,2386829,2386992,163
7146,2386992,2387155,163
7147,2387155,2387161,6
7148,2387161,2387167,6
7149,2387167,2387272,105
7150,2387272,2387330,58
7151,2387330,2387338,8
7152,2387338,2387342,4
7153,2387342,2387346,4
7154,2387346,2387364,18
7155,2387364,2387422,58
7156,2387422,2387513,91
7157,2387513,2387548,35
7158,2387548,2388118,570
7159,2388118,2388136,18
7160,2388136,2388284,148
7161,2388284,2388512,228
7162,2388512,2388666,154
7163,2388666,2388756,90
7164,2388756,2388813,57
7165,2388813,2388964,151
7166,2388964,2389228,264
7167,2389228,2389275,47
7168,2389275,2389334,59
7169,2389334,2389505,171
7170,2389505,2389969,464
7171,2389969,2390284,315
7172,2390284,2390617,333
7173,2390617,2390629,12
7174,2390629,2390664,35
7175,2390664,2390984,320
7176,2390984,2391049,65
7177,2391049,2391053,4
7178,2391053,2391071,18
7179,2391071,2391134,63
7180,2391134,2391177,43
7181,2391177,2391650,473
7182,2391650,2391661,11
7183,2391661,2391835,174
7184,2391835,2392056,221
7185,2392056,2392132,76
7186,2392132,2392171,39
7187,2392171,2392184,13
7188,2392184,2392217,33
7189,2392217,2392310,93
7190,2392310,2392506,196
7191,2392506,2392544,38
7192,2392544,2392685,141
7193,2392685,2392704,19
7194,2392704,2392797,93
7195,2392797,2392808,11
7196,2392808,2393452,644
7197,2393452,2393560,108
7198,2393560,2393572,12
7199,2393572,2393582,10
7200,2393582,2393594,12
7201,2393594,2393630,36
7202,2393630,2393690,60
7203,2393690,2393785,95
7204,2393785,2393915,130
7205,2393915,2394007,92
7206,2394007,2394946,939
7207,2394946,2395255,309
7208,2395255,2395294,39
7209,2395294,2395329,35
7210,2395329,2395336,7
7211,2395336,2396075,739
7212,2396075,2396920,845
7213,2396920,2396962,42
7214,2396962,2397849,887
7215,2397849,2397878,29
7216,2397878,2398173,295
7217,2398173,2398224,51
7218,2398224,2398927,703
7219,2398927,2399210,283
7220,2399210,2399374,164
7221,2399374,2399398,24
7222,2399398,2399612,214
7223,2399612,2400069,457
7224,2400069,2401324,1255
7225,2401324,2401337,13
7226,2401337,2401904,567
7227,2401904,2401949,45
7228,2401949,2402108,159
7229,2402108,2402999,891
7230,2402999,2403230,231
7231,2403230,2403752,522
7232,2403752,2404244,492
7233,2404244,2404325,81
7234,2404325,2404629,304
7235,2404629,2404651,22
7236,2404651,2404711,60
7237,2404711,2404834,123
7238,2404834,2404958,124
7239,2404958,2405669,711
7240,2405669,2405786,117
7241,2405786,2406505,719
7242,2406505,2406692,187
7243,2406692,2406860,168
7244,2406860,2407195,335
7245,2407195,2407936,741
7246,2407936,2408396,460
7247,2408396,2408822,426
7248,2408822,2409711,889
7249,2409711,2409827,116
7250,2409827,2410021,194
7251,2410021,2410033,12
7252,2410033,2410201,168
7253,2410201,2410213,12
7254,2410213,2410408,195
7255,2410408,2410741,333
7256,2410741,2411096,355
7257,2411096,2411161,65
7258,2411161,2411178,17
7259,2411178,2411860,682
7260,2411860,2411944,84
7261,2411944,2411996,52
7262,2411996,2412005,9
7263,2412005,2412016,11
7264,2412016,2412027,11
7265,2412027,2412041,14
7266,2412041,2412062,21
7267,2412062,2412090,28
7268,2412090,2412138,48
7269,2412138,2412204,66
7270,2412204,2412235,31
7271,2412235,2412320,85
7272,2412320,2412878,558
7273,2412878,2412889,11
7274,2412889,2413351,462
7275,2413351,2413402,51
7276,2413402,2413420,18
7277,2413420,2413995,575
7278,2413995,2414221,226
7279,2414221,2414392,171
7280,2414392,2414406,14
7281,2414406,2414418,12
7282,2414418,2414598,180
7283,2414598,2414754,156
7284,2414754,2415220,466
7285,2415220,2415274,54
7286,2415274,2415323,49
7287,2415323,2415450,127
7288,2415450,2415586,136
7289,2415586,2416112,526
7290,2416112,2416268,156
7291,2416268,2416273,5
7292,2416273,2416279,6
7293,2416279,2416288,9
7294,2416288,2416957,669
7295,2416957,2416991,34
7296,2416991,2417169,178
7297,2417169,2417242,73
7298,2417242,2417379,137
7299,2417379,2417412,33
7300,2417412,2417484,72
7301,2417484,2417804,320
7302,2417804,2417986,182
7303,2417986,2418270,284
7304,2418270,2418397,127
7305,2418397,2419661,1264
7306,2419661,2420041,380
7307,2420041,2420399,358
7308,2420399,2421116,717
7309,2421116,2422189,1073
7310,2422189,2422547,358
7311,2422547,2422904,357
7312,2422904,2423262,358
7313,2423262,2424679,1417
7314,2424679,2425124,445
7315,2425124,2425136,12
7316,2425136,2425142,6
7317,2425142,2425384,242
7318,2425384,2425445,61
7319,2425445,2425574,129
7320,2425574,2425664,90
7321,2425664,2425945,281
7322,2425945,2426006,61
7323,2426006,2427392,1386
7324,2427392,2427487,95
7325,2427487,2427541,54
7326,2427541,2427567,26
7327,2427567,2427765,198
7328,2427765,2427812,47
7329,2427812,2427863,51
7330,2427863,2427984,121
7331,2427984,2428476,492
7332,2428476,2428608,132
7333,2428608,2428631,23
7334,2428631,2428722,91
7335,2428722,2428765,43
7336,2428765,2428809,44
7337,2428809,2428910,101
7338,2428910,2430208,1298
7339,2430208,2430229,21
7340,2430229,2430343,114
7341,2430343,2430624,281
7342,2430624,2430628,4
7343,2430628,2430744,116
7344,2430744,2430788,44
7345,2430788,2430820,32
7346,2430820,2431633,813
7347,2431633,2432013,380
7348,2432013,2432048,35
7349,2432048,2432403,355
7350,2432403,2432414,11
7351,2432414,2432441,27
7352,2432441,2432655,214
7353,2432655,2432734,79
7354,2432734,2432742,8
7355,2432742,2433086,344
7356,2433086,2433232,146
7357,2433232,2433321,89
7358,2433321,2433571,250
7359,2433571,2433607,36
7360,2433607,2433782,175
7361,2433782,2433789,7
7362,2433789,2433931,142
7363,2433931,2433971,40
7364,2433971,2434003,32
7365,2434003,2434475,472
7366,2434475,2434506,31
7367,2434506,2434612,106
7368,2434612,2434871,259
7369,2434871,2435337,466
7370,2435337,2435345,8
7371,2435345,2436081,736
7372,2436081,2436124,43
7373,2436124,2436159,35
7374,2436159,2436330,171
7375,2436330,2436383,53
7376,2436383,2436733,350
7377,2436733,2436811,78
7378,2436811,2436837,26
7379,2436837,2437274,437
7380,2437274,2437364,90
7381,2437364,2437390,26
7382,2437390,2437760,370
7383,2437760,2438279,519
7384,2438279,2438373,94
7385,2438373,2438384,11
7386,2438384,2438539,155
7387,2438539,2438552,13
7388,2438552,2438693,141
7389,2438693,2438707,14
7390,2438707,2438752,45
7391,2438752,2438866,114
7392,2438866,2438873,7
7393,2438873,2438885,12
7394,2438885,2438897,12
7395,2438897,2439020,123
7396,2439020,2439142,122
7397,2439142,2439152,10
7398,2439152,2439203,51
7399,2439203,2439217,14
7400,2439217,2439482,265
7401,2439482,2439502,20
7402,2439502,2439534,32
7403,2439534,2439585,51
7404,2439585,2439594,9
7405,2439594,2439618,24
7406,2439618,2439643,25
7407,2439643,2439663,20
7408,2439663,2439670,7
7409,2439670,2439705,35
7410,2439705,2439849,144
7411,2439849,2439860,11
7412,2439860,2439941,81
7413,2439941,2440164,223
7414,2440164,2440175,11
7415,2440175,2440194,19
7416,2440194,2441288,1094
7417,2441288,2441523,235
7418,2441523,2441645,122
7419,2441645,2441808,163
7420,2441808,2441818,10
7421,2441818,2442196,378
7422,2442196,2442820,624
7423,2442820,2442897,77
7424,2442897,2442936,39
7425,2444923,2445119,196
7426,2445119,2445144,25
7427,2445144,2445840,696
7428,2445840,2446102,262
7429,2446102,2446732,630
7430,2446732,2447262,530
7431,2447262,2447395,133
7432,2447395,2447499,104
7433,2447499,2447693,194
7434,2447693,2447738,45
7435,2447738,2448580,842
7436,2448580,2448637,57
7437,2448637,2449001,364
7438,2449001,2449199,198
7439,2449199,2449229,30
7440,2449229,2449257,28
7441,2449257,2449295,38
7442,2449295,2449351,56
7443,2449351,2449396,45
7444,2449396,2449468,72
7445,2449468,2449480,12
7446,2449480,2449866,386
7447,2449866,2450270,404
7448,2450270,2451000,730
7449,2451000,2451124,124
7450,2451124,2451162,38
7451,2451162,2451166,4
7452,2451166,2451213,47
7453,2451213,2451277,64
7454,2451277,2451323,46
7455,2451323,2451698,375
7456,2451698,2451936,238
7457,2451936,2452138,202
7458,2452138,2452625,487
7459,2452625,2454202,1577
7460,2454202,2454209,7
7461,2454209,2454352,143
7462,2454352,2454451,99
7463,2454451,2454520,69
7464,2454520,2454536,16
7465,2454536,2454672,136
7466,2454672,2454967,295
7467,2454967,2454974,7
7468,2454974,2455257,283
7469,2455257,2455519,262
7470,2455519,2456109,590
7471,2456109,2456121,12
7472,2456121,2456142,21
7473,2456142,2456278,136
7474,2456278,2456497,219
7475,2456497,2456519,22
7476,2456519,2457737,1218
7477,2457737,2457782,45
7478,2457782,2458546,764
7479,2458546,2458955,409
7480,2458955,2459237,282
7481,2459237,2459847,610
7482,2459847,2459982,135
7483,2459982,2460956,974
7484,2460956,2461228,272
7485,2461228,2461233,5
7486,2461233,2461717,484
7487,2461717,2461759,42
7488,2461759,2462069,310
7489,2462069,2462638,569
7490,2462638,2462780,142
7491,2462780,2462919,139
7492,2462919,2463409,490
7493,2463409,2463895,486
7494,2463895,2464264,369
7495,2464264,2464301,37
7496,2464301,2464632,331
7497,2464632,2464673,41
7498,2464673,2464680,7
7499,2464680,2464687,7
7500,2464687,2464940,253
7501,2464940,2464952,12
7502,2464952,2465052,100
7503,2465052,2465106,54
7504,2465106,2465388,282
7505,2465388,2465504,116
7506,2465504,2465618,114
7507,2465618,2465674,56
7508,2465674,2466506,832
7509,2466506,2466593,87
7510,2466593,2466864,271
7511,2466864,2467023,159
7512,2467023,2467498,475
7513,2467498,2467506,8
7514,2467506,2467533,27
7515,2467533,2467590,57
7516,2467590,2467713,123
7517,2467713,2467832,119
7518,2467832,2468593,761
7519,2468593,2468830,237
7520,2468830,2468876,46
7521,2468876,2469201,325
7522,2469201,2469444,243
7523,2469444,2469656,212
7524,2469656,2470232,576
7525,2470232,2470396,164
7526,2470396,2470635,239
7527,2470635,2470950,315
7528,2470950,2470977,27
7529,2470977,2471183,206
7530,2471183,2471609,426
7531,2471609,2471867,258
7532,2471867,2471954,87
7533,2471954,2472397,443
7534,2472397,2472765,368
7535,2472765,2472789,24
7536,2472789,2472832,43
7537,2472832,2473246,414
7538,2473246,2473286,40
7539,2473286,2473749,463
7540,2473749,2473855,106
7541,2473855,2474007,152
7542,2474007,2474052,45
7543,2474052,2474128,76
7544,2474128,2474171,43
7545,2474171,2474187,16
7546,2474187,2474499,312
7547,2474499,2474507,8
7548,2474507,2474749,242
7549,2474749,2474875,126
7550,2474875,2474880,5
7551,2474880,2475063,183
7552,2475063,2475376,313
7553,2475376,2475564,188
7554,2475564,2475600,36
7555,2475600,2475664,64
7556,2475664,2475942,278
7557,2475942,2476137,195
7558,2476137,2476341,204
7559,2476341,2476619,278
7560,2476619,2476662,43
7561,2476662,2476860,198
7562,2476860,2477061,201
7563,2477061,2477144,83
7564,2477144,2477340,196
7565,2477340,2477571,231
7566,2477571,2477635,64
7567,2477635,2477828,193
7568,2477828,2478221,393
7569,2478221,2478257,36
7570,2478257,2478376,119
7571,2478376,2478543,167
7572,2478543,2479420,877
7573,2479420,2479919,499
7574,2479919,2480015,96
7575,2480015,2480373,358
7576,2480373,2480845,472
7577,2480845,2481101,256
7578,2481101,2481210,109
7579,2481210,2481217,7
7580,2481217,2481852,635
7581,2481852,2482114,262
7582,2482114,2482123,9
7583,2482123,2482152,29
7584,2482152,2482254,102
7585,2482254,2482478,224
7586,2482478,2482534,56
7587,2482534,2482679,145
7588,2482679,2482756,77
7589,2482756,2482763,7
7590,2482763,2483155,392
7591,2483155,2483283,128
7592,2483283,2483299,16
7593,2483299,2483343,44
7594,2483343,2483373,30
7595,2483373,2483412,39
7596,2483412,2483628,216
7597,2483628,2483777,149
7598,2483777,2483823,46
7599,2483823,2483907,84
7600,2483907,2484425,518
7601,2484425,2484679,254
7602,2484679,2484723,44
7603,2484723,2484747,24
7604,2484747,2484912,165
7605,2484912,2485865,953
7606,2485865,2485873,8
7607,2485873,2486034,161
7608,2486034,2486218,184
7609,2486218,2486461,243
7610,2486461,2486927,466
7611,2486927,2486941,14
7612,2486941,2487042,101
7613,2487042,2487191,149
7614,2487191,2487247,56
7615,2487247,2487301,54
7616,2487301,2487781,480
7617,2487781,2487899,118
7618,2487899,2488169,270
7619,2488169,2488502,333
7620,2488502,2488518,16
7621,2488518,2488667,149
7622,2488667,2488675,8
7623,2488675,2488772,97
7624,2488772,2488783,11
7625,2488783,2488808,25
7626,2488808,2489210,402
7627,2489210,2489420,210
7628,2489420,2489460,40
7629,2489460,2489496,36
7630,2489496,2489813,317
7631,2489813,2489838,25
7632,2489838,2489892,54
7633,2489892,2490581,689
7634,2490581,2490826,245
7635,2490826,2490895,69
7636,2490895,2491046,151
7637,2491046,2491162,116
7638,2491162,2491512,350
7639,2491512,2492022,510
7640,2492022,2492355,333
7641,2492355,2492402,47
7642,2492402,2492505,103
7643,2492505,2492654,149
7644,2492654,2493128,474
7645,2493128,2493163,35
7646,2493163,2493631,468
7647,2493631,2493802,171
7648,2493802,2494064,262
7649,2494064,2494087,23
7650,2494087,2494224,137
7651,2494224,2494293,69
7652,2494293,2494303,10
7653,2494303,2494327,24
7654,2494327,2494340,13
7655,2494340,2494442,102
7656,2494442,2494564,122
7657,2494564,2494658,94
7658,2494658,2494874,216
7659,2494874,2494950,76
7660,2494950,2494965,15
7661,2494965,2495072,107
7662,2495072,2496269,1197
7663,2496269,2496539,270
7664,2496539,2497000,461
7665,2497000,2497303,303
7666,2497303,2497493,190
7667,2497493,2498178,685
7668,2498178,2498230,52
7669,2498230,2498331,101
7670,2498331,2499835,1504
7671,2499835,2500373,538
7672,2500373,2500460,87
7673,2500460,2500787,327
7674,2500787,2500791,4
7675,2500791,2501464,673
7676,2501464,2502908,1444
7677,2502908,2503100,192
7678,2503100,2503430,330
7679,2503430,2504817,1387
7680,2504817,2504843,26
7681,2504843,2504915,72
7682,2504915,2505541,626
7683,2505541,2506685,1144
7684,2506685,2507328,643
7685,2507328,2508262,934
7686,2508262,2508683,421
7687,2508683,2508851,168
7688,2508851,2509146,295
7689,2509146,2509566,420
7690,2509566,2510423,857
7691,2510423,2510520,97
7692,2510520,2510919,399
7693,2510919,2511633,714
7694,2511633,2512373,740
7695,2512373,2512593,220
7696,2512593,2512681,88
7697,2512681,2512873,192
7698,2512873,2513697,824
7699,2513697,2514861,1164
7700,2514861,2514934,73
7701,2514934,2516106,1172
7702,2516106,2516375,269
7703,2516375,2516385,10
7704,2516385,2517110,725
7705,2517110,2517171,61
7706,2517171,2517345,174
7707,2517345,2517399,54
7708,2520900,2521331,431
7709,2521331,2521339,8
7710,2521339,2521373,34
7711,2521373,2521704,331
7712,2521704,2521773,69
7713,2521773,2521964,191
7714,2521964,2522143,179
7715,2522143,2522161,18
7716,2522161,2522193,32
7717,2522193,2522269,76
7718,2522269,2522516,247
7719,2522516,2522604,88
7720,2522604,2523717,1113
7721,2523717,2523765,48
7722,2523765,2523813,48
7723,2523813,2523857,44
7724,2523857,2523957,100
7725,2523957,2524797,840
7726,2524797,2524834,37
7727,2524834,2524952,118
7728,2524952,2525258,306
7729,2525258,2525273,15
7730,2525273,2526243,970
7731,2526243,2526421,178
7732,2526421,2526815,394
7733,2526815,2527337,522
7734,2527337,2527613,276
7735,2527613,2528306,693
7736,2528306,2528806,500
7737,2528806,2529312,506
7738,2529312,2530012,700
7739,2530012,2530018,6
7740,2530018,2530450,432
7741,2530450,2530481,31
7742,2530481,2530857,376
7743,2530857,2531057,200
7744,2531057,2531363,306
7745,2531363,2531369,6
7746,2531369,2531375,6
7747,2531375,2531385,10
7748,2531385,2531860,475
7749,2531860,2532445,585
7750,2532445,2533557,1112
7751,2533557,2535615,2058
7752,2535615,2535625,10
7753,2535625,2535727,102
7754,2535727,2537644,1917
7755,2537644,2537662,18
7756,2537662,2537747,85
7757,2537747,2537760,13
7758,2537760,2537766,6
7759,2537766,2538063,297
7760,2538063,2538078,15
7761,2538078,2538179,101
7762,2538179,2538309,130
7763,2538309,2538314,5
7764,2538314,2538319,5
7765,2538319,2538334,15
7766,2538334,2538581,247
7767,2538581,2538741,160
7768,2538741,2539131,390
7769,2539131,2539257,126
7770,2539257,2539459,202
7771,2539459,2539964,505
7772,2539964,2540169,205
7773,2540169,2540173,4
7774,2540173,2540394,221
7775,2540394,2540399,5
7776,2540399,2540464,65
7777,2540464,2540722,258
7778,2540722,2541348,626
7779,2541348,2541769,421
7780,2541769,2541807,38
7781,2541807,2542199,392
7782,2542199,2542349,150
7783,2542349,2542457,108
7784,2542457,2542874,417
7785,2542874,2543224,350
7786,2543224,2543888,664
7787,2543888,2543979,91
7788,2543979,2544276,297
7789,2544276,2544291,15
7790,2544291,2544355,64
7791,2544355,2544537,182
7792,2544537,2544587,50
7793,2544587,2544603,16
7794,2544603,2544612,9
7795,2544612,2545008,396
7796,2545008,2545018,10
7797,2545018,2545181,163
7798,2545181,2547445,2264
7799,2547445,2548801,1356
7800,2548801,2549061,260
7801,2549061,2549068,7
7802,2549068,2549087,19
7803,2549087,2549463,376
7804,2549463,2549698,235
7805,2549698,2550291,593
7806,2550291,2550444,153
7807,2550444,2551402,958
7808,2551402,2552060,658
7809,2552060,2552233,173
7810,2555146,2556630,1484
7811,2556630,2557044,414
7812,2557044,2557805,761
7813,2557805,2558054,249
7814,2558054,2558715,661
7815,2558715,2559114,399
7816,2559114,2560075,961
7817,2560075,2560268,193
7818,2560268,2561967,1699
7819,2561967,2562243,276
7820,2562243,2562608,365
7821,2562608,2562744,136
7822,2565457,2565616,159
7823,2565616,2567234,1618
7824,2567234,2567325,91
7825,2567325,2567613,288
7826,2567613,2567842,229
7827,2567842,2568722,880
7828,2568722,2568885,163
7829,2568885,2569549,664
7830,2569549,2570234,685
7831,2570234,2572030,1796
7832,2572030,2572244,214
7833,2572244,2572582,338
7834,2572582,2572738,156
7835,2572738,2573815,1077
7836,2573815,2574055,240
7837,2574055,2574900,845
7838,2574900,2574948,48
7839,2574948,2574990,42
7840,2574990,2575029,39
7841,2575029,2575454,425
7842,2575454,2575507,53
7843,2575507,2576031,524
7844,2576031,2576282,251
7845,2576282,2576328,46
7846,2576328,2576573,245
7847,2576573,2576695,122
7848,2576695,2577360,665
7849,2577360,2577989,629
7850,2577989,2578393,404
7851,2578393,2578400,7
7852,2578400,2578709,309
7853,2578709,2578727,18
7854,2578727,2578849,122
7855,2578849,2579150,301
7856,2579150,2579182,32
7857,2579182,2579299,117
7858,2579299,2579510,211
7859,2579510,2579817,307
7860,2579817,2579823,6
7861,2579823,2579962,139
7862,2579962,2580001,39
7863,2580001,2580431,430
7864,2580431,2580450,19
7865,2580450,2580478,28
7866,2580478,2580483,5
7867,2580483,2580488,5
7868,2580488,2581057,569
7869,2581057,2581299,242
7870,2581299,2582543,1244
7871,2582543,2582549,6
7872,2582549,2582947,398
7873,2582947,2582987,40
7874,2582987,2583557,570
7875,2583557,2583632,75
7876,2583632,2583683,51
7877,2583683,2584860,1177
7878,2584860,2584895,35
7879,2584895,2584899,4
7880,2584899,2585114,215
7881,2585114,2585312,198
7882,2585312,2585734,422
7883,2585734,2586666,932
7884,2586666,2586998,332
7885,2586998,2587083,85
7886,2587083,2587117,34
7887,2587117,2587124,7
7888,2587124,2587196,72
7889,2587196,2587442,246
7890,2587442,2587658,216
7891,2587658,2588033,375
7892,2588033,2588580,547
7893,2588580,2590003,1423
7894,2590003,2590495,492
7895,2590495,2591835,1340
7896,2591835,2591865,30
7897,2591865,2592414,549
7898,2592414,2592602,188
7899,2592602,2593176,574
7900,2593176,2593607,431
7901,2593607,2593971,364
7902,2593971,2594674,703
7903,2594674,2595369,695
7904,2595369,2596037,668
7905,2596037,2596328,291
7906,2596328,2596657,329
7907,2596657,2596765,108
7908,2596765,2596864,99
7909,2596864,2597538,674
7910,2597538,2598213,675
7911,2598213,2598218,5
7912,2598218,2598223,5
7913,2598223,2598307,84
7914,2598307,2598379,72
7915,2598379,2598739,360
7916,2598739,2598767,28
7917,2598767,2598807,40
7918,2598807,2598832,25
7919,2598832,2599448,616
7920,2599448,2599524,76
7921,2599524,2600022,498
7922,2600022,2600390,368
7923,2600390,2600562,172
7924,2600562,2600579,17
7925,2600579,2600909,330
7926,2600909,2600936,27
7927,2600936,2600943,7
7928,2600943,2601017,74
7929,2601017,2601123,106
7930,2601123,2601137,14
7931,2601137,2601546,409
7932,2601546,2601563,17
7933,2601563,2601570,7
7934,2601570,2601656,86
7935,2601656,2601686,30
7936,2601686,2601693,7
7937,2601693,2601788,95
7938,2601788,2602076,288
7939,2602076,2602166,90
7940,2602166,2602248,82
7941,2602248,2602421,173
7942,2602421,2602463,42
7943,2602463,2602653,190
7944,2602653,2602706,53
7945,2602706,2602762,56
7946,2602762,2602807,45
7947,2602807,2602966,159
7948,2602966,2603025,59
7949,2603025,2603033,8
7950,2603033,2603408,375
7951,2603408,2603497,89
7952,2603497,2603525,28
7953,2603525,2603582,57
7954,2603582,2603716,134
7955,2603716,2603825,109
7956,2603825,2603936,111
7957,2603936,2604101,165
7958,2604101,2604281,180
7959,2604281,2604628,347
7960,2604628,2604667,39
7961,2604667,2604908,241
7962,2604908,2604977,69
7963,2604977,2605078,101
7964,2605078,2605243,165
7965,2605243,2605292,49
7966,2605292,2605451,159
7967,2605451,2605537,86
7968,2605537,2605550,13
7969,2605550,2605607,57
7970,2605607,2605633,26
7971,2605633,2605779,146
7972,2605779,2606271,492
7973,2606271,2606396,125
7974,2606396,2606615,219
7975,2606615,2606887,272
7976,2606887,2607193,306
7977,2607193,2607200,7
7978,2607200,2607577,377
7979,2607577,2607718,141
7980,2607718,2608079,361
7981,2608079,2608179,100
7982,2608179,2608222,43
7983,2608222,2608252,30
7984,2608252,2608544,292
7985,2608544,2608635,91
7986,2608635,2608747,112
7987,2608747,2608902,155
7988,2608902,2609315,413
7989,2609315,2609408,93
7990,2609408,2609438,30
7991,2609438,2609572,134
7992,2609572,2609839,267
7993,2609839,2609851,12
7994,2609851,2609897,46
7995,2609897,2610161,264
7996,2610161,2610468,307
7997,2610468,2611066,598
7998,2611066,2611451,385
7999,2611451,2612565,1114
8000,2612565,2613332,767
8001,2613332,2613756,424
8002,2613756,2615210,1454
8003,2615210,2615685,475
8004,2615685,2616229,544
8005,2616229,2616997,768
8006,2616997,2617267,270
8007,2617267,2618171,904
8008,2618171,2618304,133
8009,2618304,2618431,127
8010,2618431,2618600,169
8011,2618600,2618949,349
8012,2618949,2618971,22
8013,2618971,2619242,271
8014,2619242,2619297,55
8015,2619297,2619392,95
8016,2619392,2620056,664
8017,2620056,2620071,15
8018,2620071,2620201,130
8019,2620201,2620226,25
8020,2620226,2620345,119
8021,2620345,2620411,66
8022,2620411,2620923,512
8023,2620923,2621064,141
8024,2621064,2621073,9
8025,2621073,2621217,144
8026,2621217,2621954,737
8027,2621954,2622231,277
8028,2622231,2622253,22
8029,2622253,2622259,6
8030,2622259,2622329,70
8031,2622329,2622385,56
8032,2622385,2622617,232
8033,2622617,2622644,27
8034,2622644,2622674,30
8035,2622674,2622695,21
8036,2622695,2622917,222
8037,2622917,2623037,120
8038,2623037,2623043,6
8039,2623043,2623195,152
8040,2623195,2623324,129
8041,2623324,2624043,719
8042,2624043,2624079,36
8043,2624079,2624139,60
8044,2624139,2624149,10
8045,2624149,2624163,14
8046,2624163,2624299,136
8047,2624299,2624347,48
8048,2624347,2624374,27
8049,2624374,2624485,111
8050,2624485,2625954,1469
8051,2625954,2626085,131
8052,2626085,2626111,26
8053,2626111,2626399,288
8054,2626399,2626804,405
8055,2626804,2626891,87
8056,2626891,2626955,64
8057,2626955,2627023,68
8058,2627023,2627535,512
8059,2627535,2627736,201
8060,2627736,2627751,15
8061,2627751,2627840,89
8062,2627840,2627920,80
8063,2627920,2627930,10
8064,2627930,2628010,80
8065,2628010,2628127,117
8066,2628127,2628265,138
8067,2628265,2628293,28
8068,2628293,2628594,301
8069,2628594,2628647,53
8070,2628647,2628705,58
8071,2628705,2628839,134
8072,2628839,2628962,123
8073,2628962,2629241,279
8074,2629241,2629340,99
8075,2629340,2629388,48
8076,2629388,2629614,226
8077,2629614,2629638,24
8078,2629638,2629725,87
8079,2629725,2629830,105
8080,2629830,2629876,46
8081,2629876,2630084,208
8082,2630084,2630225,141
8083,2630225,2630240,15
8084,2630240,2630352,112
8085,2630352,2630498,146
8086,2630498,2630975,477
8087,2630975,2631124,149
8088,2631124,2631197,73
8089,2631197,2631264,67
8090,2631264,2631329,65
8091,2631329,2631334,5
8092,2631334,2631339,5
8093,2631339,2631344,5
8094,2631344,2631374,30
8095,2631374,2631479,105
8096,2631479,2631494,15
8097,2631494,2631531,37
8098,2631531,2631857,326
8099,2631857,2631894,37
8100,2631894,2631909,15
8101,2631909,2631933,24
8102,2631933,2632097,164
8103,2632097,2632447,350
8104,2632447,2632487,40
8105,2632487,2632643,156
8106,2632643,2632771,128
8107,2632771,2632796,25
8108,2632796,2632819,23
8109,2632819,2632879,60
8110,2632879,2632993,114
8111,2632993,2633146,153
8112,2633146,2633263,117
8113,2633263,2634014,751
8114,2634014,2635157,1143
8115,2635157,2635325,168
8116,2635325,2635374,49
8117,2635374,2635425,51
8118,2635425,2635779,354
8119,2635779,2636158,379
8120,2636158,2636706,548
8121,2636706,2637602,896
8122,2637602,2638064,462
8123,2638064,2638121,57
8124,2638121,2639317,1196
8125,2639317,2639442,125
8126,2639442,2640226,784
8127,2640226,2640433,207
8128,2640433,2640750,317
8129,2640750,2642107,1357
8130,2642107,2643706,1599
8131,2643706,2644313,607
8132,2644313,2644550,237
8133,2644550,2644700,150
8134,2644700,2644850,150
8135,2644850,2646186,1336
8136,2646186,2647802,1616
8137,2647802,2647955,153
8138,2647955,2648121,166
8139,2648121,2648689,568
8140,2648689,2649003,314
8141,2649003,2649163,160
8142,2649163,2649619,456
8143,2649619,2650808,1189
8144,2650808,2651057,249
8145,2651057,2651116,59
8146,2651116,2652030,914
8147,2652030,2653057,1027
8148,2653057,2653898,841
8149,2653898,2653966,68
8150,2657968,2658891,923
8151,2658891,2659438,547
8152,2659438,2659635,197
8153,2659635,2659933,298
8154,2659933,2660033,100
8155,2660033,2660084,51
8156,2660084,2660091,7
8157,2660091,2660098,7
8158,2660098,2660279,181
8159,2660279,2660374,95
8160,2660374,2660384,10
8161,2660384,2660407,23
8162,2660407,2660966,559
8163,2660966,2661770,804
8164,2661770,2661814,44
8165,2661814,2662224,410
8166,2662224,2662742,518
8167,2662742,2662749,7
8168,2662749,2662767,18
8169,2662767,2663420,653
8170,2663420,2663653,233
8171,2663653,2664086,433
8172,2664086,2664144,58
8173,2664144,2664176,32
8174,2664176,2664669,493
8175,2664669,2665253,584
8176,2665253,2665809,556
8177,2665809,2666317,508
8178,2666317,2666358,41
8179,2666358,2666545,187
8180,2666545,2667100,555
8181,2667100,2667118,18
8182,2667118,2667155,37
8183,2667155,2667183,28
8184,2667183,2667276,93
8185,2667276,2667281,5
8186,2667281,2667289,8
8187,2667289,2667327,38
8188,2667327,2667332,5
8189,2667332,2667447,115
8190,2667447,2667552,105
8191,2667552,2667556,4
8192,2667556,2667560,4
8193,2667560,2667568,8
8194,2667568,2668483,915
8195,2668483,2668644,161
8196,2668644,2668872,228
8197,2668872,2668885,13
8198,2668885,2669025,140
8199,2669025,2669241,216
8200,2669241,2669582,341
8201,2669582,2669646,64
8202,2669646,2669965,319
8203,2669965,2670721,756
8204,2670721,2670747,26
8205,2670747,2670753,6
8206,2670753,2670835,82
8207,2670835,2670950,115
8208,2670950,2671035,85
8209,2671035,2671240,205
8210,2671240,2671397,157
8211,2671397,2671540,143
8212,2671540,2671702,162
8213,2671702,2671855,153
8214,2671855,2672315,460
8215,2672315,2672338,23
8216,2672338,2672344,6
8217,2672344,2672694,350
8218,2672694,2672723,29
8219,2672723,2672987,264
8220,2672987,2673111,124
8221,2673111,2673116,5
8222,2673116,2673120,4
8223,2673120,2673336,216
8224,2673336,2673378,42
8225,2673378,2673384,6
8226,2673384,2673435,51
8227,2673435,2673845,410
8228,2673845,2673896,51
8229,2673896,2674078,182
8230,2674078,2674430,352
8231,2674430,2675027,597
8232,2675027,2675109,82
8233,2675109,2675316,207
8234,2675316,2677178,1862
8235,2677178,2677184,6
8236,2677184,2677818,634
8237,2677818,2677959,141
8238,2677959,2678344,385
8239,2678344,2678656,312
8240,2678656,2678660,4
8241,2678660,2678750,90
8242,2678750,2679845,1095
8243,2679845,2680459,614
8244,2680459,2680862,403
8245,2680862,2680943,81
8246,2680943,2681372,429
8247,2681372,2681551,179
8248,2681551,2681587,36
8249,2681587,2682217,630
8250,2682217,2682676,459
8251,2682676,2682701,25
8252,2682701,2682719,18
8253,2682719,2682743,24
8254,2682743,2683507,764
8255,2683507,2684339,832
8256,2684339,2687754,3415
8257,2687754,2688381,627
8258,2688381,2688492,111
8259,2688492,2688576,84
8260,2688576,2688654,78
8261,2688654,2688673,19
8262,2688673,2688691,18
8263,2688691,2688742,51
8264,2688742,2689170,428
8265,2689170,2689419,249
8266,2689419,2689485,66
8267,2689485,2689564,79
8268,2689564,2689883,319
8269,2689883,2689891,8
8270,2689891,2690140,249
8271,2690140,2690344,204
8272,2690344,2690949,605
8273,2690949,2691002,53
8274,2691002,2691035,33
8275,2691035,2691839,804
8276,2691839,2692096,257
8277,2692096,2692230,134
8278,2692230,2692333,103
8279,2692333,2692345,12
8280,2692345,2692600,255
8281,2692600,2692982,382
8282,2692982,2693160,178
8283,2693160,2694045,885
8284,2694045,2694186,141
8285,2694186,2694203,17
8286,2694203,2694355,152
8287,2694355,2694463,108
8288,2694463,2694547,84
8289,2694547,2694919,372
8290,2694919,2695041,122
8291,2695041,2695146,105
8292,2695146,2695602,456
8293,2695602,2695617,15
8294,2695617,2695637,20
8295,2695637,2695875,238
8296,2695875,2696183,308
8297,2696183,2696230,47
8298,2696230,2696538,308
8299,2696538,2696820,282
8300,2696820,2696879,59
8301,2696879,2697209,330
8302,2697209,2697472,263
8303,2697472,2697923,451
8304,2697923,2697933,10
8305,2697933,2698202,269
8306,2698202,2698241,39
8307,2698241,2698501,260
8308,2698501,2699020,519
8309,2699020,2699061,41
8310,2699061,2699287,226
8311,2699287,2699860,573
8312,2699860,2699999,139
8313,2699999,2700386,387
8314,2700386,2701319,933
8315,2701319,2701528,209
8316,2701528,2701818,290
8317,2701818,2701911,93
8318,2701911,2702083,172
8319,2702083,2702130,47
8320,2702130,2702161,31
8321,2702161,2702248,87
8322,2702248,2702266,18
8323,2702266,2702743,477
8324,2702743,2703626,883
8325,2703626,2703942,316
8326,2703942,2704174,232
8327,2704174,2704740,566
8328,2704740,2704847,107
8329,2704847,2705025,178
8330,2705025,2705079,54
8331,2705079,2705107,28
8332,2705107,2705337,230
8333,2705337,2705391,54
8334,2705391,2705592,201
8335,2705592,2706224,632
8336,2706224,2706318,94
8337,2706318,2706816,498
8338,2706816,2707171,355
8339,2707171,2707264,93
8340,2707264,2707613,349
8341,2707613,2708189,576
8342,2708189,2708996,807
8343,2708996,2709034,38
8344,2709034,2709070,36
8345,2709070,2709102,32
8346,2709102,2709333,231
8347,2709333,2709562,229
8348,2709562,2709844,282
8349,2709844,2710338,494
8350,2710338,2710583,245
8351,2710583,2710672,89
8352,2710672,2711110,438
8353,2711110,2711186,76
8354,2711186,2711354,168
8355,2711354,2711511,157
8356,2711511,2711960,449
8357,2711960,2712882,922
8358,2712882,2713082,200
8359,2713082,2713505,423
8360,2713505,2713537,32
8361,2713537,2713665,128
8362,2713665,2715252,1587
8363,2715252,2715289,37
8364,2715289,2715336,47
8365,2715336,2715391,55
8366,2715391,2715452,61
8367,2715452,2715707,255
8368,2715707,2715841,134
8369,2715841,2715950,109
8370,2715950,2715971,21
8371,2715971,2716244,273
8372,2716244,2716579,335
8373,2716579,2716709,130
8374,2716709,2716970,261
8375,2716970,2718313,1343
8376,2718313,2718415,102
8377,2718415,2718508,93
8378,2718508,2718829,321
8379,2718829,2719343,514
8380,2719343,2719376,33
8381,2719376,2719393,17
8382,2719393,2719436,43
8383,2719436,2719492,56
8384,2719492,2719514,22
8385,2719514,2719618,104
8386,2719618,2719775,157
8387,2719775,2720352,577
8388,2720352,2720582,230
8389,2720582,2720863,281
8390,2720863,2720979,116
8391,2720979,2721123,144
8392,2721123,2721588,465
8393,2721588,2721882,294
8394,2721882,2721934,52
8395,2721934,2722011,77
8396,2722011,2722363,352
8397,2722363,2722491,128
8398,2722491,2722512,21
8399,2722512,2722734,222
8400,2722734,2723080,346
8401,2723080,2723142,62
8402,2723142,2723240,98
8403,2723240,2723268,28
8404,2723268,2723489,221
8405,2723489,2723596,107
8406,2723596,2723624,28
8407,2723624,2723740,116
8408,2723740,2724095,355
8409,2724095,2724232,137
8410,2724232,2724241,9
8411,2724241,2724621,380
8412,2724621,2724897,276
8413,2724897,2725396,499
8414,2725396,2725546,150
8415,2725546,2725599,53
8416,2725599,2725674,75
8417,2725674,2725767,93
8418,2725767,2725808,41
8419,2725808,2725980,172
8420,2725980,2726315,335
8421,2726315,2726681,366
8422,2726681,2726759,78
8423,2726759,2727410,651
8424,2727410,2727475,65
8425,2727475,2727845,370
8426,2727845,2727920,75
8427,2727920,2727924,4
8428,2727924,2728223,299
8429,2728223,2728568,345
8430,2728568,2728628,60
8431,2728628,2728771,143
8432,2728771,2729347,576
8433,2729347,2729377,30
8434,2729377,2729431,54
8435,2729431,2729517,86
8436,2729517,2729876,359
8437,2729876,2730640,764
8438,2730640,2731049,409
8439,2731049,2731265,216
8440,2731265,2731299,34
8441,2731299,2731823,524
8442,2731823,2732252,429
8443,2732252,2732660,408
8444,2732660,2732722,62
8445,2732722,2732869,147
8446,2732869,2733086,217
8447,2733086,2733107,21
8448,2733107,2733113,6
8449,2733113,2733144,31
8450,2733144,2733554,410
8451,2733554,2733696,142
8452,2733696,2734205,509
8453,2734205,2734419,214
8454,2734419,2734790,371
8455,2734790,2734943,153
8456,2734943,2735077,134
8457,2735077,2735100,23
8458,2735100,2735533,433
8459,2735533,2735548,15
8460,2735548,2735635,87
8461,2735635,2735683,48
8462,2735683,2735695,12
8463,2735695,2735750,55
8464,2735750,2735856,106
8465,2735856,2735988,132
8466,2735988,2736372,384
8467,2736372,2736615,243
8468,2736615,2736648,33
8469,2736648,2737110,462
8470,2737110,2737300,190
8471,2737300,2737635,335
8472,2737635,2738497,862
8473,2738497,2738629,132
8474,2738629,2739395,766
8475,2739395,2739493,98
8476,2739493,2739624,131
8477,2739624,2739688,64
8478,2739688,2739720,32
8479,2739720,2740236,516
8480,2740236,2740342,106
8481,2740342,2740782,440
8482,2740782,2741180,398
8483,2741180,2742345,1165
8484,2742345,2742545,200
8485,2742545,2742616,71
8486,2742616,2742864,248
8487,2742864,2743089,225
8488,2743089,2743470,381
8489,2743470,2744401,931
8490,2744401,2744804,403
8491,2744804,2745593,789
8492,2745593,2746494,901
8493,2746494,2746715,221
8494,2746715,2747244,529
8495,2749769,2749807,38
8496,2749807,2749832,25
8497,2749832,2750577,745
8498,2750577,2751214,637
8499,2751214,2752167,953
8500,2752167,2753007,840
8501,2753007,2754820,1813
8502,2754820,2755461,641
8503,2755461,2755512,51
8504,2755512,2756025,513
8505,2756025,2756921,896
8506,2756921,2758093,1172
8507,2758093,2759335,1242
8508,2759335,2759534,199
8509,2759534,2759737,203
8510,2759737,2760457,720
8511,2760457,2760675,218
8512,2760675,2760960,285
8513,2760960,2761855,895
8514,2761855,2764487,2632
8515,2764487,2765070,583
8516,2765070,2766273,1203
8517,2766273,2766454,181
8518,2766454,2768025,1571
8519,2768025,2768277,252
8520,2768277,2768780,503
8521,2768780,2769102,322
8522,2769102,2769461,359
8523,2769461,2769812,351
8524,2769812,2770736,924
8525,2770736,2771041,305
8526,2771041,2771049,8
8527,2771049,2771118,69
8528,2771118,2772299,1181
8529,2772299,2772472,173
8530,2772472,2774541,2069
8531,2774541,2775960,1419
8532,2775960,2776392,432
8533,2776392,2776639,247
8534,2776639,2777415,776
8535,2777415,2777674,259
8536,2777674,2777816,142
8537,2777816,2778295,479
8538,2778295,2780096,1801
8539,2780096,2780130,34
8540,2780130,2780321,191
8541,2780321,2780637,316
8542,2780637,2781767,1130
8543,2781767,2782331,564
8544,2782331,2782339,8
8545,2782339,2782654,315
8546,2782654,2783390,736
8547,2783390,2784393,1003
8548,2784393,2785223,830
8549,2785223,2786432,1209
8550,2786432,2787480,1048
8551,2787480,2787942,462
8552,2787942,2788332,390
8553,2788332,2788540,208
8554,2788540,2788616,76
8555,2788616,2788809,193
8556,2788809,2790823,2014
8557,2790823,2791193,370
8558,2791193,2791806,613
8559,2791806,2791964,158
8560,2791964,2791969,5
8561,2791969,2791982,13
8562,2791982,2792193,211
8563,2792193,2792337,144
8564,2792337,2792351,14
8565,2792351,2792433,82
8566,2792433,2792469,36
8567,2792469,2792477,8
8568,2792477,2792686,209
8569,2792686,2792826,140
8570,2792826,2793142,316
8571,2793142,2793438,296
8572,2793438,2793822,384
8573,2793822,2794171,349
8574,2794171,2795697,1526
8575,2795697,2795851,154
8576,2795851,2796036,185
8577,2796036,2796047,11
8578,2796047,2796196,149
8579,2796196,2796292,96
8580,2796292,2796665,373
8581,2796665,2796686,21
8582,2796686,2797222,536
8583,2797222,2797561,339
8584,2797561,2797623,62
8585,2797623,2798631,1008
8586,2798631,2798949,318
8587,2798949,2801188,2239
8588,2801188,2802997,1809
8589,2802997,2803750,753
8590,2803750,2804340,590
8591,2804340,2805609,1269
8592,2805609,2807188,1579
8593,2807188,2807379,191
8594,2807379,2807411,32
8595,2807411,2808058,647
8596,2808058,2809071,1013
8597,2809071,2809509,438
8598,2809509,2809708,199
8599,2809708,2809979,271
8600,2809979,2810052,73
8601,2810052,2810107,55
8602,2810107,2810128,21
8603,2810128,2810254,126
8604,2810254,2810535,281
8605,2810535,2810704,169
8606,2810704,2810950,246
8607,2810950,2813047,2097
8608,2813047,2813053,6
8609,2813053,2814052,999
8610,2814052,2814867,815
8611,2814867,2815027,160
8612,2815027,2816017,990
8613,2816017,2816942,925
8614,2816942,2818049,1107
8615,2818049,2818153,104
8616,2818153,2819019,866
8617,2819019,2819748,729
8618,2819748,2820359,611
8619,2820359,2822773,2414
8620,2822773,2823692,919
8621,2823692,2824089,397
8622,2824089,2824831,742
8623,2824831,2825355,524
8624,2825355,2825524,169
8625,2825524,2825711,187
8626,2825711,2826430,719
8627,2826430,2826547,117
8628,2826547,2827258,711
8629,2827258,2827382,124
8630,2827382,2827505,123
8631,2827505,2827565,60
8632,2827565,2827587,22
8633,2827587,2827891,304
8634,2827891,2827972,81
8635,2827972,2828464,492
8636,2828464,2828986,522
8637,2828986,2829217,231
8638,2829217,2830108,891
8639,2830108,2830267,159
8640,2830267,2830312,45
8641,2830312,2830879,567
8642,2830879,2830892,13
8643,2830892,2832151,1259
8644,2832151,2833263,1112
8645,2833263,2836123,2860
8646,2836123,2837854,1731
8647,2837854,2838713,859
8648,2838713,2839349,636
8649,2839349,2841038,1689
8650,2841038,2842121,1083
8651,2842121,2842653,532
8652,2842653,2842777,124
8653,2842777,2842977,200
8654,2842977,2843669,692
8655,2843669,2843817,148
8656,2843817,2844164,347
8657,2844164,2844475,311
8658,2844475,2845060,585
8659,2845060,2845082,22
8660,2845082,2845105,23
8661,2845105,2845252,147
8662,2845252,2845947,695
8663,2845947,2846411,464
8664,2846411,2846637,226
8665,2846637,2846862,225
8666,2846862,2847089,227
8667,2847089,2848155,1066
8668,2848155,2848802,647
8669,2848802,2849954,1152
8670,2849954,2849969,15
8671,2849969,2850182,213
8672,2850182,2850191,9
8673,2850191,2850246,55
8674,2850246,2850686,440
8675,2850686,2850852,166
8676,2850852,2850861,9
8677,2850861,2850964,103
8678,2850964,2851743,779
8679,2851743,2851844,101
8680,2851844,2851971,127
8681,2851971,2851993,22
8682,2851993,2852016,23
8683,2852016,2852163,147
8684,2852163,2852856,693
8685,2852856,2853203,347
8686,2853203,2854397,1194
8687,2854397,2854548,151
8688,2854548,2857499,2951
8689,2857499,2858285,786
8690,2858285,2858711,426
8691,2858711,2858959,248
8692,2858959,2859334,375
8693,2859334,2859373,39
8694,2859373,2860319,946
8695,2860319,2861799,1480
8696,2861799,2861945,146
8697,2861945,2861986,41
8698,2861986,2862108,122
8699,2862108,2862475,367
8700,2862475,2863574,1099
8701,2863574,2863654,80
8702,2863654,2864675,1021
8703,2864675,2864876,201
8704,2864876,2867259,2383
8705,2867259,2868313,1054
8706,2868313,2868486,173
8707,2868486,2868628,142
8708,2868628,2868859,231
8709,2868859,2868959,100
8710,2868959,2870481,1522
8711,2870481,2870686,205
8712,2870686,2870713,27
8713,2870713,2870786,73
8714,2870786,2872072,1286
8715,2872072,2872330,258
8716,2872330,2872339,9
8717,2872339,2872547,208
8718,2872547,2872620,73
8719,2872620,2872812,192
8720,2872812,2873007,195
8721,2873007,2874927,1920
8722,2874927,2875760,833
8723,2875760,2875811,51
8724,2875811,2876160,349
8725,2876160,2876279,119
8726,2876279,2876396,117
8727,2879306,2880280,974
8728,2880280,2881704,1424
8729,2881704,2882222,518
8730,2882222,2883011,789
8731,2883011,2883119,108
8732,2883119,2883167,48
8733,2883167,2883189,22
8734,2883189,2883227,38
8735,2883227,2883603,376
8736,2883603,2883657,54
8737,2883657,2883684,27
8738,2883684,2884310,626
8739,2884310,2885192,882
8740,2885192,2885467,275
8741,2885467,2885913,446
8742,2885913,2887509,1596
8743,2887509,2887809,300
8744,2887809,2888156,347
8745,2888156,2889196,1040
8746,2889196,2889415,219
8747,2889415,2890488,1073
8748,2890488,2890528,40
8749,2890528,2890821,293
8750,2890821,2891023,202
8751,2891023,2891476,453
8752,2891476,2892329,853
8753,2892329,2893186,857
8754,2893186,2893252,66
8755,2893252,2893352,100
8756,2893352,2893406,54
8757,2893406,2893430,24
8758,2893430,2893535,105
8759,2893535,2893685,150
8760,2893685,2893693,8
8761,2893693,2893761,68
8762,2893761,2894928,1167
8763,2894928,2895352,424
8764,2895352,2895920,568
8765,2895920,2896194,274
8766,2896194,2896310,116
8767,2896310,2896615,305
8768,2896615,2896863,248
8769,2896863,2897322,459
8770,2897322,2897811,489
8771,2897811,2897816,5
8772,2899685,2900721,1036
8773,2900721,2900938,217
8774,2900938,2901633,695
8775,2901633,2901704,71
8776,2901704,2902222,518
8777,2902222,2903356,1134
8778,2903356,2903627,271
8779,2903627,2903876,249
8780,2905852,2906181,329
8781,2908019,2908292,273
8782,2908292,2908668,376
8783,2908668,2908773,105
8784,2908773,2908781,8
8785,2908781,2909528,747
8786,2909528,2910056,528
8787,2910056,2910510,454
8788,2910510,2911379,869
8789,2911379,2911514,135
8790,2911514,2912089,575
8791,2912089,2912784,695
8792,2912784,2913382,598
8793,2913382,2914255,873
8794,2914255,2914756,501
8795,2914756,2915781,1025
8796,2915781,2915847,66
8797,2919147,2919549,402
8798,2919549,2919584,35
8799,2919584,2920791,1207
8800,2920791,2920795,4
8801,2920795,2920955,160
8802,2920955,2921571,616
8803,2921571,2921726,155
8804,2921726,2921807,81
8805,2921807,2921933,126
8806,2921933,2922012,79
8807,2922012,2922859,847
8808,2922859,2923527,668
8809,2923527,2923825,298
8810,2923825,2923953,128
8811,2923953,2923965,12
8812,2923965,2924050,85
8813,2924050,2924202,152
8814,2924202,2924542,340
8815,2924542,2925102,560
8816,2925102,2925449,347
8817,2925449,2925632,183
8818,2925632,2926044,412
8819,2926044,2926299,255
8820,2926299,2926399,100
8821,2926399,2926453,54
8822,2926453,2926560,107
8823,2926560,2926618,58
8824,2926618,2926636,18
8825,2926636,2927185,549
8826,2927185,2927552,367
8827,2927552,2927894,342
8828,2927894,2927927,33
8829,2927927,2928304,377
8830,2928304,2928830,526
8831,2928830,2928873,43
8832,2928873,2929064,191
8833,2929064,2929562,498
8834,2929562,2929693,131
8835,2929693,2929697,4
8836,2929697,2930061,364
8837,2930061,2930336,275
8838,2930336,2930372,36
8839,2930372,2930508,136
8840,2930508,2930966,458
8841,2930966,2931161,195
8842,2931161,2931782,621
8843,2931782,2931817,35
8844,2931817,2931833,16
8845,2931833,2932054,221
8846,2932054,2932176,122
8847,2932176,2933206,1030
8848,2933206,2933679,473
8849,2933679,2933861,182
8850,2933861,2934656,795
8851,2934656,2934744,88
8852,2934744,2934875,131
8853,2934875,2935264,389
8854,2935264,2935297,33
8855,2935297,2935786,489
8856,2935786,2935901,115
8857,2935901,2936072,171
8858,2936072,2936440,368
8859,2936440,2936600,160
8860,2936600,2936728,128
8861,2936728,2937013,285
8862,2937013,2937050,37
8863,2937050,2937340,290
8864,2937340,2937472,132
8865,2937472,2937478,6
8866,2937478,2937490,12
8867,2937490,2937538,48
8868,2937538,2937579,41
8869,2937579,2937689,110
8870,2937689,2937998,309
8871,2937998,2938009,11
8872,2938009,2938296,287
8873,2938296,2938482,186
8874,2938482,2939323,841
8875,2939323,2939430,107
8876,2939430,2940195,765
8877,2940195,2940472,277
8878,2940472,2940479,7
8879,2940479,2940490,11
8880,2940490,2940595,105
8881,2940595,2940612,17
8882,2940612,2940660,48
8883,2940660,2940911,251
8884,2940911,2941122,211
8885,2941122,2941126,4
8886,2941126,2941152,26
8887,2941152,2941396,244
8888,2941396,2941504,108
8889,2941504,2941542,38
8890,2941542,2941627,85
8891,2941627,2941691,64
8892,2941691,2941889,198
8893,2941889,2941952,63
8894,2941952,2942404,452
8895,2942404,2942422,18
8896,2942422,2942892,470
8897,2942892,2943003,111
8898,2943003,2943210,207
8899,2943210,2943326,116
8900,2943326,2943480,154
8901,2943480,2943748,268
8902,2943748,2944173,425
8903,2944173,2944973,800
8904,2944973,2945290,317
8905,2945290,2945687,397
8906,2945687,2945770,83
8907,2945770,2945990,220
8908,2945990,2945996,6
8909,2945996,2946232,236
8910,2946232,2946450,218
8911,2946450,2946470,20
8912,2946470,2946478,8
8913,2946478,2946835,357
8914,2946835,2946865,30
8915,2946865,2946872,7
8916,2946872,2946879,7
8917,2946879,2947012,133
8918,2947012,2947017,5
8919,2947017,2947106,89
8920,2947106,2947115,9
8921,2947115,2947171,56
8922,2947171,2947200,29
8923,2947200,2947296,96
8924,2947296,2947329,33
8925,2947329,2947356,27
8926,2947356,2947868,512
8927,2947868,2947932,64
8928,2947932,2948223,291
8929,2948223,2948278,55
8930,2948278,2948340,62
8931,2948340,2948563,223
8932,2948563,2948668,105
8933,2948668,2948836,168
8934,2948836,2948958,122
8935,2948958,2949306,348
8936,2949306,2949438,132
8937,2949438,2950404,966
8938,2952696,2952818,122
8939,2952818,2953450,632
8940,2953450,2953480,30
8941,2953480,2953575,95
8942,2953575,2953726,151
8943,2953726,2953894,168
8944,2953894,2954058,164
8945,2954058,2954320,262
8946,2954320,2954384,64
8947,2954384,2954821,437
8948,2954821,2954887,66
8949,2954887,2954930,43
8950,2954930,2955100,170
8951,2955100,2955677,577
8952,2955677,2955732,55
8953,2955732,2955971,239
8954,2955971,2956877,906
8955,2956877,2957184,307
8956,2957184,2957496,312
8957,2957496,2957510,14
8958,2957510,2957738,228
8959,2957738,2957799,61
8960,2957799,2957846,47
8961,2957846,2958082,236
8962,2958082,2959045,963
8963,2959045,2959771,726
8964,2959771,2959949,178
8965,2959949,2959973,24
8966,2959973,2960022,49
8967,2960022,2960863,841
8968,2960863,2961203,340
8969,2961203,2961571,368
8970,2961571,2963151,1580
8971,2963151,2963373,222
8972,2963373,2963982,609
8973,2963982,2964209,227
8974,2964209,2964213,4
8975,2964213,2965148,935
8976,2965148,2966077,929
8977,2966077,2966549,472
8978,2966549,2968069,1520
8979,2968069,2968926,857
8980,2968926,2969504,578
8981,2969504,2969906,402
8982,2969906,2970597,691
8983,2970597,2970878,281
8984,2970878,2970909,31
8985,2970909,2971461,552
8986,2971461,2972791,1330
8987,2972791,2972888,97
8988,2972888,2972975,87
8989,2972975,2973840,865
8990,2973840,2974342,502
8991,2974342,2975449,1107
8992,2975449,2975916,467
8993,2975916,2976928,1012
8994,2976928,2977999,1071
8995,2977999,2978470,471
8996,2978470,2979296,826
8997,2979296,2979338,42
8998,2979338,2979605,267
8999,2979605,2979609,4
9000,2979609,2981718,2109
9001,2981718,2982519,801
9002,2982519,2982742,223
9003,2982742,2982756,14
9004,2982756,2982826,70
9005,2982826,2982935,109
9006,2982935,2983026,91
9007,2983026,2983437,411
9008,2983437,2983600,163
9009,2983600,2983764,164
9010,2983764,2984487,723
9011,2984487,2984770,283
9012,2984770,2985025,255
9013,2985025,2985350,325
9014,2985350,2985364,14
9015,2985364,2985641,277
9016,2985641,2985753,112
9017,2985753,2985762,9
9018,2985762,2985771,9
9019,2985771,2985780,9
9020,2985780,2985897,117
9021,2985897,2986076,179
9022,2986076,2986119,43
9023,2986119,2986974,855
9024,2986974,2987469,495
9025,2987469,2987475,6
9026,2987475,2988135,660
9027,2988135,2988302,167
9028,2988302,2988480,178
9029,2988480,2990670,2190
9030,2990670,2992032,1362
9031,2992032,2992067,35
9032,2992067,2992114,47
9033,2992114,2992176,62
9034,2994576,2994921,345
9035,2994921,2996359,1438
9036,2996359,2996877,518
9037,2996877,2997469,592
9038,2997469,2997475,6
9039,2997475,2998141,666
9040,2998141,2998528,387
9041,2998528,2999675,1147
9042,2999675,3000082,407
9043,3000082,3000714,632
9044,3000714,3000831,117
9045,3000831,3001593,762
9046,3001593,3002060,467
9047,3002060,3002577,517
9048,3002577,3002586,9
9049,3002586,3002654,68
9050,3002654,3002685,31
9051,3002685,3002751,66
9052,3002751,3003168,417
9053,3003168,3003751,583
9054,3003751,3003999,248
9055,3003999,3004136,137
9056,3004136,3004408,272
9057,3004408,3004415,7
9058,3004415,3004845,430
9059,3004845,3004878,33
9060,3004878,3005281,403
9061,3005281,3005618,337
9062,3005618,3005630,12
9063,3005630,3005783,153
9064,3005783,3005925,142
9065,3005925,3006601,676
9066,3006601,3007103,502
9067,3007103,3007868,765
9068,3007868,3011119,3251
9069,3011119,3013231,2112
9070,3013231,3014985,1754
9071,3014985,3015073,88
9072,3015073,3015327,254
9073,3015327,3015863,536
9074,3015863,3017144,1281
9075,3017144,3018209,1065
9076,3018209,3018216,7
9077,3018216,3018226,10
9078,3018226,3018236,10
9079,3018236,3018383,147
9080,3018383,3018397,14
9081,3018397,3018431,34
9082,3018431,3018661,230
9083,3018661,3018951,290
9084,3018951,3019303,352
9085,3019303,3019312,9
9086,3019312,3019350,38
9087,3019350,3019996,646
9088,3019996,3020165,169
9089,3020165,3020264,99
9090,3020264,3020269,5
9091,3020269,3020314,45
9092,3020314,3021872,1558
9093,3021872,3022937,1065
9094,3022937,3024283,1346
9095,3024283,3024477,194
9096,3024477,3025107,630
9097,3025107,3025979,872
9098,3025979,3025989,10
9099,3025989,3026043,54
9100,3026043,3026067,24
9101,3026067,3028439,2372
9102,3028439,3028706,267
9103,3028706,3028710,4
9104,3028710,3030598,1888
9105,3030598,3030953,355
9106,3030953,3031772,819
9107,3031772,3033465,1693
9108,3033465,3033513,48
9109,3033513,3033953,440
9110,3033953,3034782,829
9111,3038911,3039356,445
9112,3039356,3039959,603
9113,3039959,3040803,844
9114,3040803,3040868,65
9115,3040868,3041005,137
9116,3041005,3041026,21
9117,3041026,3041100,74
9118,3041100,3041192,92
9119,3041192,3041786,594
9120,3041786,3041966,180
9121,3041966,3042008,42
9122,3042008,3042025,17
9123,3042025,3042275,250
9124,3042275,3042532,257
9125,3042532,3042833,301
9126,3042833,3043995,1162
9127,3043995,3044313,318
9128,3044313,3044389,76
9129,3044389,3044777,388
9130,3044777,3045697,920
9131,3045697,3045744,47
9132,3045744,3046035,291
9133,3046035,3046308,273
9134,3046308,3046394,86
9135,3046394,3046437,43
9136,3046437,3047213,776
9137,3047213,3048381,1168
9138,3048381,3049753,1372
9139,3049753,3050042,289
9140,3051506,3052110,604
9141,3052110,3053621,1511
9142,3053621,3053632,11
9143,3053632,3053804,172
9144,3053804,3055191,1387
9145,3055191,3055830,639
9146,3055830,3057000,1170
9147,3057000,3057234,234
9148,3057234,3057962,728
9149,3057962,3059412,1450
9150,3059412,3060108,696
9151,3060108,3060149,41
9152,3060149,3061643,1494
9153,3061643,3061772,129
9154,3064447,3064455,8
9155,3064455,3064463,8
9156,3064463,3064471,8
9157,3064471,3066757,2286
9158,3066757,3066959,202
9159,3066959,3066990,31
9160,3066990,3067056,66
9161,3067056,3067393,337
9162,3067393,3067463,70
9163,3067463,3067510,47
9164,3067510,3067750,240
9165,3067750,3068136,386
9166,3068136,3068922,786
9167,3068922,3070210,1288
9168,3070210,3073900,3690
9169,3073900,3074018,118
9170,3074018,3074057,39
9171,3074057,3074096,39
9172,3074096,3074175,79
9173,3074175,3074276,101
9174,3074276,3074446,170
9175,3074446,3074572,126
9176,3074572,3074627,55
9177,3074627,3074908,281
9178,3074908,3075039,131
9179,3075039,3075321,282
9180,3075321,3075373,52
9181,3075373,3075557,184
9182,3075557,3075610,53
9183,3075610,3075804,194
9184,3075804,3075961,157
9185,3075961,3076027,66
9186,3076027,3076750,723
9187,3076750,3077267,517
9188,3077267,3077614,347
9189,3077614,3077641,27
9190,3077641,3077693,52
9191,3077693,3077800,107
9192,3077800,3077881,81
9193,3077881,3078019,138
9194,3078019,3078030,11
9195,3078030,3078625,595
9196,3078625,3078676,51
9197,3078676,3079204,528
9198,3079204,3079270,66
9199,3079270,3079916,646
9200,3079916,3080140,224
9201,3080140,3080476,336
9202,3080476,3080723,247
9203,3080723,3080880,157
9204,3080880,3081543,663
9205,3081543,3081754,211
9206,3081754,3081953,199
9207,3081953,3082246,293
9208,3082246,3082471,225
9209,3082471,3082997,526
9210,3082997,3083099,102
9211,3083099,3083171,72
9212,3083171,3084360,1189
9213,3084360,3084569,209
9214,3084569,3084659,90
9215,3084659,3084778,119
9216,3084778,3085030,252
9217,3085030,3085878,848
9218,3085878,3086631,753
9219,3086631,3086638,7
9220,3086638,3086652,14
9221,3086652,3087908,1256
9222,3087908,3088364,456
9223,3091064,3091615,551
9224,3091615,3091799,184
9225,3091799,3091891,92
9226,3091891,3092223,332
9227,3092223,3093690,1467
9228,3093690,3094616,926
9229,3094616,3095772,1156
9230,3095772,3096350,578
9231,3096350,3096893,543
9232,3096893,3097260,367
9233,3097260,3097549,289
9234,3097549,3098184,635
9235,3098184,3098299,115
9236,3102273,3103701,1428
9237,3103701,3105299,1598
9238,3109610,3110781,1171
9239,3116243,3116695,452
9240,3120161,3120265,104
9241,3120265,3120644,379
9242,3120644,3120692,48
9243,3120692,3121749,1057
9244,3121749,3121902,153
9245,3121902,3122504,602
9246,3122504,3124468,1964
9247,3124468,3125575,1107
9248,3125575,3125880,305
9249,3125880,3126617,737
9250,3129318,3129330,12
9251,3129330,3129544,214
9252,3129544,3129880,336
9253,3129880,3130025,145
9254,3130025,3130099,74
9255,3130099,3130112,13
9256,3130112,3130380,268
9257,3130380,3130532,152
9258,3130532,3130599,67
9259,3130599,3130664,65
9260,3130664,3130680,16
9261,3130680,3130924,244
9262,3130924,3131009,85
9263,3131009,3131233,224
9264,3131233,3131522,289
9265,3131522,3131905,383
9266,3131905,3132139,234
9267,3132139,3132602,463
9268,3132602,3133572,970
9269,3133572,3133922,350
9270,3133922,3134773,851
9271,3134773,3134872,99
9272,3134872,3135310,438
9273,3135310,3135847,537
9274,3135847,3136001,154
9275,3136001,3136025,24
9276,3136025,3136174,149
9277,3136174,3136410,236
9278,3136410,3136597,187
9279,3136597,3136619,22
9280,3136619,3136945,326
9281,3136945,3136950,5
9282,3136950,3136955,5
9283,3136955,3137190,235
9284,3137190,3137208,18
9285,3137208,3137249,41
9286,3137249,3137403,154
9287,3137403,3137747,344
9288,3137747,3138031,284
9289,3138031,3138247,216
9290,3138247,3138403,156
9291,3138403,3138435,32
9292,3138435,3138519,84
9293,3138519,3138657,138
9294,3138657,3139347,690
9295,3139347,3140487,1140
9296,3140487,3140539,52
9297,3140539,3140950,411
9298,3140950,3140967,17
9299,3140967,3141137,170
9300,3141137,3141224,87
9301,3141224,3141474,250
9302,3141474,3142713,1239
9303,3142713,3143038,325
9304,3143038,3143622,584
9305,3143622,3143915,293
9306,3143915,3144058,143
9307,3144058,3144099,41
9308,3144099,3144110,11
9309,3144110,3144265,155
9310,3144265,3144334,69
9311,3144334,3144496,162
9312,3144496,3144520,24
9313,3144520,3145334,814
9314,3145334,3145471,137
9315,3145471,3145554,83
9316,3145554,3146007,453
9317,3146007,3146560,553
9318,3146560,3146635,75
9319,3146635,3147716,1081
9320,3147716,3147734,18
9321,3147734,3147847,113
9322,3147847,3148233,386
9323,3148233,3148794,561
9324,3148794,3148934,140
9325,3148934,3148992,58
9326,3148992,3149575,583
9327,3149575,3149657,82
9328,3149657,3149755,98
9329,3149755,3149765,10
9330,3149765,3149779,14
9331,3149779,3149787,8
9332,3149787,3149865,78
9333,3149865,3149959,94
9334,3149959,3149974,15
9335,3149974,3150077,103
9336,3150077,3150085,8
9337,3150085,3150228,143
9338,3150228,3150313,85
9339,3150313,3150322,9
9340,3150322,3150340,18
9341,3150340,3150384,44
9342,3150384,3150519,135
9343,3150519,3150951,432
9344,3150951,3151275,324
9345,3151275,3152335,1060
9346,3152335,3152794,459
9347,3152794,3153017,223
9348,3153017,3153120,103
9349,3153120,3153295,175
9350,3153295,3153324,29
9351,3153324,3153596,272
9352,3153596,3153637,41
9353,3153637,3153788,151
9354,3153788,3154771,983
9355,3154771,3155228,457
9356,3155228,3155513,285
9357,3155513,3156104,591
9358,3156104,3156454,350
9359,3156454,3156719,265
9360,3156719,3157003,284
9361,3157003,3157037,34
9362,3157037,3157054,17
9363,3157054,3157497,443
9364,3157497,3157579,82
9365,3157579,3158145,566
9366,3158145,3158383,238
9367,3158383,3158955,572
9368,3158955,3159880,925
9369,3159880,3160013,133
9370,3160013,3160852,839
9371,3160852,3161094,242
9372,3161094,3161110,16
9373,3161110,3161486,376
9374,3161486,3161887,401
9375,3161887,3162074,187
9376,3162074,3162196,122
9377,3162196,3163436,1240
9378,3163436,3163642,206
9379,3163642,3163688,46
9380,3163688,3163987,299
9381,3163987,3163994,7
9382,3163994,3164129,135
9383,3164129,3164143,14
9384,3164143,3164259,116
9385,3164259,3164427,168
9386,3164427,3164509,82
9387,3164509,3164544,35
9388,3164544,3164593,49
9389,3164593,3164821,228
9390,3164821,3165232,411
9391,3165232,3165410,178
9392,3165410,3165519,109
9393,3165519,3166060,541
9394,3166060,3166176,116
9395,3166176,3166225,49
9396,3166225,3166398,173
9397,3166398,3166453,55
9398,3166453,3167021,568
9399,3167021,3167032,11
9400,3167032,3167604,572
9401,3167604,3168007,403
9402,3168007,3168136,129
9403,3168136,3168184,48
9404,3168184,3168217,33
9405,3168217,3168430,213
9406,3168430,3168738,308
9407,3168738,3168967,229
9408,3168967,3168976,9
9409,3168976,3169052,76
9410,3169052,3169089,37
9411,3169089,3169094,5
9412,3169094,3169128,34
9413,3169128,3169765,637
9414,3169765,3170550,785
9415,3170550,3170874,324
9416,3170874,3170985,111
9417,3170985,3171087,102
9418,3171087,3171282,195
9419,3171282,3171484,202
9420,3171484,3171984,500
9421,3171984,3171991,7
9422,3171991,3172550,559
9423,3172550,3172682,132
9424,3172682,3172856,174
9425,3172856,3172910,54
9426,3172910,3173592,682
9427,3173592,3173726,134
9428,3173726,3173929,203
9429,3173929,3173938,9
9430,3173938,3173950,12
9431,3173950,3175265,1315
9432,3175265,3175349,84
9433,3175349,3175371,22
9434,3175371,3175560,189
9435,3175560,3175985,425
9436,3175985,3176115,130
9437,3176115,3176163,48
9438,3176163,3176835,672
9439,3176835,3177011,176
9440,3177011,3177247,236
9441,3177247,3177379,132
9442,3177379,3177901,522
9443,3177901,3177925,24
9444,3177925,3178102,177
9445,3178102,3178283,181
9446,3178283,3178656,373
9447,3178656,3178877,221
9448,3178877,3179143,266
9449,3179143,3179422,279
9450,3179422,3180736,1314
9451,3180736,3181476,740
9452,3181476,3181947,471
9453,3181947,3182370,423
9454,3182370,3182593,223
9455,3182593,3183476,883
9456,3183476,3183759,283
9457,3183759,3184099,340
9458,3184099,3184550,451
9459,3184550,3184576,26
9460,3184576,3185015,439
9461,3185015,3185214,199
9462,3185214,3185594,380
9463,3185594,3185745,151
9464,3185745,3185966,221
9465,3185966,3186185,219
9466,3186185,3187745,1560
9467,3187745,3187989,244
9468,3187989,3188032,43
9469,3188032,3188062,30
9470,3188062,3188173,111
9471,3188173,3188264,91
9472,3188264,3188274,10
9473,3188274,3188347,73
9474,3188347,3188420,73
9475,3188420,3188446,26
9476,3188446,3188487,41
9477,3188487,3188588,101
9478,3188588,3188595,7
9479,3188595,3188673,78
9480,3188673,3188711,38
9481,3188711,3188717,6
9482,3188717,3188942,225
9483,3188942,3189258,316
9484,3189258,3189279,21
9485,3189279,3189645,366
9486,3189645,3191225,1580
9487,3191225,3192045,820
9488,3192045,3192843,798
9489,3197677,3197873,196
9490,3197873,3198099,226
9491,3198099,3198797,698
9492,3198797,3200464,1667
9493,3200464,3200564,100
9494,3200564,3201070,506
9495,3201070,3201820,750
9496,3201820,3202636,816
9497,3202636,3202660,24
9498,3202660,3202700,40
9499,3202700,3205122,2422
9500,3205122,3205139,17
9501,3208125,3208367,242
9502,3208367,3210192,1825
9503,3210192,3210198,6
9504,3210198,3212267,2069
9505,3212267,3212579,312
9506,3212579,3212752,173
9507,3212752,3213115,363
9508,3213115,3214425,1310
9509,3214425,3214572,147
9510,3214572,3216335,1763
9511,3216335,3217622,1287
9512,3217622,3218807,1185
9513,3218807,3219548,741
9514,3219548,3220046,498
9515,3220046,3220128,82
9516,3220128,3220682,554
9517,3220682,3220851,169
9518,3220851,3221038,187
9519,3221038,3221757,719
9520,3221757,3221874,117
9521,3221874,3222585,711
9522,3222585,3222709,124
9523,3222709,3222832,123
9524,3222832,3222892,60
9525,3222892,3222914,22
9526,3222914,3223218,304
9527,3223218,3223299,81
9528,3223299,3223791,492
9529,3223791,3224313,522
9530,3224313,3224544,231
9531,3224544,3225429,885
9532,3225429,3225588,159
9533,3225588,3225633,45
9534,3225633,3226200,567
9535,3226200,3226213,13
9536,3226213,3227470,1257
9537,3227470,3227895,425
9538,3230393,3231306,913
9539,3231306,3231754,448
9540,3231754,3232271,517
9541,3232271,3232693,422
9542,3232693,3233086,393
9543,3233086,3233913,827
9544,3236166,3236175,9
9545,3236175,3236613,438
9546,3236613,3237029,416
9547,3237029,3238339,1310
9548,3238339,3238823,484
9549,3238823,3239814,991
9550,3239814,3240189,375
9551,3240189,3240205,16
9552,3240205,3240477,272
9553,3240477,3240525,48
9554,3240525,3241334,809
9555,3241334,3241413,79
9556,3241413,3241579,166
9557,3241579,3241584,5
9558,3241584,3241747,163
9559,3241747,3242454,707
9560,3242454,3242502,48
9561,3242502,3242759,257
9562,3242759,3242775,16
9563,3242775,3243061,286
9564,3243061,3243098,37
9565,3243098,3243646,548
9566,3243646,3243862,216
9567,3243862,3244733,871
9568,3244733,3245465,732
9569,3245465,3245490,25
9570,3245490,3245501,11
9571,3245501,3245596,95
9572,3245596,3246017,421
9573,3246017,3246076,59
9574,3246076,3246384,308
9575,3246384,3246612,228
9576,3246612,3246694,82
9577,3246694,3247245,551
9578,3247245,3248570,1325
9579,3248570,3248961,391
9580,3248961,3249078,117
9581,3249078,3249263,185
9582,3249263,3249473,210
9583,3249473,3249657,184
9584,3249657,3250654,997
9585,3250654,3250729,75
9586,3250729,3251319,590
9587,3251319,3251651,332
9588,3251651,3252222,571
9589,3252222,3252924,702
9590,3252924,3253316,392
9591,3253316,3254712,1396
9592,3254712,3254933,221
9593,3254933,3256429,1496
9594,3256429,3256559,130
9595,3256559,3256797,238
9596,3256797,3257093,296
9597,3257093,3257109,16
9598,3257109,3258841,1732
9599,3258841,3258865,24
9600,3258865,3259904,1039
9601,3259904,3260172,268
9602,3260172,3260431,259
9603,3260431,3260670,239
9604,3260670,3260924,254
9605,3260924,3261038,114
9606,3261038,3262547,1509
9607,3262547,3263102,555
9608,3263102,3264255,1153
9609,3264255,3265740,1485
9610,3265740,3266290,550
9611,3266290,3268198,1908
9612,3268198,3268202,4
9613,3268202,3268206,4
9614,3268206,3269406,1200
9615,3269406,3270268,862
9616,3270268,3270816,548
9617,3270816,3271978,1162
9618,3271978,3272477,499
9619,3272477,3272889,412
9620,3272889,3273112,223
9621,3273112,3273774,662
9622,3273774,3273841,67
9623,3273841,3274114,273
9624,3274114,3274606,492
9625,3274606,3276325,1719
9626,3276325,3276605,280
9627,3276605,3276903,298
9628,3276903,3277811,908
9629,3277811,3279752,1941
9630,3279752,3280100,348
9631,3280100,3280140,40
9632,3280140,3280801,661
9633,3280801,3280872,71
9634,3280872,3280927,55
9635,3280927,3280948,21
9636,3280948,3281100,152
9637,3281100,3281119,19
9638,3281119,3284478,3359
9639,3284478,3285259,781
9640,3285259,3287660,2401
9641,3290557,3291375,818
9642,3291375,3292044,669
9643,3292044,3292175,131
9644,3292175,3292402,227
9645,3292402,3292445,43
9646,3292445,3294163,1718
9647,3294163,3294676,513
9648,3296487,3296507,20
9649,3296507,3296728,221
9650,3296728,3296877,149
9651,3296877,3297530,653
9652,3297530,3297808,278
9653,3297808,3297818,10
9654,3297818,3297828,10
9655,3297828,3297859,31
9656,3297859,3298394,535
9657,3300161,3300616,455
9658,3300616,3301148,532
9659,3301148,3301153,5
9660,3301153,3301171,18
9661,3301171,3301192,21
9662,3301192,3301740,548
9663,3301740,3302213,473
9664,3302213,3302624,411
9665,3302624,3303549,925
9666,3303549,3305854,2305
9667,3305854,3306270,416
9668,3306270,3307403,1133
9669,3313099,3313374,275
9670,3313374,3313784,410
9671,3313784,3313796,12
9672,3313796,3314070,274
9673,3314070,3314219,149
9674,3314219,3314243,24
9675,3314243,3314307,64
9676,3314307,3314328,21
9677,3314328,3314346,18
9678,3314346,3314412,66
9679,3314412,3314450,38
9680,3314450,3314465,15
9681,3314465,3314973,508
9682,3314973,3314977,4
9683,3314977,3315058,81
9684,3315058,3315065,7
9685,3315065,3315316,251
9686,3315316,3315558,242
9687,3315558,3315626,68
9688,3315626,3315671,45
9689,3315671,3316072,401
9690,3316072,3316356,284
9691,3316356,3316822,466
9692,3318954,3321069,2115
9693,3322816,3323062,246
9694,3325140,3325961,821
9695,3325961,3327081,1120
9696,3327081,3329806,2725
9697,3329806,3329891,85
9698,3329891,3330070,179
9699,3330070,3330534,464
9700,3330534,3331046,512
9701,3331046,3331814,768
9702,3331814,3332028,214
9703,3332028,3332451,423
9704,3332451,3334143,1692
9705,3334143,3334179,36
9706,3334179,3334603,424
9707,3334603,3335235,632
9708,3335235,3335967,732
9709,3335967,3336542,575
9710,3336542,3337352,810
9711,3337352,3337380,28
9712,3337380,3337913,533
9713,3337913,3338365,452
9714,3338365,3338401,36
9715,3338401,3338474,73
9716,3338474,3338597,123
9717,3338597,3338987,390
9718,3338987,3339989,1002
9719,3339989,3340991,1002
9720,3340991,3340995,4
9721,3340995,3341143,148
9722,3341143,3342445,1302
9723,3342445,3342920,475
9724,3342920,3343283,363
9725,3343283,3344504,1221
9726,3344504,3344773,269
9727,3344773,3344933,160
9728,3344933,3344982,49
9729,3344982,3345162,180
9730,3345162,3345225,63
9731,3345225,3345736,511
9732,3345736,3346112,376
9733,3346112,3346380,268
9734,3346380,3346598,218
9735,3346598,3346618,20
9736,3346618,3346701,83
9737,3346701,3346887,186
9738,3346887,3347274,387
9739,3347274,3347315,41
9740,3347315,3347437,122
9741,3347437,3347484,47
9742,3347484,3347807,323
9743,3347807,3347934,127
9744,3347934,3347971,37
9745,3347971,3348291,320
9746,3348291,3348794,503
9747,3348794,3349502,708
9748,3349502,3349757,255
9749,3349757,3350241,484
9750,3350241,3350406,165
9751,3350406,3351910,1504
9752,3351910,3352174,264
9753,3352174,3352282,108
9754,3352282,3352288,6
9755,3352288,3352411,123
9756,3352411,3352566,155
9757,3352566,3353718,1152
9758,3353718,3353750,32
9759,3353750,3353950,200
9760,3353950,3353999,49
9761,3353999,3354006,7
9762,3354006,3354047,41
9763,3354047,3354295,248
9764,3354295,3354528,233
9765,3354528,3355177,649
9766,3355177,3355903,726
9767,3355903,3356009,106
9768,3356009,3356488,479
9769,3356488,3356806,318
9770,3356806,3358360,1554
9771,3358360,3358666,306
9772,3358666,3358729,63
9773,3358729,3358835,106
9774,3358835,3358912,77
9775,3358912,3359265,353
9776,3359265,3359683,418
9777,3359683,3360336,653
9778,3360336,3361133,797
9779,3361133,3362521,1388
9780,3362521,3362913,392
9781,3362913,3363387,474
9782,3363387,3363541,154
9783,3363541,3363618,77
9784,3363618,3363723,105
9785,3363723,3363740,17
9786,3363740,3363837,97
9787,3363837,3364017,180
9788,3364017,3364122,105
9789,3364122,3364973,851
9790,3364973,3365557,584
9791,3365557,3365643,86
9792,3365643,3366813,1170
9793,3366813,3366973,160
9794,3366973,3367480,507
9795,3367480,3367744,264
9796,3367744,3367866,122
9797,3367866,3368037,171
9798,3368037,3370693,2656
9799,3370693,3372918,2225
9800,3372918,3372989,71
9801,3372989,3373000,11
9802,3373000,3373878,878
9803,3373878,3375023,1145
9804,3375023,3375086,63
9805,3375086,3375134,48
9806,3375134,3375145,11
9807,3375145,3375205,60
9808,3375205,3375372,167
9809,3375372,3375442,70
9810,3375442,3375464,22
9811,3375464,3375526,62
9812,3375526,3375815,289
9813,3375815,3375844,29
9814,3375844,3376163,319
9815,3376163,3376364,201
9816,3376364,3378221,1857
9817,3378221,3379079,858
9818,3379079,3380313,1234
9819,3380313,3380796,483
9820,3380796,3382040,1244
9821,3382040,3383217,1177
9822,3383217,3384483,1266
9823,3384483,3384493,10
9824,3384493,3384743,250
9825,3384743,3384757,14
9826,3384757,3384771,14
9827,3384771,3384922,151
9828,3384922,3385026,104
9829,3385026,3385432,406
9830,3385432,3387350,1918
9831,3387350,3389171,1821
9832,3389171,3389769,598
9833,3389769,3390360,591
9834,3390360,3390790,430
9835,3390790,3390975,185
9836,3390975,3392257,1282
9837,3392257,3392747,490
9838,3392747,3392782,35
9839,3392782,3392888,106
9840,3392888,3393057,169
9841,3393057,3393784,727
9842,3393784,3393982,198
9843,3393982,3394366,384
9844,3394366,3394462,96
9845,3394462,3395011,549
9846,3395011,3395595,584
9847,3395595,3396086,491
9848,3396086,3396108,22
9849,3396108,3396392,284
9850,3396392,3396592,200
9851,3396592,3396866,274
9852,3396866,3397075,209
9853,3397075,3397713,638
9854,3397713,3397763,50
9855,3397763,3397830,67
9856,3397830,3397875,45
9857,3397875,3397892,17
9858,3397892,3397906,14
9859,3397906,3397920,14
9860,3397920,3397959,39
9861,3397959,3398040,81
9862,3398040,3398113,73
9863,3398113,3398246,133
9864,3398246,3398709,463
9865,3398709,3400291,1582
9866,3400291,3400480,189
9867,3400480,3400664,184
9868,3400664,3400676,12
9869,3400676,3400706,30
9870,3400706,3400937,231
9871,3400937,3401119,182
9872,3401119,3401957,838
9873,3401957,3402019,62
9874,3402019,3402622,603
9875,3402622,3402638,16
9876,3402638,3403683,1045
9877,3403683,3404029,346
9878,3404029,3404755,726
9879,3404755,3404785,30
9880,3404785,3404804,19
9881,3404804,3404982,178
9882,3404982,3405647,665
9883,3405647,3405657,10
9884,3405657,3405796,139
9885,3405796,3405841,45
9886,3405841,3406082,241
9887,3406082,3406208,126
9888,3406208,3406478,270
9889,3406478,3406492,14
9890,3406492,3406516,24
9891,3406516,3406694,178
9892,3406694,3406923,229
9893,3406923,3407453,530
9894,3409466,3409795,329
9895,3409795,3410434,639
9896,3410434,3410900,466
9897,3410900,3410912,12
9898,3410912,3410930,18
9899,3410930,3411113,183
9900,3411113,3411204,91
9901,3411204,3411326,122
9902,3411326,3411417,91
9903,3411417,3411540,123
9904,3411540,3412772,1232
9905,3412772,3412864,92
9906,3412864,3412877,13
9907,3412877,3413335,458
9908,3413335,3414147,812
9909,3414147,3414181,34
9910,3414181,3414254,73
9911,3414254,3414266,12
9912,3414266,3414759,493
9913,3414759,3415177,418
9914,3415177,3415630,453
9915,3415630,3415805,175
9916,3415805,3415836,31
9917,3415836,3415937,101
9918,3415937,3416329,392
9919,3416329,3416407,78
9920,3416407,3416849,442
9921,3416849,3417391,542
9922,3417391,3417705,314
9923,3417705,3418083,378
9924,3418083,3418314,231
9925,3418314,3418382,68
9926,3418382,3418716,334
9927,3418716,3418824,108
9928,3418824,3418911,87
9929,3418911,3418938,27
9930,3418938,3418943,5
9931,3418943,3419252,309
9932,3419252,3419453,201
9933,3419453,3419478,25
9934,3419478,3419572,94
9935,3419572,3419804,232
9936,3419804,3419964,160
9937,3419964,3420092,128
9938,3420092,3420266,174
9939,3420266,3420943,677
9940,3420943,3421230,287
9941,3421230,3422177,947
9942,3422177,3423625,1448
9943,3423625,3423645,20
9944,3423645,3423661,16
9945,3423661,3424676,1015
9946,3424676,3424748,72
9947,3424748,3426935,2187
9948,3426935,3427475,540
9949,3427475,3428316,841
9950,3428316,3428369,53
9951,3428369,3428503,134
9952,3428503,3429467,964
9953,3429467,3429515,48
9954,3429515,3429637,122
9955,3429637,3430078,441
9956,3430078,3430297,219
9957,3430297,3430837,540
9958,3430837,3431155,318
9959,3431155,3432180,1025
9960,3432180,3432243,63
9961,3432243,3432286,43
9962,3432286,3432330,44
9963,3432330,3432622,292
9964,3432622,3432819,197
9965,3432819,3433159,340
9966,3433159,3433445,286
9967,3433445,3434333,888
9968,3434333,3434340,7
9969,3434340,3434672,332
9970,3434672,3434769,97
9971,3434769,3434842,73
9972,3434842,3434852,10
9973,3434852,3434869,17
9974,3434869,3435600,731
9975,3435600,3435892,292
9976,3435892,3436336,444
9977,3436336,3436444,108
9978,3436444,3437197,753
9979,3437197,3437203,6
9980,3437203,3437424,221
9981,3437424,3437645,221
9982,3437645,3437816,171
9983,3437816,3438141,325
9984,3438141,3438328,187
9985,3438328,3438337,9
9986,3438337,3438496,159
9987,3438496,3438722,226
9988,3438722,3438904,182
9989,3438904,3439057,153
9990,3439057,3439086,29
9991,3439086,3439423,337
9992,3439423,3439515,92
9993,3439515,3440352,837
9994,3440352,3441250,898
9995,3441250,3441692,442
9996,3441692,3442072,380
9997,3442072,3442109,37
9998,3442109,3442197,88
9999,3442197,3442850,653
10000,3442850,3443084,234
10001,3443084,3443240,156
10002,3443240,3443379,139
10003,3443379,3443658,279
10004,3443658,3444259,601
10005,3444259,3444694,435
10006,3444694,3445613,919
10007,3445613,3445739,126
10008,3445739,3446216,477
10009,3446216,3446530,314
10010,3446530,3446837,307
10011,3446837,3448763,1926
10012,3448763,3448784,21
10013,3448784,3448995,211
10014,3448995,3449345,350
10015,3449345,3450234,889
10016,3450234,3450329,95
10017,3450329,3450566,237
10018,3450566,3450670,104
10019,3450670,3451856,1186
10020,3451856,3452650,794
10021,3452650,3453479,829
10022,3453479,3453523,44
10023,3453523,3453851,328
10024,3455593,3455921,328
10025,3455921,3456204,283
10026,3456204,3457975,1771
10027,3457975,3457979,4
10028,3457979,3457983,4
10029,3457983,3457987,4
10030,3457987,3457991,4
10031,3457991,3458281,290
10032,3458281,3458294,13
10033,3458294,3458894,600
10034,3458894,3459443,549
10035,3459443,3459659,216
10036,3459659,3460636,977
10037,3460636,3460782,146
10038,3460782,3461074,292
10039,3461074,3461293,219
10040,3461293,3461888,595
10041,3461888,3461914,26
10042,3461914,3462088,174
10043,3462088,3462166,78
10044,3462166,3462331,165
10045,3462331,3462425,94
10046,3462425,3462675,250
10047,3462675,3462724,49
10048,3462724,3462816,92
10049,3462816,3462830,14
10050,3462830,3462873,43
10051,3462873,3463150,277
10052,3463150,3463327,177
10053,3463327,3463398,71
10054,3463398,3463608,210
10055,3463608,3463630,22
10056,3463630,3463796,166
10057,3463796,3463824,28
10058,3463824,3463867,43
10059,3463867,3465174,1307
10060,3465174,3466249,1075
10061,3466249,3466855,606
10062,3466855,3467375,520
10063,3467375,3467757,382
10064,3467757,3467843,86
10065,3467843,3467850,7
10066,3467850,3467859,9
10067,3467859,3468397,538
10068,3468397,3468584,187
10069,3468584,3468673,89
10070,3468673,3469109,436
10071,3469109,3469905,796
10072,3469905,3470446,541
10073,3470446,3470584,138
10074,3470584,3470852,268
10075,3470852,3471181,329
10076,3471181,3472420,1239
10077,3472420,3472466,46
10078,3472466,3473199,733
10079,3473199,3474388,1189
10080,3474388,3475420,1032
10081,3475420,3475493,73
10082,3475493,3476904,1411
10083,3476904,3477043,139
10084,3477043,3477555,512
10085,3477555,3478514,959
10086,3478514,3478715,201
10087,3478715,3478924,209
10088,3478924,3479283,359
10089,3479283,3479411,128
10090,3479411,3479477,66
10091,3479477,3479655,178
10092,3479655,3479687,32
10093,3479687,3479814,127
10094,3479814,3480075,261
10095,3480075,3480234,159
10096,3480234,3480506,272
10097,3480506,3480568,62
10098,3480568,3480584,16
10099,3480584,3480872,288
10100,3480872,3483193,2321
10101,3483193,3483234,41
10102,3483234,3483421,187
10103,3483421,3483453,32
10104,3483453,3483509,56
10105,3483509,3483592,83
10106,3483592,3483634,42
10107,3483634,3483691,57
10108,3483691,3484105,414
10109,3484105,3484267,162
10110,3484267,3484422,155
10111,3484422,3484706,284
10112,3484706,3484783,77
10113,3484783,3484863,80
10114,3484863,3484876,13
10115,3484876,3484921,45
10116,3484921,3484987,66
10117,3484987,3485226,239
10118,3485226,3485303,77
10119,3485303,3485788,485
10120,3485788,3485856,68
10121,3485856,3485871,15
10122,3485871,3485959,88
10123,3485959,3486450,491
10124,3486450,3486488,38
10125,3486488,3486706,218
10126,3486706,3486722,16
10127,3486722,3486839,117
10128,3486839,3486896,57
10129,3486896,3487070,174
10130,3487070,3487806,736
10131,3487806,3487826,20
10132,3487826,3488966,1140
10133,3488966,3489124,158
10134,3489124,3489477,353
10135,3489477,3489810,333
10136,3489810,3490322,512
10137,3490322,3490474,152
10138,3490474,3490630,156
10139,3490630,3490636,6
10140,3490636,3490644,8
10141,3490644,3491270,626
10142,3491270,3491349,79
10143,3491349,3491649,300
10144,3491649,3491893,244
10145,3491893,3491956,63
10146,3491956,3492158,202
10147,3492158,3492370,212
10148,3492370,3492759,389
10149,3492759,3492775,16
10150,3492775,3492899,124
10151,3492899,3492964,65
10152,3492964,3493393,429
10153,3493393,3494123,730
10154,3494123,3494621,498
10155,3494621,3494703,82
10156,3494703,3495265,562
10157,3495265,3495434,169
10158,3495434,3495621,187
10159,3495621,3496340,719
10160,3496340,3496457,117
10161,3496457,3497168,711
10162,3497168,3497292,124
10163,3497292,3497415,123
10164,3497415,3497475,60
10165,3497475,3497497,22
10166,3497497,3497801,304
10167,3497801,3497882,81
10168,3497882,3498374,492
10169,3498374,3498896,522
10170,3498896,3499127,231
10171,3499127,3500018,891
10172,3500018,3500177,159
10173,3500177,3500222,45
10174,3500222,3500789,567
10175,3500789,3500802,13
10176,3500802,3502066,1264
10177,3502066,3502816,750
10178,3502816,3504060,1244
10179,3504060,3505329,1269
10180,3505329,3505806,477
10181,3505806,3506185,379
10182,3506185,3506235,50
10183,3506235,3507044,809
10184,3507044,3507857,813
10185,3507857,3507962,105
10186,3507962,3508715,753
10187,3508715,3508784,69
10188,3508784,3510606,1822
10189,3510606,3510658,52
10190,3510658,3512580,1922
10191,3512580,3512630,50
10192,3512630,3512696,66
10193,3512696,3512914,218
10194,3512914,3512923,9
10195,3512923,3513492,569
10196,3513492,3514060,568
10197,3514060,3514352,292
10198,3514352,3515160,808
10199,3515160,3515295,135
10200,3515295,3515495,200
10201,3515495,3515522,27
10202,3515522,3515560,38
10203,3515560,3515590,30
10204,3515590,3515614,24
10205,3515614,3515645,31
10206,3515645,3515791,146
10207,3515791,3516863,1072
10208,3516863,3516871,8
10209,3516871,3517478,607
10210,3517478,3517483,5
10211,3517483,3517507,24
10212,3517507,3518003,496
10213,3518003,3518104,101
10214,3518104,3518350,246
10215,3518350,3518579,229
10216,3518579,3518873,294
10217,3518873,3519525,652
10218,3519525,3519912,387
10219,3519912,3520320,408
10220,3520320,3520642,322
10221,3520642,3520720,78
10222,3520720,3522112,1392
10223,3522112,3522418,306
10224,3522418,3523329,911
10225,3523329,3523647,318
10226,3523647,3523680,33
10227,3523680,3524402,722
10228,3524402,3524882,480
10229,3524882,3525086,204
10230,3525086,3525397,311
10231,3525397,3526456,1059
10232,3526456,3528395,1939
10233,3528395,3529256,861
10234,3529256,3529737,481
10235,3529737,3529766,29
10236,3529766,3529951,185
10237,3529951,3530295,344
10238,3530295,3530303,8
10239,3530303,3530365,62
10240,3530365,3530457,92
10241,3530457,3530654,197
10242,3530654,3530900,246
10243,3530900,3531467,567
10244,3531467,3531685,218
10245,3531685,3532196,511
10246,3532196,3532398,202
10247,3532398,3532570,172
10248,3532570,3533458,888
10249,3533458,3533621,163
10250,3533621,3533959,338
10251,3533959,3534292,333
10252,3534292,3536009,1717
10253,3536009,3538213,2204
10254,3538213,3538433,220
10255,3538433,3539262,829
10256,3539262,3540919,1657
10257,3540919,3542267,1348
10258,3542267,3542351,84
10259,3542351,3543685,1334
10260,3543685,3545055,1370
10261,3545055,3545284,229
10262,3545284,3545759,475
10263,3545759,3546537,778
10264,3546537,3546559,22
10265,3546559,3546613,54
10266,3546613,3546810,197
10267,3546810,3546943,133
10268,3546943,3547197,254
10269,3547197,3547929,732
10270,3547929,3549417,1488
10271,3549417,3549424,7
10272,3549424,3550154,730
10273,3550154,3552595,2441
10274,3552595,3554518,1923
10275,3554518,3555053,535
10276,3557749,3558404,655
10277,3558404,3559460,1056
10278,3559460,3559766,306
10279,3559766,3559783,17
10280,3559783,3560150,367
10281,3560150,3561012,862
10282,3561012,3561959,947
10283,3561959,3561997,38
10284,3561997,3563027,1030
10285,3563027,3563447,420
10286,3563447,3564215,768
10287,3564215,3565282,1067
10288,3565282,3566911,1629
10289,3566911,3567372,461
10290,3567372,3568291,919
10291,3568291,3568343,52
10292,3568343,3568874,531
10293,3568874,3569113,239
10294,3569113,3569555,442
10295,3569555,3569577,22
10296,3569577,3569857,280
10297,3569857,3570230,373
10298,3570230,3570887,657
10299,3570887,3570975,88
10300,3570975,3571278,303
10301,3571278,3572160,882
10302,3572160,3572184,24
10303,3572184,3572561,377
10304,3572561,3572639,78
10305,3572639,3573599,960
10306,3573599,3574588,989
10307,3574588,3575823,1235
10308,3575823,3577123,1300
10309,3577123,3578310,1187
10310,3578310,3580163,1853
10311,3580163,3582392,2229
10312,3582392,3582714,322
10313,3582714,3584833,2119
10314,3584833,3586736,1903
10315,3586736,3586998,262
10316,3586998,3587118,120
10317,3587118,3588242,1124
10318,3588242,3589520,1278
10319,3589520,3590346,826
10320,3590346,3590510,164
10321,3590510,3591261,751
10322,3591261,3592077,816
10323,3592077,3592300,223
10324,3592300,3593167,867
10325,3593167,3594326,1159
10326,3594326,3594927,601
10327,3597402,3597782,380
10328,3597782,3599038,1256
10329,3599038,3599051,13
10330,3599051,3599618,567
10331,3599618,3599663,45
10332,3599663,3599822,159
10333,3599822,3600713,891
10334,3600713,3600944,231
10335,3600944,3601464,520
10336,3601464,3601760,296
10337,3601760,3602501,741
10338,3602501,3602999,498
10339,3602999,3603081,82
10340,3603081,3603643,562
10341,3603643,3603812,169
10342,3603812,3603999,187
10343,3603999,3604718,719
10344,3604718,3604835,117
10345,3604835,3605546,711
10346,3605546,3605670,124
10347,3605670,3605793,123
10348,3605793,3605853,60
10349,3605853,3605875,22
10350,3605875,3606179,304
10351,3606179,3606260,81
10352,3606260,3606752,492
10353,3606752,3607274,522
10354,3607274,3607390,116
10355,3607390,3608109,719
10356,3608109,3608296,187
10357,3608296,3608465,169
10358,3608465,3609027,562
10359,3609027,3609109,82
10360,3609109,3609607,498
10361,3609607,3610348,741
10362,3610348,3611604,1256
10363,3611604,3611617,13
10364,3611617,3612184,567
10365,3612184,3612229,45
10366,3612229,3612388,159
10367,3612388,3613279,891
10368,3613279,3613510,231
10369,3613510,3614032,522
10370,3614032,3614328,296
10371,3614328,3615069,741
10372,3615069,3615567,498
10373,3615567,3615649,82
10374,3615649,3616211,562
10375,3616211,3616380,169
10376,3616380,3616567,187
10377,3616567,3617286,719
10378,3617286,3617403,117
10379,3617403,3618114,711
10380,3618114,3618238,124
10381,3618238,3618361,123
10382,3618361,3618421,60
10383,3618421,3618443,22
10384,3618443,3618747,304
10385,3618747,3618828,81
10386,3618828,3619320,492
10387,3619320,3620155,835
10388,3620155,3620573,418
10389,3620573,3620928,355
10390,3620928,3621930,1002
10391,3621930,3622093,163
10392,3622093,3622495,402
10393,3622495,3623251,756
10394,3623251,3624026,775
10395,3624026,3624359,333
10396,3624359,3625130,771
10397,3625130,3625720,590
10398,3625720,3626533,813
10399,3626533,3626787,254
10400,3626787,3628067,1280
10401,3628067,3629431,1364
10402,3629431,3630682,1251
10403,3630682,3630717,35
10404,3630717,3630761,44
10405,3630761,3631628,867
10406,3631628,3631919,291
10407,3631919,3633041,1122
10408,3633041,3633481,440
10409,3633481,3634956,1475
10410,3634956,3635376,420
10411,3635376,3635638,262
10412,3635638,3635941,303
10413,3635941,3637142,1201
10414,3637142,3637658,516
10415,3637658,3639191,1533
10416,3639191,3640127,936
10417,3640127,3641914,1787
10418,3641914,3642741,827
10419,3642741,3643738,997
10420,3643738,3645089,1351
10421,3645089,3645457,368
10422,3645457,3645617,160
10423,3645617,3645626,9
10424,3645626,3645682,56
10425,3645682,3646449,767
10426,3650944,3652317,1373
10427,3652317,3652580,263
10428,3652580,3652698,118
10429,3655877,3655977,100
10430,3655977,3656792,815
10431,3656792,3657468,676
10432,3657468,3657616,148
10433,3657616,3658765,1149
10434,3658765,3659729,964
10435,3659729,3660138,409
10436,3660138,3660576,438
10437,3660576,3661364,788
10438,3661364,3661432,68
10439,3661432,3662093,661
10440,3662093,3662766,673
10441,3662766,3663067,301
10442,3663067,3664522,1455
10443,3664522,3664547,25
10444,3664547,3664720,173
10445,3664720,3665627,907
10446,3665627,3665805,178
10447,3665805,3667987,2182
10448,3667987,3668389,402
10449,3668389,3668492,103
10450,3668492,3668591,99
10451,3668591,3668720,129
10452,3668720,3669024,304
10453,3669024,3669170,146
10454,3669170,3669442,272
10455,3669442,3669490,48
10456,3669490,3670027,537
10457,3670027,3670433,406
10458,3670433,3670755,322
10459,3670755,3670868,113
10460,3670868,3670946,78
10461,3670946,3671028,82
10462,3671028,3672734,1706
10463,3672734,3673404,670
10464,3673404,3673450,46
10465,3673450,3673484,34
10466,3673484,3673509,25
10467,3673509,3674046,537
10468,3674046,3675209,1163
10469,3675209,3675488,279
10470,3675488,3675493,5
10471,3675493,3675921,428
10472,3675921,3677847,1926
10473,3677847,3678744,897
10474,3678744,3680300,1556
10475,3680300,3680487,187
10476,3680487,3680999,512
10477,3680999,3682252,1253
10478,3682252,3685268,3016
10479,3685268,3686617,1349
10480,3686617,3686841,224
10481,3686841,3687129,288
10482,3687129,3687441,312
10483,3687441,3687753,312
10484,3687753,3687928,175
10485,3687928,3688268,340
10486,3688268,3690419,2151
10487,3690419,3692269,1850
10488,3692269,3692311,42
10489,3692311,3693492,1181
10490,3693492,3695232,1740
10491,3695232,3696103,871
10492,3696103,3698571,2468
10493,3698571,3698749,178
10494,3698749,3698796,47
10495,3698796,3698841,45
10496,3698841,3698954,113
10497,3698954,3699397,443
10498,3699397,3699455,58
10499,3699455,3699520,65
10500,3699520,3699534,14
10501,3699534,3699559,25
10502,3699559,3700473,914
10503,3700473,3700690,217
10504,3700690,3702031,1341
10505,3702031,3702840,809
10506,3702840,3704037,1197
10507,3704037,3704327,290
10508,3704327,3704576,249
10509,3704576,3706238,1662
10510,3706238,3706408,170
10511,3706408,3707327,919
10512,3707327,3707459,132
10513,3707459,3707582,123
10514,3707582,3708663,1081
10515,3708663,3708727,64
10516,3708727,3708850,123
10517,3708850,3709200,350
10518,3709200,3710015,815
10519,3710015,3710229,214
10520,3710229,3710480,251
10521,3710480,3711281,801
10522,3711281,3711468,187
10523,3711468,3712543,1075
10524,3712543,3713760,1217
10525,3713760,3714241,481
10526,3714241,3715118,877
10527,3715118,3715975,857
10528,3715975,3716295,320
10529,3716295,3716310,15
10530,3716310,3716642,332
10531,3716642,3716820,178
10532,3716820,3717066,246
10533,3717066,3717521,455
10534,3717521,3717722,201
10535,3717722,3718035,313
10536,3718035,3718176,141
10537,3718176,3718191,15
10538,3718191,3718348,157
10539,3718348,3718609,261
10540,3718609,3719488,879
10541,3719488,3719520,32
10542,3719520,3719676,156
10543,3719676,3719756,80
10544,3719756,3720274,518
10545,3720274,3720279,5
10546,3720279,3720888,609
10547,3720888,3721446,558
10548,3721446,3721578,132
10549,3721578,3721822,244
10550,3721822,3723503,1681
10551,3723503,3723653,150
10552,3723653,3724649,996
10553,3724649,3724679,30
10554,3724679,3725044,365
10555,3725044,3725909,865
10556,3725909,3726253,344
10557,3731504,3732082,578
10558,3735867,3736203,336
10559,3738831,3740452,1621
10560,3744389,3746116,1727
10561,3746116,3748067,1951
10562,3749460,3750243,783
10563,3750243,3752653,2410
10564,3752653,3753051,398
10565,3753051,3753065,14
10566,3753065,3753276,211
10567,3753276,3753290,14
10568,3753290,3753595,305
10569,3753595,3753890,295
10570,3753890,3755044,1154
10571,3755044,3755369,325
10572,3755369,3755499,130
10573,3755499,3756307,808
10574,3756307,3757629,1322
10575,3757629,3757639,10
10576,3757639,3758238,599
10577,3758238,3758295,57
10578,3758295,3758471,176
10579,3758471,3758903,432
10580,3758903,3759298,395
10581,3759298,3759416,118
10582,3759416,3759660,244
10583,3759660,3759743,83
10584,3759743,3760442,699
10585,3760442,3760581,139
10586,3760581,3760876,295
10587,3760876,3760986,110
10588,3760986,3761000,14
10589,3761000,3762914,1914
10590,3762914,3763549,635
10591,3763549,3764634,1085
10592,3764634,3764781,147
10593,3764781,3764998,217
10594,3764998,3765529,531
10595,3765529,3765689,160
10596,3765689,3767346,1657
10597,3767346,3767612,266
10598,3767612,3768480,868
10599,3771171,3772078,907
10600,3772078,3773453,1375
10601,3773453,3774030,577
10602,3774030,3774354,324
10603,3774354,3774441,87
10604,3774441,3774461,20
10605,3774461,3774470,9
10606,3782437,3782450,13
10607,3782450,3782574,124
10608,3782574,3782660,86
10609,3782660,3782873,213
10610,3782873,3783131,258
10611,3783131,3783754,623
10612,3783754,3783940,186
10613,3783940,3783993,53
10614,3783993,3784186,193
10615,3784186,3784314,128
10616,3784314,3784435,121
10617,3784435,3784557,122
10618,3784557,3785068,511
10619,3785068,3785106,38
10620,3785106,3785155,49
10621,3785155,3785343,188
10622,3785343,3785399,56
10623,3785399,3785451,52
10624,3785451,3785463,12
10625,3785463,3785752,289
10626,3785752,3786179,427
10627,3786179,3787715,1536
10628,3787715,3787720,5
10629,3787720,3787725,5
10630,3787725,3788002,277
10631,3788002,3788070,68
10632,3788070,3788871,801
10633,3788871,3789866,995
10634,3789866,3790128,262
10635,3790128,3790187,59
10636,3790187,3790504,317
10637,3790504,3790759,255
10638,3790759,3791233,474
10639,3791233,3791252,19
10640,3791252,3791304,52
10641,3791304,3791375,71
10642,3791375,3792193,818
10643,3792193,3792197,4
10644,3792197,3792439,242
10645,3792439,3792687,248
10646,3792687,3793619,932
10647,3793619,3793796,177
10648,3793796,3793916,120
10649,3793916,3794317,401
10650,3794317,3794409,92
10651,3794409,3794423,14
10652,3794423,3794436,13
10653,3794436,3794800,364
10654,3794800,3794806,6
10655,3794806,3795062,256
10656,3795062,3796494,1432
10657,3796494,3796498,4
10658,3796498,3796798,300
10659,3796798,3796939,141
10660,3796939,3797436,497
10661,3797436,3797507,71
10662,3797507,3797703,196
10663,3797703,3798382,679
10664,3798382,3798688,306
10665,3798688,3798780,92
10666,3798780,3799211,431
10667,3799211,3799270,59
10668,3799270,3799587,317
10669,3799587,3799842,255
10670,3799842,3800316,474
10671,3800316,3800335,19
10672,3800335,3800387,52
10673,3800387,3800458,71
10674,3800458,3801274,816
10675,3801274,3801278,4
10676,3801278,3801532,254
10677,3801532,3801780,248
10678,3801780,3802712,932
10679,3802712,3802889,177
10680,3802889,3803009,120
10681,3803009,3803410,401
10682,3803410,3803502,92
10683,3803502,3803516,14
10684,3803516,3803529,13
10685,3803529,3803893,364
10686,3803893,3803899,6
10687,3803899,3804155,256
10688,3804155,3805819,1664
10689,3805819,3806054,235
10690,3806054,3806064,10
10691,3806064,3806086,22
10692,3806086,3806375,289
10693,3806375,3806770,395
10694,3806770,3808012,1242
10695,3808012,3808174,162
10696,3808174,3809422,1248
10697,3809422,3810014,592
10698,3810014,3810383,369
10699,3810383,3810637,254
10700,3810637,3810677,40
10701,3810677,3810939,262
10702,3810939,3811364,425
10703,3811364,3811506,142
10704,3811506,3811628,122
10705,3811628,3812236,608
10706,3812236,3812430,194
10707,3812430,3812524,94
10708,3812524,3812700,176
10709,3812700,3813228,528
10710,3813228,3813399,171
10711,3813399,3813460,61
10712,3813460,3813988,528
10713,3813988,3814400,412
10714,3814400,3814466,66
10715,3814466,3814738,272
10716,3814738,3815142,404
10717,3815142,3815399,257
10718,3815399,3815630,231
10719,3815630,3815790,160
10720,3815790,3815969,179
10721,3815969,3815993,24
10722,3815993,3816001,8
10723,3816001,3816008,7
10724,3816008,3816380,372
10725,3816380,3816421,41
10726,3816421,3816571,150
10727,3816571,3816613,42
10728,3816613,3816627,14
10729,3816627,3816634,7
10730,3816634,3816641,7
10731,3816641,3816814,173
10732,3816814,3817004,190
10733,3817004,3817016,12
10734,3817016,3818027,1011
10735,3818027,3818454,427
10736,3818454,3819192,738
10737,3819192,3819742,550
10738,3819742,3820457,715
10739,3820457,3820543,86
10740,3820543,3820571,28
10741,3820571,3820667,96
10742,3820667,3820881,214
10743,3820881,3821703,822
10744,3821703,3821869,166
10745,3821869,3821962,93
10746,3821962,3822134,172
10747,3822134,3822142,8
10748,3822142,3822681,539
10749,3822681,3822700,19
10750,3822700,3823297,597
10751,3823297,3823692,395
10752,3823692,3825227,1535
10753,3825227,3825970,743
10754,3825970,3826123,153
10755,3826123,3826160,37
10756,3826160,3826175,15
10757,3826175,3826182,7
10758,3826182,3826189,7
10759,3826189,3826487,298
10760,3826487,3826508,21
10761,3826508,3826550,42
10762,3826550,3826557,7
10763,3826557,3826564,7
10764,3826564,3826961,397
10765,3826961,3827321,360
10766,3827321,3827485,164
10767,3827485,3827493,8
10768,3827493,3827782,289
10769,3827782,3827850,68
10770,3827850,3827938,88
10771,3827938,3828336,398
10772,3828336,3828458,122
10773,3828458,3828472,14
10774,3828472,3828841,369
10775,3828841,3828870,29
10776,3828870,3828965,95
10777,3828965,3828995,30
10778,3828995,3829433,438
10779,3829433,3829626,193
10780,3829626,3829658,32
10781,3829658,3829791,133
10782,3829791,3829824,33
10783,3829824,3829872,48
10784,3829872,3830000,128
10785,3830000,3830445,445
10786,3830445,3830891,446
10787,3830891,3831170,279
10788,3831170,3831190,20
10789,3831190,3831197,7
10790,3831197,3831309,112
10791,3831309,3831764,455
10792,3831764,3832385,621
10793,3832385,3833322,937
10794,3833322,3833670,348
10795,3833670,3833818,148
10796,3833818,3833998,180
10797,3833998,3834075,77
10798,3834075,3834449,374
10799,3834449,3835428,979
10800,3835428,3835747,319
10801,3835747,3837417,1670
10802,3837417,3837427,10
10803,3837427,3837506,79
10804,3837506,3837768,262
10805,3837768,3837892,124
10806,3837892,3837954,62
10807,3837954,3837959,5
10808,3837959,3838068,109
10809,3838068,3838081,13
10810,3838081,3838666,585
10811,3838666,3838714,48
10812,3838714,3838927,213
10813,3838927,3839001,74
10814,3839001,3840351,1350
10815,3840351,3840782,431
10816,3840782,3840939,157
10817,3840939,3841168,229
10818,3841168,3841351,183
10819,3841351,3841455,104
10820,3841455,3842176,721
10821,3842176,3842201,25
10822,3842201,3842879,678
10823,3842879,3842900,21
10824,3842900,3843598,698
10825,3843598,3843838,240
10826,3843838,3843848,10
10827,3843848,3843882,34
10828,3843882,3844288,406
10829,3844288,3844321,33
10830,3844321,3844403,82
10831,3844403,3844552,149
10832,3844552,3844682,130
10833,3844682,3844744,62
10834,3844744,3845213,469
10835,3845213,3845337,124
10836,3845337,3846134,797
10837,3846134,3846152,18
10838,3846152,3846317,165
10839,3846317,3846497,180
10840,3846497,3846734,237
10841,3846734,3847337,603
10842,3847337,3847851,514
10843,3847851,3847909,58
10844,3847909,3848041,132
10845,3848041,3848285,244
10846,3848285,3848672,387
10847,3848672,3849006,334
10848,3849006,3849094,88
10849,3849094,3849118,24
10850,3849118,3849462,344
10851,3849462,3849949,487
10852,3849949,3850284,335
10853,3850284,3850364,80
10854,3850364,3850464,100
10855,3850464,3850687,223
10856,3850687,3850752,65
10857,3850752,3851534,782
10858,3851534,3851578,44
10859,3851578,3851700,122
10860,3851700,3852238,538
10861,3852238,3853114,876
10862,3853114,3853468,354
10863,3853468,3853720,252
10864,3853720,3853773,53
10865,3853773,3853791,18
10866,3853791,3853803,12
10867,3853803,3854011,208
10868,3854011,3854203,192
10869,3854203,3854661,458
10870,3854661,3854710,49
10871,3854710,3854851,141
10872,3854851,3855164,313
10873,3855164,3855501,337
10874,3855501,3855615,114
10875,3855615,3856355,740
10876,3856355,3856364,9
10877,3856364,3856518,154
10878,3856518,3856792,274
10879,3856792,3857096,304
10880,3859043,3859307,264
10881,3859307,3859464,157
10882,3859464,3859480,16
10883,3859480,3860769,1289
10884,3860769,3862057,1288
10885,3862057,3862635,578
10886,3862635,3862639,4
10887,3862639,3863346,707
10888,3863346,3863383,37
10889,3863383,3863656,273
10890,3863656,3863782,126
10891,3863782,3864096,314
10892,3864096,3864154,58
10893,3864154,3864414,260
10894,3864414,3864679,265
10895,3864679,3864748,69
10896,3864748,3864795,47
10897,3864795,3864826,31
10898,3864826,3864854,28
10899,3864854,3864976,122
10900,3864976,3865194,218
10901,3865194,3865479,285
10902,3865479,3865626,147
10903,3865626,3866582,956
10904,3866582,3866618,36
10905,3866618,3866755,137
10906,3866755,3866866,111
10907,3866866,3866930,64
10908,3866930,3867465,535
10909,3867465,3867506,41
10910,3867506,3867546,40
10911,3867546,3867833,287
10912,3867833,3868271,438
10913,3868271,3868296,25
10914,3868296,3868733,437
10915,3868733,3868754,21
10916,3868754,3869189,435
10917,3869189,3869200,11
10918,3869200,3869566,366
10919,3869566,3869859,293
10920,3869859,3870006,147
10921,3870006,3870014,8
10922,3870014,3870038,24
10923,3870038,3870493,455
10924,3870493,3870679,186
10925,3870679,3870964,285
10926,3870964,3871157,193
10927,3871157,3871724,567
10928,3871724,3872073,349
10929,3872073,3872435,362
10930,3872435,3872494,59
10931,3872494,3872603,109
10932,3872603,3872668,65
10933,3872668,3872917,249
10934,3872917,3873139,222
10935,3873139,3874858,1719
10936,3874858,3874870,12
10937,3874870,3875246,376
10938,3875246,3875341,95
10939,3875341,3875409,68
10940,3875409,3875532,123
10941,3875532,3875761,229
10942,3875761,3875769,8
10943,3875769,3875881,112
10944,3875881,3876121,240
10945,3876121,3876631,510
10946,3876631,3876762,131
10947,3876762,3876794,32
10948,3876794,3876827,33
10949,3876827,3876838,11
10950,3876838,3876845,7
10951,3876845,3876956,111
10952,3876956,3876976,20
10953,3876976,3877203,227
10954,3877203,3877965,762
10955,3877965,3878226,261
10956,3878226,3878469,243
10957,3878469,3878506,37
10958,3878506,3878957,451
10959,3878957,3879020,63
10960,3879020,3879234,214
10961,3879234,3879745,511
10962,3879745,3879790,45
10963,3879790,3879843,53
10964,3879843,3880246,403
10965,3880246,3880668,422
10966,3880668,3880800,132
10967,3880800,3881432,632
10968,3881432,3881452,20
10969,3881452,3881637,185
10970,3881637,3881658,21
10971,3881658,3881697,39
10972,3881697,3881836,139
10973,3881836,3881859,23
10974,3881859,3881952,93
10975,3881952,3882061,109
10976,3882061,3882251,190
10977,3882251,3882405,154
10978,3882405,3882441,36
10979,3882441,3882480,39
10980,3882480,3883126,646
10981,3883126,3883731,605
10982,3883731,3883812,81
10983,3883812,3883960,148
10984,3883960,3884108,148
10985,3884108,3884681,573
10986,3884681,3884919,238
10987,3884919,3885301,382
10988,3885301,3886315,1014
10989,3886315,3887518,1203
10990,3887518,3888802,1284
10991,3888802,3888806,4
10992,3888806,3889186,380
10993,3889186,3890647,1461
10994,3890647,3891391,744
10995,3891391,3892061,670
10996,3892061,3892716,655
10997,3892716,3892806,90
10998,3892806,3893093,287
10999,3893093,3894265,1172
11000,3894265,3895163,898
11001,3895163,3895672,509
11002,3895672,3895680,8
11003,3895680,3895833,153
11004,3895833,3895844,11
11005,3895844,3896084,240
11006,3896084,3896331,247
11007,3896331,3896375,44
11008,3896375,3896427,52
11009,3896427,3896618,191
11010,3896618,3896871,253
11011,3896871,3896970,99
11012,3896970,3897468,498
11013,3897468,3897575,107
11014,3897575,3897899,324
11015,3897899,3900092,2193
11016,3900092,3900708,616
11017,3900708,3901221,513
11018,3901221,3901795,574
11019,3901795,3901838,43
11020,3901838,3902006,168
11021,3902006,3903416,1410
11022,3903416,3903653,237
11023,3903653,3904413,760
11024,3904413,3904455,42
11025,3904455,3904512,57
11026,3904512,3904591,79
11027,3904591,3904950,359
11028,3904950,3906494,1544
11029,3906494,3906996,502
11030,3906996,3907247,251
11031,3907247,3907268,21
11032,3907268,3908060,792
11033,3908060,3908573,513
11034,3908573,3909010,437
11035,3909010,3909143,133
11036,3909143,3909763,620
11037,3909763,3910504,741
11038,3910504,3910855,351
11039,3910855,3911109,254
11040,3911109,3911387,278
11041,3911387,3911425,38
11042,3911425,3911681,256
11043,3911681,3911896,215
11044,3911896,3912051,155
11045,3912051,3913343,1292
11046,3913343,3913472,129
11047,3913472,3913971,499
11048,3913971,3915685,1714
11049,3915685,3915803,118
11050,3915803,3916495,692
11051,3916495,3916713,218
11052,3916713,3917182,469
11053,3917182,3917537,355
11054,3917537,3918500,963
11055,3918500,3918922,422
11056,3918922,3919991,1069
11057,3919991,3920521,530
11058,3920521,3922601,2080
11059,3922601,3923323,722
11060,3923323,3923734,411
11061,3923734,3923939,205
11062,3923939,3924492,553
11063,3924492,3924709,217
11064,3924709,3925398,689
11065,3925398,3926409,1011
11066,3926409,3927713,1304
11067,3927713,3929591,1878
11068,3929591,3929923,332
11069,3929923,3929947,24
11070,3929947,3929958,11
11071,3929958,3929973,15
11072,3929973,3930263,290
11073,3930263,3931121,858
11074,3931121,3931221,100
11075,3931221,3932626,1405
11076,3932626,3932711,85
11077,3932711,3932953,242
11078,3932953,3932971,18
11079,3932971,3933117,146
11080,3933117,3933167,50
11081,3933167,3933324,157
11082,3933324,3933951,627
11083,3933951,3934055,104
11084,3934055,3934187,132
11085,3934187,3934288,101
11086,3934288,3934667,379
11087,3934667,3935640,973
11088,3935640,3935697,57
11089,3935697,3935707,10
11090,3935707,3936304,597
11091,3936304,3936474,170
11092,3936474,3936503,29
11093,3936503,3937014,511
11094,3937014,3937051,37
11095,3937051,3937081,30
11096,3937081,3937555,474
11097,3937555,3937591,36
11098,3937591,3937672,81
11099,3937672,3937684,12
11100,3937684,3938356,672
11101,3938356,3938652,296
11102,3938652,3939018,366
11103,3939018,3939227,209
11104,3939227,3939269,42
11105,3939269,3939354,85
11106,3939354,3939405,51
11107,3939405,3939482,77
11108,3939482,3939540,58
11109,3939540,3940002,462
11110,3940002,3940248,246
11111,3940248,3941252,1004
11112,3941252,3941289,37
11113,3941289,3941319,30
11114,3941319,3941793,474
11115,3941793,3941829,36
11116,3941829,3941910,81
11117,3941910,3941922,12
11118,3941922,3942594,672
11119,3942594,3942890,296
11120,3942890,3943256,366
11121,3943256,3943465,209
11122,3943465,3943592,127
11123,3943592,3943643,51
11124,3943643,3943720,77
11125,3943720,3943778,58
11126,3943778,3943989,211
11127,3943989,3945448,1459
11128,3945448,3945485,37
11129,3945485,3945515,30
11130,3945515,3945989,474
11131,3945989,3946025,36
11132,3946025,3946106,81
11133,3946106,3946118,12
11134,3946118,3946790,672
11135,3946790,3947086,296
11136,3947086,3947452,366
11137,3947452,3947661,209
11138,3947661,3947788,127
11139,3947788,3947839,51
11140,3947839,3947916,77
11141,3947916,3947974,58
11142,3947974,3948185,211
11143,3948185,3949131,946
11144,3949131,3949667,536
11145,3949667,3950422,755
11146,3950422,3950605,183
11147,3950605,3950839,234
11148,3950839,3951270,431
11149,3951270,3951484,214
11150,3951484,3951549,65
11151,3951549,3951658,109
11152,3951658,3951721,63
11153,3951721,3951834,113
11154,3951834,3952163,329
11155,3952163,3952434,271
11156,3952434,3952572,138
11157,3952572,3952716,144
11158,3952716,3952766,50
11159,3952766,3953416,650
11160,3953416,3953672,256
11161,3953672,3954223,551
11162,3954223,3954542,319
11163,3954542,3954672,130
11164,3954672,3954686,14
11165,3954686,3954887,201
11166,3954887,3955273,386
11167,3955273,3955288,15
11168,3955288,3955778,490
11169,3955778,3956051,273
11170,3956051,3956125,74
11171,3956125,3956463,338
11172,3956463,3956468,5
11173,3956468,3956581,113
11174,3956581,3956671,90
11175,3956671,3956797,126
11176,3956797,3957100,303
11177,3957100,3957379,279
11178,3957379,3957449,70
11179,3957449,3957475,26
11180,3957475,3957631,156
11181,3957631,3957778,147
11182,3957778,3957925,147
11183,3957925,3958103,178
11184,3958103,3958279,176
11185,3958279,3958426,147
11186,3958426,3958633,207
11187,3958633,3958721,88
11188,3958721,3958876,155
11189,3958876,3959050,174
11190,3959050,3959071,21
11191,3959071,3959344,273
11192,3959344,3959571,227
11193,3959571,3959788,217
11194,3959788,3960040,252
11195,3960040,3960715,675
11196,3960715,3960952,237
11197,3960952,3961100,148
11198,3961100,3961261,161
11199,3961261,3961483,222
11200,3961483,3961489,6
11201,3961489,3961735,246
11202,3961735,3961769,34
11203,3961769,3961837,68
11204,3961837,3961853,16
11205,3961853,3962018,165
11206,3962018,3962411,393
11207,3962411,3962416,5
11208,3962416,3962930,514
11209,3962930,3963094,164
11210,3963094,3963409,315
11211,3963409,3964069,660
11212,3964069,3964580,511
11213,3964580,3964628,48
11214,3964628,3964652,24
11215,3964652,3965001,349
11216,3965001,3965992,991
11217,3965992,3966007,15
11218,3966007,3966041,34
11219,3966041,3966048,7
11220,3966048,3966137,89
11221,3966137,3966190,53
11222,3966190,3966236,46
11223,3966236,3966332,96
11224,3966332,3966343,11
11225,3966343,3966368,25
11226,3966368,3966400,32
11227,3966400,3966716,316
11228,3966716,3966802,86
11229,3966802,3966831,29
11230,3966831,3967016,185
11231,3967016,3967154,138
11232,3967154,3967226,72
11233,3967226,3967471,245
11234,3967471,3967491,20
11235,3967491,3967957,466
11236,3967957,3968138,181
11237,3968138,3968407,269
11238,3968407,3968412,5
11239,3968412,3969402,990
11240,3969402,3969543,141
11241,3969543,3969637,94
11242,3969637,3969714,77
11243,3969714,3969833,119
11244,3969833,3970061,228
11245,3970061,3970693,632
11246,3970693,3970747,54
11247,3970747,3970935,188
11248,3970935,3971023,88
11249,3971023,3971054,31
11250,3971054,3971110,56
11251,3971110,3971770,660
11252,3971770,3971959,189
11253,3971959,3972426,467
11254,3972426,3972848,422
11255,3972848,3973339,491
11256,3973339,3974094,755
11257,3974094,3974579,485
11258,3974579,3976030,1451
11259,3976030,3976240,210
11260,3976240,3976926,686
11261,3976926,3976989,63
11262,3976989,3977303,314
11263,3977303,3978888,1585
11264,3978888,3979187,299
11265,3979187,3980735,1548
11266,3980735,3981220,485
11267,3981220,3982385,1165
11268,3982385,3982600,215
11269,3982600,3983070,470
11270,3983070,3983276,206
11271,3983276,3983844,568
11272,3983844,3984037,193
11273,3984037,3984122,85
11274,3984122,3984893,771
11275,3984893,3985214,321
11276,3985214,3985544,330
11277,3985544,3986464,920
11278,3986464,3986858,394
11279,3986858,3987301,443
11280,3987301,3988107,806
11281,3988107,3988633,526
11282,3988633,3988852,219
11283,3988852,3988882,30
11284,3988882,3990792,1910
11285,3990792,3991243,451
11286,3991243,3991308,65
11287,3991308,3992124,816
11288,3992124,3992282,158
11289,3992282,3992291,9
11290,3992291,3992514,223
11291,3992514,3992587,73
11292,3992587,3992636,49
11293,3992636,3992648,12
11294,3992648,3992836,188
11295,3992836,3994363,1527
11296,3994363,3994753,390
11297,3994753,3995286,533
11298,3995286,3995743,457
11299,3995743,3995804,61
11300,3995804,3995813,9
11301,3995813,3995835,22
11302,3995835,3996425,590
11303,3996425,3997352,927
11304,3997352,3998535,1183
11305,3998535,3998886,351
11306,3998886,3998968,82
11307,3998968,4000091,1123
11308,4000091,4000317,226
11309,4000317,4000687,370
11310,4000687,4001230,543
11311,4001230,4001956,726
11312,4001956,4002712,756
11313,4002712,4003357,645
11314,4003357,4004539,1182
11315,4004539,4005941,1402
11316,4008900,4009358,458
11317,4011881,4012406,525
11318,4012406,4013059,653
11319,4015414,4015828,414
11320,4015828,4016325,497
11321,4016325,4018683,2358
11322,4018683,4018694,11
11323,4018694,4019066,372
11324,4019066,4019808,742
11325,4019808,4020166,358
11326,4020166,4020684,518
11327,4020684,4020964,280
11328,4020964,4021041,77
11329,4021041,4022178,1137
11330,4022178,4022249,71
11331,4022249,4023671,1422
11332,4023671,4023956,285
11333,4023956,4024449,493
11334,4024449,4025415,966
11335,4025415,4025543,128
11336,4025543,4026879,1336
11337,4026879,4027099,220
11338,4027099,4027103,4
11339,4027103,4027735,632
11340,4027735,4029180,1445
11341,4029180,4029751,571
11342,4029751,4032244,2493
11343,4032244,4033016,772
11344,4033016,4033104,88
11345,4033104,4034343,1239
11346,4034343,4036391,2048
11347,4036391,4037444,1053
11348,4037444,4039784,2340
11349,4039784,4040303,519
11350,4040303,4040312,9
11351,4040312,4041074,762
11352,4041074,4041336,262
11353,4041336,4043601,2265
11354,4043601,4043616,15
11355,4043616,4044612,996
11356,4044612,4046380,1768
11357,4046380,4046386,6
11358,4046386,4047199,813
11359,4047199,4049283,2084
11360,4049283,4050385,1102
11361,4050385,4050790,405
11362,4050790,4050797,7
11363,4050797,4050970,173
11364,4050970,4051774,804
11365,4051774,4052494,720
11366,4052494,4053982,1488
11367,4053982,4053987,5
11368,4053987,4054011,24
11369,4054011,4054119,108
11370,4054119,4054887,768
11371,4054887,4055223,336
11372,4055223,4055434,211
11373,4055434,4056282,848
11374,4056282,4056451,169
11375,4056451,4056459,8
11376,4056459,4056758,299
11377,4056758,4057390,632
11378,4057390,4057668,278
11379,4060101,4060323,222
11380,4060323,4060935,612
11381,4060935,4062115,1180
11382,4062115,4063078,963
11383,4063078,4063337,259
11384,4063337,4063652,315
11385,4063652,4063696,44
11386,4063696,4063915,219
11387,4063915,4064027,112
11388,4064027,4064221,194
11389,4064221,4064452,231
11390,4064452,4066373,1921
11391,4066373,4066709,336
11392,4066709,4068262,1553
11393,4068262,4069786,1524
11394,4069786,4070085,299
11395,4070085,4071000,915
11396,4071000,4071358,358
11397,4071358,4071569,211
11398,4071569,4073229,1660
11399,4073229,4073269,40
11400,4073269,4074305,1036
11401,4074305,4074965,660
11402,4074965,4075215,250
11403,4075215,4075307,92
11404,4075307,4075341,34
11405,4075341,4075357,16
11406,4075357,4076098,741
11407,4076098,4076325,227
11408,4076325,4076729,404
11409,4076729,4076946,217
11410,4076946,4077151,205
11411,4077151,4077868,717
11412,4077868,4077990,122
11413,4077990,4078049,59
11414,4078049,4078236,187
11415,4078236,4078578,342
11416,4078578,4078584,6
11417,4078584,4079518,934
11418,4079518,4079729,211
11419,4079729,4079954,225
11420,4079954,4081516,1562
11421,4081516,4081864,348
11422,4081864,4082124,260
11423,4082124,4082135,11
11424,4082135,4082221,86
11425,4082221,4082230,9
11426,4082230,4082277,47
11427,4082277,4082385,108
11428,4082385,4082394,9
11429,4082394,4082449,55
11430,4082449,4082724,275
11431,4082724,4082795,71
11432,4082795,4083075,280
11433,4083075,4083323,248
11434,4083323,4083656,333
11435,4083656,4083896,240
11436,4083896,4084148,252
11437,4084148,4084548,400
11438,4084548,4084668,120
11439,4084668,4084694,26
11440,4084694,4085835,1141
11441,4085835,4086261,426
11442,4086261,4086943,682
11443,4086943,4087376,433
11444,4087376,4087528,152
11445,4087528,4087536,8
11446,4087536,4087581,45
11447,4087581,4087897,316
11448,4087897,4087906,9
11449,4087906,4087950,44
11450,4087950,4088342,392
11451,4088342,4088812,470
11452,4088812,4090018,1206
11453,4090018,4090032,14
11454,4090032,4090149,117
11455,4090149,4090286,137
11456,4090286,4090454,168
11457,4090454,4091064,610
11458,4091064,4091605,541
11459,4091605,4091725,120
11460,4091725,4092011,286
11461,4092011,4092314,303
11462,4092314,4093538,1224
11463,4093538,4094527,989
11464,4094527,4095993,1466
11465,4095993,4096372,379
11466,4096372,4096382,10
11467,4096382,4097093,711
11468,4097093,4097561,468
11469,4097561,4098005,444
11470,4098005,4098043,38
11471,4098043,4098227,184
11472,4098227,4098326,99
11473,4098326,4098355,29
11474,4098355,4098613,258
11475,4098613,4098797,184
11476,4098797,4099205,408
11477,4099205,4099604,399
11478,4099604,4099911,307
11479,4099911,4099950,39
11480,4099950,4100052,102
11481,4100052,4100140,88
11482,4100140,4100165,25
11483,4100165,4100196,31
11484,4100196,4100244,48
11485,4100244,4100313,69
11486,4100313,4100397,84
11487,4100397,4100590,193
11488,4100590,4100663,73
11489,4100663,4100860,197
11490,4100860,4100893,33
11491,4100893,4101276,383
11492,4101276,4101571,295
11493,4101571,4102613,1042
11494,4102613,4102654,41
11495,4102654,4102751,97
11496,4102751,4102775,24
11497,4102775,4102805,30
11498,4102805,4103114,309
11499,4103114,4103718,604
11500,4103718,4103838,120
11501,4103838,4104035,197
11502,4104035,4104630,595
11503,4104630,4104971,341
11504,4104971,4105169,198
11505,4105169,4105406,237
11506,4105406,4105443,37
11507,4105443,4105622,179
11508,4105622,4106346,724
11509,4106346,4108090,1744
11510,4108090,4108106,16
11511,4108106,4109383,1277
11512,4109383,4109566,183
11513,4109566,4109579,13
11514,4109579,4109583,4
11515,4109583,4109615,32
11516,4109615,4109715,100
11517,4109715,4109801,86
11518,4109801,4109924,123
11519,4109924,4110266,342
11520,4110266,4110318,52
11521,4110318,4110325,7
11522,4110325,4110332,7
11523,4110332,4110339,7
11524,4110339,4110344,5
11525,4110344,4110349,5
11526,4110349,4110354,5
11527,4110354,4111446,1092
11528,4111446,4111705,259
11529,4111705,4111871,166
11530,4111871,4112012,141
11531,4112012,4112029,17
11532,4112029,4112056,27
11533,4112056,4112309,253
11534,4112309,4112399,90
11535,4112399,4112516,117
11536,4112516,4112726,210
11537,4112726,4112744,18
11538,4112744,4113026,282
11539,4113026,4113374,348
11540,4113374,4113422,48
11541,4113422,4113448,26
11542,4113448,4114534,1086
11543,4114534,4114551,17
11544,4114551,4114761,210
11545,4114761,4114896,135
11546,4114896,4115060,164
11547,4115060,4115144,84
11548,4115144,4115171,27
11549,4115171,4115372,201
11550,4115372,4115400,28
11551,4115400,4115422,22
11552,4115422,4115445,23
11553,4115445,4115644,199
11554,4115644,4115768,124
11555,4115768,4115942,174
11556,4115942,4116036,94
11557,4116036,4116505,469
11558,4116505,4117369,864
11559,4117369,4117962,593
11560,4117962,4118459,497
11561,4118459,4118500,41
11562,4118500,4118838,338
11563,4118838,4118981,143
11564,4118981,4119323,342
11565,4119323,4119798,475
11566,4119798,4120331,533
11567,4120331,4120533,202
11568,4120533,4120675,142
11569,4120675,4120714,39
11570,4120714,4120905,191
11571,4120905,4121389,484
11572,4121389,4121459,70
11573,4121459,4121846,387
11574,4121846,4122220,374
11575,4122220,4122389,169
11576,4122389,4122501,112
11577,4122501,4122733,232
11578,4122733,4123184,451
11579,4123184,4123470,286
11580,4123470,4123697,227
11581,4123697,4123952,255
11582,4123952,4123979,27
11583,4123979,4124100,121
11584,4124100,4124639,539
11585,4124639,4124736,97
11586,4124736,4124922,186
11587,4124922,4125003,81
11588,4125003,4126317,1314
11589,4126317,4126400,83
11590,4126400,4126522,122
11591,4126522,4126641,119
11592,4126641,4126671,30
11593,4126671,4126865,194
11594,4126865,4128280,1415
11595,4128280,4128324,44
11596,4128324,4129067,743
11597,4129067,4129190,123
11598,4129190,4129494,304
11599,4129494,4129861,367
11600,4129861,4130089,228
11601,4130089,4130172,83
11602,4130172,4130256,84
11603,4130256,4130423,167
11604,4130423,4130590,167
11605,4130590,4130757,167
11606,4130757,4130934,177
11607,4130934,4130972,38
11608,4130972,4131326,354
11609,4131326,4131596,270
11610,4131596,4131801,205
11611,4131801,4132041,240
11612,4132041,4132109,68
11613,4132109,4132134,25
11614,4132134,4132243,109
11615,4132243,4133284,1041
11616,4133284,4133368,84
11617,4133368,4133546,178
11618,4133546,4133730,184
11619,4133730,4134075,345
11620,4134075,4134081,6
11621,4134081,4134148,67
11622,4134148,4134622,474
11623,4134622,4134675,53
11624,4134675,4135027,352
11625,4135027,4135813,786
11626,4135813,4136044,231
11627,4136044,4136604,560
11628,4136604,4137140,536
11629,4137140,4138038,898
11630,4138038,4138281,243
11631,4138281,4138958,677
11632,4138958,4139145,187
11633,4139145,4139588,443
11634,4139588,4139825,237
11635,4139825,4140724,899
11636,4140724,4140746,22
11637,4140746,4140873,127
11638,4140873,4141313,440
11639,4141313,4141335,22
11640,4141335,4141391,56
11641,4141391,4141509,118
11642,4141509,4141513,4
11643,4141513,4141942,429
11644,4141942,4142061,119
11645,4142061,4142123,62
11646,4142123,4142206,83
11647,4142206,4142657,451
11648,4142657,4142664,7
11649,4142664,4142957,293
11650,4142957,4143099,142
11651,4143099,4143137,38
11652,4143137,4143245,108
11653,4143245,4143378,133
11654,4143378,4143540,162
11655,4143540,4143615,75
11656,4143615,4143628,13
11657,4143628,4143664,36
11658,4143664,4144416,752
11659,4144416,4144798,382
11660,4144798,4145253,455
11661,4145253,4145838,585
11662,4145838,4146276,438
11663,4146276,4147091,815
11664,4147091,4147709,618
11665,4147709,4147970,261
11666,4147970,4149103,1133
11667,4149103,4149130,27
11668,4149130,4149418,288
11669,4149418,4150056,638
11670,4150056,4150155,99
11671,4150155,4150437,282
11672,4151890,4153196,1306
11673,4153196,4154420,1224
11674,4154420,4154627,207
11675,4154627,4154673,46
11676,4154673,4156104,1431
11677,4156104,4156477,373
11678,4156477,4158240,1763
11679,4158240,4158833,593
11680,4158833,4158963,130
11681,4158963,4159278,315
11682,4159278,4160039,761
11683,4160039,4160055,16
11684,4160055,4160293,238
11685,4160293,4160380,87
11686,4160380,4160425,45
11687,4160425,4160841,416
11688,4160841,4160845,4
11689,4160845,4161559,714
11690,4161559,4162039,480
11691,4162039,4163141,1102
11692,4163141,4163335,194
11693,4163335,4163465,130
11694,4163465,4164302,837
11695,4164302,4164804,502
11696,4164804,4165414,610
11697,4165414,4166580,1166
11698,4166580,4166834,254
11699,4166834,4166840,6
11700,4166840,4167869,1029
11701,4167869,4168618,749
11702,4168618,4169450,832
11703,4169450,4169548,98
11704,4169548,4169936,388
11705,4169936,4170906,970
11706,4170906,4171072,166
11707,4171072,4172047,975
11708,4174330,4176328,1998
11709,4176328,4176884,556
11710,4176884,4177164,280
11711,4177164,4177515,351
11712,4177515,4178197,682
11713,4178197,4179111,914
11714,4179111,4179118,7
11715,4179118,4180022,904
11716,4180022,4182273,2251
11717,4182273,4182409,136
11718,4184365,4184478,113
11719,4184478,4185062,584
11720,4185062,4185863,801
11721,4185863,4185941,78
11722,4185941,4186282,341
11723,4186282,4187167,885
11724,4187167,4187243,76
11725,4187243,4187274,31
11726,4187274,4188558,1284
11727,4188558,4188887,329
11728,4192559,4192616,57
11729,4192616,4192620,4
11730,4192620,4192885,265
11731,4192885,4193002,117
11732,4193002,4193091,89
11733,4193091,4193754,663
11734,4193754,4193791,37
11735,4193791,4194313,522
11736,4194313,4194912,599
11737,4194912,4195681,769
11738,4195681,4195797,116
11739,4195797,4196139,342
11740,4196139,4196346,207
11741,4196346,4197467,1121
11742,4197467,4198244,777
11743,4198244,4199048,804
11744,4199048,4199310,262
11745,4199310,4200243,933
11746,4200243,4201019,776
11747,4201019,4201521,502
11748,4201521,4201814,293
11749,4201814,4204035,2221
11750,4204035,4204329,294
11751,4204329,4206145,1816
11752,4206145,4206875,730
11753,4206875,4207527,652
11754,4207527,4208150,623
11755,4208150,4208602,452
11756,4208602,4208716,114
11757,4208716,4210294,1578
11758,4210294,4211272,978
11759,4211272,4211912,640
11760,4211912,4212119,207
11761,4212119,4212234,115
11762,4212234,4212286,52
11763,4212286,4212430,144
11764,4212430,4212744,314
11765,4212744,4213180,436
11766,4213180,4213223,43
11767,4213223,4213444,221
11768,4213444,4213457,13
11769,4213457,4213652,195
11770,4213652,4213685,33
11771,4215981,4216891,910
11772,4216891,4217241,350
11773,4217241,4217308,67
11774,4217308,4217331,23
11775,4217331,4217356,25
11776,4217356,4217984,628
11777,4217984,4218020,36
11778,4218020,4218298,278
11779,4218298,4218447,149
11780,4218447,4218641,194
11781,4218641,4218657,16
11782,4218657,4218761,104
11783,4218761,4218794,33
11784,4218794,4218800,6
11785,4218800,4218872,72
11786,4218872,4218882,10
11787,4218882,4219028,146
11788,4219028,4219174,146
11789,4219174,4219210,36
11790,4219210,4219274,64
11791,4219274,4219634,360
11792,4219634,4220037,403
11793,4220037,4220098,61
11794,4220098,4220285,187
11795,4220285,4220329,44
11796,4220329,4220512,183
11797,4220512,4220573,61
11798,4220573,4220666,93
11799,4220666,4220679,13
11800,4220679,4220760,81
11801,4220760,4220825,65
11802,4220825,4221071,246
11803,4221071,4221085,14
11804,4221085,4221365,280
11805,4221365,4221677,312
11806,4221677,4221689,12
11807,4221689,4221704,15
11808,4221704,4221716,12
11809,4221716,4221731,15
11810,4221731,4221743,12
11811,4221743,4221758,15
11812,4221758,4221803,45
11813,4221803,4222227,424
11814,4222227,4222478,251
11815,4222478,4222488,10
11816,4222488,4222585,97
11817,4222585,4222592,7
11818,4222592,4222645,53
11819,4222645,4222729,84
11820,4222729,4223428,699
11821,4223428,4225191,1763
11822,4225191,4225325,134
11823,4225325,4225387,62
11824,4225387,4225974,587
11825,4225974,4226096,122
11826,4226096,4226596,500
11827,4226596,4227945,1349
11828,4227945,4228111,166
11829,4228111,4229140,1029
11830,4229140,4230967,1827
11831,4230967,4231353,386
11832,4231353,4231552,199
11833,4231552,4231747,195
11834,4231747,4231855,108
11835,4231855,4231960,105
11836,4231960,4232090,130
11837,4232090,4232650,560
11838,4232650,4232932,282
11839,4232932,4235540,2608
11840,4235540,4236492,952
11841,4236492,4237095,603
11842,4240109,4240138,29
11843,4240138,4241378,1240
11844,4241378,4241427,49
11845,4241427,4241607,180
11846,4241607,4243078,1471
11847,4243078,4244309,1231
11848,4244309,4244488,179
11849,4244488,4245615,1127
11850,4245615,4247396,1781
11851,4247396,4247511,115
11852,4247511,4248169,658
11853,4248169,4248614,445
11854,4248614,4249484,870
11855,4249484,4250262,778
11856,4250262,4251089,827
11857,4251089,4252262,1173
11858,4252262,4252461,199
11859,4252461,4252490,29
11860,4252490,4252580,90
11861,4252580,4252673,93
11862,4252673,4252922,249
11863,4252922,4253299,377
11864,4253299,4254841,1542
11865,4254841,4255640,799
11866,4255640,4255861,221
11867,4255861,4256237,376
11868,4256237,4256620,383
11869,4256620,4256992,372
11870,4256992,4258067,1075
11871,4258067,4258754,687
11872,4258754,4259038,284
11873,4259038,4259320,282
11874,4259320,4260049,729
11875,4260049,4260098,49
11876,4260098,4261153,1055
11877,4261153,4261304,151
11878,4261304,4261737,433
11879,4261737,4263270,1533
11880,4263270,4263628,358
11881,4266150,4266233,83
11882,4266233,4266269,36
11883,4266269,4266288,19
11884,4266288,4266297,9
11885,4266297,4266326,29
11886,4266326,4266411,85
11887,4266411,4266429,18
11888,4266429,4266491,62
11889,4266491,4266830,339
11890,4266830,4266932,102
11891,4266932,4268721,1789
11892,4268721,4269057,336
11893,4269057,4269118,61
11894,4269118,4269269,151
11895,4269269,4269297,28
11896,4269297,4269459,162
11897,4269459,4269478,19
11898,4269478,4269877,399
11899,4269877,4270240,363
11900,4270240,4270259,19
11901,4270259,4270409,150
11902,4270409,4270765,356
11903,4270765,4270807,42
11904,4270807,4270814,7
11905,4270814,4271291,477
11906,4271291,4272227,936
11907,4272227,4272795,568
11908,4272795,4273117,322
11909,4273117,4274976,1859
11910,4274976,4276166,1190
11911,4276166,4276622,456
11912,4276622,4276658,36
11913,4276658,4276749,91
11914,4276749,4277092,343
11915,4277092,4277616,524
11916,4277616,4277714,98
11917,4277714,4278055,341
11918,4278055,4278234,179
11919,4278234,4278516,282
11920,4278516,4278554,38
11921,4278554,4278751,197
11922,4278751,4280116,1365
11923,4280116,4280121,5
11924,4280121,4280126,5
11925,4280126,4280689,563
11926,4280689,4281246,557
11927,4281246,4282198,952
11928,4282198,4283091,893
11929,4283091,4283308,217
11930,4283308,4284888,1580
11931,4284888,4284934,46
11932,4284934,4284939,5
11933,4284939,4286026,1087
11934,4286026,4286763,737
11935,4286763,4286785,22
11936,4286785,4287703,918
11937,4287703,4287713,10
11938,4287713,4287904,191
11939,4287904,4288028,124
11940,4288028,4288115,87
11941,4288115,4288634,519
11942,4288634,4288693,59
11943,4288693,4288790,97
11944,4288790,4290994,2204
11945,4290994,4292818,1824
11946,4292818,4293034,216
11947,4293034,4293173,139
11948,4293173,4293216,43
11949,4293216,4293477,261
11950,4293477,4293660,183
11951,4295750,4296361,611
11952,4296361,4298985,2624
11953,4298985,4300160,1175
11954,4300160,4300331,171
11955,4300331,4300510,179
11956,4300510,4300522,12
11957,4300522,4300822,300
11958,4300822,4301102,280
11959,4301102,4301417,315
11960,4301417,4301509,92
11961,4301509,4301611,102
11962,4301611,4301814,203
11963,4301814,4301974,160
11964,4301974,4302382,408
11965,4302382,4302529,147
11966,4302529,4302990,461
11967,4302990,4304266,1276
11968,4304266,4305028,762
11969,4305028,4307260,2232
11970,4307260,4307819,559
11971,4307819,4308944,1125
11972,4308944,4308986,42
11973,4308986,4309059,73
11974,4309059,4309696,637
11975,4309696,4310301,605
11976,4310301,4312188,1887
11977,4312188,4312847,659
11978,4312847,4313207,360
11979,4313207,4313581,374
11980,4313581,4313591,10
11981,4313591,4313596,5
11982,4313596,4313601,5
11983,4313601,4313898,297
11984,4313898,4314903,1005
11985,4314903,4315216,313
11986,4315216,4315408,192
11987,4315408,4315612,204
11988,4315612,4315946,334
11989,4315946,4315969,23
11990,4315969,4316218,249
11991,4316218,4316570,352
11992,4316570,4316595,25
11993,4316595,4316788,193
11994,4316788,4316988,200
11995,4316988,4317055,67
11996,4317055,4317498,443
11997,4317498,4317718,220
11998,4319891,4320043,152
11999,4320043,4320758,715
12000,4320758,4320772,14
12001,4320772,4320791,19
12002,4320791,4320992,201
12003,4320992,4321201,209
12004,4321201,4321493,292
12005,4321493,4321936,443
12006,4321936,4321972,36
12007,4321972,4323407,1435
12008,4323407,4323490,83
12009,4323490,4323664,174
12010,4323664,4324562,898
12011,4324562,4324849,287
12012,4324849,4325463,614
12013,4325463,4325648,185
12014,4325648,4326656,1008
12015,4326656,4327458,802
12016,4327458,4327715,257
12017,4327715,4327766,51
12018,4327766,4328009,243
12019,4328009,4328067,58
12020,4328067,4328223,156
12021,4328223,4328350,127
12022,4328350,4328420,70
12023,4328420,4329179,759
12024,4329179,4329595,416
12025,4329595,4330404,809
12026,4330404,4330674,270
12027,4335803,4336331,528
12028,4336331,4338015,1684
12029,4338015,4338184,169
12030,4338184,4340097,1913
12031,4342040,4343380,1340
12032,4343380,4345119,1739
12033,4345119,4346718,1599
12034,4346718,4346852,134
12035,4346852,4347498,646
12036,4347498,4349110,1612
12037,4349110,4349274,164
12038,4349274,4349280,6
12039,4349280,4349433,153
12040,4349433,4349476,43
12041,4349476,4350541,1065
12042,4350541,4351848,1307
12043,4351848,4353466,1618
12044,4353466,4353530,64
12045,4353530,4353540,10
12046,4353540,4353685,145
12047,4353685,4353806,121
12048,4353806,4353942,136
12049,4353942,4354750,808
12050,4354750,4355074,324
12051,4355074,4355950,876
12052,4355950,4356027,77
12053,4356027,4356374,347
12054,4356374,4356472,98
12055,4356472,4356762,290
12056,4356762,4357001,239
12057,4357001,4357006,5
12058,4357006,4357292,286
12059,4357292,4357411,119
12060,4357411,4357467,56
12061,4357467,4357667,200
12062,4357667,4357729,62
12063,4357729,4358404,675
12064,4358404,4358431,27
12065,4358431,4358507,76
12066,4358507,4358551,44
12067,4358551,4358639,88
12068,4358639,4359374,735
12069,4359374,4359575,201
12070,4359575,4359775,200
12071,4359775,4359821,46
12072,4359821,4360111,290
12073,4360111,4360165,54
12074,4360165,4360198,33
12075,4360198,4360300,102
12076,4360300,4360316,16
12077,4360316,4360404,88
12078,4360404,4360491,87
12079,4360491,4360674,183
12080,4360674,4360936,262
12081,4360936,4361007,71
12082,4361007,4361065,58
12083,4361065,4361237,172
12084,4361237,4362042,805
12085,4362042,4363159,1117
12086,4363159,4363564,405
12087,4363564,4363695,131
12088,4363695,4363954,259
12089,4363954,4365881,1927
12090,4365881,4366695,814
12091,4366695,4366752,57
12092,4366752,4366890,138
12093,4366890,4366991,101
12094,4366991,4367223,232
12095,4367223,4367252,29
12096,4367252,4367655,403
12097,4367655,4367768,113
12098,4367768,4367868,100
12099,4367868,4367961,93
12100,4367961,4368123,162
12101,4368123,4368166,43
12102,4368166,4368878,712
12103,4368878,4369348,470
12104,4369348,4369730,382
12105,4369730,4369952,222
12106,4369952,4370219,267
12107,4370219,4370261,42
12108,4370261,4370270,9
12109,4370270,4370343,73
12110,4370343,4371147,804
12111,4371147,4371662,515
12112,4371662,4371935,273
12113,4371935,4372432,497
12114,4372432,4373950,1518
12115,4373950,4374095,145
12116,4374095,4374176,81
12117,4374176,4375815,1639
12118,4375815,4376966,1151
12119,4376966,4377224,258
12120,4377224,4377913,689
12121,4377913,4378254,341
12122,4378254,4378311,57
12123,4378311,4378404,93
12124,4378404,4378791,387
12125,4378791,4379004,213
12126,4379004,4379424,420
12127,4379424,4379443,19
12128,4379443,4379482,39
12129,4379482,4379496,14
12130,4379496,4379503,7
12131,4379503,4379557,54
12132,4379557,4379571,14
12133,4379571,4379654,83
12134,4379654,4379660,6
12135,4379660,4379696,36
12136,4379696,4379809,113
12137,4379809,4379838,29
12138,4379838,4379851,13
12139,4379851,4380485,634
12140,4380485,4380958,473
12141,4380958,4381110,152
12142,4381110,4381509,399
12143,4381509,4381862,353
12144,4381862,4381960,98
12145,4381960,4382063,103
12146,4382063,4383426,1363
12147,4383426,4383592,166
12148,4383592,4383758,166
12149,4383758,4383923,165
12150,4383923,4383962,39
12151,4383962,4384089,127
12152,4384089,4384128,39
12153,4384128,4384255,127
12154,4384255,4384294,39
12155,4384294,4384421,127
12156,4384421,4384460,39
12157,4384460,4384586,126
12158,4384586,4384753,167
12159,4384753,4384823,70
12160,4384823,4385367,544
12161,4385367,4385568,201
12162,4385568,4385914,346
12163,4385914,4386598,684
12164,4386598,4386964,366
12165,4386964,4387138,174
12166,4387138,4387512,374
12167,4387512,4388065,553
12168,4388065,4389251,1186
12169,4389251,4389465,214
12170,4389465,4389842,377
12171,4389842,4390082,240
12172,4390082,4390423,341
12173,4390423,4390472,49
12174,4390472,4390491,19
12175,4390491,4390640,149
12176,4390640,4390708,68
12177,4390708,4390953,245
12178,4390953,4390958,5
12179,4390958,4391007,49
12180,4391007,4391251,244
12181,4391251,4391262,11
12182,4391262,4391297,35
12183,4391297,4391426,129
12184,4391426,4391540,114
12185,4391540,4391785,245
12186,4391785,4391878,93
12187,4391878,4391886,8
12188,4391886,4391892,6
12189,4391892,4391918,26
12190,4391918,4392013,95
12191,4392013,4392161,148
12192,4392161,4392325,164
12193,4392325,4392346,21
12194,4392346,4392676,330
12195,4392676,4392830,154
12196,4392830,4393049,219
12197,4393049,4393057,8
12198,4393057,4393067,10
12199,4393067,4393170,103
12200,4393170,4393562,392
12201,4393562,4394997,1435
12202,4394997,4395529,532
12203,4395529,4395897,368
12204,4395897,4396373,476
12205,4396373,4396495,122
12206,4396495,4396749,254
12207,4396749,4397076,327
12208,4397076,4397081,5
12209,4397081,4397339,258
12210,4397339,4397511,172
12211,4397511,4397678,167
12212,4397678,4398802,1124
12213,4398802,4400064,1262
12214,4400064,4400452,388
12215,4400452,4400548,96
12216,4400548,4400559,11
12217,4400559,4400572,13
12218,4400572,4400581,9
12219,4400581,4400741,160
12220,4400741,4400850,109
12221,4400850,4401090,240
12222,4401090,4401209,119
12223,4401209,4401861,652
12224,4401861,4402040,179
12225,4402040,4402225,185
12226,4402225,4403111,886
12227,4403111,4403166,55
12228,4403166,4403246,80
12229,4403246,4403339,93
12230,4403339,4403347,8
12231,4403347,4403415,68
12232,4403415,4404087,672
12233,4404087,4404586,499
12234,4404586,4405149,563
12235,4405149,4405451,302
12236,4405451,4405610,159
12237,4405610,4406666,1056
12238,4406666,4406672,6
12239,4406672,4406873,201
12240,4406873,4408250,1377
12241,4408250,4408747,497
12242,4408747,4409445,698
12243,4409445,4409663,218
12244,4409663,4410663,1000
12245,4410663,4410976,313
12246,4410976,4411439,463
12247,4411439,4412896,1457
12248,4412896,4413425,529
12249,4413425,4413881,456
12250,4413881,4414048,167
12251,4414048,4414152,104
12252,4414152,4414181,29
12253,4414181,4414475,294
12254,4414475,4414481,6
12255,4414481,4414670,189
12256,4414670,4414692,22
12257,4414692,4414813,121
12258,4414813,4415242,429
12259,4415242,4415297,55
12260,4415297,4415782,485
12261,4415782,4416251,469
12262,4416251,4417770,1519
12263,4417770,4417935,165
12264,4417935,4417973,38
12265,4417973,4418642,669
12266,4418642,4418661,19
12267,4418661,4418697,36
12268,4418697,4418711,14
12269,4418711,4419694,983
12270,4419694,4419996,302
12271,4419996,4420001,5
12272,4420001,4423164,3163
12273,4423164,4423561,397
12274,4423561,4424545,984
12275,4424545,4424712,167
12276,4424712,4425650,938
12277,4425650,4425763,113
12278,4425763,4426500,737
12279,4426500,4427269,769
12280,4427269,4427782,513
12281,4427782,4428359,577
12282,4428359,4428376,17
12283,4428376,4428479,103
12284,4428479,4429412,933
12285,4429412,4429682,270
12286,4429682,4429779,97
12287,4429779,4430285,506
12288,4430285,4432748,2463
12289,4432748,4433621,873
12290,4433621,4433875,254
12291,4433875,4433893,18
12292,4433893,4435345,1452
12293,4435345,4435364,19
12294,4435364,4435403,39
12295,4435403,4435493,90
12296,4435493,4435688,195
12297,4435688,4435839,151
12298,4435839,4435986,147
12299,4435986,4436378,392
12300,4436378,4436402,24
12301,4436402,4437908,1506
12302,4437908,4438609,701
12303,4438609,4439195,586
12304,4439195,4440273,1078
12305,4440273,4440278,5
12306,4440278,4440319,41
12307,4440319,4440370,51
12308,4440370,4440573,203
12309,4440573,4440724,151
12310,4440724,4440849,125
12311,4440849,4441526,677
12312,4441526,4441532,6
12313,4441532,4441645,113
12314,4441645,4441862,217
12315,4441862,4442074,212
12316,4442074,4442950,876
12317,4442950,4442956,6
12318,4442956,4442976,20
12319,4442976,4442986,10
12320,4442986,4444143,1157
12321,4444143,4444406,263
12322,4446408,4446615,207
12323,4446615,4446656,41
12324,4446656,4446878,222
12325,4446878,4447350,472
12326,4447350,4447834,484
12327,4447834,4447863,29
12328,4447863,4447957,94
12329,4447957,4448131,174
12330,4448131,4449546,1415
12331,4449546,4449696,150
12332,4449696,4449750,54
12333,4449750,4449895,145
12334,4449895,4450449,554
12335,4450449,4450464,15
12336,4450464,4450901,437
12337,4450901,4451120,219
12338,4451120,4451245,125
12339,4451245,4451645,400
12340,4451645,4451805,160
12341,4451805,4451851,46
12342,4451851,4451972,121
12343,4451972,4451981,9
12344,4451981,4452168,187
12345,4452168,4453647,1479
12346,4453647,4454200,553
12347,4454200,4454212,12
12348,4454212,4454409,197
12349,4454409,4454562,153
12350,4454562,4454579,17
12351,4454579,4454918,339
12352,4454918,4455871,953
12353,4455871,4456270,399
12354,4456270,4456859,589
12355,4456859,4456864,5
12356,4456864,4456885,21
12357,4456885,4456994,109
12358,4456994,4457001,7
12359,4457001,4457327,326
12360,4457327,4457335,8
12361,4457335,4457551,216
12362,4457551,4457826,275
12363,4457826,4457964,138
12364,4457964,4457979,15
12365,4457979,4458187,208
12366,4458187,4458660,473
12367,4458660,4458672,12
12368,4458672,4458700,28
12369,4458700,4459774,1074
12370,4459774,4460962,1188
12371,4460962,4461210,248
12372,4461210,4461232,22
12373,4461232,4461347,115
12374,4461347,4461388,41
12375,4461388,4461737,349
12376,4461737,4462446,709
12377,4462446,4464331,1885
12378,4464331,4464367,36
12379,4464367,4466479,2112
12380,4466479,4467362,883
12381,4467362,4467722,360
12382,4467722,4468167,445
12383,4468167,4468807,640
12384,4468807,4469089,282
12385,4469089,4469201,112
12386,4469201,4469616,415
12387,4469616,4469949,333
12388,4469949,4470374,425
12389,4470374,4470382,8
12390,4470382,4470390,8
12391,4470390,4470398,8
12392,4470398,4470406,8
12393,4470406,4470414,8
12394,4470414,4470539,125
12395,4470539,4471013,474
12396,4471013,4471105,92
12397,4471105,4471238,133
12398,4471238,4471245,7
12399,4471245,4471490,245
12400,4471490,4472274,784
12401,4472274,4472505,231
12402,4472505,4472548,43
12403,4472548,4472568,20
12404,4472568,4472578,10
12405,4472578,4472945,367
12406,4472945,4473087,142
12407,4473087,4473282,195
12408,4473282,4473457,175
12409,4473457,4474093,636
12410,4474093,4474134,41
12411,4474134,4474163,29
12412,4474163,4474226,63
12413,4474226,4474267,41
12414,4474267,4474368,101
12415,4474368,4474452,84
12416,4474452,4474516,64
12417,4474516,4474534,18
12418,4474534,4474543,9
12419,4474543,4474559,16
12420,4474559,4474567,8
12421,4474567,4474615,48
12422,4474615,4474646,31
12423,4474646,4474660,14
12424,4474660,4474670,10
12425,4474670,4474674,4
12426,4474674,4474781,107
12427,4474781,4474882,101
12428,4474882,4474932,50
12429,4474932,4476367,1435
12430,4476367,4476663,296
12431,4476663,4477312,649
12432,4477312,4477322,10
12433,4477322,4478149,827
12434,4478149,4479429,1280
12435,4479429,4479451,22
12436,4479451,4479458,7
12437,4481914,4482048,134
12438,4482048,4482080,32
12439,4482080,4482393,313
12440,4482393,4483131,738
12441,4483131,4483154,23
12442,4483154,4483616,462
12443,4483616,4483700,84
12444,4483700,4483706,6
12445,4483706,4483712,6
12446,4483712,4483733,21
12447,4483733,4483751,18
12448,4483751,4483757,6
12449,4483757,4483787,30
12450,4483787,4484199,412
12451,4484199,4485302,1103
12452,4485302,4486440,1138
12453,4486440,4486445,5
12454,4486445,4487065,620
12455,4487065,4487419,354
12456,4487419,4487774,355
12457,4487774,4487809,35
12458,4487809,4488113,304
12459,4488113,4488812,699
12460,4488812,4489468,656
12461,4489468,4489718,250
12462,4489718,4490289,571
12463,4490289,4490385,96
12464,4490385,4490718,333
12465,4490718,4490917,199
12466,4490917,4491302,385
12467,4491302,4491499,197
12468,4491499,4491947,448
12469,4491947,4492556,609
12470,4492556,4493912,1356
12471,4493912,4494629,717
12472,4494629,4494674,45
12473,4494674,4494690,16
12474,4494690,4494754,64
12475,4494754,4494766,12
12476,4494766,4494831,65
12477,4494831,4494977,146
12478,4494977,4495116,139
12479,4495116,4495136,20
12480,4495136,4495178,42
12481,4495178,4495196,18
12482,4495196,4495268,72
12483,4495268,4495296,28
12484,4495296,4495836,540
12485,4495836,4495978,142
12486,4495978,4496258,280
12487,4496258,4497420,1162
12488,4497420,4497988,568
12489,4497988,4498372,384
12490,4498372,4498775,403
12491,4498775,4499213,438
12492,4499213,4499258,45
12493,4499258,4499331,73
12494,4501086,4502748,1662
12495,4502748,4502856,108
12496,4502856,4503731,875
12497,4503731,4503760,29
12498,4503760,4504259,499
12499,4504259,4504263,4
12500,4504263,4505587,1324
12501,4505587,4506888,1301
12502,4506888,4507080,192
12503,4507080,4507498,418
12504,4507498,4507966,468
12505,4507966,4508229,263
12506,4508229,4508817,588
12507,4508817,4509771,954
12508,4509771,4509943,172
12509,4509943,4510210,267
12510,4510210,4510910,700
12511,4510910,4510915,5
12512,4510915,4511441,526
12513,4514349,4514558,209
12514,4514558,4515177,619
12515,4515177,4515338,161
12516,4515338,4515364,26
12517,4515364,4515992,628
12518,4515992,4518554,2562
12519,4518554,4519766,1212
12520,4519766,4519777,11
12521,4524460,4526444,1984
12522,4526444,4526801,357
12523,4526801,4527208,407
12524,4527208,4527694,486
12525,4527694,4528339,645
12526,4528339,4528470,131
12527,4528470,4528477,7
12528,4528477,4528520,43
12529,4528520,4528526,6
12530,4528526,4528661,135
12531,4528661,4528697,36
12532,4528697,4528715,18
12533,4528715,4528781,66
12534,4528781,4528795,14
12535,4528795,4528802,7
12536,4528802,4528892,90
12537,4528892,4529595,703
12538,4529595,4529607,12
12539,4529607,4530938,1331
12540,4530938,4531696,758
12541,4531696,4531915,219
12542,4531915,4531992,77
12543,4531992,4531998,6
12544,4531998,4532014,16
12545,4532014,4532044,30
12546,4532044,4532223,179
12547,4532223,4532317,94
12548,4532317,4532383,66
12549,4532383,4532402,19
12550,4532402,4532455,53
12551,4532455,4532668,213
12552,4532668,4532954,286
12553,4532954,4533043,89
12554,4533043,4533300,257
12555,4533300,4533901,601
12556,4533901,4533996,95
12557,4533996,4534394,398
12558,4534394,4534403,9
12559,4534403,4534950,547
12560,4534950,4535003,53
12561,4535003,4535057,54
12562,4535057,4535915,858
12563,4535915,4536012,97
12564,4536012,4536358,346
12565,4536358,4536695,337
12566,4536695,4536979,284
12567,4536979,4536989,10
12568,4536989,4537548,559
12569,4537548,4538207,659
12570,4538207,4538355,148
12571,4538355,4538376,21
12572,4538376,4538611,235
12573,4538611,4538885,274
12574,4538885,4538993,108
12575,4538993,4539036,43
12576,4539036,4539103,67
12577,4539103,4539248,145
12578,4539248,4539446,198
12579,4539446,4539467,21
12580,4539467,4539513,46
12581,4539513,4539614,101
12582,4539614,4539685,71
12583,4539685,4539707,22
12584,4539707,4539752,45
12585,4539752,4539923,171
12586,4539923,4540067,144
12587,4540067,4540163,96
12588,4540163,4540214,51
12589,4540214,4540484,270
12590,4540484,4540817,333
12591,4540817,4541049,232
12592,4541049,4541182,133
12593,4541182,4541232,50
12594,4541232,4541265,33
12595,4541265,4541717,452
12596,4541717,4541917,200
12597,4541917,4542226,309
12598,4542226,4542618,392
12599,4542618,4542706,88
12600,4542706,4542867,161
12601,4542867,4543016,149
12602,4543016,4543383,367
12603,4543383,4543756,373
12604,4543756,4544254,498
12605,4544254,4544455,201
12606,4544455,4544735,280
12607,4544735,4545474,739
12608,4545474,4545915,441
12609,4545915,4545953,38
12610,4545953,4545987,34
12611,4545987,4546571,584
12612,4546571,4546648,77
12613,4546648,4546698,50
12614,4546698,4546753,55
12615,4546753,4546878,125
12616,4546878,4546894,16
12617,4546894,4546957,63
12618,4546957,4547143,186
12619,4547143,4547188,45
12620,4547188,4547234,46
12621,4547234,4547429,195
12622,4547429,4547435,6
12623,4547435,4547606,171
12624,4547606,4547618,12
12625,4547618,4547733,115
12626,4547733,4548088,355
12627,4548088,4548440,352
12628,4548440,4548524,84
12629,4548524,4548535,11
12630,4548535,4548557,22
12631,4548557,4548603,46
12632,4548603,4549160,557
12633,4549160,4549214,54
12634,4549214,4549387,173
12635,4549387,4549951,564
12636,4549951,4550531,580
12637,4550531,4550669,138
12638,4550669,4550736,67
12639,4550736,4550903,167
12640,4550903,4550938,35
12641,4550938,4551035,97
12642,4551035,4551105,70
12643,4551105,4551341,236
12644,4551341,4551545,204
12645,4551545,4551608,63
12646,4551608,4551645,37
12647,4551645,4551714,69
12648,4551714,4551753,39
12649,4551753,4551840,87
12650,4551840,4552095,255
12651,4552095,4552135,40
12652,4552135,4552147,12
12653,4552147,4552203,56
12654,4552203,4552340,137
12655,4552340,4552373,33
12656,4552373,4552631,258
12657,4552631,4552700,69
12658,4552700,4553079,379
12659,4553079,4553421,342
12660,4553421,4553441,20
12661,4553441,4553514,73
12662,4553514,4553758,244
12663,4553758,4553869,111
12664,4553869,4553997,128
12665,4553997,4555533,1536
12666,4555533,4555542,9
12667,4555542,4555891,349
12668,4555891,4556130,239
12669,4556130,4556636,506
12670,4556636,4557665,1029
12671,4557665,4557739,74
12672,4557739,4557747,8
12673,4557747,4557937,190
12674,4557937,4558041,104
12675,4558041,4558147,106
12676,4558147,4558278,131
12677,4558278,4558284,6
12678,4558284,4558290,6
12679,4558290,4558296,6
12680,4558296,4558520,224
12681,4558520,4558904,384
12682,4558904,4558945,41
12683,4558945,4559204,259
12684,4559204,4559228,24
12685,4559228,4559299,71
12686,4559299,4559792,493
12687,4559792,4559906,114
12688,4559906,4560747,841
12689,4560747,4560892,145
12690,4560892,4561373,481
12691,4561373,4561861,488
12692,4561861,4561876,15
12693,4561876,4562050,174
12694,4562050,4562128,78
12695,4562128,4562170,42
12696,4562170,4562212,42
12697,4562212,4562219,7
12698,4562219,4562226,7
12699,4562226,4562477,251
12700,4562477,4562502,25
12701,4562502,4562528,26
12702,4562528,4562646,118
12703,4562646,4562985,339
12704,4562985,4563054,69
12705,4563054,4563061,7
12706,4563061,4563119,58
12707,4563119,4563152,33
12708,4563152,4563264,112
12709,4563264,4563578,314
12710,4563578,4564201,623
12711,4564201,4565048,847
12712,4565048,4565565,517
12713,4565565,4566289,724
12714,4566289,4567419,1130
12715,4567419,4567426,7
12716,4567426,4567433,7
12717,4567433,4567814,381
12718,4567814,4568071,257
12719,4568071,4568090,19
12720,4568090,4568102,12
12721,4568102,4568108,6
12722,4568108,4568114,6
12723,4568114,4568269,155
12724,4568269,4568386,117
12725,4568386,4568462,76
12726,4568462,4568511,49
12727,4568511,4568633,122
12728,4568633,4568671,38
12729,4568671,4568836,165
12730,4568836,4568941,105
12731,4568941,4569085,144
12732,4569085,4569132,47
12733,4569132,4569684,552
12734,4569684,4569750,66
12735,4569750,4569836,86
12736,4569836,4570048,212
12737,4570048,4570053,5
12738,4570053,4570106,53
12739,4570106,4570170,64
12740,4570170,4570198,28
12741,4570198,4570205,7
12742,4570205,4570325,120
12743,4570325,4570785,460
12744,4570785,4571403,618
12745,4571403,4571703,300
12746,4571703,4571818,115
12747,4571818,4571853,35
12748,4571853,4571983,130
12749,4571983,4572579,596
12750,4572579,4572587,8
12751,4572587,4572903,316
12752,4572903,4573079,176
12753,4573079,4573442,363
12754,4573442,4573776,334
12755,4573776,4574153,377
12756,4574153,4574158,5
12757,4574158,4574390,232
12758,4574390,4574751,361
12759,4574751,4574804,53
12760,4574804,4574824,20
12761,4574824,4575776,952
12762,4575776,4576034,258
12763,4576034,4576375,341
12764,4576375,4576405,30
12765,4576405,4576427,22
12766,4576427,4576491,64
12767,4576491,4576495,4
12768,4576495,4576559,64
12769,4576559,4576580,21
12770,4576580,4576592,12
12771,4576592,4576622,30
12772,4576622,4576705,83
12773,4576705,4576867,162
12774,4576867,4576901,34
12775,4576901,4577179,278
12776,4577179,4577588,409
12777,4577588,4577628,40
12778,4577628,4577954,326
12779,4577954,4578024,70
12780,4578024,4578437,413
12781,4578437,4578477,40
12782,4578477,4578533,56
12783,4578533,4578673,140
12784,4578673,4578832,159
12785,4578832,4579019,187
12786,4579019,4579689,670
12787,4579689,4579709,20
12788,4579709,4579911,202
12789,4579911,4579968,57
12790,4579968,4580027,59
12791,4580027,4580312,285
12792,4580312,4580321,9
12793,4580321,4580684,363
12794,4580684,4580724,40
12795,4580724,4580729,5
12796,4580729,4580734,5
12797,4580734,4580753,19
12798,4580753,4580766,13
12799,4580766,4580983,217
12800,4580983,4581554,571
12801,4581554,4581647,93
12802,4581647,4581656,9
12803,4581656,4582125,469
12804,4582125,4582702,577
12805,4582702,4583875,1173
12806,4583875,4583899,24
12807,4583899,4584085,186
12808,4584085,4584098,13
12809,4584098,4584113,15
12810,4584113,4584684,571
12811,4584684,4584700,16
12812,4584700,4584707,7
12813,4584707,4585171,464
12814,4585171,4585594,423
12815,4585594,4586034,440
12816,4586034,4586067,33
12817,4586067,4586216,149
12818,4586216,4586446,230
12819,4586446,4586692,246
12820,4586692,4586960,268
12821,4586960,4586977,17
12822,4586977,4587393,416
12823,4587393,4587527,134
12824,4587527,4587805,278
12825,4587805,4587864,59
12826,4587864,4588070,206
12827,4588070,4588172,102
12828,4588172,4589011,839
12829,4589011,4589039,28
12830,4589039,4589046,7
12831,4591714,4592200,486
12832,4592200,4592467,267
12833,4592467,4593389,922
12834,4593389,4593404,15
12835,4593404,4594067,663
12836,4594067,4594086,19
12837,4594086,4594234,148
12838,4594234,4594547,313
12839,4594547,4594660,113
12840,4594660,4594694,34
12841,4594694,4595053,359
12842,4595053,4595285,232
12843,4595285,4595352,67
12844,4595352,4595379,27
12845,4595379,4595615,236
12846,4595615,4595683,68
12847,4595683,4595692,9
12848,4595692,4595897,205
12849,4595897,4595970,73
12850,4595970,4596025,55
12851,4596025,4596378,353
12852,4596378,4596654,276
12853,4596654,4596759,105
12854,4596759,4596777,18
12855,4596777,4597103,326
12856,4597103,4597227,124
12857,4597227,4597311,84
12858,4597311,4597559,248
12859,4597559,4597823,264
12860,4597823,4598478,655
12861,4598478,4599092,614
12862,4602809,4602951,142
12863,4602951,4603007,56
12864,4603007,4603012,5
12865,4603012,4603016,4
12866,4603016,4603184,168
12867,4603184,4603530,346
12868,4603530,4604794,1264
12869,4604794,4604801,7
12870,4604801,4604893,92
12871,4604893,4605184,291
12872,4605184,4605228,44
12873,4605228,4606024,796
12874,4606024,4606118,94
12875,4606118,4606268,150
12876,4606268,4607241,973
12877,4607241,4607336,95
12878,4607336,4607744,408
12879,4607744,4607997,253
12880,4607997,4608070,73
12881,4608070,4609055,985
12882,4609055,4609627,572
12883,4609627,4609918,291
12884,4609918,4609963,45
12885,4609963,4610271,308
12886,4610271,4610822,551
12887,4610822,4611462,640
12888,4611462,4611793,331
12889,4611793,4611802,9
12890,4611802,4611971,169
12891,4611971,4612124,153
12892,4612124,4612362,238
12893,4612362,4612558,196
12894,4612558,4612692,134
12895,4612692,4613795,1103
12896,4613795,4613819,24
12897,4613819,4615106,1287
12898,4615106,4615884,778
12899,4615884,4616264,380
12900,4616264,4616583,319
12901,4616583,4616776,193
12902,4616776,4616919,143
12903,4616919,4617202,283
12904,4617202,4618465,1263
12905,4618465,4618530,65
12906,4618530,4618763,233
12907,4618763,4619159,396
12908,4619159,4619230,71
12909,4619230,4620095,865
12910,4620095,4620254,159
12911,4620254,4620619,365
12912,4620619,4620660,41
12913,4620660,4621085,425
12914,4621085,4621604,519
12915,4621604,4621939,335
12916,4621939,4622084,145
12917,4622084,4622225,141
12918,4622225,4622342,117
12919,4622342,4622579,237
12920,4622579,4622753,174
12921,4622753,4622779,26
12922,4622779,4622890,111
12923,4622890,4622985,95
12924,4622985,4623017,32
12925,4623017,4623660,643
12926,4623660,4623794,134
12927,4623794,4623980,186
12928,4623980,4624327,347
12929,4624327,4624766,439
12930,4624766,4624873,107
12931,4624873,4625150,277
12932,4625150,4625435,285
12933,4625435,4625577,142
12934,4625577,4625864,287
12935,4625864,4625894,30
12936,4625894,4626731,837
12937,4626731,4627266,535
12938,4627266,4627343,77
12939,4627343,4627390,47
12940,4627390,4627451,61
12941,4627451,4627537,86
12942,4627537,4627678,141
12943,4627678,4628205,527
12944,4628205,4628601,396
12945,4628601,4629041,440
12946,4629041,4629495,454
12947,4629495,4629559,64
12948,4629559,4629933,374
12949,4629933,4630168,235
12950,4630168,4630618,450
12951,4630618,4630701,83
12952,4630701,4630771,70
12953,4630771,4631384,613
12954,4631384,4631548,164
12955,4631548,4631659,111
12956,4631659,4632196,537
12957,4632196,4632486,290
12958,4632486,4633179,693
12959,4633179,4633633,454
12960,4633633,4633697,64
12961,4633697,4634042,345
12962,4634042,4634071,29
12963,4634071,4634306,235
12964,4634306,4634644,338
12965,4634644,4634756,112
12966,4634756,4635017,261
12967,4635017,4635229,212
12968,4635229,4635296,67
12969,4635296,4635611,315
12970,4635611,4635694,83
12971,4635694,4635764,70
12972,4635764,4636439,675
12973,4636439,4636731,292
12974,4636731,4637206,475
12975,4637206,4637314,108
12976,4637314,4637442,128
12977,4637442,4637495,53
12978,4637495,4638110,615
12979,4638110,4638207,97
12980,4638207,4639905,1698
12981,4639905,4639979,74
12982,4639979,4640067,88
12983,4640067,4640076,9
12984,4640076,4640171,95
12985,4640171,4640496,325
12986,4640496,4640680,184
12987,4640680,4640704,24
12988,4640704,4640733,29
12989,4640733,4640739,6
12990,4640739,4640778,39
12991,4640778,4640832,54
12992,4640832,4641939,1107
12993,4641939,4641969,30
12994,4641969,4642915,946
12995,4642915,4643094,179
12996,4643094,4644634,1540
12997,4644634,4645200,566
12998,4645200,4645257,57
12999,4645257,4645920,663
13000,4645920,4645926,6
13001,4645926,4646105,179
13002,4646105,4646520,415
13003,4646520,4647036,516
13004,4647036,4647060,24
13005,4647060,4647336,276
13006,4647336,4648181,845
13007,4648181,4648190,9
13008,4648190,4648280,90
13009,4648280,4648357,77
13010,4648357,4648541,184
13011,4648541,4648755,214
13012,4648755,4648818,63
13013,4648818,4648858,40
13014,4648858,4648899,41
13015,4648899,4649195,296
13016,4649195,4649501,306
13017,4649501,4649686,185
13018,4649686,4650207,521
13019,4650207,4650430,223
13020,4650430,4650474,44
13021,4650474,4650481,7
13022,4650481,4650574,93
13023,4650574,4650597,23
13024,4650597,4650712,115
13025,4650712,4650852,140
13026,4650852,4650943,91
13027,4650943,4650990,47
13028,4650990,4651428,438
13029,4651428,4651524,96
13030,4651524,4651584,60
13031,4651584,4651627,43
13032,4651627,4652143,516
13033,4652143,4652410,267
13034,4652410,4652499,89
13035,4652499,4652524,25
13036,4652524,4652741,217
13037,4652741,4652912,171
13038,4652912,4653015,103
13039,4653015,4653503,488
13040,4653503,4654192,689
13041,4654192,4655017,825
13042,4655017,4655162,145
13043,4655162,4655422,260
13044,4655422,4655520,98
13045,4655520,4655755,235
13046,4655755,4656051,296
13047,4656051,4656733,682
13048,4656733,4656853,120
13049,4656853,4657036,183
13050,4657036,4657060,24
13051,4657060,4657234,174
13052,4657234,4657464,230
13053,4657464,4657531,67
13054,4657531,4657795,264
13055,4657795,4658222,427
13056,4658222,4658303,81
13057,4658303,4659423,1120
13058,4659423,4659634,211
13059,4659634,4659675,41
13060,4659675,4659705,30
13061,4659705,4659966,261
13062,4659966,4659990,24
13063,4659990,4660082,92
13064,4660082,4660152,70
13065,4660152,4660258,106
13066,4660258,4660436,178
13067,4660436,4660484,48
13068,4660484,4660501,17
13069,4660501,4661023,522
13070,4661023,4661070,47
13071,4661070,4661100,30
13072,4661100,4662056,956
13073,4662056,4662071,15
13074,4662071,4662357,286
13075,4662357,4662553,196
13076,4662553,4662596,43
13077,4662596,4662607,11
13078,4662607,4662764,157
13079,4662764,4663013,249
13080,4663013,4663580,567
13081,4663580,4663673,93
13082,4663673,4663793,120
13083,4663793,4663945,152
13084,4663945,4664141,196
13085,4664141,4664149,8
13086,4664149,4664154,5
13087,4664154,4664159,5
13088,4664159,4664914,755
13089,4664914,4664950,36
13090,4664950,4665011,61
13091,4665011,4665023,12
13092,4665023,4665263,240
13093,4665263,4665267,4
13094,4665267,4665482,215
13095,4665482,4668391,2909
13096,4668391,4668595,204
13097,4668595,4668682,87
13098,4668682,4668801,119
13099,4668801,4668832,31
13100,4668832,4669069,237
13101,4670834,4671526,692
13102,4671526,4671916,390
13103,4671916,4673298,1382
13104,4673298,4673518,220
13105,4673518,4673524,6
13106,4673524,4673644,120
13107,4673644,4673765,121
13108,4673765,4674158,393
13109,4674158,4674469,311
13110,4676998,4677117,119
13111,4677117,4677155,38
13112,4677155,4677531,376
13113,4677531,4677990,459
13114,4677990,4678013,23
13115,4678013,4678053,40
13116,4678053,4678070,17
13117,4678070,4678363,293
13118,4678363,4678416,53
13119,4678416,4679014,598
13120,4679014,4680563,1549
13121,4680563,4680701,138
13122,4680701,4680710,9
13123,4680710,4680819,109
13124,4680819,4681050,231
13125,4681050,4681100,50
13126,4681100,4681496,396
13127,4681496,4681657,161
13128,4681657,4681739,82
13129,4681739,4682440,701
13130,4682440,4682670,230
13131,4682670,4682763,93
13132,4682763,4682775,12
13133,4682775,4683141,366
13134,4683141,4683282,141
13135,4683282,4683476,194
13136,4683476,4683526,50
13137,4683526,4683574,48
13138,4683574,4683821,247
13139,4683821,4683851,30
13140,4683851,4685183,1332
13141,4685183,4685211,28
13142,4685211,4685307,96
13143,4685307,4685339,32
13144,4685339,4685527,188
13145,4685527,4685659,132
13146,4685659,4685739,80
13147,4688387,4688986,599
13148,4688986,4690501,1515
13149,4690501,4690835,334
13150,4690835,4691742,907
13151,4695322,4695881,559
13152,4695881,4696508,627
13153,4696508,4698375,1867
13154,4698375,4698575,200
13155,4698575,4698774,199
13156,4698774,4698806,32
13157,4698806,4698971,165
13158,4698971,4700500,1529
13159,4700500,4700536,36
13160,4700536,4701624,1088
13161,4701624,4701628,4
13162,4701628,4702002,374
13163,4702002,4702454,452
13164,4702454,4703180,726
13165,4703180,4703519,339
13166,4703519,4703611,92
13167,4703611,4703646,35
13168,4703646,4703691,45
13169,4703691,4704090,399
13170,4704090,4704394,304
13171,4704394,4704426,32
13172,4704426,4704451,25
13173,4704451,4704593,142
13174,4704593,4704734,141
13175,4704734,4704910,176
13176,4704910,4704957,47
13177,4704957,4705465,508
13178,4705465,4706495,1030
13179,4706495,4706769,274
13180,4706769,4706826,57
13181,4706826,4706852,26
13182,4706852,4707011,159
13183,4707011,4707098,87
13184,4707098,4707712,614
13185,4707712,4707724,12
13186,4707724,4707904,180
13187,4707904,4707942,38
13188,4707942,4707952,10
13189,4707952,4708375,423
13190,4708375,4709074,699
13191,4709074,4709137,63
13192,4709137,4709212,75
13193,4709212,4709369,157
13194,4709369,4709494,125
13195,4709494,4709866,372
13196,4709866,4709925,59
13197,4709925,4709939,14
13198,4709939,4710155,216
13199,4710155,4710161,6
13200,4710161,4710205,44
13201,4710205,4710335,130
13202,4710335,4710495,160
13203,4710495,4710610,115
13204,4710610,4710841,231
13205,4710841,4710903,62
13206,4710903,4711751,848
13207,4715006,4715883,877
13208,4719291,4719297,6
13209,4721307,4721939,632
13210,4721939,4722878,939
13211,4722878,4724480,1602
13212,4724480,4724856,376
13213,4724856,4725561,705
13214,4725561,4725569,8
13215,4725569,4726957,1388
13216,4726957,4727675,718
13217,4727675,4727729,54
13218,4727729,4727979,250
13219,4727979,4728822,843
13220,4728822,4729078,256
13221,4729078,4731918,2840
13222,4731918,4731954,36
13223,4731954,4732377,423
13224,4732377,4732383,6
13225,4732383,4732629,246
13226,4732629,4733265,636
13227,4733265,4733355,90
13228,4733355,4733447,92
13229,4733447,4733483,36
13230,4733483,4733880,397
13231,4733880,4733897,17
13232,4733897,4734409,512
13233,4734409,4734773,364
13234,4734773,4735255,482
13235,4735255,4735345,90
13236,4735345,4735624,279
13237,4735624,4735876,252
13238,4735876,4736176,300
13239,4736176,4736318,142
13240,4736318,4736802,484
13241,4736802,4736825,23
13242,4736825,4736995,170
13243,4736995,4737959,964
13244,4737959,4737965,6
13245,4737965,4738297,332
13246,4738297,4740063,1766
13247,4740063,4740857,794
13248,4740857,4741446,589
13249,4741446,4742619,1173
13250,4742619,4742781,162
13251,4745929,4747019,1090
13252,4747019,4747542,523
13253,4747542,4747635,93
13254,4747635,4748418,783
13255,4748418,4749425,1007
13256,4749425,4749994,569
13257,4749994,4751957,1963
13258,4751957,4751985,28
13259,4751985,4754231,2246
13260,4754231,4755511,1280
13261,4755511,4756557,1046
13262,4756557,4756658,101
13263,4756658,4757098,440
13264,4757098,4757545,447
13265,4757545,4757943,398
13266,4757943,4758569,626
13267,4758569,4758661,92
13268,4758661,4759310,649
13269,4759310,4759578,268
13270,4759578,4759799,221
13271,4759799,4759967,168
13272,4759967,4759987,20
13273,4759987,4761774,1787
13274,4761774,4763464,1690
13275,4763464,4763487,23
13276,4763487,4763639,152
13277,4763639,4764702,1063
13278,4764702,4765342,640
13279,4765342,4765673,331
13280,4765673,4765924,251
13281,4765924,4766004,80
13282,4766004,4766254,250
13283,4766254,4766997,743
13284,4766997,4767692,695
13285,4767692,4769039,1347
13286,4769039,4769189,150
13287,4769189,4769278,89
13288,4769278,4769476,198
13289,4769476,4769510,34
13290,4769510,4769575,65
13291,4769575,4769599,24
13292,4769599,4769895,296
13293,4769895,4770625,730
13294,4770625,4770635,10
13295,4770635,4770642,7
13296,4770642,4770706,64
13297,4770706,4770795,89
13298,4770795,4770896,101
13299,4770896,4771029,133
13300,4771029,4771033,4
13301,4771033,4771255,222
13302,4771255,4771517,262
13303,4771517,4771739,222
13304,4771739,4771781,42
13305,4771781,4771818,37
13306,4771818,4771948,130
13307,4771948,4772052,104
13308,4772052,4772097,45
13309,4772097,4772237,140
13310,4776262,4776279,17
13311,4776279,4776426,147
13312,4776426,4776573,147
13313,4776573,4776720,147
13314,4776720,4776867,147
13315,4776867,4776997,130
13316,4776997,4777014,17
13317,4777014,4777144,130
13318,4777144,4778527,1383
13319,4778527,4779240,713
13320,4779240,4779876,636
13321,4779876,4780302,426
13322,4780302,4780307,5
13323,4780307,4780686,379
13324,4780686,4782342,1656
13325,4782342,4782375,33
13326,4782375,4782430,55
13327,4782430,4782619,189
13328,4782619,4782644,25
13329,4782644,4782681,37
13330,4782681,4782855,174
13331,4782855,4783615,760
13332,4783615,4783996,381
13333,4783996,4784254,258
13334,4784254,4784553,299
13335,4784553,4784598,45
13336,4784598,4784628,30
13337,4784628,4784639,11
13338,4784639,4784753,114
13339,4784753,4784862,109
13340,4784862,4785411,549
13341,4785411,4785519,108
13342,4785519,4785523,4
13343,4785523,4785881,358
13344,4785881,4786101,220
13345,4786101,4786143,42
13346,4786143,4787076,933
13347,4787076,4789778,2702
13348,4789778,4789829,51
13349,4789829,4790831,1002
13350,4790831,4791015,184
13351,4791015,4791068,53
13352,4791068,4791280,212
13353,4791280,4792235,955
13354,4792235,4792485,250
13355,4792485,4792521,36
13356,4792521,4792941,420
13357,4792941,4793418,477
13358,4793418,4794296,878
13359,4794296,4794381,85
13360,4794381,4796583,2202
13361,4796583,4797427,844
13362,4797427,4797441,14
13363,4797441,4797602,161
13364,4797602,4797659,57
13365,4797659,4797790,131
13366,4797790,4797854,64
13367,4797854,4797869,15
13368,4797869,4799040,1171
13369,4799040,4799079,39
13370,4799079,4799143,64
13371,4799143,4799548,405
13372,4799548,4799810,262
13373,4799810,4799835,25
13374,4799835,4800420,585
13375,4800420,4800441,21
13376,4800441,4801777,1336
13377,4801777,4802083,306
13378,4802083,4803135,1052
13379,4803135,4803371,236
13380,4803371,4803542,171
13381,4803542,4803614,72
13382,4803614,4804095,481
13383,4804095,4804709,614
13384,4804709,4804848,139
13385,4804848,4804945,97
13386,4804945,4805167,222
13387,4805167,4805580,413
13388,4807435,4808843,1408
13389,4808843,4809930,1087
13390,4809930,4810559,629
13391,4810559,4811058,499
13392,4811058,4811546,488
13393,4811546,4811729,183
13394,4811729,4812986,1257
13395,4812986,4814211,1225
13396,4814211,4815490,1279
13397,4815490,4816679,1189
13398,4816679,4817324,645
13399,4817324,4819806,2482
13400,4819806,4821607,1801
13401,4821607,4821808,201
13402,4821808,4822495,687
13403,4822495,4822665,170
13404,4822665,4823400,735
13405,4823400,4823923,523
13406,4823923,4824050,127
13407,4824050,4824281,231
13408,4824281,4825047,766
13409,4825047,4826035,988
13410,4826035,4826132,97
13411,4826132,4826224,92
13412,4826224,4826237,13
13413,4826237,4826392,155
13414,4826392,4826606,214
13415,4826606,4826633,27
13416,4826633,4826966,333
13417,4826966,4827211,245
13418,4827211,4827221,10
13419,4827221,4827226,5
13420,4827226,4827575,349
13421,4827575,4828115,540
13422,4828115,4828267,152
13423,4828267,4828290,23
13424,4828290,4828720,430
13425,4828720,4828875,155
13426,4828875,4829757,882
13427,4829757,4831272,1515
13428,4831272,4831916,644
13429,4831916,4833721,1805
13430,4833721,4833781,60
13431,4833781,4833793,12
13432,4833793,4833822,29
13433,4833822,4833920,98
13434,4833920,4834998,1078
13435,4834998,4835150,152
13436,4835150,4835173,23
13437,4835173,4837668,2495
13438,4837668,4838309,641
13439,4838309,4838364,55
13440,4838364,4838375,11
13441,4838375,4839817,1442
13442,4839817,4839856,39
13443,4839856,4840434,578
13444,4840434,4841060,626
13445,4841060,4841135,75
13446,4842848,4843534,686
13447,4843534,4844388,854
13448,4844388,4845816,1428
13449,4845816,4846185,369
13450,4846185,4846299,114
13451,4846299,4846429,130
13452,4846429,4846709,280
13453,4846709,4847421,712
13454,4847421,4848982,1561
13455,4848982,4849051,69
13456,4849051,4850220,1169
13457,4850220,4851111,891
13458,4853107,4853634,527
13459,4853634,4853753,119
13460,4853753,4855463,1710
13461,4855463,4855907,444
13462,4855907,4855951,44
13463,4855951,4857112,1161
13464,4857112,4857212,100
13465,4857212,4859678,2466
13466,4859678,4859857,179
13467,4859857,4860686,829
13468,4860686,4860947,261
13469,4860947,4860987,40
13470,4863400,4863683,283
13471,4863683,4864221,538
13472,4864221,4864446,225
13473,4864446,4865008,562
13474,4865008,4865995,987
13475,4868119,4868691,572
13476,4868691,4868991,300
13477,4871718,4872077,359
13478,4872077,4873216,1139
13479,4873216,4873541,325
13480,4873541,4873569,28
13481,4873569,4874102,533
13482,4874102,4875083,981
13483,4875083,4875878,795
13484,4875878,4876018,140
13485,4876018,4876379,361
13486,4876379,4876787,408
13487,4876787,4876895,108
13488,4876895,4876919,24
13489,4876919,4877887,968
13490,4877887,4880349,2462
13491,4880349,4881834,1485
13492,4881834,4881894,60
13493,4881894,4882174,280
13494,4882174,4882181,7
13495,4882181,4882938,757
13496,4882938,4885240,2302
13497,4885240,4885653,413
13498,4885653,4886296,643
13499,4886296,4886714,418
13500,4886714,4887508,794
13501,4887508,4887679,171
13502,4887679,4889111,1432
13503,4889111,4890037,926
13504,4890037,4890806,769
13505,4890806,4891257,451
13506,4891257,4891752,495
13507,4891752,4891761,9
13508,4891761,4892210,449
13509,4892210,4892802,592
13510,4892802,4893032,230
13511,4893032,4894563,1531
13512,4894563,4894697,134
13513,4894697,4895962,1265
13514,4895962,4897528,1566
13515,4897528,4897538,10
13516,4897538,4898275,737
13517,4898275,4899928,1653
13518,4899928,4900190,262
13519,4900190,4900994,804
13520,4900994,4901799,805
13521,4901799,4901805,6
13522,4901805,4902627,822
13523,4902627,4902749,122
13524,4902749,4903614,865
13525,4903614,4903982,368
13526,4903982,4904311,329
13527,4904311,4904420,109
13528,4904420,4904711,291
13529,4904711,4904755,44
13530,4904755,4905337,582
13531,4905337,4905385,48
13532,4905385,4905579,194
13533,4905579,4905664,85
13534,4905664,4905768,104
13535,4905768,4905995,227
13536,4905995,4906094,99
13537,4906094,4907098,1004
13538,4907098,4907125,27
13539,4907125,4907230,105
13540,4907230,4907244,14
13541,4907244,4907275,31
13542,4907275,4907508,233
13543,4907508,4907893,385
13544,4907893,4908176,283
13545,4908176,4908182,6
13546,4908182,4908304,122
13547,4908304,4908368,64
13548,4908368,4908399,31
13549,4908399,4908471,72
13550,4908471,4908475,4
13551,4908475,4909452,977
13552,4909452,4909520,68
13553,4909520,4910385,865
13554,4910385,4912745,2360
13555,4912745,4912994,249
13556,4912994,4913038,44
13557,4913038,4913693,655
13558,4913693,4913742,49
13559,4913742,4913903,161
13560,4913903,4913909,6
13561,4913909,4913972,63
13562,4913972,4914191,219
13563,4914191,4914306,115
13564,4914306,4914874,568
13565,4914874,4915269,395
13566,4915269,4915399,130
13567,4915399,4915624,225
13568,4915624,4915822,198
13569,4915822,4915899,77
13570,4915899,4916191,292
13571,4916191,4916241,50
13572,4916241,4916411,170
13573,4916411,4916719,308
13574,4916719,4916727,8
13575,4916727,4916755,28
13576,4916755,4916938,183
13577,4916938,4917075,137
13578,4917075,4917235,160
13579,4917235,4917423,188
13580,4917423,4917505,82
13581,4917505,4917550,45
13582,4917550,4918133,583
13583,4918133,4918199,66
13584,4918199,4918322,123
13585,4918322,4919564,1242
13586,4919564,4919858,294
13587,4919858,4919926,68
13588,4919926,4920083,157
13589,4920083,4920318,235
13590,4920318,4920347,29
13591,4920347,4920383,36
13592,4920383,4920446,63
13593,4920446,4920535,89
13594,4920535,4920700,165
13595,4920700,4920972,272
13596,4920972,4921127,155
13597,4921127,4921418,291
13598,4921418,4921601,183
13599,4927899,4928426,527
13600,4928426,4928758,332
13601,4928758,4928833,75
13602,4928833,4929064,231
13603,4937800,4940204,2404
13604,4940204,4940383,179
13605,4940383,4941389,1006
13606,4941389,4941993,604
13607,4941993,4942174,181
13608,4942174,4942795,621
13609,4942795,4943428,633
13610,4943428,4943657,229
13611,4943657,4943946,289
13612,4943946,4944552,606
13613,4944552,4944995,443
13614,4944995,4945414,419
13615,4945414,4945488,74
13616,4945488,4945542,54
13617,4945542,4945817,275
13618,4945817,4945987,170
13619,4945987,4946047,60
13620,4946047,4946130,83
13621,4946130,4946328,198
13622,4946328,4946424,96
13623,4946424,4946477,53
13624,4946477,4946785,308
13625,4946785,4947621,836
13626,4947621,4947923,302
13627,4947923,4947993,70
13628,4947993,4948018,25
13629,4948018,4948040,22
13630,4948040,4948370,330
13631,4948370,4948592,222
13632,4948592,4949597,1005
13633,4949597,4949863,266
13634,4949863,4949966,103
13635,4949966,4950014,48
13636,4950014,4950111,97
13637,4950111,4950859,748
13638,4950859,4951220,361
13639,4951220,4951228,8
13640,4951228,4951593,365
13641,4951593,4952097,504
13642,4952097,4952635,538
13643,4952635,4952702,67
13644,4952702,4952993,291
13645,4952993,4953011,18
13646,4953011,4953327,316
13647,4953327,4953350,23
13648,4953350,4953717,367
13649,4953717,4954075,358
13650,4954075,4954238,163
13651,4954238,4955178,940
13652,4955178,4955517,339
13653,4955517,4955738,221
13654,4955738,4955895,157
13655,4955895,4956042,147
13656,4956042,4956333,291
13657,4956333,4956340,7
13658,4956340,4956648,308
13659,4956648,4956820,172
13660,4956820,4956830,10
13661,4956830,4956909,79
13662,4956909,4957114,205
13663,4957114,4957152,38
13664,4957152,4957166,14
13665,4957166,4957175,9
13666,4957175,4957224,49
13667,4957224,4957371,147
13668,4957371,4958517,1146
13669,4958517,4960186,1669
13670,4960186,4960249,63
13671,4960249,4960282,33
13672,4960282,4960416,134
13673,4960416,4960639,223
13674,4960639,4960644,5
13675,4960644,4960866,222
13676,4960866,4960992,126
13677,4960992,4961791,799
13678,4961791,4962602,811
13679,4962602,4962610,8
13680,4962610,4962847,237
13681,4962847,4963089,242
13682,4963089,4963272,183
13683,4963272,4963347,75
13684,4963347,4963372,25
13685,4963372,4963382,10
13686,4963382,4963804,422
13687,4963804,4963856,52
13688,4963856,4963862,6
13689,4963862,4963882,20
13690,4963882,4964175,293
13691,4964175,4965255,1080
13692,4965255,4965559,304
13693,4965559,4965972,413
13694,4965972,4966005,33
13695,4966005,4966068,63
13696,4966068,4966089,21
13697,4966089,4966212,123
13698,4966212,4966246,34
13699,4966246,4967308,1062
13700,4967308,4967318,10
13701,4967318,4967874,556
13702,4967874,4967979,105
13703,4967979,4968212,233
13704,4968212,4968218,6
13705,4968218,4968245,27
13706,4968245,4968276,31
13707,4968276,4968406,130
13708,4968406,4968743,337
13709,4968743,4968835,92
13710,4968835,4970066,1231
13711,4970066,4970613,547
13712,4970613,4970706,93
13713,4970706,4971474,768
13714,4971474,4971604,130
13715,4971604,4971760,156
13716,4971760,4972296,536
13717,4972296,4972301,5
13718,4972301,4972481,180
13719,4972481,4972826,345
13720,4972826,4974131,1305
13721,4974131,4974300,169
13722,4974300,4974357,57
13723,4974357,4975087,730
13724,4975087,4975149,62
13725,4975149,4975411,262
13726,4975411,4975511,100
13727,4975511,4976284,773
13728,4976284,4976589,305
13729,4976589,4976848,259
13730,4976848,4977763,915
13731,4977763,4977777,14
13732,4977777,4978701,924
13733,4978701,4979623,922
13734,4979623,4979892,269
13735,4979892,4979973,81
13736,4979973,4980145,172
13737,4980145,4981143,998
13738,4981143,4981616,473
13739,4981616,4981848,232
13740,4981848,4982059,211
13741,4982059,4982069,10
13742,4982069,4982127,58
13743,4982127,4982285,158
13744,4982285,4982833,548
13745,4982833,4983193,360
13746,4983193,4983603,410
13747,4983603,4983633,30
13748,4983633,4983646,13
13749,4983646,4984148,502
13750,4984148,4984502,354
13751,4984502,4986290,1788
13752,4986290,4987250,960
13753,4987250,4987255,5
13754,4987255,4987800,545
13755,4987800,4988563,763
13756,4988563,4988792,229
13757,4988792,4989199,407
13758,4989199,4989276,77
13759,4989276,4989307,31
13760,4989307,4989682,375
13761,4989682,4989788,106
13762,4989788,4989795,7
13763,4989795,4989902,107
13764,4989902,4990345,443
13765,4990345,4991599,1254
13766,4991599,4991644,45
13767,4991644,4991803,159
13768,4991803,4992694,891
13769,4992694,4992925,231
13770,4992925,4993447,522
13771,4993447,4993939,492
13772,4993939,4994020,81
13773,4994020,4994324,304
13774,4994324,4994346,22
13775,4994346,4994406,60
13776,4994406,4994529,123
13777,4994529,4994653,124
13778,4994653,4995364,711
13779,4995364,4995481,117
13780,4995481,4995807,326
13781,4995807,4995820,13
13782,4995820,4997073,1253
13783,4997073,4997616,543
13784,4997616,4997808,192
13785,4997808,4997915,107
13786,4997915,4997973,58
13787,4997973,4998191,218
13788,4998191,4998500,309
13789,4998500,4998681,181
13790,4998681,4998709,28
13791,4998709,4998719,10
13792,4998719,4998945,226
13793,4998945,4999028,83
13794,4999028,4999519,491
13795,4999519,4999661,142
13796,4999661,4999753,92
13797,4999753,5000094,341
13798,5000094,5000212,118
13799,5000212,5000233,21
13800,5000233,5000723,490
13801,5000723,5000908,185
13802,5000908,5001292,384
13803,5001292,5001302,10
13804,5001302,5001473,171
13805,5001473,5001559,86
13806,5001559,5002546,987
13807,5002546,5002554,8
13808,5002554,5002963,409
13809,5002963,5003004,41
13810,5003004,5003117,113
13811,5003117,5003436,319
13812,5003436,5003487,51
13813,5003487,5003743,256
13814,5003743,5005059,1316
13815,5005059,5005988,929
13816,5005988,5006367,379
13817,5006367,5006561,194
13818,5006561,5007243,682
13819,5007243,5007569,326
13820,5007569,5007609,40
13821,5007609,5007660,51
13822,5007660,5007807,147
13823,5007807,5008107,300
13824,5008107,5008710,603
13825,5008710,5008721,11
13826,5008721,5009291,570
13827,5009291,5009589,298
13828,5009589,5009674,85
13829,5009674,5009700,26
13830,5009700,5009801,101
13831,5009801,5009822,21
13832,5009822,5010050,228
13833,5010050,5010058,8
13834,5010058,5010065,7
13835,5010065,5010121,56
13836,5010121,5010145,24
13837,5010145,5010192,47
13838,5010192,5010409,217
13839,5010409,5010671,262
13840,5010671,5010712,41
13841,5010712,5010716,4
13842,5010716,5010720,4
13843,5010720,5011074,354
13844,5011074,5011294,220
13845,5011294,5011616,322
13846,5011616,5011923,307
13847,5011923,5013498,1575
13848,5013498,5013720,222
13849,5013720,5014283,563
13850,5014283,5014514,231
13851,5014514,5014755,241
13852,5014755,5014762,7
13853,5014762,5015111,349
13854,5015111,5015620,509
13855,5015620,5015647,27
13856,5015647,5015752,105
13857,5015752,5015872,120
13858,5015872,5016409,537
13859,5016409,5016437,28
13860,5016437,5016596,159
13861,5016596,5016710,114
13862,5016710,5017760,1050
13863,5017760,5017898,138
13864,5017898,5018450,552
13865,5018450,5018518,68
13866,5018518,5019496,978
13867,5019496,5019588,92
13868,5019588,5019860,272
13869,5019860,5020270,410
13870,5020270,5020518,248
13871,5020518,5020712,194
13872,5020712,5020737,25
13873,5020737,5020845,108
13874,5020845,5020963,118
13875,5020963,5020983,20
13876,5020983,5021085,102
13877,5021085,5021092,7
13878,5021092,5021148,56
13879,5021148,5021181,33
13880,5021181,5021307,126
13881,5021307,5021498,191
13882,5021498,5021700,202
13883,5021700,5021741,41
13884,5021741,5021746,5
13885,5021746,5022140,394
13886,5022140,5024865,2725
13887,5024865,5024874,9
13888,5024874,5025266,392
13889,5025266,5025345,79
13890,5025345,5025690,345
13891,5025690,5026567,877
13892,5026567,5027773,1206
13893,5027773,5028422,649
13894,5028422,5028555,133
13895,5028555,5028945,390
13896,5028945,5029327,382
13897,5029327,5030544,1217
13898,5030544,5031846,1302
13899,5031846,5032047,201
13900,5032047,5032780,733
13901,5032780,5033033,253
13902,5033033,5033560,527
13903,5033560,5033935,375
13904,5033935,5034066,131
13905,5034066,5034076,10
13906,5034076,5034250,174
13907,5034250,5035340,1090
13908,5035340,5035404,64
13909,5035404,5035449,45
13910,5035449,5035667,218
13911,5035667,5036174,507
13912,5036174,5036208,34
13913,5036208,5036217,9
13914,5036217,5036314,97
13915,5036314,5037034,720
13916,5037034,5038265,1231
13917,5038265,5038369,104
13918,5038369,5038420,51
13919,5038420,5038580,160
13920,5038580,5039039,459
13921,5039039,5039344,305
13922,5039344,5039488,144
13923,5039488,5040142,654
13924,5040142,5040345,203
13925,5040345,5041009,664
13926,5041009,5041084,75
13927,5041084,5041645,561
13928,5041645,5042649,1004
13929,5042649,5043960,1311
13930,5043960,5044312,352
13931,5044312,5044509,197
13932,5044509,5044781,272
13933,5044781,5045017,236
13934,5045017,5045236,219
13935,5045236,5045443,207
13936,5045443,5045513,70
13937,5045513,5045521,8
13938,5045521,5045878,357
13939,5045878,5046002,124
13940,5046002,5046008,6
13941,5046008,5046763,755
13942,5046763,5047182,419
13943,5047182,5047869,687
13944,5047869,5047905,36
13945,5047905,5047917,12
13946,5047917,5048227,310
13947,5048227,5048231,4
13948,5048231,5049147,916
13949,5049147,5049352,205
13950,5049352,5049430,78
13951,5049430,5050090,660
13952,5050090,5050855,765
13953,5050855,5051329,474
13954,5051329,5051341,12
13955,5051341,5051776,435
13956,5051776,5051845,69
13957,5051845,5051853,8
13958,5051853,5051891,38
13959,5051891,5052286,395
13960,5052286,5052310,24
13961,5052310,5053346,1036
13962,5053346,5053359,13
13963,5053359,5053537,178
13964,5053537,5054249,712
13965,5054249,5054534,285
13966,5054534,5055113,579
13967,5055113,5055188,75
13968,5055188,5055314,126
13969,5057788,5059557,1769
13970,5059557,5059869,312
13971,5059869,5059875,6
13972,5059875,5059941,66
13973,5059941,5059946,5
13974,5059946,5060160,214
13975,5060160,5060257,97
13976,5060257,5060656,399
13977,5060656,5060985,329
13978,5060985,5061091,106
13979,5061091,5061145,54
13980,5061145,5061696,551
13981,5061696,5062535,839
13982,5062535,5063108,573
13983,5063108,5063427,319
13984,5063427,5063623,196
13985,5063623,5063629,6
13986,5063629,5063861,232
13987,5063861,5064210,349
13988,5064210,5064978,768
13989,5064978,5065024,46
13990,5065024,5065054,30
13991,5065054,5065083,29
13992,5065083,5065147,64
13993,5065147,5065349,202
13994,5065349,5065517,168
13995,5065517,5066124,607
13996,5066124,5066260,136
13997,5066260,5066305,45
13998,5066305,5067417,1112
13999,5067417,5067683,266
14000,5067683,5068150,467
14001,5068150,5068258,108
14002,5068258,5068445,187
14003,5068445,5069116,671
14004,5069116,5069435,319
14005,5069435,5069540,105
14006,5069540,5069846,306
14007,5069846,5069937,91
14008,5069937,5069998,61
14009,5069998,5070668,670
14010,5070668,5071835,1167
14011,5071835,5072277,442
14012,5072277,5072963,686
14013,5072963,5073550,587
14014,5073550,5074971,1421
14015,5074971,5075517,546
14016,5075517,5075690,173
14017,5075690,5075934,244
14018,5075934,5076145,211
14019,5076145,5076158,13
14020,5076158,5076946,788
14021,5076946,5077102,156
14022,5077102,5077306,204
14023,5077306,5077414,108
14024,5077414,5077426,12
14025,5077426,5077435,9
14026,5077435,5077732,297
14027,5077732,5078190,458
14028,5078190,5078360,170
14029,5078360,5078407,47
14030,5078407,5078436,29
14031,5078436,5078711,275
14032,5078711,5078969,258
14033,5078969,5079033,64
14034,5079033,5079201,168
14035,5079201,5079234,33
14036,5079234,5079972,738
14037,5079972,5080153,181
14038,5080153,5080430,277
14039,5080430,5080883,453
14040,5080883,5080926,43
14041,5080926,5082196,1270
14042,5082196,5083415,1219
14043,5086243,5087281,1038
14044,5087281,5087290,9
14045,5087290,5088543,1253
14046,5088543,5088624,81
14047,5088624,5088942,318
14048,5088942,5090018,1076
14049,5090018,5090269,251
14050,5090269,5090421,152
14051,5090421,5091079,658
14052,5091079,5092094,1015
14053,5092094,5092421,327
14054,5092421,5092588,167
14055,5095630,5096707,1077
14056,5096707,5097200,493
14057,5097200,5097211,11
14058,5097211,5097556,345
14059,5097556,5098431,875
14060,5098431,5098595,164
14061,5098595,5098604,9
14062,5098604,5099363,759
14063,5099363,5099445,82
14064,5099445,5099559,114
14065,5099559,5099783,224
14066,5099783,5099913,130
14067,5099913,5099984,71
14068,5099984,5100477,493
14069,5100477,5100641,164
14070,5100641,5100995,354
14071,5100995,5101200,205
14072,5101200,5101407,207
14073,5101407,5102222,815
14074,5102222,5102545,323
14075,5102545,5103811,1266
14076,5103811,5104398,587
14077,5104398,5104888,490
14078,5108121,5108786,665
14079,5108786,5109991,1205
14080,5109991,5110012,21
14081,5110012,5110028,16
14082,5110028,5111014,986
14083,5111014,5112110,1096
14084,5112110,5112206,96
14085,5112206,5112896,690
14086,5112896,5113246,350
14087,5113246,5113749,503
14088,5113749,5115656,1907
14089,5115656,5115699,43
14090,5117722,5118804,1082
14091,5118804,5119467,663
14092,5119467,5121511,2044
14093,5121511,5122968,1457
14094,5122968,5123413,445
14095,5123413,5124099,686
14096,5124099,5124822,723
14097,5124822,5126003,1181
14098,5126003,5126513,510
14099,5126513,5126723,210
14100,5126723,5129563,2840
14101,5129563,5131176,1613
14102,5131176,5132066,890
14103,5132066,5132104,38
14104,5132104,5132173,69
14105,5132173,5132216,43
14106,5132216,5132365,149
14107,5132365,5132524,159
14108,5132524,5132689,165
14109,5132689,5132999,310
14110,5132999,5133335,336
14111,5133335,5136740,3405
14112,5136740,5138823,2083
14113,5138823,5139116,293
14114,5139116,5139670,554
14115,5139670,5140198,528
14116,5140198,5140907,709
14117,5140907,5141929,1022
14118,5141929,5143299,1370
14119,5143299,5143679,380
14120,5148455,5150363,1908
14121,5150363,5151375,1012
14122,5151375,5153431,2056
14123,5153431,5154022,591
14124,5154022,5155047,1025
14125,5162910,5164832,1922
14126,5164832,5166473,1641
14127,5166473,5166557,84
14128,5170307,5170702,395
14129,5170702,5171991,1289
14130,5171991,5173970,1979
14131,5173970,5174571,601
14132,5174571,5175134,563
14133,5175134,5175338,204
14134,5175338,5175545,207
14135,5175545,5175665,120
14136,5175665,5175674,9
14137,5175674,5175756,82
14138,5175756,5175914,158
14139,5175914,5176017,103
14140,5176017,5176118,101
14141,5176118,5176136,18
14142,5176136,5176226,90
14143,5176226,5176523,297
14144,5176523,5176602,79
14145,5179807,5180471,664
14146,5180471,5180490,19
14147,5180490,5180694,204
14148,5180694,5181044,350
14149,5181044,5181212,168
14150,5181212,5181242,30
14151,5181242,5181302,60
14152,5181302,5181374,72
14153,5181374,5181609,235
14154,5181609,5181756,147
14155,5181756,5181810,54
14156,5181810,5181949,139
14157,5181949,5182116,167
14158,5182116,5183811,1695
14159,5183811,5185031,1220
14160,5185031,5186282,1251
14161,5186282,5186846,564
14162,5186846,5187437,591
14163,5187437,5187543,106
14164,5187543,5188247,704
14165,5188247,5188679,432
14166,5188679,5188846,167
14167,5188846,5188869,23
14168,5188869,5188919,50
14169,5188919,5190418,1499
14170,5190418,5190813,395
14171,5190813,5191170,357
14172,5191170,5191925,755
14173,5193934,5195025,1091
14174,5195025,5196009,984
14175,5196009,5197323,1314
14176,5197323,5197611,288
14177,5197611,5198571,960
14178,5198571,5198875,304
14179,5198875,5201233,2358
14180,5201233,5201480,247
14181,5201480,5202470,990
14182,5202470,5202480,10
14183,5202480,5203391,911
14184,5203391,5203964,573
14185,5203964,5204136,172
14186,5204136,5204989,853
14187,5204989,5205396,407
14188,5208158,5208563,405
14189,5208563,5208787,224
14190,5208787,5210042,1255
14191,5210042,5211059,1017
14192,5211059,5211476,417
14193,5211476,5214066,2590
14194,5214066,5215768,1702
14195,5220399,5220409,10
14196,5220409,5220532,123
14197,5220532,5221218,686
14198,5221218,5221432,214
14199,5221432,5221529,97
14200,5221529,5222395,866
14201,5222395,5222827,432
14202,5222827,5223990,1163
14203,5223990,5224760,770
14204,5224760,5224796,36
14205,5224796,5225773,977
14206,5225773,5225907,134
14207,5225907,5226406,499
14208,5226406,5227053,647
14209,5227053,5227753,700
14210,5227753,5227757,4
14211,5227757,5229001,1244
14212,5229001,5229253,252
14213,5229253,5229333,80
14214,5229333,5229386,53
14215,5229386,5229637,251
14216,5229637,5231095,1458
14217,5231095,5231138,43
14218,5231138,5231848,710
14219,5231848,5232662,814
14220,5232662,5233447,785
14221,5233447,5233548,101
14222,5233548,5233847,299
14223,5233847,5234426,579
14224,5234426,5234699,273
14225,5234699,5234723,24
14226,5234723,5234753,30
14227,5234753,5235093,340
14228,5235093,5235128,35
14229,5235128,5235175,47
14230,5235175,5235689,514
14231,5235689,5235932,243
14232,5235932,5236106,174
14233,5236106,5236155,49
14234,5236155,5236577,422
14235,5236577,5236587,10
14236,5236587,5236605,18
14237,5236605,5236936,331
14238,5236936,5237143,207
14239,5237143,5237613,470
14240,5237613,5237940,327
14241,5237940,5238292,352
14242,5238292,5238878,586
14243,5238878,5239897,1019
14244,5239897,5239953,56
14245,5239953,5240635,682
14246,5240635,5241299,664
14247,5241299,5242288,989
14248,5242288,5242825,537
14249,5242825,5244057,1232
14250,5244057,5244088,31
14251,5244088,5244829,741
14252,5244829,5245990,1161
14253,5245990,5246750,760
14254,5246750,5246817,67
14255,5246817,5247320,503
14256,5247320,5247458,138
14257,5247458,5247684,226
14258,5247684,5247854,170
14259,5247854,5247866,12
14260,5247866,5247872,6
14261,5247872,5248006,134
14262,5248006,5248117,111
14263,5248117,5248160,43
14264,5248160,5248348,188
14265,5248348,5248370,22
14266,5248370,5248430,60
14267,5248430,5248457,27
14268,5248457,5248924,467
14269,5248924,5248933,9
14270,5248933,5249033,100
14271,5249033,5249171,138
14272,5249171,5249387,216
14273,5249387,5249844,457
14274,5249844,5250003,159
14275,5250003,5250127,124
14276,5250127,5250467,340
14277,5250467,5250546,79
14278,5250546,5250566,20
14279,5250566,5250758,192
14280,5250758,5250924,166
14281,5255734,5256010,276
14282,5256010,5256489,479
14283,5256489,5256607,118
14284,5256607,5256631,24
14285,5256631,5256637,6
14286,5256637,5257714,1077
14287,5257714,5258776,1062
14288,5258776,5260938,2162
14289,5260938,5261282,344
14290,5261282,5263013,1731
14291,5263013,5264478,1465
14292,5264478,5264606,128
14293,5264606,5264871,265
14294,5264871,5265560,689
14295,5265560,5265836,276
14296,5265836,5266986,1150
14297,5266986,5267010,24
14298,5267010,5267070,60
14299,5267070,5267084,14
14300,5267084,5268012,928
14301,5268012,5269547,1535
14302,5269547,5269551,4
14303,5269551,5270137,586
14304,5270137,5270812,675
14305,5270812,5271054,242
14306,5271054,5271460,406
14307,5271460,5272198,738
14308,5272198,5272530,332
14309,5272530,5275103,2573
14310,5277895,5277976,81
14311,5277976,5279323,1347
14312,5279323,5280794,1471
14313,5280794,5281595,801
14314,5281595,5281864,269
14315,5281864,5281964,100
14316,5281964,5283815,1851
14317,5283815,5283887,72
14318,5283887,5284119,232
14319,5284119,5286340,2221
14320,5286340,5286693,353
14321,5286693,5287224,531
14322,5290299,5290306,7
14323,5290306,5290658,352
14324,5290658,5290831,173
14325,5290831,5290835,4
14326,5290835,5291884,1049
14327,5291884,5291994,110
14328,5291994,5292075,81
14329,5292075,5292114,39
14330,5292114,5294828,2714
14331,5294828,5294992,164
14332,5294992,5295572,580
14333,5295572,5295871,299
14334,5295871,5296058,187
14335,5296058,5296968,910
14336,5296968,5297194,226
14337,5297194,5297838,644
14338,5297838,5297845,7
14339,5297845,5297852,7
14340,5297852,5298002,150
14341,5298002,5298398,396
14342,5298398,5299037,639
14343,5299037,5299354,317
14344,5299354,5300946,1592
14345,5300946,5301239,293
14346,5301239,5301524,285
14347,5301524,5301748,224
14348,5301748,5301851,103
14349,5301851,5302148,297
14350,5302148,5302676,528
14351,5302676,5303237,561
14352,5303237,5303272,35
14353,5303272,5303349,77
14354,5303349,5303604,255
14355,5303604,5303847,243
14356,5303847,5303864,17
14357,5303864,5303952,88
14358,5303952,5304363,411
14359,5304363,5304399,36
14360,5304399,5304829,430
14361,5304829,5304840,11
14362,5304840,5305306,466
14363,5305306,5305504,198
14364,5305504,5305564,60
14365,5305564,5305806,242
14366,5305806,5305941,135
14367,5305941,5306264,323
14368,5306264,5306633,369
14369,5306633,5307428,795
14370,5307428,5307489,61
14371,5307489,5307670,181
14372,5307670,5308016,346
14373,5308016,5308148,132
14374,5308148,5308162,14
14375,5308162,5308168,6
14376,5308168,5308520,352
14377,5308520,5308531,11
14378,5308531,5308634,103
14379,5308634,5308683,49
14380,5308683,5308694,11
14381,5308694,5308792,98
14382,5308792,5309403,611
14383,5309403,5309514,111
14384,5309514,5309526,12
14385,5309526,5309592,66
14386,5309592,5310203,611
14387,5310203,5310559,356
14388,5310559,5310610,51
14389,5310610,5311326,716
14390,5311326,5311680,354
14391,5311680,5312626,946
14392,5312626,5313098,472
14393,5313098,5313260,162
14394,5313260,5313443,183
14395,5313443,5313546,103
14396,5313546,5313602,56
14397,5313602,5313839,237
14398,5313839,5313996,157
14399,5313996,5314279,283
14400,5314279,5314296,17
14401,5314296,5314383,87
14402,5314383,5314489,106
14403,5314489,5314633,144
14404,5314633,5315583,950
14405,5315583,5315600,17
14406,5315600,5315864,264
14407,5315864,5316009,145
14408,5316009,5316104,95
14409,5316104,5316287,183
14410,5316287,5316803,516
14411,5316803,5316976,173
14412,5316976,5317033,57
14413,5317033,5317581,548
14414,5317581,5317611,30
14415,5317611,5317743,132
14416,5317743,5317877,134
14417,5317877,5317998,121
14418,5317998,5318298,300
14419,5318298,5318303,5
14420,5318303,5318523,220
14421,5318523,5318813,290
14422,5318813,5319254,441
14423,5319254,5319579,325
14424,5319579,5319764,185
14425,5319764,5319910,146
14426,5319910,5320291,381
14427,5320291,5321132,841
14428,5321132,5321267,135
14429,5321267,5321461,194
14430,5321461,5321712,251
14431,5321712,5321723,11
14432,5321723,5321979,256
14433,5321979,5322087,108
14434,5322087,5322145,58
14435,5322145,5322230,85
14436,5322230,5322243,13
14437,5322243,5322248,5
14438,5322248,5323926,1678
14439,5323926,5323936,10
14440,5323936,5324068,132
14441,5324068,5324103,35
14442,5324103,5324127,24
14443,5324127,5324143,16
14444,5324143,5324248,105
14445,5324248,5324275,27
14446,5324275,5324467,192
14447,5324467,5324569,102
14448,5324569,5324656,87
14449,5324656,5324665,9
14450,5324665,5324683,18
14451,5324683,5324961,278
14452,5324961,5325016,55
14453,5325016,5325095,79
14454,5325095,5325133,38
14455,5325133,5325184,51
14456,5325184,5325232,48
14457,5325232,5325421,189
14458,5325421,5325523,102
14459,5325523,5325797,274
14460,5325797,5326095,298
14461,5326095,5326466,371
14462,5326466,5326556,90
14463,5326556,5326591,35
14464,5326591,5327328,737
14465,5327328,5327467,139
14466,5327467,5327535,68
14467,5327535,5327597,62
14468,5327597,5327881,284
14469,5327881,5328624,743
14470,5328624,5329100,476
14471,5329100,5329707,607
14472,5329707,5330767,1060
14473,5330767,5330907,140
14474,5330907,5330945,38
14475,5330945,5331053,108
14476,5331053,5331231,178
14477,5331231,5331281,50
14478,5331281,5331288,7
14479,5331288,5331391,103
14480,5331391,5331536,145
14481,5331536,5331597,61
14482,5331597,5331637,40
14483,5331637,5331750,113
14484,5331750,5331931,181
14485,5331931,5332382,451
14486,5332382,5333368,986
14487,5333368,5333460,92
14488,5333460,5333494,34
14489,5333494,5333796,302
14490,5333796,5334163,367
14491,5334163,5334173,10
14492,5334173,5334177,4
14493,5334177,5335244,1067
14494,5335244,5335999,755
14495,5335999,5336140,141
14496,5336140,5337763,1623
14497,5337763,5337816,53
14498,5337816,5337880,64
14499,5337880,5338121,241
14500,5338121,5338819,698
14501,5338819,5338855,36
14502,5338855,5339278,423
14503,5339278,5339284,6
14504,5339284,5339530,246
14505,5339530,5340498,968
14506,5340498,5340539,41
14507,5340539,5340584,45
14508,5340584,5340631,47
14509,5340631,5340736,105
14510,5340736,5340801,65
14511,5340801,5341630,829
14512,5341630,5342458,828
14513,5342458,5343402,944
14514,5343402,5343567,165
14515,5343567,5344020,453
14516,5344020,5344027,7
14517,5350093,5350112,19
14518,5352009,5352033,24
14519,5352033,5352051,18
14520,5352051,5352104,53
14521,5352104,5352541,437
14522,5352541,5352545,4
14523,5352545,5352789,244
14524,5352789,5352973,184
14525,5352973,5353486,513
14526,5353486,5354224,738
14527,5354224,5355329,1105
14528,5355329,5355705,376
14529,5355705,5355751,46
14530,5355751,5355755,4
14531,5355755,5355811,56
14532,5355811,5356631,820
14533,5356631,5356983,352
14534,5356983,5357076,93
14535,5357076,5357454,378
14536,5357454,5357486,32
14537,5357486,5357505,19
14538,5357505,5357516,11
14539,5357516,5357526,10
14540,5357526,5357546,20
14541,5357546,5357906,360
14542,5357906,5358252,346
14543,5358252,5359763,1511
14544,5359763,5360076,313
14545,5360076,5360174,98
14546,5360174,5360284,110
14547,5360284,5360540,256
14548,5360540,5361413,873
14549,5361413,5361437,24
14550,5361437,5361529,92
14551,5361529,5361694,165
14552,5361694,5361760,66
14553,5363655,5363720,65
14554,5363720,5364879,1159
14555,5364879,5364999,120
14556,5364999,5365015,16
14557,5365015,5366453,1438
14558,5366453,5366462,9
14559,5369968,5370298,330
14560,5370298,5370622,324
14561,5370622,5371815,1193
14562,5371815,5373696,1881
14563,5373696,5373854,158
14564,5373854,5374736,882
14565,5374736,5376118,1382
14566,5376118,5376206,88
14567,5376206,5377221,1015
14568,5377221,5377232,11
14569,5377232,5377340,108
14570,5377340,5377404,64
14571,5377404,5378430,1026
14572,5378430,5378466,36
14573,5378466,5379798,1332
14574,5379798,5380353,555
14575,5380353,5381057,704
14576,5381057,5381300,243
14577,5381300,5382139,839
14578,5382139,5383097,958
14579,5383097,5383610,513
14580,5383610,5385067,1457
14581,5385067,5385155,88
14582,5385155,5385378,223
14583,5385378,5385487,109
14584,5385487,5386252,765
14585,5386252,5386376,124
14586,5386376,5386426,50
14587,5386426,5388164,1738
14588,5388164,5388196,32
14589,5388196,5388221,25
14590,5388221,5389059,838
14591,5389059,5389932,873
14592,5389932,5390434,502
14593,5390434,5391288,854
14594,5391288,5391418,130
14595,5391418,5391613,195
14596,5391613,5391842,229
14597,5391842,5391972,130
14598,5391972,5392565,593
14599,5392565,5394569,2004
14600,5394569,5394579,10
14601,5394579,5394628,49
14602,5394628,5396020,1392
14603,5396020,5396065,45
14604,5396065,5396072,7
14605,5396072,5396086,14
14606,5396086,5396093,7
14607,5396093,5396100,7
14608,5396100,5396299,199
14609,5396299,5396325,26
14610,5396325,5396340,15
14611,5396340,5396615,275
14612,5396615,5396776,161
14613,5396776,5397577,801
14614,5397577,5397999,422
14615,5397999,5398083,84
14616,5398083,5398188,105
14617,5398188,5398648,460
14618,5398648,5399249,601
14619,5399249,5399650,401
14620,5399650,5399757,107
14621,5399757,5399966,209
14622,5399966,5399984,18
14623,5399984,5399993,9
14624,5399993,5400063,70
14625,5400063,5400767,704
14626,5400767,5400848,81
14627,5400848,5401347,499
14628,5401347,5402179,832
14629,5402179,5402558,379
14630,5402558,5402618,60
14631,5402618,5402811,193
14632,5402811,5402907,96
14633,5402907,5403178,271
14634,5403178,5403628,450
14635,5403628,5403821,193
14636,5403821,5404794,973
14637,5404794,5404799,5
14638,5404799,5404924,125
14639,5404924,5404972,48
14640,5404972,5405615,643
14641,5405615,5405659,44
14642,5405659,5405717,58
14643,5405717,5405941,224
14644,5405941,5405980,39
14645,5405980,5406233,253
14646,5406233,5406408,175
14647,5406408,5406452,44
14648,5406452,5406592,140
14649,5406592,5406622,30
14650,5406622,5406679,57
14651,5406679,5406705,26
14652,5406705,5406877,172
14653,5406877,5406958,81
14654,5406958,5407017,59
14655,5407017,5407054,37
14656,5407054,5407663,609
14657,5407663,5407747,84
14658,5407747,5408084,337
14659,5408084,5408253,169
14660,5408253,5408316,63
14661,5408316,5409533,1217
14662,5409533,5409934,401
14663,5409934,5410164,230
14664,5410164,5411129,965
14665,5411129,5411395,266
14666,5411395,5411464,69
14667,5411464,5411537,73
14668,5411537,5411556,19
14669,5411556,5411914,358
14670,5411914,5412037,123
14671,5412037,5412068,31
14672,5412068,5412111,43
14673,5412111,5412164,53
14674,5412164,5412297,133
14675,5412297,5412358,61
14676,5412358,5412553,195
14677,5412553,5413014,461
14678,5413014,5413182,168
14679,5413182,5413338,156
14680,5413338,5414155,817
14681,5414155,5414399,244
14682,5414399,5414461,62
14683,5414461,5415677,1216
14684,5415677,5416300,623
14685,5416300,5416465,165
14686,5416465,5416526,61
14687,5416526,5416650,124
14688,5416650,5416671,21
14689,5416671,5416972,301
14690,5416972,5417371,399
14691,5417371,5417453,82
14692,5417453,5418143,690
14693,5418143,5418941,798
14694,5418941,5419172,231
14695,5419172,5419892,720
14696,5419892,5421677,1785
14697,5421677,5422136,459
14698,5422136,5422684,548
14699,5422684,5423026,342
14700,5423026,5423195,169
14701,5423195,5423368,173
14702,5423368,5423874,506
14703,5423874,5424019,145
14704,5424019,5424124,105
14705,5424124,5424171,47
14706,5424171,5425063,892
14707,5425063,5425229,166
14708,5425229,5425264,35
14709,5425264,5425323,59
14710,5425323,5425639,316
14711,5425639,5425843,204
14712,5425843,5426783,940
14713,5426783,5427171,388
14714,5427171,5427546,375
14715,5427546,5427653,107
14716,5427653,5427831,178
14717,5427831,5427868,37
14718,5427868,5428159,291
14719,5428159,5428393,234
14720,5428393,5428770,377
14721,5428770,5428893,123
14722,5428893,5428901,8
14723,5428901,5429503,602
14724,5429503,5429713,210
14725,5429713,5429720,7
14726,5429720,5429727,7
14727,5429727,5430151,424
14728,5430151,5430718,567
14729,5430718,5430724,6
14730,5430724,5430750,26
14731,5430750,5430891,141
14732,5430891,5431179,288
14733,5431179,5431420,241
14734,5431420,5431427,7
14735,5431427,5431450,23
14736,5431450,5431561,111
14737,5431561,5431640,79
14738,5431640,5432189,549
14739,5432189,5433085,896
14740,5433085,5434301,1216
14741,5434301,5435651,1350
14742,5435651,5436258,607
14743,5441136,5442184,1048
14744,5442184,5442528,344
14745,5444554,5444903,349
14746,5444903,5445358,455
14747,5445358,5446508,1150
14748,5446508,5448728,2220
14749,5448728,5448831,103
14750,5448831,5449408,577
14751,5449408,5450591,1183
14752,5450591,5452327,1736
14753,5452327,5453028,701
14754,5453028,5453498,470
14755,5453498,5453784,286
14756,5456122,5456644,522
14757,5456644,5457137,493
14758,5457137,5457786,649
14759,5457786,5459606,1820
14760,5459606,5460424,818
14761,5460424,5460937,513
14762,5460937,5461452,515
14763,5461452,5461520,68
14764,5461520,5462535,1015
14765,5462535,5462937,402
14766,5462937,5463925,988
14767,5463925,5465804,1879
14768,5465804,5466937,1133
14769,5466937,5468554,1617
14770,5468554,5469296,742
14771,5469296,5470198,902
14772,5470198,5470297,99
14773,5470297,5470599,302
14774,5470599,5470623,24
14775,5470623,5471078,455
14776,5471078,5471883,805
14777,5471883,5472084,201
14778,5472084,5472895,811
14779,5472895,5474067,1172
14780,5474067,5475165,1098
14781,5475165,5476026,861
14782,5476026,5476120,94
14783,5476120,5476949,829
14784,5476949,5477476,527
14785,5477476,5477705,229
14786,5477705,5478614,909
14787,5478614,5478683,69
14788,5478683,5478848,165
14789,5478848,5479069,221
14790,5479069,5479752,683
14791,5479752,5480545,793
14792,5480545,5481763,1218
14793,5481763,5482542,779
14794,5482542,5482909,367
14795,5482909,5484263,1354
14796,5484263,5484346,83
14797,5484346,5485383,1037
14798,5485383,5486533,1150
14799,5486533,5487192,659
14800,5487192,5487989,797
14801,5487989,5489894,1905
14802,5489894,5490364,470
14803,5490364,5490724,360
14804,5490724,5491083,359
14805,5491083,5491672,589
14806,5491672,5492101,429
14807,5492101,5492209,108
14808,5492209,5492362,153
14809,5492362,5492551,189
14810,5492551,5494131,1580
14811,5494131,5494255,124
14812,5494255,5494363,108
14813,5494363,5494821,458
14814,5494821,5495138,317
14815,5495138,5495170,32
14816,5495170,5495524,354
14817,5495524,5495587,63
14818,5495587,5495663,76
14819,5495663,5495692,29
14820,5495692,5495966,274
14821,5495966,5496104,138
14822,5496104,5496110,6
14823,5496110,5496148,38
14824,5496148,5496211,63
14825,5496211,5496679,468
14826,5496679,5498437,1758
14827,5498437,5498455,18
14828,5498455,5499423,968
14829,5499423,5499923,500
14830,5499923,5500138,215
14831,5500138,5500190,52
14832,5500190,5500310,120
14833,5500310,5500727,417
14834,5500727,5501848,1121
14835,5501848,5501856,8
14836,5501856,5501939,83
14837,5501939,5502214,275
14838,5502214,5502451,237
14839,5502451,5502934,483
14840,5506450,5506695,245
14841,5506695,5507932,1237
14842,5507932,5508424,492
14843,5508424,5508851,427
14844,5508851,5510208,1357
14845,5510208,5511444,1236
14846,5511444,5511760,316
14847,5511760,5511925,165
14848,5511925,5512187,262
14849,5512187,5512795,608
14850,5512795,5513150,355
14851,5513150,5513568,418
14852,5513568,5514056,488
14853,5517090,5517447,357
14854,5517447,5517736,289
14855,5517736,5518001,265
14856,5518001,5518436,435
14857,5518436,5518844,408
14858,5518844,5519757,913
14859,5519757,5521149,1392
14860,5521149,5521259,110
14861,5521259,5521619,360
14862,5521619,5521979,360
14863,5521979,5522339,360
14864,5522339,5522699,360
14865,5522699,5523059,360
14866,5523059,5523397,338
14867,5523397,5523757,360
14868,5523757,5524124,367
14869,5524124,5525021,897
14870,5525021,5526580,1559
14871,5526580,5526773,193
14872,5526773,5526785,12
14873,5526785,5526834,49
14874,5526834,5526907,73
14875,5526907,5527010,103
14876,5527010,5527536,526
14877,5527536,5528342,806
14878,5528342,5529032,690
14879,5529032,5529085,53
14880,5529085,5529296,211
14881,5529296,5529507,211
14882,5529507,5529646,139
14883,5529646,5530041,395
14884,5530041,5530064,23
14885,5530064,5530459,395
14886,5530459,5530994,535
14887,5530994,5531315,321
14888,5531315,5531378,63
14889,5533358,5533447,89
14890,5533447,5533899,452
14891,5533899,5533941,42
14892,5533941,5534734,793
14893,5534734,5534760,26
14894,5534760,5535905,1145
14895,5535905,5536203,298
14896,5536203,5537179,976
14897,5537179,5538415,1236
14898,5538415,5538839,424
14899,5538839,5539660,821
14900,5539660,5540149,489
14901,5540149,5540769,620
14902,5540769,5540885,116
14903,5540885,5540979,94
14904,5540979,5541131,152
14905,5541131,5541262,131
14906,5541262,5542483,1221
14907,5542483,5542643,160
14908,5542643,5542778,135
14909,5542778,5543082,304
14910,5543082,5543094,12
14911,5543094,5543507,413
14912,5543507,5545177,1670
14913,5545177,5545469,292
14914,5545469,5545737,268
14915,5545737,5546297,560
14916,5546297,5546301,4
14917,5546301,5546732,431
14918,5546732,5546941,209
14919,5546941,5547327,386
14920,5547327,5547351,24
14921,5547351,5547634,283
14922,5547634,5547762,128
14923,5547762,5548290,528
14924,5548290,5549970,1680
14925,5549970,5550048,78
14926,5550048,5552313,2265
14927,5552313,5552494,181
14928,5552494,5552644,150
14929,5552644,5554271,1627
14930,5554271,5554457,186
14931,5554457,5554778,321
14932,5554778,5554946,168
14933,5554946,5555066,120
14934,5555066,5555073,7
14935,5555073,5556864,1791
14936,5556864,5557239,375
14937,5557239,5558608,1369
14938,5558608,5558932,324
14939,5558932,5559883,951
14940,5559883,5561428,1545
14941,5561428,5561587,159
14942,5561587,5561726,139
14943,5561726,5561749,23
14944,5561749,5562085,336
14945,5562085,5562515,430
14946,5562515,5563912,1397
14947,5563912,5564907,995
14948,5564907,5567171,2264
14949,5567171,5567586,415
14950,5567586,5567744,158
14951,5567744,5568776,1032
14952,5568776,5568783,7
14953,5568783,5568978,195
14954,5568978,5569188,210
14955,5569188,5569750,562
14956,5569750,5571644,1894
14957,5571644,5571942,298
14958,5571942,5572269,327
14959,5576755,5576955,200
14960,5576955,5577663,708
14961,5577663,5578009,346
14962,5578009,5578944,935
14963,5578944,5579090,146
14964,5579090,5579168,78
14965,5579168,5579964,796
14966,5579964,5580290,326
14967,5580290,5580650,360
14968,5580650,5581010,360
14969,5581010,5582452,1442
14970,5582452,5583391,939
14971,5583391,5585399,2008
14972,5585399,5586243,844
14973,5586243,5586335,92
14974,5586335,5586596,261
14975,5586596,5587510,914
14976,5590262,5591191,929
14977,5591191,5591598,407
14978,5591598,5591606,8
14979,5591606,5591614,8
14980,5591614,5592904,1290
14981,5592904,5593488,584
14982,5593488,5593645,157
14983,5593645,5594587,942
14984,5594587,5594811,224
14985,5594811,5594942,131
14986,5594942,5595935,993
14987,5595935,5596867,932
14988,5596867,5597257,390
14989,5597257,5597271,14
14990,5597271,5597584,313
14991,5597584,5598882,1298
14992,5598882,5600049,1167
14993,5600049,5603320,3271
14994,5603320,5603478,158
14995,5603478,5603859,381
14996,5603859,5604619,760
14997,5604619,5604809,190
14998,5604809,5605001,192
14999,5605001,5606047,1046
15000,5606047,5606186,139
15001,5606186,5606195,9
15002,5606195,5606201,6
15003,5606201,5606207,6
15004,5606207,5606276,69
15005,5606276,5606303,27
15006,5606303,5606315,12
15007,5606315,5606739,424
15008,5606739,5606848,109
15009,5606848,5606904,56
15010,5606904,5607176,272
15011,5607176,5607729,553
15012,5607729,5608702,973
15013,5608702,5610752,2050
15014,5610752,5611140,388
15015,5611140,5611155,15
15016,5611155,5611415,260
15017,5611415,5611933,518
15018,5611933,5612650,717
15019,5612650,5613417,767
15020,5613417,5613606,189
15021,5613606,5613726,120
15022,5613726,5614015,289
15023,5614015,5614155,140
15024,5614155,5614222,67
15025,5614222,5614283,61
15026,5614283,5614446,163
15027,5614446,5614764,318
15028,5614764,5616019,1255
15029,5616019,5616175,156
15030,5616175,5616733,558
15031,5616733,5616944,211
15032,5616944,5617087,143
15033,5617087,5617234,147
15034,5617234,5617393,159
15035,5617393,5617449,56
15036,5617449,5617474,25
15037,5617474,5617605,131
15038,5617605,5617638,33
15039,5617638,5617793,155
15040,5617793,5617819,26
15041,5617819,5617895,76
15042,5617895,5618112,217
15043,5618112,5618627,515
15044,5618627,5619199,572
15045,5619199,5619869,670
15046,5619869,5620098,229
15047,5620098,5620472,374
15048,5620472,5620604,132
15049,5620604,5620614,10
15050,5620614,5620619,5
15051,5620619,5620853,234
15052,5620853,5620905,52
15053,5620905,5620916,11
15054,5620916,5620985,69
15055,5620985,5621819,834
15056,5621819,5621865,46
15057,5621865,5621993,128
15058,5621993,5622260,267
15059,5622260,5622371,111
15060,5622371,5622636,265
15061,5622636,5622696,60
15062,5622696,5623316,620
15063,5623316,5623710,394
15064,5623710,5623944,234
15065,5623944,5624019,75
15066,5624019,5624218,199
15067,5624218,5624642,424
15068,5624642,5624821,179
15069,5624821,5624957,136
15070,5624957,5625088,131
15071,5625088,5625362,274
15072,5625362,5626190,828
15073,5626190,5626436,246
15074,5626436,5626669,233
15075,5626669,5626683,14
15076,5626683,5626702,19
15077,5626702,5626708,6
15078,5626708,5626714,6
15079,5626714,5626720,6
15080,5626720,5627160,440
15081,5627160,5628029,869
15082,5628029,5628034,5
15083,5628034,5628482,448
15084,5628482,5628868,386
15085,5628868,5628916,48
15086,5628916,5628985,69
15087,5628985,5629474,489
15088,5629474,5629558,84
15089,5629558,5630224,666
15090,5630224,5630358,134
15091,5630358,5630552,194
15092,5630552,5631378,826
15093,5631378,5631384,6
15094,5631384,5631468,84
15095,5631468,5631500,32
15096,5631500,5631514,14
15097,5631514,5631601,87
15098,5631601,5631806,205
15099,5631806,5632211,405
15100,5632211,5632503,292
15101,5632503,5632512,9
15102,5632512,5632628,116
15103,5632628,5632744,116
15104,5632744,5632748,4
15105,5632748,5633147,399
15106,5633147,5633174,27
15107,5633174,5633220,46
15108,5633220,5633243,23
15109,5633243,5633392,149
15110,5633392,5633646,254
15111,5633646,5633852,206
15112,5633852,5633938,86
15113,5633938,5634376,438
15114,5634376,5634385,9
15115,5634385,5634581,196
15116,5634581,5636442,1861
15117,5636442,5639534,3092
15118,5639534,5639985,451
15119,5639985,5640087,102
15120,5640087,5640630,543
15121,5640630,5641641,1011
15122,5641641,5641648,7
15123,5641648,5641682,34
15124,5641682,5641918,236
15125,5641918,5641962,44
15126,5641962,5642037,75
15127,5642037,5642485,448
15128,5642485,5642734,249
15129,5642734,5642845,111
15130,5642845,5643096,251
15131,5643096,5643117,21
15132,5643117,5643122,5
15133,5643122,5643127,5
15134,5643127,5643370,243
15135,5643370,5643706,336
15136,5643706,5643760,54
15137,5643760,5643908,148
15138,5643908,5643988,80
15139,5643988,5644229,241
15140,5644229,5644470,241
15141,5644470,5644928,458
15142,5644928,5644993,65
15143,5644993,5645553,560
15144,5645553,5645860,307
15145,5645860,5645868,8
15146,5645868,5645994,126
15147,5645994,5646076,82
15148,5646076,5646086,10
15149,5646086,5646952,866
15150,5646952,5647040,88
15151,5647040,5647162,122
15152,5647162,5647176,14
15153,5647176,5647184,8
15154,5647184,5647472,288
15155,5647472,5647543,71
15156,5647543,5647712,169
15157,5647712,5650070,2358
15158,5650070,5651423,1353
15159,5651423,5651877,454
15160,5651877,5652637,760
15161,5652637,5652693,56
15162,5652693,5652907,214
15163,5652907,5653176,269
15164,5653176,5653484,308
15165,5653484,5653529,45
15166,5653529,5653680,151
15167,5653680,5653689,9
15168,5653689,5653698,9
15169,5653698,5653822,124
15170,5653822,5653919,97
15171,5653919,5654105,186
15172,5654105,5654489,384
15173,5654489,5654580,91
15174,5654580,5654600,20
15175,5654600,5654678,78
15176,5654678,5654768,90
15177,5654768,5654818,50
15178,5654818,5654930,112
15179,5654930,5654996,66
15180,5654996,5655017,21
15181,5655017,5655161,144
15182,5655161,5656026,865
15183,5656026,5656093,67
15184,5656093,5656184,91
15185,5656184,5656302,118
15186,5656302,5656469,167
15187,5656469,5656693,224
15188,5656693,5657121,428
15189,5657121,5657175,54
15190,5657175,5657388,213
15191,5657388,5657778,390
15192,5657778,5657803,25
15193,5657803,5658606,803
15194,5658606,5660186,1580
15195,5660186,5660294,108
15196,5660294,5660409,115
15197,5660409,5660532,123
15198,5660532,5660544,12
15199,5660544,5660580,36
15200,5660580,5660592,12
15201,5660592,5660598,6
15202,5660598,5660610,12
15203,5660610,5660658,48
15204,5660658,5660694,36
15205,5660694,5660746,52
15206,5660746,5661085,339
15207,5661085,5661103,18
15208,5661103,5661694,591
15209,5661694,5662033,339
15210,5662033,5663939,1906
15211,5663939,5664572,633
15212,5664572,5664814,242
15213,5664814,5664961,147
15214,5664961,5665097,136
15215,5665097,5665162,65
15216,5665162,5665166,4
15217,5665166,5666179,1013
15218,5666179,5667041,862
15219,5667041,5667345,304
15220,5667345,5667842,497
15221,5667842,5667990,148
15222,5667990,5668056,66
15223,5668056,5668262,206
15224,5668262,5668568,306
15225,5668568,5668669,101
15226,5668669,5668699,30
15227,5668699,5669008,309
15228,5669008,5669032,24
15229,5669032,5669236,204
15230,5669236,5669250,14
15231,5669250,5669411,161
15232,5669411,5669470,59
15233,5669470,5669514,44
15234,5669514,5670208,694
15235,5670208,5670758,550
15236,5670758,5670946,188
15237,5670946,5670952,6
15238,5670952,5671013,61
15239,5671013,5671118,105
15240,5671118,5671187,69
15241,5671187,5671209,22
15242,5671209,5671628,419
15243,5671628,5671651,23
15244,5671651,5671853,202
15245,5671853,5671947,94
15246,5671947,5672046,99
15247,5672046,5673023,977
15248,5673023,5673319,296
15249,5673319,5673396,77
15250,5673396,5673676,280
15251,5673676,5673686,10
15252,5673686,5673714,28
15253,5673714,5673963,249
15254,5673963,5674133,170
15255,5674133,5674250,117
15256,5674250,5674455,205
15257,5674455,5674493,38
15258,5674493,5674571,78
15259,5674571,5674598,27
15260,5674598,5674619,21
15261,5674619,5674623,4
15262,5674623,5674995,372
15263,5674995,5675007,12
15264,5675007,5675339,332
15265,5675339,5675396,57
15266,5675396,5675476,80
15267,5675476,5675989,513
15268,5675989,5675994,5
15269,5675994,5676124,130
15270,5676124,5676333,209
15271,5676333,5677416,1083
15272,5677416,5677606,190
15273,5677606,5678001,395
15274,5678001,5678287,286
15275,5678287,5678490,203
15276,5678490,5678585,95
15277,5678585,5678788,203
15278,5678788,5679900,1112
15279,5679900,5680009,109
15280,5680009,5680060,51
15281,5680060,5681103,1043
15282,5681103,5681250,147
15283,5681250,5681543,293
15284,5681543,5681629,86
15285,5681629,5681793,164
15286,5681793,5682090,297
15287,5682090,5682121,31
15288,5682121,5682221,100
15289,5682221,5682544,323
15290,5682544,5683119,575
15291,5683119,5683172,53
15292,5683172,5683177,5
15293,5683177,5683314,137
15294,5683314,5683378,64
15295,5683378,5683973,595
15296,5683973,5684144,171
15297,5684144,5684545,401
15298,5684545,5684652,107
15299,5684652,5685075,423
15300,5685075,5685123,48
15301,5685123,5685138,15
15302,5685138,5685169,31
15303,5685169,5685397,228
15304,5685397,5685527,130
15305,5685527,5685721,194
15306,5685721,5685737,16
15307,5685737,5685781,44
15308,5685781,5685787,6
15309,5685787,5685938,151
15310,5685938,5686213,275
15311,5686213,5686705,492
15312,5686705,5686711,6
15313,5686711,5687282,571
15314,5687282,5687375,93
15315,5687375,5687383,8
15316,5687383,5687565,182
15317,5687565,5687688,123
15318,5687688,5687787,99
15319,5687787,5687817,30
15320,5687817,5688275,458
15321,5688275,5688286,11
15322,5688286,5688476,190
15323,5688476,5688518,42
15324,5688518,5688737,219
15325,5688737,5688791,54
15326,5688791,5689115,324
15327,5689115,5689231,116
15328,5689231,5689362,131
15329,5689362,5689607,245
15330,5689607,5689885,278
15331,5689885,5689966,81
15332,5689966,5690033,67
15333,5690033,5690063,30
15334,5690063,5690071,8
15335,5690071,5690076,5
15336,5690076,5690086,10
15337,5690086,5690444,358
15338,5690444,5690503,59
15339,5690503,5690764,261
15340,5690764,5690869,105
15341,5690869,5691085,216
15342,5691085,5691224,139
15343,5691224,5691305,81
15344,5691305,5691650,345
15345,5691650,5691694,44
15346,5691694,5692244,550
15347,5692244,5692320,76
15348,5692320,5692408,88
15349,5692408,5692494,86
15350,5692494,5692581,87
15351,5692581,5693159,578
15352,5693159,5693200,41
15353,5693200,5693431,231
15354,5693431,5693537,106
15355,5693537,5693651,114
15356,5693651,5693675,24
15357,5693675,5693789,114
15358,5693789,5694361,572
15359,5694361,5694425,64
15360,5694425,5694657,232
15361,5694657,5694708,51
15362,5694708,5694731,23
15363,5694731,5694920,189
15364,5694920,5695251,331
15365,5695251,5695342,91
15366,5695342,5695699,357
15367,5695699,5695962,263
15368,5695962,5695971,9
15369,5695971,5695980,9
15370,5695980,5696074,94
15371,5696074,5696105,31
15372,5696105,5696233,128
15373,5696233,5696485,252
15374,5696485,5697345,860
15375,5697345,5697464,119
15376,5697464,5698171,707
15377,5698171,5698364,193
15378,5698364,5698510,146
15379,5698510,5698706,196
15380,5698706,5699208,502
15381,5699208,5699352,144
15382,5699352,5699443,91
15383,5699443,5699636,193
15384,5699636,5699973,337
15385,5699973,5700037,64
15386,5700037,5700044,7
15387,5700044,5700549,505
15388,5700549,5700556,7
15389,5700556,5700610,54
15390,5700610,5700643,33
15391,5700643,5700685,42
15392,5700685,5700690,5
15393,5700690,5700905,215
15394,5700905,5700949,44
15395,5700949,5701117,168
15396,5701117,5701224,107
15397,5701224,5701405,181
15398,5701405,5701526,121
15399,5701526,5702347,821
15400,5702347,5702700,353
15401,5702700,5702744,44
15402,5702744,5702823,79
15403,5702823,5703010,187
15404,5703010,5703029,19
15405,5703029,5703099,70
15406,5703099,5703135,36
15407,5703135,5703328,193
15408,5703328,5703493,165
15409,5703493,5703639,146
15410,5703639,5703819,180
15411,5703819,5703875,56
15412,5703875,5704111,236
15413,5704111,5704139,28
15414,5704139,5704264,125
15415,5704264,5704290,26
15416,5704290,5704375,85
15417,5704375,5704480,105
15418,5704480,5704742,262
15419,5704742,5705056,314
15420,5705056,5705121,65
15421,5705121,5705201,80
15422,5705201,5705657,456
15423,5705657,5705676,19
15424,5705676,5705797,121
15425,5705797,5705807,10
15426,5705807,5705812,5
15427,5705812,5705842,30
15428,5705842,5705846,4
15429,5705846,5706172,326
15430,5706172,5706186,14
15431,5706186,5706195,9
15432,5706195,5706204,9
15433,5706204,5706535,331
15434,5706535,5706769,234
15435,5706769,5707348,579
15436,5707348,5707532,184
15437,5707532,5707573,41
15438,5707573,5707598,25
15439,5707598,5707628,30
15440,5707628,5707661,33
15441,5707661,5707790,129
15442,5707790,5707843,53
15443,5707843,5707868,25
15444,5707868,5708392,524
15445,5708392,5708495,103
15446,5708495,5708551,56
15447,5708551,5708594,43
15448,5708594,5708714,120
15449,5708714,5709000,286
15450,5709000,5709217,217
15451,5709217,5709226,9
15452,5709226,5709308,82
15453,5709308,5709355,47
15454,5709355,5709442,87
15455,5709442,5709521,79
15456,5709521,5709944,423
15457,5709944,5710484,540
15458,5710484,5710529,45
15459,5710529,5710910,381
15460,5710910,5710970,60
15461,5710970,5711180,210
15462,5711180,5711378,198
15463,5711378,5711605,227
15464,5711605,5711798,193
15465,5711798,5711870,72
15466,5711870,5712047,177
15467,5712047,5712068,21
15468,5712068,5712202,134
15469,5712202,5712408,206
15470,5712408,5712441,33
15471,5712441,5712768,327
15472,5712768,5713090,322
15473,5713090,5713514,424
15474,5713514,5713564,50
15475,5713564,5714636,1072
15476,5714636,5715219,583
15477,5715219,5715488,269
15478,5715488,5715511,23
15479,5715511,5716396,885
15480,5716396,5717404,1008
15481,5717404,5717527,123
15482,5717527,5717757,230
15483,5717757,5717947,190
15484,5717947,5718126,179
15485,5718126,5718263,137
15486,5718263,5718432,169
15487,5718432,5718437,5
15488,5718437,5718446,9
15489,5718446,5718687,241
15490,5718687,5719304,617
15491,5719304,5720518,1214
15492,5720518,5720556,38
15493,5720556,5720570,14
15494,5720570,5720609,39
15495,5720609,5720646,37
15496,5720646,5720756,110
15497,5720756,5721019,263
15498,5721019,5721668,649
15499,5721668,5722693,1025
15500,5722693,5723024,331
15501,5723024,5723165,141
15502,5723165,5723186,21
15503,5723186,5723310,124
15504,5723310,5723315,5
15505,5723315,5723565,250
15506,5723565,5723605,40
15507,5723605,5724543,938
15508,5724543,5725588,1045
15509,5725588,5725958,370
15510,5725958,5726161,203
15511,5726161,5727303,1142
15512,5727303,5727753,450
15513,5727753,5728116,363
15514,5728116,5728436,320
15515,5728436,5728751,315
15516,5728751,5729693,942
15517,5729693,5729775,82
15518,5729775,5729905,130
15519,5729905,5729978,73
15520,5729978,5730294,316
15521,5730294,5730611,317
15522,5730611,5732532,1921
15523,5732532,5732652,120
15524,5732652,5733077,425
15525,5733077,5733105,28
15526,5733105,5733374,269
15527,5733374,5734110,736
15528,5734110,5734245,135
15529,5734245,5734329,84
15530,5734329,5734635,306
15531,5734635,5734743,108
15532,5734743,5735409,666
15533,5735409,5737111,1702
15534,5737111,5737199,88
15535,5737199,5738056,857
15536,5738056,5738521,465
15537,5738521,5739691,1170
15538,5739691,5739703,12
15539,5739703,5739785,82
15540,5739785,5739797,12
15541,5739797,5740055,258
15542,5740055,5740224,169
15543,5740224,5740359,135
15544,5740359,5740583,224
15545,5740583,5740710,127
15546,5740710,5740888,178
15547,5740888,5740918,30
15548,5740918,5741124,206
15549,5741124,5741306,182
15550,5741306,5741351,45
15551,5741351,5741524,173
15552,5741524,5741572,48
15553,5741572,5741590,18
15554,5741590,5741671,81
15555,5741671,5741809,138
15556,5741809,5741885,76
15557,5741885,5742206,321
15558,5742206,5742371,165
15559,5742371,5742414,43
15560,5742414,5742563,149
15561,5742563,5742981,418
15562,5742981,5743331,350
15563,5743331,5743395,64
15564,5743395,5743682,287
15565,5743682,5743846,164
15566,5743846,5744378,532
15567,5744378,5744598,220
15568,5744598,5745382,784
15569,5745382,5745575,193
15570,5745575,5745759,184
15571,5745759,5745770,11
15572,5745770,5746103,333
15573,5746103,5746615,512
15574,5746615,5746636,21
15575,5746636,5747518,882
15576,5747518,5747882,364
15577,5747882,5747951,69
15578,5747951,5748044,93
15579,5748044,5748271,227
15580,5748271,5748294,23
15581,5748294,5748417,123
15582,5748417,5748488,71
15583,5748488,5748564,76
15584,5748564,5748614,50
15585,5748614,5748644,30
15586,5748644,5749110,466
15587,5749110,5749487,377
15588,5749487,5749506,19
15589,5749506,5750037,531
15590,5750037,5750091,54
15591,5750091,5750617,526
15592,5750617,5750624,7
15593,5750624,5751362,738
15594,5751362,5751530,168
15595,5751530,5752605,1075
15596,5752605,5752625,20
15597,5752625,5753254,629
15598,5753254,5753465,211
15599,5753465,5753479,14
15600,5753479,5753567,88
15601,5753567,5753605,38
15602,5753605,5753739,134
15603,5753739,5753817,78
15604,5753817,5753905,88
15605,5753905,5754159,254
15606,5754159,5754184,25
15607,5754184,5754189,5
15608,5754189,5754224,35
15609,5754224,5754324,100
15610,5754324,5754329,5
15611,5754329,5755943,1614
15612,5755943,5756194,251
15613,5756194,5756670,476
15614,5756670,5756948,278
15615,5756948,5757388,440
15616,5757388,5757525,137
15617,5757525,5758040,515
15618,5758040,5758233,193
15619,5758233,5758262,29
15620,5758262,5758316,54
15621,5758316,5758386,70
15622,5758386,5758948,562
15623,5758948,5758979,31
15624,5758979,5759353,374
15625,5759353,5759713,360
15626,5759713,5759960,247
15627,5759960,5760533,573
15628,5760533,5760757,224
15629,5760757,5761170,413
15630,5761170,5761369,199
15631,5761369,5761374,5
15632,5761374,5761410,36
15633,5761410,5762232,822
15634,5762232,5762281,49
15635,5762281,5762569,288
15636,5762569,5762672,103
15637,5762672,5763209,537
15638,5763209,5763228,19
15639,5763228,5763331,103
15640,5763331,5763355,24
15641,5763355,5763968,613
15642,5763968,5764081,113
15643,5764081,5764302,221
15644,5764302,5764337,35
15645,5764337,5764681,344
15646,5764681,5764688,7
15647,5764688,5764897,209
15648,5764897,5764988,91
15649,5764988,5765037,49
15650,5765037,5765098,61
15651,5765098,5765135,37
15652,5765135,5765374,239
15653,5765374,5765828,454
15654,5765828,5766203,375
15655,5766203,5766526,323
15656,5766526,5766602,76
15657,5766602,5766798,196
15658,5766798,5766828,30
15659,5766828,5767086,258
15660,5767086,5767150,64
15661,5767150,5767182,32
15662,5767182,5767346,164
15663,5767346,5767381,35
15664,5767381,5767426,45
15665,5767426,5767547,121
15666,5767547,5767810,263
15667,5767810,5768519,709
15668,5768519,5768681,162
15669,5768681,5768685,4
15670,5768685,5768693,8
15671,5768693,5768701,8
15672,5768701,5768718,17
15673,5768718,5769161,443
15674,5769161,5769168,7
15675,5769168,5769175,7
15676,5769175,5769523,348
15677,5769523,5770614,1091
15678,5770614,5770750,136
15679,5770750,5770762,12
15680,5770762,5771482,720
15681,5771482,5771565,83
15682,5771565,5771675,110
15683,5771675,5771927,252
15684,5771927,5772727,800
15685,5772727,5773234,507
15686,5773234,5773276,42
15687,5773276,5773593,317
15688,5773593,5773627,34
15689,5773627,5773690,63
15690,5773690,5773991,301
15691,5773991,5774114,123
15692,5774114,5774232,118
15693,5774232,5774253,21
15694,5774253,5774716,463
15695,5774716,5774868,152
15696,5774868,5774873,5
15697,5774873,5775190,317
15698,5775190,5775262,72
15699,5775262,5775623,361
15700,5775623,5776618,995
15701,5776618,5776640,22
15702,5776640,5777588,948
15703,5777588,5777723,135
15704,5777723,5777729,6
15705,5777729,5777963,234
15706,5777963,5778017,54
15707,5778017,5778101,84
15708,5778101,5778156,55
15709,5778156,5778186,30
15710,5778186,5778331,145
15711,5778331,5778707,376
15712,5778707,5779144,437
15713,5779144,5779153,9
15714,5779153,5779463,310
15715,5779463,5779821,358
15716,5779821,5779845,24
15717,5779845,5779869,24
15718,5779869,5779917,48
15719,5779917,5779953,36
15720,5779953,5780342,389
15721,5780342,5780909,567
15722,5780909,5781116,207
15723,5781116,5781263,147
15724,5781263,5781422,159
15725,5781422,5781458,36
15726,5781458,5781565,107
15727,5781565,5781590,25
15728,5781590,5781853,263
15729,5781853,5781944,91
15730,5781944,5781993,49
15731,5781993,5782045,52
15732,5782045,5782103,58
15733,5782103,5782354,251
15734,5782354,5782406,52
15735,5782406,5782412,6
15736,5782412,5782622,210
15737,5782622,5783004,382
15738,5783004,5783227,223
15739,5783227,5783978,751
15740,5783978,5784447,469
15741,5784447,5784660,213
15742,5784660,5784702,42
15743,5784702,5784910,208
15744,5784910,5785024,114
15745,5785024,5785276,252
15746,5785276,5785514,238
15747,5785514,5785682,168
15748,5785682,5785953,271
15749,5785953,5786003,50
15750,5786003,5786615,612
15751,5786615,5787132,517
15752,5787132,5787147,15
15753,5787147,5787649,502
15754,5787649,5787706,57
15755,5787706,5787724,18
15756,5787724,5787838,114
15757,5787838,5788086,248
15758,5788086,5788306,220
15759,5788306,5788522,216
15760,5788522,5788608,86
15761,5788608,5788642,34
15762,5788642,5788989,347
15763,5788989,5789504,515
15764,5789504,5790043,539
15765,5790043,5790103,60
15766,5790103,5790206,103
15767,5790206,5790488,282
15768,5790488,5791227,739
15769,5791227,5792195,968
15770,5792195,5792472,277
15771,5792472,5792634,162
15772,5792634,5792745,111
15773,5792745,5792775,30
15774,5792775,5792805,30
15775,5792805,5792894,89
15776,5792894,5793141,247
15777,5793141,5793246,105
15778,5793246,5793423,177
15779,5793423,5793867,444
15780,5793867,5793903,36
15781,5793903,5793954,51
15782,5793954,5794085,131
15783,5794085,5794221,136
15784,5794221,5794319,98
15785,5794319,5794682,363
15786,5794682,5795386,704
15787,5795386,5795393,7
15788,5795393,5795751,358
15789,5795751,5797481,1730
15790,5797481,5798185,704
15791,5798185,5799394,1209
15792,5799394,5799774,380
15793,5799774,5800380,606
15794,5800380,5800655,275
15795,5800655,5800755,100
15796,5800755,5801089,334
15797,5801089,5801215,126
15798,5801215,5801610,395
15799,5801610,5801614,4
15800,5801614,5801693,79
15801,5801693,5801931,238
15802,5801931,5802529,598
15803,5802529,5802895,366
15804,5802895,5803346,451
15805,5803346,5803787,441
15806,5803787,5804825,1038
15807,5804825,5804967,142
15808,5804967,5805123,156
15809,5809108,5809193,85
15810,5809193,5809320,127
15811,5809320,5809709,389
15812,5809709,5809785,76
15813,5809785,5809807,22
15814,5809807,5809915,108
15815,5809915,5809967,52
15816,5809967,5810034,67
15817,5810034,5810552,518
15818,5810552,5811263,711
15819,5811263,5811390,127
15820,5811390,5811947,557
15821,5811947,5812582,635
15822,5812582,5812696,114
15823,5812696,5812829,133
15824,5812829,5813019,190
15825,5813019,5813451,432
15826,5813451,5814240,789
15827,5814240,5814651,411
15828,5814651,5815363,712
15829,5815363,5815834,471
15830,5815834,5815917,83
15831,5817773,5818132,359
15832,5818132,5819220,1088
15833,5819220,5820035,815
15834,5820035,5822503,2468
15835,5826491,5827099,608
15836,5827099,5828622,1523
15837,5828622,5829586,964
15838,5829586,5830583,997
15839,5830583,5830844,261
15840,5830844,5832530,1686
15841,5832530,5832614,84
15842,5832614,5833094,480
15843,5833094,5834416,1322
15844,5834416,5835308,892
15845,5835308,5835511,203
15846,5835511,5836138,627
15847,5836138,5836407,269
15848,5836407,5836689,282
15849,5836689,5836811,122
15850,5836811,5836933,122
15851,5836933,5837059,126
15852,5837059,5837205,146
15853,5837205,5837231,26
15854,5837231,5837303,72
15855,5837303,5837349,46
15856,5837349,5837374,25
15857,5837374,5837543,169
15858,5837543,5837813,270
15859,5837813,5837826,13
15860,5837826,5839003,1177
15861,5839003,5839187,184
15862,5839187,5840035,848
15863,5840035,5840257,222
15864,5840257,5842374,2117
15865,5842374,5842585,211
15866,5842585,5844477,1892
15867,5844477,5845498,1021
15868,5845498,5845526,28
15869,5845526,5845555,29
15870,5845555,5845655,100
15871,5845655,5845676,21
15872,5845676,5845748,72
15873,5845748,5845756,8
15874,5845756,5845904,148
15875,5845904,5846672,768
15876,5846672,5847527,855
15877,5847527,5848320,793
15878,5848320,5848631,311
15879,5848631,5850370,1739
15880,5850370,5851103,733
15881,5851103,5851114,11
15882,5851114,5851123,9
15883,5851123,5853730,2607
15884,5853730,5853878,148
15885,5853878,5854019,141
15886,5854019,5854214,195
15887,5854214,5854383,169
15888,5854383,5855968,1585
15889,5855968,5856293,325
15890,5856293,5857786,1493
15891,5857786,5858740,954
15892,5858740,5860462,1722
15893,5860462,5860851,389
15894,5860851,5861007,156
15895,5861007,5862172,1165
15896,5862172,5862190,18
15897,5862190,5862282,92
15898,5862282,5862627,345
15899,5862627,5862645,18
15900,5862645,5862651,6
15901,5862651,5863064,413
15902,5863064,5863828,764
15903,5863828,5864313,485
15904,5864313,5866252,1939
15905,5866252,5866966,714
15906,5866966,5867348,382
15907,5867348,5867708,360
15908,5867708,5867794,86
15909,5867794,5868324,530
15910,5868324,5869241,917
15911,5869241,5869607,366
15912,5869607,5869618,11
15913,5869618,5869624,6
15914,5869624,5869649,25
15915,5869649,5869693,44
15916,5869693,5869726,33
15917,5869726,5869758,32
15918,5869758,5869817,59
15919,5869817,5869901,84
15920,5869901,5870036,135
15921,5870036,5871045,1009
15922,5871045,5871213,168
15923,5871213,5871399,186
15924,5871399,5871450,51
15925,5871450,5871498,48
15926,5871498,5871708,210
15927,5871708,5872046,338
15928,5872046,5872059,13
15929,5872059,5872156,97
15930,5872156,5872221,65
15931,5872221,5872475,254
15932,5872475,5872629,154
15933,5872629,5872638,9
15934,5872638,5872643,5
15935,5872643,5872934,291
15936,5872934,5872998,64
15937,5872998,5873026,28
15938,5873026,5873237,211
15939,5873237,5874436,1199
15940,5874436,5874514,78
15941,5874514,5874594,80
15942,5874594,5874940,346
15943,5874940,5875093,153
15944,5875093,5875132,39
15945,5875132,5875213,81
15946,5875213,5875392,179
15947,5875392,5875456,64
15948,5875456,5875606,150
15949,5875606,5875633,27
15950,5875633,5875851,218
15951,5875851,5876118,267
15952,5876118,5876301,183
15953,5876301,5876568,267
15954,5876568,5877264,696
15955,5877264,5877461,197
15956,5877461,5877973,512
15957,5877973,5878257,284
15958,5878257,5878393,136
15959,5878393,5878496,103
15960,5878496,5878673,177
15961,5878673,5878683,10
15962,5878683,5878827,144
15963,5878827,5878834,7
15964,5878834,5878877,43
15965,5878877,5879100,223
15966,5879100,5879175,75
15967,5879175,5879362,187
15968,5879362,5879493,131
15969,5879493,5879829,336
15970,5879829,5880799,970
15971,5880799,5881123,324
15972,5881123,5881428,305
15973,5881428,5881470,42
15974,5881470,5881496,26
15975,5881496,5881637,141
15976,5881637,5881654,17
15977,5881654,5881700,46
15978,5881700,5882112,412
15979,5882112,5882864,752
15980,5882864,5882875,11
15981,5882875,5883065,190
15982,5883065,5883554,489
15983,5883554,5884112,558
15984,5884112,5884512,400
15985,5884512,5884972,460
15986,5884972,5885045,73
15987,5885045,5886639,1594
15988,5886639,5886686,47
15989,5886686,5886788,102
15990,5886788,5887356,568
15991,5887356,5887548,192
15992,5887548,5887689,141
15993,5887689,5888582,893
15994,5888582,5888980,398
15995,5888980,5889166,186
15996,5889166,5889193,27
15997,5889193,5889817,624
15998,5889817,5889921,104
15999,5889921,5889983,62
16000,5889983,5890234,251
16001,5890234,5890248,14
16002,5890248,5890262,14
16003,5890262,5890530,268
16004,5890530,5890696,166
16005,5890696,5891003,307
16006,5891003,5891142,139
16007,5891142,5891602,460
16008,5891602,5891864,262
16009,5891864,5892014,150
16010,5892014,5892224,210
16011,5892224,5892371,147
16012,5892371,5892392,21
16013,5892392,5892981,589
16014,5892981,5893077,96
16015,5893077,5893131,54
16016,5893131,5893153,22
16017,5893153,5893811,658
16018,5893811,5894307,496
16019,5894307,5894441,134
16020,5894441,5895318,877
16021,5895318,5895638,320
16022,5895638,5897085,1447
16023,5897085,5897448,363
16024,5897448,5897948,500
16025,5897948,5898233,285
16026,5898233,5898453,220
16027,5898453,5898516,63
16028,5898516,5898571,55
16029,5898571,5898629,58
16030,5898629,5898713,84
16031,5898713,5900204,1491
16032,5900204,5901153,949
16033,5901153,5901403,250
16034,5901403,5901534,131
16035,5901534,5901590,56
16036,5901590,5902413,823
16037,5902413,5902951,538
16038,5902951,5903062,111
16039,5903062,5903234,172
16040,5903234,5903272,38
16041,5903272,5903440,168
16042,5903440,5903573,133
16043,5903573,5903647,74
16044,5903647,5903677,30
16045,5903677,5903683,6
16046,5903683,5903719,36
16047,5903719,5903767,48
16048,5903767,5903832,65
16049,5903832,5903853,21
16050,5903853,5903859,6
16051,5903859,5904968,1109
16052,5904968,5905417,449
16053,5905417,5905802,385
16054,5905802,5905980,178
16055,5905980,5906096,116
16056,5906096,5906307,211
16057,5906307,5906387,80
16058,5906387,5906939,552
16059,5906939,5906992,53
16060,5906992,5907047,55
16061,5907047,5907088,41
16062,5907088,5907106,18
16063,5907106,5907568,462
16064,5907568,5907720,152
16065,5907720,5908293,573
16066,5908293,5908616,323
16067,5908616,5908728,112
16068,5908728,5908827,99
16069,5908827,5908971,144
16070,5908971,5908989,18
16071,5908989,5909007,18
16072,5909007,5909451,444
16073,5909451,5910681,1230
16074,5910681,5910705,24
16075,5910705,5910812,107
16076,5910812,5910976,164
16077,5910976,5911218,242
16078,5911218,5911302,84
16079,5911302,5911496,194
16080,5911496,5911898,402
16081,5911898,5912382,484
16082,5912382,5912440,58
16083,5912440,5912741,301
16084,5912741,5912754,13
16085,5912754,5913256,502
16086,5913256,5913786,530
16087,5913786,5913844,58
16088,5913844,5914054,210
16089,5914054,5914150,96
16090,5914150,5914218,68
16091,5914218,5914236,18
16092,5914236,5914283,47
16093,5914283,5914437,154
16094,5914437,5914475,38
16095,5914475,5914524,49
16096,5914524,5914549,25
16097,5914549,5914669,120
16098,5914669,5914711,42
16099,5914711,5914731,20
16100,5914731,5914767,36
16101,5914767,5914868,101
16102,5914868,5915134,266
16103,5915134,5915199,65
16104,5915199,5915245,46
16105,5915245,5915351,106
16106,5915351,5915941,590
16107,5915941,5916010,69
16108,5916010,5916149,139
16109,5916149,5916298,149
16110,5916298,5916692,394
16111,5916692,5916820,128
16112,5918980,5920486,1506
16113,5920486,5923346,2860
16114,5923346,5923589,243
16115,5923589,5923641,52
16116,5923641,5924995,1354
16117,5924995,5925093,98
16118,5925093,5925153,60
16119,5925153,5926045,892
16120,5926045,5926213,168
16121,5926213,5926403,190
16122,5926403,5926429,26
16123,5926429,5927522,1093
16124,5927522,5927568,46
16125,5927568,5927573,5
16126,5927573,5928661,1088
16127,5928661,5929398,737
16128,5929398,5929420,22
16129,5929420,5930338,918
16130,5930338,5930348,10
16131,5930348,5930539,191
16132,5930539,5930663,124
16133,5930663,5930750,87
16134,5930750,5931269,519
16135,5931269,5931328,59
16136,5931328,5931425,97
16137,5931425,5932958,1533
16138,5932958,5933107,149
16139,5933107,5933120,13
16140,5933120,5934262,1142
16141,5934262,5934313,51
16142,5934313,5935724,1411
16143,5935724,5938744,3020
16144,5938744,5938870,126
16145,5938870,5938875,5
16146,5938875,5938944,69
16147,5938944,5939079,135
16148,5939079,5939284,205
16149,5939284,5940084,800
16150,5940084,5940131,47
16151,5940131,5940262,131
16152,5940262,5940268,6
16153,5940268,5940277,9
16154,5940277,5940290,13
16155,5940290,5941187,897
16156,5941187,5941279,92
16157,5941279,5941368,89
16158,5941368,5941466,98
16159,5941466,5941518,52
16160,5941518,5941596,78
16161,5941596,5941611,15
16162,5941611,5942210,599
16163,5942210,5942308,98
16164,5942308,5942658,350
16165,5942658,5942962,304
16166,5942962,5943399,437
16167,5943399,5943832,433
16168,5943832,5944264,432
16169,5944264,5944350,86
16170,5944350,5944396,46
16171,5944396,5944966,570
16172,5944966,5945108,142
16173,5945108,5945160,52
16174,5945160,5945238,78
16175,5945238,5945253,15
16176,5945253,5945377,124
16177,5945377,5945736,359
16178,5945736,5946040,304
16179,5946040,5946481,441
16180,5946481,5946914,433
16181,5946914,5947345,431
16182,5947345,5947390,45
16183,5947390,5947424,34
16184,5947424,5947776,352
16185,5947776,5948326,550
16186,5948326,5949126,800
16187,5949126,5949212,86
16188,5949212,5949294,82
16189,5949294,5949426,132
16190,5949426,5949602,176
16191,5949602,5950053,451
16192,5950053,5950473,420
16193,5950473,5950485,12
16194,5950485,5950551,66
16195,5950551,5950689,138
16196,5950689,5950731,42
16197,5950731,5950773,42
16198,5950773,5951082,309
16199,5951082,5951109,27
16200,5951109,5951196,87
16201,5951196,5951248,52
16202,5951248,5951298,50
16203,5951298,5951372,74
16204,5951372,5951542,170
16205,5951542,5951985,443
16206,5951985,5952071,86
16207,5952071,5952225,154
16208,5952225,5952244,19
16209,5952244,5952787,543
16210,5952787,5952905,118
16211,5952905,5953278,373
16212,5953278,5953313,35
16213,5953313,5953541,228
16214,5953541,5954214,673
16215,5954214,5954528,314
16216,5954528,5954752,224
16217,5954752,5954791,39
16218,5954791,5955213,422
16219,5955213,5955426,213
16220,5955426,5955695,269
16221,5955695,5955704,9
16222,5955704,5955711,7
16223,5955711,5955727,16
16224,5955727,5955810,83
16225,5955810,5955839,29
16226,5955839,5956123,284
16227,5956123,5956361,238
16228,5956361,5956617,256
16229,5956617,5956643,26
16230,5956643,5956756,113
16231,5956756,5956785,29
16232,5956785,5956838,53
16233,5956838,5956943,105
16234,5956943,5956948,5
16235,5956948,5956953,5
16236,5956953,5956958,5
16237,5956958,5956963,5
16238,5956963,5957582,619
16239,5957582,5957645,63
16240,5957645,5957786,141
16241,5957786,5957935,149
16242,5957935,5957979,44
16243,5957979,5958060,81
16244,5958060,5958065,5
16245,5958065,5958703,638
16246,5958703,5958738,35
16247,5958738,5958798,60
16248,5958798,5959030,232
16249,5959030,5959159,129
16250,5959159,5959238,79
16251,5959238,5959290,52
16252,5959290,5959941,651
16253,5959941,5960160,219
16254,5960160,5960379,219
16255,5960379,5960451,72
16256,5960451,5960619,168
16257,5960619,5960714,95
16258,5960714,5960727,13
16259,5960727,5960803,76
16260,5960803,5961009,206
16261,5961009,5961220,211
16262,5961220,5961348,128
16263,5961348,5961499,151
16264,5961499,5961603,104
16265,5961603,5961658,55
16266,5961658,5961926,268
16267,5961926,5961958,32
16268,5961958,5962468,510
16269,5962468,5962734,266
16270,5962734,5962852,118
16271,5962852,5962857,5
16272,5962857,5962868,11
16273,5962868,5962935,67
16274,5962935,5962996,61
16275,5962996,5963427,431
16276,5963427,5963561,134
16277,5963561,5963598,37
16278,5963598,5963688,90
16279,5963688,5963907,219
16280,5963907,5964051,144
16281,5964051,5964687,636
16282,5964687,5964753,66
16283,5964753,5965136,383
16284,5965136,5965256,120
16285,5965256,5966272,1016
16286,5966272,5966514,242
16287,5966514,5967148,634
16288,5967148,5967266,118
16289,5967266,5967387,121
16290,5967387,5967403,16
16291,5967403,5967576,173
16292,5967576,5967603,27
16293,5967603,5967659,56
16294,5967659,5967677,18
16295,5967677,5968333,656
16296,5968333,5968468,135
16297,5968468,5968820,352
16298,5968820,5968868,48
16299,5968868,5969087,219
16300,5969087,5969486,399
16301,5969486,5970619,1133
16302,5970619,5971974,1355
16303,5971974,5972755,781
16304,5972755,5972897,142
16305,5972897,5973301,404
16306,5973301,5973659,358
16307,5973659,5974026,367
16308,5974026,5974121,95
16309,5974121,5974298,177
16310,5974298,5975382,1084
16311,5975382,5975564,182
16312,5975564,5975638,74
16313,5975638,5975833,195
16314,5975833,5975862,29
16315,5975862,5976188,326
16316,5976188,5976206,18
16317,5976206,5977356,1150
16318,5977356,5978433,1077
16319,5978433,5978707,274
16320,5978707,5978793,86
16321,5978793,5979022,229
16322,5979022,5979188,166
16323,5979188,5980781,1593
16324,5980781,5981922,1141
16325,5981922,5982106,184
16326,5982106,5982178,72
16327,5982178,5982192,14
16328,5982192,5982257,65
16329,5982257,5982285,28
16330,5982285,5982442,157
16331,5982442,5982508,66
16332,5982508,5982569,61
16333,5982569,5982718,149
16334,5982718,5982786,68
16335,5982786,5982894,108
16336,5982894,5982999,105
16337,5982999,5983054,55
16338,5983054,5983154,100
16339,5983154,5983183,29
16340,5983183,5983264,81
16341,5983264,5983321,57
16342,5983321,5983512,191
16343,5983512,5983811,299
16344,5983811,5983918,107
16345,5983918,5984119,201
16346,5984119,5984353,234
16347,5984353,5984488,135
16348,5984488,5984497,9
16349,5984497,5984522,25
16350,5984522,5984544,22
16351,5984544,5984571,27
16352,5984571,5984641,70
16353,5984641,5984696,55
16354,5984696,5984869,173
16355,5984869,5984950,81
16356,5984950,5984996,46
16357,5984996,5985005,9
16358,5985005,5985108,103
16359,5985108,5985114,6
16360,5985114,5985253,139
16361,5985253,5985313,60
16362,5985313,5985530,217
16363,5985530,5985579,49
16364,5985579,5985776,197
16365,5985776,5985870,94
16366,5985870,5985887,17
16367,5985887,5986215,328
16368,5986215,5986220,5
16369,5986220,5986347,127
16370,5986347,5986377,30
16371,5986377,5986412,35
16372,5986412,5986607,195
16373,5986607,5987017,410
16374,5987017,5987028,11
16375,5987028,5987413,385
16376,5987413,5987563,150
16377,5987563,5987584,21
16378,5987584,5987916,332
16379,5987916,5988033,117
16380,5988033,5988157,124
16381,5988157,5988239,82
16382,5988239,5988661,422
16383,5988661,5988681,20
16384,5988681,5988787,106
16385,5988787,5988824,37
16386,5988824,5989008,184
16387,5989008,5989012,4
16388,5989012,5989020,8
16389,5989020,5989024,4
16390,5989024,5989172,148
16391,5989172,5989181,9
16392,5989181,5989190,9
16393,5989190,5989718,528
16394,5989718,5989807,89
16395,5989807,5990166,359
16396,5990166,5990532,366
16397,5990532,5990595,63
16398,5990595,5990635,40
16399,5990635,5990653,18
16400,5990653,5990662,9
16401,5990662,5991049,387
16402,5991049,5991079,30
16403,5991079,5991580,501
16404,5991580,5992407,827
16405,5992407,5992841,434
16406,5992841,5993162,321
16407,5993162,5993361,199
16408,5993361,5993910,549
16409,5993910,5994081,171
16410,5994081,5994266,185
16411,5994266,5994685,419
16412,5994685,5995650,965
16413,5995650,5996329,679
16414,5996329,5996352,23
16415,5996352,5996780,428
16416,5996780,5997096,316
16417,5997096,5997186,90
16418,5997186,5997203,17
16419,5997203,5997215,12
16420,5997215,5997286,71
16421,5997286,5997300,14
16422,5997300,5997692,392
16423,5997692,5997771,79
16424,5997771,5997778,7
16425,5997778,5997994,216
16426,5997994,5998903,909
16427,5998903,5999057,154
16428,5999057,5999137,80
16429,5999137,5999301,164
16430,5999301,5999704,403
16431,5999704,5999724,20
16432,5999724,5999852,128
16433,5999852,6000067,215
16434,6000067,6000076,9
16435,6000076,6000245,169
16436,6000245,6001778,1533
16437,6001778,6002089,311
16438,6002089,6002209,120
16439,6002209,6002565,356
16440,6002565,6002648,83
16441,6002648,6002785,137
16442,6002785,6002926,141
16443,6002926,6002931,5
16444,6002931,6002941,10
16445,6002941,6002946,5
16446,6002946,6002951,5
16447,6002951,6003090,139
16448,6003090,6003103,13
16449,6003103,6003522,419
16450,6003522,6003551,29
16451,6003551,6003649,98
16452,6003649,6003663,14
16453,6003663,6003692,29
16454,6003692,6003699,7
16455,6003699,6003802,103
16456,6003802,6004233,431
16457,6004233,6004443,210
16458,6004443,6004631,188
16459,6004631,6004701,70
16460,6004701,6004732,31
16461,6004732,6005024,292
16462,6005024,6005173,149
16463,6005173,6005527,354
16464,6005527,6005683,156
16465,6005683,6006229,546
16466,6006229,6006311,82
16467,6006311,6006644,333
16468,6006644,6006889,245
16469,6006889,6007076,187
16470,6007076,6007123,47
16471,6007123,6007182,59
16472,6007182,6007328,146
16473,6007328,6007958,630
16474,6007958,6008428,470
16475,6008428,6008517,89
16476,6008517,6008622,105
16477,6008622,6008631,9
16478,6008631,6008734,103
16479,6008734,6008843,109
16480,6008843,6008911,68
16481,6008911,6008987,76
16482,6008987,6009109,122
16483,6009109,6009518,409
16484,6009518,6009714,196
16485,6009714,6009844,130
16486,6009844,6010282,438
16487,6010282,6010424,142
16488,6010424,6010434,10
16489,6010434,6010441,7
16490,6010441,6010907,466
16491,6010907,6011030,123
16492,6011030,6011049,19
16493,6011049,6011326,277
16494,6011326,6011414,88
16495,6011414,6011424,10
16496,6011424,6011577,153
16497,6011577,6012256,679
16498,6012256,6012348,92
16499,6012348,6012420,72
16500,6012420,6012478,58
16501,6012478,6012576,98
16502,6012576,6012711,135
16503,6012711,6012723,12
16504,6012723,6013448,725
16505,6013448,6014634,1186
16506,6014634,6015131,497
16507,6015131,6015155,24
16508,6015155,6015205,50
16509,6015205,6015244,39
16510,6015244,6015251,7
16511,6015251,6015255,4
16512,6015255,6015272,17
16513,6015272,6015398,126
16514,6015398,6015724,326
16515,6015724,6016401,677
16516,6016401,6016412,11
16517,6016412,6016906,494
16518,6016906,6017267,361
16519,6017267,6017290,23
16520,6017290,6017844,554
16521,6017844,6017856,12
16522,6017856,6017906,50
16523,6017906,6017917,11
16524,6017917,6017976,59
16525,6017976,6018019,43
16526,6018019,6018029,10
16527,6018029,6018093,64
16528,6018093,6018282,189
16529,6018282,6018349,67
16530,6018349,6018565,216
16531,6018565,6018593,28
16532,6018593,6018912,319
16533,6018912,6018926,14
16534,6018926,6019364,438
16535,6019364,6019533,169
16536,6019533,6020032,499
16537,6020032,6020393,361
16538,6020393,6020406,13
16539,6020406,6020787,381
16540,6020787,6020886,99
16541,6020886,6021026,140
16542,6021026,6021702,676
16543,6021702,6021802,100
16544,6021802,6021848,46
16545,6021848,6021854,6
16546,6021854,6022090,236
16547,6022090,6022154,64
16548,6022154,6022163,9
16549,6022163,6022256,93
16550,6022256,6022463,207
16551,6022463,6022609,146
16552,6022609,6022759,150
16553,6022759,6022767,8
16554,6022767,6022954,187
16555,6022954,6022991,37
16556,6022991,6022998,7
16557,6022998,6023005,7
16558,6023005,6023012,7
16559,6023012,6023196,184
16560,6023196,6023245,49
16561,6023245,6024834,1589
16562,6024834,6024886,52
16563,6024886,6025089,203
16564,6025089,6025209,120
16565,6025209,6025219,10
16566,6025219,6025226,7
16567,6025226,6025249,23
16568,6025249,6025257,8
16569,6025257,6025265,8
16570,6025265,6025830,565
16571,6025830,6027117,1287
16572,6027117,6027634,517
16573,6027634,6027944,310
16574,6027944,6028113,169
16575,6028113,6028352,239
16576,6028352,6028437,85
16577,6028437,6028447,10
16578,6028447,6028533,86
16579,6028533,6028540,7
16580,6028540,6028547,7
16581,6028547,6028554,7
16582,6028554,6028561,7
16583,6028561,6028568,7
16584,6028568,6028575,7
16585,6028575,6028582,7
16586,6028582,6028614,32
16587,6028614,6028791,177
16588,6028791,6028895,104
16589,6028895,6029042,147
16590,6029042,6029268,226
16591,6029268,6029275,7
16592,6029275,6029285,10
16593,6029285,6029332,47
16594,6029332,6029380,48
16595,6029380,6029747,367
16596,6029747,6029941,194
16597,6029941,6030414,473
16598,6030414,6030422,8
16599,6030422,6030428,6
16600,6030428,6030440,12
16601,6030440,6030809,369
16602,6030809,6031536,727
16603,6031536,6032117,581
16604,6032117,6032640,523
16605,6032640,6032669,29
16606,6032669,6032726,57
16607,6032726,6032838,112
16608,6032838,6033553,715
16609,6033553,6033628,75
16610,6033628,6035182,1554
16611,6035182,6035538,356
16612,6035538,6036124,586
16613,6036124,6036389,265
16614,6036389,6036414,25
16615,6036414,6036619,205
16616,6036619,6036737,118
16617,6036737,6036955,218
16618,6036955,6037021,66
16619,6037021,6037548,527
16620,6037548,6038029,481
16621,6038029,6038154,125
16622,6038154,6038242,88
16623,6038242,6039212,970
16624,6041617,6042453,836
16625,6042453,6042851,398
16626,6042851,6043076,225
16627,6043076,6043170,94
16628,6043170,6043194,24
16629,6043194,6043482,288
16630,6043482,6043494,12
16631,6043494,6043643,149
16632,6043643,6043828,185
16633,6043828,6043870,42
16634,6043870,6044013,143
16635,6044013,6044485,472
16636,6044485,6045350,865
16637,6045350,6045633,283
16638,6045633,6045789,156
16639,6045789,6045839,50
16640,6045839,6045844,5
16641,6045844,6046223,379
16642,6046223,6046345,122
16643,6046345,6046454,109
16644,6046454,6046496,42
16645,6046496,6046851,355
16646,6046851,6046945,94
16647,6046945,6046973,28
16648,6046973,6047051,78
16649,6047051,6047087,36
16650,6047087,6047129,42
16651,6047129,6047459,330
16652,6047459,6047651,192
16653,6047651,6047792,141
16654,6047792,6047859,67
16655,6047859,6048005,146
16656,6048005,6048136,131
16657,6048136,6048209,73
16658,6048209,6048394,185
16659,6048394,6048534,140
16660,6048534,6048567,33
16661,6048567,6049531,964
16662,6049531,6049779,248
16663,6049779,6049789,10
16664,6049789,6049941,152
16665,6049941,6050290,349
16666,6050290,6050432,142
16667,6050432,6050498,66
16668,6050498,6050515,17
16669,6050515,6050528,13
16670,6050528,6051172,644
16671,6051172,6051822,650
16672,6051822,6052238,416
16673,6052238,6052650,412
16674,6052650,6052666,16
16675,6052666,6052674,8
16676,6052674,6052684,10
16677,6052684,6053813,1129
16678,6056305,6056729,424
16679,6056729,6056733,4
16680,6056733,6056762,29
16681,6056762,6056932,170
16682,6056932,6057905,973
16683,6057905,6058153,248
16684,6058153,6058728,575
16685,6058728,6058835,107
16686,6058835,6058856,21
16687,6058856,6059177,321
16688,6059177,6060000,823
16689,6060000,6060311,311
16690,6060311,6060390,79
16691,6060390,6060399,9
16692,6060399,6060463,64
16693,6060463,6060525,62
16694,6060525,6060778,253
16695,6060778,6060822,44
16696,6060822,6060991,169
16697,6060991,6061235,244
16698,6061235,6061376,141
16699,6061376,6061385,9
16700,6061385,6061394,9
16701,6061394,6061403,9
16702,6061403,6061412,9
16703,6061412,6061418,6
16704,6061418,6061424,6
16705,6061424,6061764,340
16706,6061764,6061788,24
16707,6061788,6061980,192
16708,6061980,6062468,488
16709,6062468,6063105,637
16710,6063105,6063153,48
16711,6063153,6063277,124
16712,6063277,6063537,260
16713,6063537,6063572,35
16714,6063572,6064031,459
16715,6064031,6064135,104
16716,6064135,6064200,65
16717,6064200,6065248,1048
16718,6065248,6065303,55
16719,6065303,6065733,430
16720,6065733,6065827,94
16721,6065827,6065958,131
16722,6065958,6066153,195
16723,6066153,6066294,141
16724,6066294,6066442,148
16725,6066442,6066696,254
16726,6066696,6066888,192
16727,6066888,6067526,638
16728,6067526,6067884,358
16729,6067884,6067991,107
16730,6067991,6068359,368
16731,6068359,6068627,268
16732,6068627,6069091,464
16733,6069091,6069993,902
16734,6069993,6070072,79
16735,6070072,6070199,127
16736,6070199,6070325,126
16737,6070325,6070465,140
16738,6070465,6070569,104
16739,6070569,6070576,7
16740,6070576,6070601,25
16741,6070601,6070779,178
16742,6070779,6071266,487
16743,6071266,6071872,606
16744,6071872,6072656,784
16745,6072656,6072687,31
16746,6072687,6072955,268
16747,6072955,6072999,44
16748,6072999,6073035,36
16749,6073035,6073144,109
16750,6073144,6074074,930
16751,6074074,6074084,10
16752,6074084,6074178,94
16753,6074178,6074341,163
16754,6074341,6074776,435
16755,6074776,6075269,493
16756,6075269,6076002,733
16757,6076002,6076594,592
16758,6076594,6076819,225
16759,6076819,6076924,105
16760,6076924,6077256,332
16761,6077256,6077385,129
16762,6077385,6078409,1024
16763,6078409,6078439,30
16764,6078439,6078823,384
16765,6078823,6079118,295
16766,6079118,6079382,264
16767,6079382,6080306,924
16768,6080306,6081636,1330
16769,6081636,6081856,220
16770,6081856,6082283,427
16771,6082283,6082349,66
16772,6082349,6082634,285
16773,6082634,6082952,318
16774,6082952,6083436,484
16775,6083436,6083707,271
16776,6083707,6084310,603
16777,6084310,6084469,159
16778,6084469,6084884,415
16779,6084884,6084950,66
16780,6084950,6084956,6
16781,6084956,6085097,141
16782,6085097,6085190,93
16783,6085190,6085259,69
16784,6085259,6085806,547
16785,6085806,6085818,12
16786,6085818,6086020,202
16787,6086020,6086024,4
16788,6086024,6086151,127
16789,6086151,6086434,283
16790,6086434,6086740,306
16791,6086740,6086889,149
16792,6086889,6086998,109
16793,6086998,6087007,9
16794,6087007,6087190,183
16795,6087190,6087220,30
16796,6087220,6087586,366
16797,6087586,6087604,18
16798,6087604,6087617,13
16799,6087617,6087736,119
16800,6087736,6087916,180
16801,6087916,6087961,45
16802,6087961,6088090,129
16803,6088090,6088166,76
16804,6088166,6088284,118
16805,6088284,6088385,101
16806,6088385,6088626,241
16807,6088626,6088737,111
16808,6088737,6088856,119
16809,6088856,6088961,105
16810,6088961,6088995,34
16811,6088995,6089015,20
16812,6089015,6089211,196
16813,6089211,6089476,265
16814,6089476,6089525,49
16815,6089525,6089612,87
16816,6089612,6089989,377
16817,6089989,6090100,111
16818,6090100,6090326,226
16819,6090326,6090419,93
16820,6090419,6090569,150
16821,6090569,6090708,139
16822,6090708,6090725,17
16823,6090725,6090967,242
16824,6090967,6091150,183
16825,6091150,6092613,1463
16826,6092613,6092734,121
16827,6092734,6093010,276
16828,6093010,6093053,43
16829,6093053,6093282,229
16830,6093282,6094421,1139
16831,6094421,6094705,284
16832,6094705,6094787,82
16833,6094787,6094806,19
16834,6094806,6094811,5
16835,6094811,6094816,5
16836,6094816,6094821,5
16837,6094821,6095551,730
16838,6095551,6095645,94
16839,6095645,6095686,41
16840,6095686,6095748,62
16841,6095748,6095824,76
16842,6095824,6095836,12
16843,6095836,6096166,330
16844,6096166,6096756,590
16845,6096756,6097151,395
16846,6097151,6098235,1084
16847,6098235,6098685,450
16848,6098685,6098804,119
16849,6098804,6099362,558
16850,6099362,6099622,260
16851,6099622,6099688,66
16852,6099688,6101072,1384
16853,6101072,6101273,201
16854,6101273,6101447,174
16855,6101447,6101747,300
16856,6101747,6101806,59
16857,6101806,6101978,172
16858,6101978,6102059,81
16859,6102059,6102251,192
16860,6102251,6102313,62
16861,6102313,6102352,39
16862,6102352,6102493,141
16863,6102493,6103164,671
16864,6103164,6103392,228
16865,6103392,6103432,40
16866,6103432,6103463,31
16867,6103463,6103690,227
16868,6103690,6103909,219
16869,6103909,6105274,1365
16870,6105274,6105678,404
16871,6105678,6105762,84
16872,6105762,6105963,201
16873,6105963,6106115,152
16874,6106115,6106447,332
16875,6106447,6106457,10
16876,6106457,6106728,271
16877,6106728,6107016,288
16878,6107016,6107132,116
16879,6107132,6107162,30
16880,6107162,6107244,82
16881,6107244,6107267,23
16882,6107267,6107308,41
16883,6107308,6107440,132
16884,6107440,6107808,368
16885,6107808,6108213,405
16886,6108213,6109196,983
16887,6109196,6109418,222
16888,6109418,6109663,245
16889,6109663,6109826,163
16890,6109826,6109904,78
16891,6109904,6109926,22
16892,6109926,6111192,1266
16893,6111192,6111452,260
16894,6111452,6111533,81
16895,6111533,6111752,219
16896,6111752,6112328,576
16897,6112328,6112571,243
16898,6112571,6113562,991
16899,6113562,6113690,128
16900,6113690,6113836,146
16901,6113836,6113966,130
16902,6113966,6113982,16
16903,6113982,6114312,330
16904,6114312,6114375,63
16905,6114375,6114554,179
16906,6114554,6114573,19
16907,6114573,6114620,47
16908,6114620,6115020,400
16909,6115020,6115050,30
16910,6115050,6115325,275
16911,6115325,6115333,8
16912,6115333,6115655,322
16913,6115655,6116296,641
16914,6116296,6116852,556
16915,6116852,6116889,37
16916,6116889,6117164,275
16917,6117164,6117468,304
16918,6117468,6118164,696
16919,6118164,6118549,385
16920,6118549,6118694,145
16921,6118694,6119414,720
16922,6119414,6119704,290
16923,6119704,6119795,91
16924,6119795,6120281,486
16925,6120281,6120874,593
16926,6120874,6122289,1415
16927,6122289,6122451,162
16928,6122451,6122522,71
16929,6122522,6122602,80
16930,6122602,6122635,33
16931,6122635,6123585,950
16932,6123585,6123989,404
16933,6123989,6124011,22
16934,6124011,6124060,49
16935,6124060,6124420,360
16936,6124420,6124886,466
16937,6124886,6124980,94
16938,6124980,6125152,172
16939,6125152,6126175,1023
16940,6126175,6126723,548
16941,6126723,6126784,61
16942,6126784,6127290,506
16943,6127290,6127501,211
16944,6127501,6128445,944
16945,6128445,6128598,153
16946,6128598,6128925,327
16947,6128925,6128980,55
16948,6128980,6130450,1470
16949,6130450,6131747,1297
16950,6131747,6132281,534
16951,6132281,6132371,90
16952,6132371,6132458,87
16953,6132458,6132691,233
16954,6132691,6132941,250
16955,6132941,6134091,1150
16956,6134091,6134212,121
16957,6134212,6134449,237
16958,6134449,6134568,119
16959,6134568,6135387,819
16960,6138252,6138438,186
16961,6138438,6139377,939
16962,6139377,6139611,234
16963,6139611,6140202,591
16964,6140202,6140735,533
16965,6140735,6141059,324
16966,6141059,6142401,1342
16967,6142401,6142576,175
16968,6142576,6142821,245
16969,6142821,6143054,233
16970,6143054,6144387,1333
16971,6144387,6144587,200
16972,6144587,6144791,204
16973,6144791,6145329,538
16974,6145329,6145498,169
16975,6145498,6145598,100
16976,6145598,6145616,18
16977,6145616,6145634,18
16978,6145634,6145643,9
16979,6145643,6145652,9
16980,6145652,6145661,9
16981,6145661,6145670,9
16982,6145670,6145902,232
16983,6145902,6146359,457
16984,6146359,6146416,57
16985,6146416,6147021,605
16986,6147021,6147827,806
16987,6147827,6148168,341
16988,6148168,6148775,607
16989,6148775,6149028,253
16990,6149028,6150516,1488
16991,6150516,6152315,1799
16992,6152315,6152952,637
16993,6152952,6153228,276
16994,6153228,6153293,65
16995,6153293,6154064,771
16996,6154064,6154150,86
16997,6154150,6154210,60
16998,6154210,6154774,564
16999,6154774,6155911,1137
17000,6155911,6157261,1350
17001,6157261,6157541,280
17002,6157541,6158333,792
17003,6158333,6159008,675
17004,6159008,6159072,64
17005,6159072,6159847,775
17006,6159847,6159854,7
17007,6159854,6160846,992
17008,6160846,6162483,1637
17009,6162483,6162753,270
17010,6162753,6163781,1028
17011,6163781,6164263,482
17012,6164263,6164858,595
17013,6164858,6164865,7
17014,6164865,6166826,1961
17015,6166826,6167829,1003
17016,6167829,6168126,297
17017,6168126,6168134,8
17018,6168134,6169201,1067
17019,6169201,6170112,911
17020,6170112,6170333,221
17021,6170333,6170782,449
17022,6170782,6170870,88
17023,6170870,6171685,815
17024,6171685,6171888,203
17025,6171888,6172019,131
17026,6172019,6172036,17
17027,6172036,6173125,1089
17028,6173125,6173350,225
17029,6173350,6173389,39
17030,6173389,6173628,239
17031,6173628,6175247,1619
17032,6175247,6175257,10
17033,6175257,6175484,227
17034,6175484,6176489,1005
17035,6176489,6176856,367
17036,6176856,6176985,129
17037,6176985,6177681,696
17038,6177681,6178228,547
17039,6178228,6178336,108
17040,6178336,6178402,66
17041,6178402,6178605,203
17042,6178605,6178736,131
17043,6178736,6178753,17
17044,6178753,6179236,483
17045,6179236,6180446,1210
17046,6180446,6180754,308
17047,6180754,6182032,1278
17048,6182032,6183183,1151
17049,6183183,6183534,351
17050,6183534,6184758,1224
17051,6184758,6184766,8
17052,6184766,6185216,450
17053,6185216,6186073,857
17054,6186073,6187613,1540
17055,6187613,6187904,291
17056,6187904,6188308,404
17057,6188308,6188491,183
17058,6188491,6189280,789
17059,6189280,6190312,1032
17060,6190312,6191621,1309
17061,6191621,6192048,427
17062,6192048,6192184,136
17063,6192184,6192795,611
17064,6192795,6193098,303
17065,6193098,6193133,35
17066,6193133,6193206,73
17067,6193206,6194780,1574
17068,6194780,6195072,292
17069,6195072,6195101,29
17070,6195101,6195432,331
17071,6195432,6195461,29
17072,6195461,6195516,55
17073,6195516,6196085,569
17074,6196085,6196110,25
17075,6196110,6196240,130
17076,6196240,6196434,194
17077,6196434,6196941,507
17078,6196941,6197251,310
17079,6197251,6197264,13
17080,6197264,6197316,52
17081,6197316,6197414,98
17082,6197414,6197536,122
17083,6197536,6197558,22
17084,6197558,6198093,535
17085,6198093,6198193,100
17086,6198193,6198270,77
17087,6198270,6198294,24
17088,6198294,6199506,1212
17089,6199506,6199513,7
17090,6199513,6199587,74
17091,6199587,6200353,766
17092,6200353,6200436,83
17093,6200436,6200594,158
17094,6200594,6200771,177
17095,6200771,6200982,211
17096,6200982,6201146,164
17097,6201146,6201183,37
17098,6201183,6201291,108
17099,6201291,6201914,623
17100,6201914,6201997,83
17101,6201997,6202097,100
17102,6202097,6202198,101
17103,6202198,6202298,100
17104,6202298,6202346,48
17105,6202346,6203126,780
17106,6203126,6203352,226
17107,6203352,6203398,46
17108,6203398,6203899,501
17109,6203899,6204613,714
17110,6204613,6204769,156
17111,6204769,6205382,613
17112,6208450,6208750,300
17113,6208750,6211117,2367
17114,6211117,6211431,314
17115,6211431,6211605,174
17116,6211605,6212334,729
17117,6212334,6212539,205
17118,6212539,6212869,330
17119,6212869,6213323,454
17120,6213323,6214609,1286
17121,6214609,6214786,177
17122,6214786,6217586,2800
17123,6217586,6217649,63
17124,6217649,6217785,136
17125,6217785,6217949,164
17126,6217949,6217992,43
17127,6217992,6218217,225
17128,6218217,6218344,127
17129,6218344,6218487,143
17130,6218487,6218519,32
17131,6218519,6218599,80
17132,6218599,6218678,79
17133,6218678,6218967,289
17134,6218967,6219062,95
17135,6219062,6219333,271
17136,6219333,6220288,955
17137,6220288,6220331,43
17138,6220331,6220338,7
17139,6220338,6220533,195
17140,6220533,6220610,77
17141,6220610,6220743,133
17142,6220743,6221461,718
17143,6221461,6221474,13
17144,6221474,6221494,20
17145,6221494,6221674,180
17146,6221674,6221688,14
17147,6221688,6221707,19
17148,6221707,6221770,63
17149,6221770,6222022,252
17150,6222022,6222265,243
17151,6222265,6222352,87
17152,6222352,6222917,565
17153,6222917,6222969,52
17154,6222969,6223402,433
17155,6223402,6223601,199
17156,6223601,6223634,33
17157,6223634,6223689,55
17158,6223689,6223703,14
17159,6223703,6223838,135
17160,6223838,6223875,37
17161,6223875,6223916,41
17162,6223916,6224113,197
17163,6224113,6225332,1219
17164,6225332,6225716,384
17165,6225716,6226518,802
17166,6226518,6226565,47
17167,6226565,6226919,354
17168,6226919,6227200,281
17169,6227200,6227360,160
17170,6227360,6227728,368
17171,6227728,6228275,547
17172,6228275,6228532,257
17173,6228532,6228562,30
17174,6228562,6228570,8
17175,6228570,6228841,271
17176,6228841,6229287,446
17177,6229287,6229563,276
17178,6229563,6229621,58
17179,6229621,6229658,37
17180,6229658,6230161,503
17181,6230161,6230196,35
17182,6230196,6230935,739
17183,6230935,6230958,23
17184,6230958,6231065,107
17185,6231065,6231725,660
17186,6231725,6231870,145
17187,6231870,6231881,11
17188,6231881,6232352,471
17189,6232352,6232366,14
17190,6232366,6232404,38
17191,6232404,6232516,112
17192,6232516,6233049,533
17193,6233049,6233534,485
17194,6233534,6233609,75
17195,6233609,6233739,130
17196,6233739,6233927,188
17197,6233927,6233936,9
17198,6233936,6233944,8
17199,6233944,6234061,117
17200,6234061,6234101,40
17201,6234101,6234194,93
17202,6234194,6234373,179
17203,6234373,6235316,943
17204,6235316,6235662,346
17205,6235662,6235823,161
17206,6235823,6235887,64
17207,6235887,6235896,9
17208,6235896,6236450,554
17209,6236450,6236502,52
17210,6236502,6236619,117
17211,6236619,6236711,92
17212,6236711,6236789,78
17213,6236789,6237226,437
17214,6237226,6237365,139
17215,6237365,6237503,138
17216,6237503,6237738,235
17217,6237738,6238378,640
17218,6238378,6238629,251
17219,6238629,6238634,5
17220,6238634,6238858,224
17221,6238858,6239005,147
17222,6239005,6239589,584
17223,6239589,6240296,707
17224,6240296,6240309,13
17225,6240309,6240319,10
17226,6240319,6240887,568
17227,6240887,6241426,539
17228,6241426,6241634,208
17229,6241634,6241661,27
17230,6241661,6241774,113
17231,6241774,6242048,274
17232,6242048,6242335,287
17233,6242335,6242527,192
17234,6242527,6242537,10
17235,6242537,6242847,310
17236,6242847,6242964,117
17237,6242964,6243188,224
17238,6243188,6243496,308
17239,6243496,6243626,130
17240,6243626,6243641,15
17241,6243641,6243726,85
17242,6243726,6244622,896
17243,6244622,6244638,16
17244,6244638,6244736,98
17245,6244736,6244743,7
17246,6244743,6245005,262
17247,6245005,6245083,78
17248,6245083,6245605,522
17249,6245605,6245680,75
17250,6245680,6245997,317
17251,6245997,6246076,79
17252,6246076,6246108,32
17253,6246108,6246129,21
17254,6246129,6246229,100
17255,6246229,6246381,152
17256,6246381,6246591,210
17257,6246591,6246615,24
17258,6246615,6246842,227
17259,6246842,6246879,37
17260,6246879,6247200,321
17261,6247200,6247246,46
17262,6247246,6247320,74
17263,6247320,6247352,32
17264,6247352,6247465,113
17265,6247465,6247785,320
17266,6247785,6247939,154
17267,6247939,6248008,69
17268,6248008,6248369,361
17269,6248369,6248382,13
17270,6248382,6248460,78
17271,6248460,6248598,138
17272,6248598,6248775,177
17273,6248775,6249321,546
17274,6249321,6249494,173
17275,6249494,6249529,35
17276,6249529,6249586,57
17277,6249586,6249613,27
17278,6249613,6249745,132
17279,6249745,6250275,530
17280,6250275,6250296,21
17281,6250296,6250314,18
17282,6250314,6250618,304
17283,6250618,6250627,9
17284,6250627,6250668,41
17285,6250668,6250705,37
17286,6250705,6250968,263
17287,6250968,6251014,46
17288,6251014,6251118,104
17289,6251118,6251210,92
17290,6251210,6251499,289
17291,6251499,6251548,49
17292,6251548,6251806,258
17293,6251806,6251820,14
17294,6251820,6252785,965
17295,6252785,6252907,122
17296,6252907,6253234,327
17297,6253234,6253248,14
17298,6253248,6253897,649
17299,6253897,6254405,508
17300,6254405,6255062,657
17301,6255062,6255226,164
17302,6255226,6256180,954
17303,6256180,6256257,77
17304,6256257,6256269,12
17305,6256269,6256434,165
17306,6256434,6256582,148
17307,6256582,6256719,137
17308,6256719,6257235,516
17309,6257235,6258360,1125
17310,6258360,6258378,18
17311,6258378,6258404,26
17312,6258404,6258469,65
17313,6258469,6258685,216
17314,6258685,6258848,163
17315,6258848,6258855,7
17316,6258855,6259228,373
17317,6259228,6259374,146
17318,6259374,6259557,183
17319,6259557,6260235,678
17320,6260235,6260401,166
17321,6260401,6260638,237
17322,6260638,6261524,886
17323,6261524,6261531,7
17324,6261531,6261561,30
17325,6261561,6261607,46
17326,6261607,6261619,12
17327,6261619,6261844,225
17328,6261844,6262451,607
17329,6262451,6263340,889
17330,6263340,6263345,5
17331,6265772,6267654,1882
17332,6267654,6268258,604
17333,6268258,6268296,38
17334,6268296,6268798,502
17335,6268798,6268803,5
17336,6268803,6268897,94
17337,6268897,6268906,9
17338,6268906,6268930,24
17339,6268930,6269303,373
17340,6269303,6269529,226
17341,6269529,6269642,113
17342,6269642,6269844,202
17343,6269844,6269875,31
17344,6269875,6270071,196
17345,6270071,6270100,29
17346,6270100,6270194,94
17347,6270194,6270461,267
17348,6270461,6270472,11
17349,6270472,6270616,144
17350,6270616,6270823,207
17351,6270823,6270881,58
17352,6270881,6270893,12
17353,6270893,6271031,138
17354,6271031,6271115,84
17355,6271115,6271120,5
17356,6271120,6271298,178
17357,6271298,6271304,6
17358,6271304,6271612,308
17359,6271612,6271703,91
17360,6271703,6272047,344
17361,6272047,6272234,187
17362,6272234,6272240,6
17363,6272240,6272477,237
17364,6272477,6272792,315
17365,6272792,6272993,201
17366,6272993,6273139,146
17367,6273139,6273161,22
17368,6273161,6273172,11
17369,6273172,6273314,142
17370,6273314,6273503,189
17371,6273503,6273577,74
17372,6273577,6274275,698
17373,6274275,6274593,318
17374,6274593,6274639,46
17375,6274639,6274679,40
17376,6274679,6275106,427
17377,6275106,6276110,1004
17378,6276110,6276332,222
17379,6276332,6276584,252
17380,6276584,6277262,678
17381,6277262,6277290,28
17382,6277290,6277371,81
17383,6277371,6277490,119
17384,6277490,6277518,28
17385,6277518,6277599,81
17386,6277599,6277718,119
17387,6277718,6277746,28
17388,6277746,6277827,81
17389,6277827,6277946,119
17390,6277946,6277974,28
17391,6277974,6278055,81
17392,6278055,6278174,119
17393,6278174,6278202,28
17394,6278202,6278283,81
17395,6278283,6278388,105
17396,6278388,6278402,14
17397,6278402,6278430,28
17398,6278430,6278511,81
17399,6278511,6278616,105
17400,6278616,6278630,14
17401,6278630,6278658,28
17402,6278658,6280263,1605
17403,6280263,6280465,202
17404,6280465,6280665,200
17405,6280665,6280705,40
17406,6280705,6280764,59
17407,6280764,6280792,28
17408,6280792,6281404,612
17409,6281404,6281451,47
17410,6281451,6281484,33
17411,6281484,6281524,40
17412,6281524,6281716,192
17413,6281716,6281736,20
17414,6281736,6281811,75
17415,6281811,6282381,570
17416,6282381,6282409,28
17417,6282409,6282490,81
17418,6282490,6282595,105
17419,6282595,6282609,14
17420,6282609,6282637,28
17421,6282637,6282718,81
17422,6282718,6282823,105
17423,6282823,6283051,228
17424,6283051,6283174,123
17425,6283174,6283299,125
17426,6283299,6283656,357
17427,6283656,6284983,1327
17428,6284983,6285013,30
17429,6285013,6285258,245
17430,6285258,6285612,354
17431,6285612,6285679,67
17432,6285679,6285683,4
17433,6285683,6285992,309
17434,6285992,6286066,74
17435,6286066,6286129,63
17436,6286129,6286285,156
17437,6286285,6286566,281
17438,6286566,6287027,461
17439,6287027,6287056,29
17440,6287056,6287230,174
17441,6287230,6287425,195
17442,6287425,6287623,198
17443,6287623,6288078,455
17444,6288078,6288251,173
17445,6288251,6288765,514
17446,6288765,6289166,401
17447,6289166,6289824,658
17448,6289824,6289891,67
17449,6289891,6290083,192
17450,6290083,6290121,38
17451,6290121,6290152,31
17452,6290152,6290221,69
17453,6290221,6290229,8
17454,6290229,6290533,304
17455,6290533,6290601,68
17456,6290601,6290875,274
17457,6290875,6290904,29
17458,6290904,6290937,33
17459,6290937,6290944,7
17460,6290944,6290995,51
17461,6290995,6291441,446
17462,6291441,6291517,76
17463,6291517,6291541,24
17464,6291541,6291825,284
17465,6291825,6291833,8
17466,6291833,6292464,631
17467,6292464,6292744,280
17468,6292744,6293349,605
17469,6293349,6293383,34
17470,6293383,6293535,152
17471,6293535,6293728,193
17472,6293728,6293773,45
17473,6293773,6293847,74
17474,6293847,6293870,23
17475,6293870,6294062,192
17476,6294062,6294343,281
17477,6294343,6294586,243
17478,6294586,6294594,8
17479,6294594,6294625,31
17480,6294625,6294731,106
17481,6294731,6294818,87
17482,6294818,6295865,1047
17483,6295865,6295964,99
17484,6295964,6296129,165
17485,6296129,6296152,23
17486,6296152,6296243,91
17487,6296243,6296582,339
17488,6296582,6296906,324
17489,6296906,6296954,48
17490,6296954,6297035,81
17491,6297035,6297131,96
17492,6297131,6297626,495
17493,6297626,6298036,410
17494,6298036,6298379,343
17495,6298379,6298453,74
17496,6298453,6298812,359
17497,6298812,6298833,21
17498,6298833,6298964,131
17499,6298964,6298991,27
17500,6298991,6299085,94
17501,6299085,6299251,166
17502,6299251,6299399,148
17503,6299399,6299718,319
17504,6299718,6300210,492
17505,6300210,6301055,845
17506,6301055,6301193,138
17507,6301193,6301670,477
17508,6301670,6303588,1918
17509,6303588,6303782,194
17510,6303782,6304147,365
17511,6304147,6304245,98
17512,6304245,6304285,40
17513,6304285,6304494,209
17514,6304494,6304757,263
17515,6304757,6304829,72
17516,6304829,6304835,6
17517,6304835,6304901,66
17518,6304901,6304911,10
17519,6304911,6305488,577
17520,6305488,6305684,196
17521,6305684,6306071,387
17522,6306071,6306205,134
17523,6306205,6307681,1476
17524,6307681,6308518,837
17525,6308518,6310556,2038
17526,6310556,6310671,115
17527,6310671,6311019,348
17528,6311019,6312986,1967
17529,6312986,6313959,973
17530,6313959,6314007,48
17531,6318471,6318780,309
17532,6318780,6320375,1595
17533,6320375,6321109,734
17534,6321109,6321677,568
17535,6321677,6321947,270
17536,6321947,6321994,47
17537,6321994,6322064,70
17538,6322064,6323358,1294
17539,6323358,6323486,128
17540,6323486,6324081,595
17541,6324081,6324317,236
17542,6324317,6324333,16
17543,6324333,6325023,690
17544,6325023,6325091,68
17545,6325091,6325167,76
17546,6325167,6325203,36
17547,6325203,6325232,29
17548,6325232,6325915,683
17549,6325915,6326006,91
17550,6326006,6326276,270
17551,6326276,6326733,457
17552,6326733,6327160,427
17553,6327160,6327205,45
17554,6327205,6327294,89
17555,6327294,6327604,310
17556,6327604,6327778,174
17557,6327778,6327880,102
17558,6327880,6328018,138
17559,6328018,6328266,248
17560,6328266,6328311,45
17561,6328311,6328437,126
17562,6328437,6328551,114
17563,6328551,6328620,69
17564,6328620,6329056,436
17565,6329056,6329502,446
17566,6329502,6329573,71
17567,6329573,6330110,537
17568,6330110,6330479,369
17569,6330479,6330516,37
17570,6330516,6331049,533
17571,6331049,6331756,707
17572,6331756,6333341,1585
17573,6333341,6333451,110
17574,6333451,6333876,425
17575,6333876,6334212,336
17576,6334212,6334712,500
17577,6334712,6335032,320
17578,6335032,6335666,634
17579,6335666,6337005,1339
17580,6337005,6337230,225
17581,6337230,6337702,472
17582,6337702,6338057,355
17583,6338057,6338173,116
17584,6338173,6338192,19
17585,6338192,6339359,1167
17586,6339359,6339458,99
17587,6339458,6340067,609
17588,6340067,6341149,1082
17589,6341149,6341648,499
17590,6341648,6342162,514
17591,6342162,6342197,35
17592,6342197,6342455,258
17593,6342455,6342494,39
17594,6342494,6342533,39
17595,6342533,6342607,74
17596,6342607,6342719,112
17597,6342719,6342800,81
17598,6342800,6342952,152
17599,6342952,6343067,115
17600,6343067,6344257,1190
17601,6344257,6344449,192
17602,6344449,6344563,114
17603,6344563,6344957,394
17604,6344957,6345116,159
17605,6345116,6345936,820
17606,6345936,6346346,410
17607,6346346,6346398,52
17608,6346398,6346786,388
17609,6346786,6346919,133
17610,6346919,6347442,523
17611,6347442,6347475,33
17612,6347475,6347545,70
17613,6347545,6347582,37
17614,6347582,6347711,129
17615,6347711,6348035,324
17616,6348035,6348145,110
17617,6348145,6349076,931
17618,6349076,6349143,67
17619,6349143,6349585,442
17620,6349585,6349637,52
17621,6349637,6349907,270
17622,6349907,6349962,55
17623,6349962,6350095,133
17624,6350095,6351062,967
17625,6351062,6351362,300
17626,6351362,6351808,446
17627,6351808,6352072,264
17628,6352072,6352557,485
17629,6352557,6352668,111
17630,6352668,6354397,1729
17631,6354397,6354842,445
17632,6354842,6355309,467
17633,6355309,6355667,358
17634,6355667,6355753,86
17635,6355753,6355856,103
17636,6355856,6355861,5
17637,6355861,6355866,5
17638,6355866,6356274,408
17639,6356274,6356601,327
17640,6356601,6356606,5
17641,6356606,6356614,8
17642,6356614,6357860,1246
17643,6357860,6358025,165
17644,6358025,6358082,57
17645,6358082,6358117,35
17646,6358117,6358526,409
17647,6358526,6358933,407
17648,6358933,6359473,540
17649,6359473,6359708,235
17650,6359708,6360030,322
17651,6360030,6360107,77
17652,6360107,6360285,178
17653,6360285,6360333,48
17654,6360333,6360504,171
17655,6360504,6360958,454
17656,6360958,6361316,358
17657,6361316,6361684,368
17658,6361684,6362056,372
17659,6362056,6362285,229
17660,6362285,6362482,197
17661,6362482,6362520,38
17662,6362520,6362686,166
17663,6362686,6362826,140
17664,6362826,6363146,320
17665,6363146,6363161,15
17666,6363161,6363215,54
17667,6363215,6363228,13
17668,6363228,6363766,538
17669,6363766,6364273,507
17670,6364273,6364438,165
17671,6364438,6364558,120
17672,6364558,6364755,197
17673,6364755,6364793,38
17674,6364793,6364995,202
17675,6364995,6365135,140
17676,6365135,6365361,226
17677,6365361,6365376,15
17678,6365376,6365436,60
17679,6365436,6365449,13
17680,6365449,6366847,1398
17681,6366847,6367077,230
17682,6367077,6367101,24
17683,6367101,6367122,21
17684,6367122,6367377,255
17685,6367377,6367456,79
17686,6367456,6367533,77
17687,6367533,6367876,343
17688,6367876,6368061,185
17689,6368061,6368483,422
17690,6368483,6368854,371
17691,6368854,6368962,108
17692,6368962,6369019,57
17693,6369019,6369203,184
17694,6369203,6369332,129
17695,6369332,6369370,38
17696,6369370,6369622,252
17697,6369622,6369651,29
17698,6369651,6369998,347
17699,6369998,6370021,23
17700,6370021,6370315,294
17701,6370315,6371098,783
17702,6371098,6371104,6
17703,6371104,6371564,460
17704,6371564,6371646,82
17705,6371646,6371656,10
17706,6371656,6371794,138
17707,6371794,6371965,171
17708,6371965,6372051,86
17709,6372051,6372066,15
17710,6372066,6372105,39
17711,6372105,6372109,4
17712,6372109,6372118,9
17713,6372118,6372136,18
17714,6372136,6372184,48
17715,6372184,6372377,193
17716,6372377,6372413,36
17717,6372413,6372979,566
17718,6372979,6373646,667
17719,6373646,6375546,1900
17720,6375546,6376428,882
17721,6376428,6378875,2447
17722,6378875,6379274,399
17723,6379274,6379927,653
17724,6379927,6381000,1073
17725,6381000,6381630,630
17726,6381630,6381861,231
17727,6381861,6382477,616
17728,6382477,6383002,525
17729,6383002,6384230,1228
17730,6384230,6385452,1222
17731,6385452,6385809,357
17732,6385809,6387423,1614
17733,6387423,6388501,1078
17734,6388501,6388802,301
17735,6388802,6389380,578
17736,6389380,6389546,166
17737,6389546,6389560,14
17738,6389560,6389564,4
17739,6389564,6389984,420
17740,6389984,6391407,1423
17741,6391407,6391497,90
17742,6391497,6391657,160
17743,6391657,6392187,530
17744,6392187,6393243,1056
17745,6393243,6393606,363
17746,6393606,6393926,320
17747,6393926,6394241,315
17748,6394241,6395157,916
17749,6395157,6395239,82
17750,6395239,6395369,130
17751,6395369,6395442,73
17752,6395442,6395758,316
17753,6395758,6396075,317
17754,6398797,6399240,443
17755,6399240,6400085,845
17756,6400085,6400903,818
17757,6400903,6402406,1503
17758,6402406,6402944,538
17759,6402944,6402954,10
17760,6402954,6402959,5
17761,6402959,6403622,663
17762,6403622,6404332,710
17763,6406052,6406840,788
17764,6406840,6408774,1934
17765,6408774,6409259,485
17766,6409259,6409637,378
17767,6409637,6409731,94
17768,6409731,6411779,2048
17769,6411779,6411956,177
17770,6411956,6412795,839
17771,6412795,6413510,715
17772,6413510,6413991,481
17773,6413991,6414251,260
17774,6414251,6416058,1807
17775,6416058,6416087,29
17776,6416087,6416467,380
17777,6416467,6417468,1001
17778,6417468,6419419,1951
17779,6419419,6420045,626
17780,6420045,6420424,379
17781,6420424,6420717,293
17782,6420717,6422595,1878
17783,6422595,6423522,927
17784,6423522,6425471,1949
17785,6425471,6426439,968
17786,6426439,6426743,304
17787,6426743,6427086,343
17788,6427086,6427162,76
17789,6427162,6427683,521
17790,6427683,6429146,1463
17791,6429146,6429152,6
17792,6429152,6430418,1266
17793,6430418,6430867,449
17794,6430867,6430875,8
17795,6430875,6431181,306
17796,6431181,6431350,169
17797,6431350,6431464,114
17798,6431464,6431507,43
17799,6431507,6431620,113
17800,6431620,6432637,1017
17801,6432637,6432664,27
17802,6432664,6432745,81
17803,6432745,6433050,305
17804,6433050,6433201,151
17805,6433201,6433442,241
17806,6433442,6433542,100
17807,6433542,6433995,453
17808,6433995,6434447,452
17809,6434447,6434757,310
17810,6434757,6434797,40
17811,6434797,6435149,352
17812,6435149,6435161,12
17813,6435161,6435185,24
17814,6435185,6435427,242
17815,6435427,6436618,1191
17816,6436618,6437024,406
17817,6437024,6438901,1877
17818,6438901,6439246,345
17819,6439246,6440360,1114
17820,6440360,6440513,153
17821,6440513,6442209,1696
17822,6445473,6445975,502
17823,6445975,6446963,988
17824,6446963,6447443,480
17825,6447443,6448157,714
17826,6448157,6448161,4
17827,6448161,6448577,416
17828,6448577,6448622,45
17829,6448622,6448709,87
17830,6448709,6448947,238
17831,6448947,6448963,16
17832,6448963,6449724,761
17833,6449724,6450039,315
17834,6450039,6450169,130
17835,6450169,6450760,591
17836,6450760,6451168,408
17837,6452970,6454353,1383
17838,6454353,6454426,73
17839,6454426,6455092,666
17840,6455092,6455189,97
17841,6455189,6455652,463
17842,6455652,6456646,994
17843,6456646,6456651,5
17844,6456651,6456810,159
17845,6456810,6458167,1357
17846,6458167,6459115,948
17847,6459115,6459943,828
17848,6459943,6460956,1013
17849,6460956,6461250,294
17850,6461250,6462137,887
17851,6462137,6462520,383
17852,6462520,6462794,274
17853,6462794,6462824,30
17854,6462824,6464138,1314
17855,6464138,6464285,147
17856,6464285,6465747,1462
17857,6465747,6466490,743
17858,6466490,6467434,944
17859,6467434,6467514,80
17860,6467514,6467547,33
17861,6467547,6467722,175
17862,6467722,6467806,84
17863,6467806,6467840,34
17864,6467840,6468731,891
17865,6468731,6469663,932
17866,6469663,6469673,10
17867,6469673,6470457,784
17868,6470457,6471330,873
17869,6471330,6471512,182
17870,6471512,6472358,846
17871,6472358,6473347,989
17872,6473347,6473989,642
17873,6473989,6475418,1429
17874,6475418,6476082,664
17875,6476082,6476928,846
17876,6476928,6477149,221
17877,6477149,6478703,1554
17878,6478703,6478829,126
17879,6478829,6479468,639
17880,6479468,6480950,1482
17881,6480950,6481371,421
17882,6481371,6482050,679
17883,6482050,6482801,751
17884,6482801,6483405,604
17885,6483405,6484086,681
17886,6484086,6484165,79
17887,6484165,6484872,707
17888,6484872,6485350,478
17889,6485350,6485784,434
17890,6485784,6485867,83
17891,6485867,6486595,728
17892,6486595,6488287,1692
17893,6488287,6488380,93
17894,6488380,6488859,479
17895,6488859,6489826,967
17896,6489826,6490081,255
17897,6490081,6490309,228
17898,6490309,6491915,1606
17899,6491915,6492966,1051
17900,6492966,6493142,176
17901,6493142,6494368,1226
17902,6497831,6498300,469
17903,6498300,6499462,1162
17904,6502851,6503339,488
17905,6503339,6504324,985
17906,6504324,6504446,122
17907,6504446,6506324,1878
17908,6506324,6508248,1924
17909,6508248,6508854,606
17910,6508854,6508864,10
17911,6508864,6510208,1344
17912,6510208,6511825,1617
17913,6511825,6513904,2079
17914,6513904,6515393,1489
17915,6515393,6516528,1135
17916,6516528,6517009,481
17917,6517009,6517737,728
17918,6517737,6518324,587
17919,6518324,6519416,1092
17920,6519416,6520020,604
17921,6520020,6520247,227
17922,6520247,6520427,180
17923,6520427,6521821,1394
17924,6521821,6521836,15
17925,6521836,6522202,366
17926,6522202,6522270,68
17927,6522270,6523792,1522
17928,6523792,6523867,75
17929,6523867,6524288,421
17930,6524288,6524882,594
17931,6524882,6525364,482
17932,6525364,6525661,297
17933,6525661,6525756,95
17934,6525756,6525780,24
17935,6525780,6525792,12
17936,6525792,6525798,6
17937,6525798,6526624,826
17938,6526624,6526747,123
17939,6526747,6527135,388
17940,6527135,6527183,48
17941,6527183,6527629,446
17942,6527629,6527645,16
17943,6527645,6527784,139
17944,6527784,6528447,663
17945,6528447,6528460,13
17946,6528460,6528466,6
17947,6528466,6528710,244
17948,6528710,6528819,109
17949,6528819,6528906,87
17950,6528906,6528955,49
17951,6528955,6529084,129
17952,6529084,6529424,340
17953,6529424,6529492,68
17954,6529492,6529565,73
17955,6529565,6529679,114
17956,6529679,6529814,135
17957,6529814,6530466,652
17958,6530466,6530641,175
17959,6530641,6530651,10
17960,6530651,6531227,576
17961,6531227,6531562,335
17962,6531562,6531842,280
17963,6531842,6531888,46
17964,6531888,6531978,90
17965,6531978,6532178,200
17966,6532178,6533291,1113
17967,6533291,6533565,274
17968,6533565,6533902,337
17969,6533902,6534397,495
17970,6534397,6534443,46
17971,6534443,6534512,69
17972,6534512,6534664,152
17973,6534664,6535023,359
17974,6535023,6535134,111
17975,6535134,6535394,260
17976,6535394,6535975,581
17977,6535975,6536193,218
17978,6536193,6536241,48
17979,6536241,6536384,143
17980,6536384,6537149,765
17981,6537149,6537213,64
17982,6537213,6537233,20
17983,6537233,6537241,8
17984,6537241,6537272,31
17985,6537272,6537288,16
17986,6537288,6537318,30
17987,6537318,6537452,134
17988,6537452,6537937,485
17989,6537937,6538361,424
17990,6538361,6539319,958
17991,6539319,6539379,60
17992,6539379,6539390,11
17993,6539390,6539575,185
17994,6539575,6539582,7
17995,6539582,6539694,112
17996,6539694,6540322,628
17997,6540322,6540504,182
17998,6540504,6540512,8
17999,6540512,6540633,121
18000,6540633,6541170,537
18001,6541170,6541809,639
18002,6541809,6542198,389
18003,6542198,6542755,557
18004,6542755,6542857,102
18005,6542857,6542863,6
18006,6542863,6542929,66
18007,6542929,6543118,189
18008,6543118,6543170,52
18009,6543170,6543352,182
18010,6543352,6543618,266
18011,6543618,6543843,225
18012,6543843,6544265,422
18013,6544265,6544724,459
18014,6544724,6545330,606
18015,6545330,6545352,22
18016,6545352,6545937,585
18017,6545937,6546137,200
18018,6546137,6546203,66
18019,6546203,6547127,924
18020,6547127,6547181,54
18021,6547181,6547188,7
18022,6547188,6547456,268
18023,6547456,6547733,277
18024,6547733,6547764,31
18025,6547764,6548078,314
18026,6548078,6548181,103
18027,6548181,6548237,56
18028,6548237,6548729,492
18029,6548729,6548926,197
18030,6548926,6550357,1431
18031,6550357,6550470,113
18032,6550470,6550831,361
18033,6550831,6550963,132
18034,6550963,6551057,94
18035,6551057,6551078,21
18036,6551078,6551110,32
18037,6551110,6551627,517
18038,6551627,6551940,313
18039,6551940,6551945,5
18040,6551945,6552073,128
18041,6552073,6552478,405
18042,6552478,6552958,480
18043,6552958,6553077,119
18044,6553077,6553308,231
18045,6553308,6553621,313
18046,6553621,6554038,417
18047,6554038,6554121,83
18048,6554121,6554174,53
18049,6554174,6554192,18
18050,6554192,6554441,249
18051,6554441,6554526,85
18052,6554526,6555128,602
18053,6555128,6555554,426
18054,6555554,6555853,299
18055,6555853,6556002,149
18056,6556002,6556010,8
18057,6556010,6556416,406
18058,6556416,6556515,99
18059,6556515,6556664,149
18060,6556664,6556824,160
18061,6556824,6556952,128
18062,6556952,6557178,226
18063,6557178,6557386,208
18064,6557386,6557540,154
18065,6557540,6557955,415
18066,6557955,6558109,154
18067,6558109,6558137,28
18068,6558137,6558147,10
18069,6558147,6558184,37
18070,6558184,6558419,235
18071,6558419,6559004,585
18072,6559004,6559224,220
18073,6559224,6559251,27
18074,6559251,6559283,32
18075,6559283,6559942,659
18076,6559942,6560188,246
18077,6560188,6560200,12
18078,6560200,6560212,12
18079,6560212,6560505,293
18080,6560505,6560552,47
18081,6560552,6560732,180
18082,6560732,6560843,111
18083,6560843,6560921,78
18084,6560921,6560931,10
18085,6560931,6561243,312
18086,6561243,6561310,67
18087,6561310,6561344,34
18088,6561344,6561431,87
18089,6561431,6561610,179
18090,6561610,6561641,31
18091,6561641,6561862,221
18092,6561862,6562007,145
18093,6562007,6562060,53
18094,6562060,6562098,38
18095,6562098,6562250,152
18096,6562250,6562884,634
18097,6562884,6563356,472
18098,6563356,6563581,225
18099,6563581,6565534,1953
18100,6565534,6565541,7
18101,6565541,6565748,207
18102,6565748,6565874,126
18103,6565874,6565922,48
18104,6565922,6565955,33
18105,6565955,6566156,201
18106,6566156,6566434,278
18107,6566434,6566744,310
18108,6566744,6566894,150
18109,6566894,6567003,109
18110,6567003,6567268,265
18111,6567268,6567688,420
18112,6567688,6567823,135
18113,6567823,6568688,865
18114,6568688,6570041,1353
18115,6570041,6570186,145
18116,6570186,6570295,109
18117,6570295,6570398,103
18118,6570398,6570500,102
18119,6570500,6570602,102
18120,6570602,6570892,290
18121,6570892,6571899,1007
18122,6571899,6571935,36
18123,6571935,6572506,571
18124,6572506,6572560,54
18125,6572560,6573148,588
18126,6573148,6573174,26
18127,6573174,6573325,151
18128,6573325,6573390,65
18129,6573390,6573508,118
18130,6573508,6573525,17
18131,6573525,6573612,87
18132,6573612,6574574,962
18133,6574574,6574680,106
18134,6574680,6574942,262
18135,6574942,6575459,517
18136,6575459,6576402,943
18137,6576402,6576490,88
18138,6576490,6576523,33
18139,6576523,6577003,480
18140,6577003,6577071,68
18141,6577071,6577212,141
18142,6577212,6577335,123
18143,6577335,6577586,251
18144,6577586,6577643,57
18145,6577643,6577795,152
18146,6577795,6578016,221
18147,6578016,6578471,455
18148,6578471,6578797,326
18149,6578797,6578967,170
18150,6578967,6579394,427
18151,6579394,6579406,12
18152,6579406,6579505,99
18153,6579505,6579859,354
18154,6579859,6580069,210
18155,6580069,6580535,466
18156,6580535,6580969,434
18157,6580969,6581173,204
18158,6581173,6581875,702
18159,6581875,6582078,203
18160,6582078,6582114,36
18161,6582114,6584003,1889
18162,6584003,6584850,847
18163,6584850,6584891,41
18164,6584891,6584899,8
18165,6584899,6586518,1619
18166,6586518,6586955,437
18167,6586955,6587023,68
18168,6587023,6587059,36
18169,6587059,6587376,317
18170,6587376,6587737,361
18171,6587737,6587823,86
18172,6587823,6588021,198
18173,6588021,6588503,482
18174,6588503,6589795,1292
18175,6589795,6589850,55
18176,6589850,6590064,214
18177,6590064,6590094,30
18178,6590094,6590148,54
18179,6590148,6590305,157
18180,6590305,6590352,47
18181,6590352,6591609,1257
18182,6591609,6591708,99
18183,6591708,6591941,233
18184,6591941,6592093,152
18185,6592093,6592467,374
18186,6592467,6592573,106
18187,6592573,6592585,12
18188,6592585,6592691,106
18189,6592691,6592985,294
18190,6592985,6593597,612
18191,6593597,6593749,152
18192,6593749,6593801,52
18193,6593801,6593820,19
18194,6593820,6593894,74
18195,6593894,6594796,902
18196,6594796,6594937,141
18197,6594937,6595101,164
18198,6595101,6595518,417
18199,6595518,6595926,408
18200,6595926,6596264,338
18201,6596264,6597128,864
18202,6597128,6597162,34
18203,6597162,6597268,106
18204,6597268,6597295,27
18205,6597295,6597402,107
18206,6597402,6597581,179
18207,6597581,6597681,100
18208,6597681,6597711,30
18209,6597711,6597827,116
18210,6597827,6597947,120
18211,6597947,6597973,26
18212,6597973,6598177,204
18213,6598177,6598492,315
18214,6598492,6598704,212
18215,6598704,6599004,300
18216,6599004,6599029,25
18217,6599029,6599280,251
18218,6599280,6600116,836
18219,6600116,6600393,277
18220,6600393,6601224,831
18221,6601224,6601294,70
18222,6601294,6601555,261
18223,6601555,6602024,469
18224,6602024,6603453,1429
18225,6603453,6603515,62
18226,6603515,6603615,100
18227,6603615,6605274,1659
18228,6605274,6605377,103
18229,6605377,6605738,361
18230,6605738,6605870,132
18231,6605870,6605968,98
18232,6605968,6606034,66
18233,6606034,6606250,216
18234,6606250,6606852,602
18235,6606852,6606889,37
18236,6606889,6607340,451
18237,6607340,6607379,39
18238,6607379,6607757,378
18239,6607757,6608152,395
18240,6608152,6608427,275
18241,6608427,6608608,181
18242,6608608,6608798,190
18243,6608798,6609180,382
18244,6609180,6609201,21
18245,6609201,6609390,189
18246,6609390,6609460,70
18247,6609460,6609533,73
18248,6609533,6609540,7
18249,6609540,6609555,15
18250,6609555,6609629,74
18251,6609629,6609728,99
18252,6609728,6609879,151
18253,6609879,6610064,185
18254,6610064,6610106,42
18255,6610106,6610130,24
18256,6610130,6610515,385
18257,6610515,6610686,171
18258,6610686,6610707,21
18259,6610707,6610810,103
18260,6610810,6610826,16
18261,6610826,6610896,70
18262,6610896,6610903,7
18263,6610903,6611023,120
18264,6611023,6611083,60
18265,6611083,6611245,162
18266,6611245,6611555,310
18267,6611555,6611636,81
18268,6611636,6611654,18
18269,6611654,6612373,719
18270,6612373,6612606,233
18271,6612606,6612614,8
18272,6612614,6612656,42
18273,6612656,6612666,10
18274,6612666,6612678,12
18275,6612678,6612818,140
18276,6612818,6612825,7
18277,6612825,6612868,43
18278,6612868,6612932,64
18279,6612932,6612984,52
18280,6612984,6613003,19
18281,6613003,6613109,106
18282,6613109,6613229,120
18283,6613229,6613238,9
18284,6613238,6613462,224
18285,6613462,6613963,501
18286,6613963,6614011,48
18287,6614011,6614086,75
18288,6614086,6614222,136
18289,6614222,6614893,671
18290,6614893,6616623,1730
18291,6619135,6619300,165
18292,6619300,6619323,23
18293,6619323,6619369,46
18294,6619369,6619413,44
18295,6619413,6619419,6
18296,6619419,6619559,140
18297,6619559,6619566,7
18298,6619566,6619653,87
18299,6619653,6619658,5
18300,6619658,6619722,64
18301,6619722,6619729,7
18302,6619729,6619736,7
18303,6619736,6619959,223
18304,6619959,6620024,65
18305,6620024,6620102,78
18306,6620102,6620118,16
18307,6620118,6620204,86
18308,6620204,6620377,173
18309,6620377,6620479,102
18310,6620479,6620532,53
18311,6620532,6620568,36
18312,6620568,6620812,244
18313,6620812,6621054,242
18314,6621054,6621173,119
18315,6621173,6621210,37
18316,6621210,6621628,418
18317,6621628,6621946,318
18318,6621946,6622092,146
18319,6622092,6622255,163
18320,6622255,6622537,282
18321,6622537,6622564,27
18322,6622564,6622684,120
18323,6622684,6622694,10
18324,6622694,6622931,237
18325,6622931,6623834,903
18326,6623834,6624025,191
18327,6624025,6624919,894
18328,6624919,6625027,108
18329,6625027,6625181,154
18330,6625181,6625785,604
18331,6625785,6626204,419
18332,6626204,6626221,17
18333,6626221,6627758,1537
18334,6627758,6628148,390
18335,6628148,6628816,668
18336,6628816,6629148,332
18337,6629148,6629152,4
18338,6629152,6629388,236
18339,6629388,6629500,112
18340,6629500,6629552,52
18341,6629552,6629678,126
18342,6629678,6629687,9
18343,6629687,6629859,172
18344,6629859,6631072,1213
18345,6631072,6631633,561
18346,6631633,6631729,96
18347,6631729,6631741,12
18348,6631741,6632148,407
18349,6632148,6632186,38
18350,6632186,6632569,383
18351,6632569,6632668,99
18352,6632668,6632754,86
18353,6632754,6632952,198
18354,6632952,6633137,185
18355,6633137,6633155,18
18356,6633155,6634103,948
18357,6634103,6634355,252
18358,6634355,6634418,63
18359,6634418,6634606,188
18360,6634606,6634996,390
18361,6634996,6635308,312
18362,6635308,6635410,102
18363,6635410,6635484,74
18364,6635484,6635706,222
18365,6635706,6635751,45
18366,6635751,6635907,156
18367,6635907,6636057,150
18368,6636057,6636609,552
18369,6636609,6636615,6
18370,6636615,6636856,241
18371,6636856,6636876,20
18372,6636876,6637398,522
18373,6637398,6637560,162
18374,6637560,6637663,103
18375,6637663,6637777,114
18376,6637777,6637914,137
18377,6637914,6638024,110
18378,6638024,6638330,306
18379,6638330,6638470,140
18380,6638470,6638486,16
18381,6638486,6638499,13
18382,6638499,6638581,82
18383,6638581,6638612,31
18384,6638612,6638626,14
18385,6638626,6638697,71
18386,6638697,6638961,264
18387,6638961,6639099,138
18388,6639099,6639306,207
18389,6639306,6639374,68
18390,6639374,6639770,396
18391,6639770,6640322,552
18392,6640322,6640511,189
18393,6640511,6640567,56
18394,6640567,6640578,11
18395,6640578,6640582,4
18396,6640582,6640650,68
18397,6640650,6640654,4
18398,6640654,6640668,14
18399,6640668,6641211,543
18400,6641211,6643085,1874
18401,6643085,6643506,421
18402,6643506,6643610,104
18403,6643610,6644279,669
18404,6644279,6644321,42
18405,6644321,6644839,518
18406,6644839,6644870,31
18407,6644870,6644875,5
18408,6644875,6644902,27
18409,6644902,6645083,181
18410,6645083,6645091,8
18411,6645091,6645218,127
18412,6645218,6645314,96
18413,6645314,6645468,154
18414,6645468,6646423,955
18415,6646423,6646575,152
18416,6646575,6646639,64
18417,6646639,6646646,7
18418,6646646,6646657,11
18419,6646657,6646668,11
18420,6646668,6647127,459
18421,6647127,6647137,10
18422,6647137,6647307,170
18423,6647307,6647390,83
18424,6647390,6647574,184
18425,6647574,6647678,104
18426,6647678,6647956,278
18427,6647956,6648022,66
18428,6648022,6648183,161
18429,6648183,6648256,73
18430,6648256,6648563,307
18431,6648563,6648728,165
18432,6648728,6648776,48
18433,6648776,6648923,147
18434,6648923,6648935,12
18435,6648935,6648962,27
18436,6648962,6648971,9
18437,6648971,6649038,67
18438,6649038,6649213,175
18439,6649213,6649294,81
18440,6649294,6649309,15
18441,6649309,6649465,156
18442,6649465,6649658,193
18443,6649658,6649715,57
18444,6649715,6649856,141
18445,6649856,6650136,280
18446,6650136,6650309,173
18447,6650309,6650327,18
18448,6650327,6650503,176
18449,6650503,6650647,144
18450,6650647,6650685,38
18451,6650685,6651312,627
18452,6651312,6651322,10
18453,6651322,6651487,165
18454,6651487,6651625,138
18455,6651625,6651633,8
18456,6651633,6651738,105
18457,6651738,6652574,836
18458,6652574,6653230,656
18459,6653230,6653309,79
18460,6653309,6653504,195
18461,6653504,6653581,77
18462,6653581,6653736,155
18463,6653736,6654476,740
18464,6654476,6654619,143
18465,6654619,6655155,536
18466,6655155,6655255,100
18467,6655255,6655495,240
18468,6655495,6655560,65
18469,6655560,6656164,604
18470,6656164,6657729,1565
18471,6657729,6657896,167
18472,6657896,6658306,410
18473,6658306,6658504,198
18474,6658504,6658554,50
18475,6658554,6658633,79
18476,6658633,6658674,41
18477,6658674,6658816,142
18478,6658816,6658915,99
18479,6658915,6659017,102
18480,6659017,6659122,105
18481,6659122,6659225,103
18482,6659225,6660064,839
18483,6660064,6660492,428
18484,6660492,6660655,163
18485,6660655,6660776,121
18486,6660776,6660896,120
18487,6660896,6661021,125
18488,6661021,6661037,16
18489,6661037,6661063,26
18490,6661063,6661073,10
18491,6661073,6661084,11
18492,6661084,6661941,857
18493,6661941,6662554,613
18494,6662554,6662765,211
18495,6662765,6662844,79
18496,6662844,6663567,723
18497,6663567,6663744,177
18498,6663744,6664090,346
18499,6664090,6664103,13
18500,6664103,6664847,744
18501,6664847,6665011,164
18502,6665011,6665160,149
18503,6665160,6665178,18
18504,6665178,6665199,21
18505,6665199,6665261,62
18506,6665261,6665461,200
18507,6665461,6665503,42
18508,6665503,6665515,12
18509,6665515,6665727,212
18510,6665727,6665737,10
18511,6665737,6665920,183
18512,6665920,6666222,302
18513,6666222,6666226,4
18514,6666226,6666930,704
18515,6666930,6667227,297
18516,6667227,6667347,120
18517,6667347,6667527,180
18518,6667527,6668097,570
18519,6668097,6668374,277
18520,6668374,6668405,31
18521,6668405,6668551,146
18522,6668551,6668651,100
18523,6668651,6668655,4
18524,6668655,6668814,159
18525,6668814,6669020,206
18526,6669020,6669225,205
18527,6669225,6669239,14
18528,6669239,6669272,33
18529,6669272,6669293,21
18530,6669293,6669300,7
18531,6669300,6669822,522
18532,6669822,6669995,173
18533,6669995,6670293,298
18534,6670293,6671290,997
18535,6671290,6671358,68
18536,6671358,6671447,89
18537,6671447,6671787,340
18538,6671787,6671826,39
18539,6671826,6672176,350
18540,6672176,6672270,94
18541,6672270,6672377,107
18542,6672377,6672564,187
18543,6672564,6672708,144
18544,6672708,6672774,66
18545,6672774,6673190,416
18546,6673190,6673254,64
18547,6673254,6673319,65
18548,6673319,6673359,40
18549,6673359,6673367,8
18550,6673367,6673499,132
18551,6673499,6673523,24
18552,6673523,6673641,118
18553,6673641,6674193,552
18554,6674193,6674615,422
18555,6674615,6674655,40
18556,6674655,6674700,45
18557,6674700,6674859,159
18558,6674859,6675204,345
18559,6675204,6675420,216
18560,6675420,6675488,68
18561,6675488,6675507,19
18562,6675507,6675551,44
18563,6675551,6675669,118
18564,6675669,6675728,59
18565,6675728,6675876,148
18566,6675876,6675885,9
18567,6675885,6676011,126
18568,6676011,6676071,60
18569,6676071,6676133,62
18570,6676133,6676140,7
18571,6676140,6676821,681
18572,6676821,6676839,18
18573,6676839,6676917,78
18574,6676917,6676957,40
18575,6676957,6676967,10
18576,6676967,6677337,370
18577,6677337,6677541,204
18578,6677541,6677556,15
18579,6677556,6677562,6
18580,6677562,6677572,10
18581,6677572,6677589,17
18582,6677589,6678006,417
18583,6678006,6678474,468
18584,6678474,6679416,942
18585,6679416,6679910,494
18586,6679910,6679917,7
18587,6679917,6680386,469
18588,6680386,6680410,24
18589,6680410,6680569,159
18590,6680569,6680636,67
18591,6680636,6680791,155
18592,6680791,6680989,198
18593,6680989,6681091,102
18594,6681091,6681294,203
18595,6681294,6681334,40
18596,6681334,6681506,172
18597,6681506,6681775,269
18598,6681775,6681780,5
18599,6681780,6682226,446
18600,6682226,6682507,281
18601,6682507,6682574,67
18602,6682574,6682729,155
18603,6682729,6682822,93
18604,6682822,6683029,207
18605,6683029,6683050,21
18606,6683050,6683076,26
18607,6683076,6683431,355
18608,6683431,6683440,9
18609,6683440,6683509,69
18610,6683509,6683981,472
18611,6683981,6684381,400
18612,6684381,6684585,204
18613,6684585,6684741,156
18614,6684741,6684852,111
18615,6684852,6684977,125
18616,6684977,6685062,85
18617,6685062,6685159,97
18618,6685159,6685997,838
18619,6685997,6686030,33
18620,6686030,6686284,254
18621,6686284,6686336,52
18622,6686336,6686711,375
18623,6686711,6686891,180
18624,6686891,6687052,161
18625,6687052,6687140,88
18626,6687140,6687253,113
18627,6687253,6687340,87
18628,6687340,6687707,367
18629,6687707,6687890,183
18630,6687890,6687955,65
18631,6687955,6687967,12
18632,6687967,6688103,136
18633,6688103,6688163,60
18634,6688163,6689019,856
18635,6689019,6689268,249
18636,6689268,6689403,135
18637,6689403,6689416,13
18638,6689416,6689552,136
18639,6689552,6689559,7
18640,6689559,6690144,585
18641,6690144,6690442,298
18642,6690442,6691270,828
18643,6691270,6691859,589
18644,6691859,6692363,504
18645,6692363,6692528,165
18646,6692528,6692800,272
18647,6692800,6693173,373
18648,6693173,6693223,50
18649,6693223,6693679,456
18650,6693679,6693910,231
18651,6693910,6693943,33
18652,6693943,6694338,395
18653,6694338,6694873,535
18654,6694873,6695228,355
18655,6695228,6695678,450
18656,6695678,6695776,98
18657,6695776,6696369,593
18658,6696369,6697220,851
18659,6697220,6697319,99
18660,6697319,6698004,685
18661,6698004,6698010,6
18662,6698010,6698185,175
18663,6698185,6698322,137
18664,6698322,6698680,358
18665,6698680,6698911,231
18666,6698911,6699981,1070
18667,6699981,6700847,866
18668,6700847,6701030,183
18669,6701030,6701149,119
18670,6701149,6701337,188
18671,6701337,6701401,64
18672,6701401,6701740,339
18673,6701740,6701761,21
18674,6701761,6702364,603
18675,6702364,6702802,438
18676,6702802,6703870,1068
18677,6703870,6704020,150
18678,6704020,6704159,139
18679,6704159,6705632,1473
18680,6705632,6705661,29
18681,6705661,6706275,614
18682,6706275,6706282,7
18683,6706282,6707950,1668
18684,6707950,6708176,226
18685,6708176,6708188,12
18686,6708188,6708575,387
18687,6708575,6709544,969
18688,6709544,6710508,964
18689,6710508,6712070,1562
18690,6712070,6712409,339
18691,6712409,6712422,13
18692,6712422,6712725,303
18693,6712725,6712790,65
18694,6712790,6712968,178
18695,6712968,6713076,108
18696,6713076,6713139,63
18697,6713139,6713171,32
18698,6713171,6713189,18
18699,6713189,6713655,466
18700,6713655,6713732,77
18701,6713732,6713847,115
18702,6713847,6713938,91
18703,6713938,6714025,87
18704,6714025,6714240,215
18705,6714240,6714313,73
18706,6714313,6714319,6
18707,6714319,6714331,12
18708,6714331,6714340,9
18709,6714340,6714346,6
18710,6714346,6714401,55
18711,6714401,6714607,206
18712,6714607,6715044,437
18713,6715044,6715078,34
18714,6715078,6716615,1537
18715,6716615,6716981,366
18716,6716981,6717115,134
18717,6717115,6717181,66
18718,6717181,6717335,154
18719,6717335,6717707,372
18720,6717707,6717846,139
18721,6717846,6718406,560
18722,6718406,6718500,94
18723,6718500,6719182,682
18724,6719182,6719613,431
18725,6719613,6719942,329
18726,6719942,6719953,11
18727,6719953,6720367,414
18728,6720367,6720911,544
18729,6720911,6721287,376
18730,6721287,6721426,139
18731,6721426,6722087,661
18732,6722087,6722181,94
18733,6722181,6722256,75
18734,6722256,6722396,140
18735,6722396,6722553,157
18736,6722553,6722667,114
18737,6722667,6722946,279
18738,6722946,6723130,184
18739,6723130,6723265,135
18740,6723265,6723273,8
18741,6723273,6723277,4
18742,6723277,6723284,7
18743,6723284,6723552,268
18744,6723552,6723963,411
18745,6723963,6724434,471
18746,6724434,6724438,4
18747,6724438,6724450,12
18748,6724450,6724528,78
18749,6724528,6725248,720
18750,6725248,6725524,276
18751,6725524,6725535,11
18752,6725535,6726650,1115
18753,6726650,6726927,277
18754,6726927,6727187,260
18755,6727187,6727410,223
18756,6727410,6727488,78
18757,6727488,6727530,42
18758,6727530,6727633,103
18759,6727633,6727785,152
18760,6727785,6727795,10
18761,6727795,6727911,116
18762,6727911,6728000,89
18763,6728000,6728147,147
18764,6728147,6728163,16
18765,6728163,6728347,184
18766,6728347,6728433,86
18767,6728433,6728814,381
18768,6728814,6729230,416
18769,6729230,6729276,46
18770,6729276,6729441,165
18771,6729441,6729446,5
18772,6729446,6729554,108
18773,6729554,6729723,169
18774,6729723,6729776,53
18775,6729776,6730422,646
18776,6730422,6730472,50
18777,6730472,6730478,6
18778,6730478,6730682,204
18779,6730682,6730875,193
18780,6730875,6731420,545
18781,6731420,6731586,166
18782,6731586,6731742,156
18783,6731742,6731781,39
18784,6731781,6733331,1550
18785,6733331,6733389,58
18786,6733389,6733772,383
18787,6733772,6733791,19
18788,6733791,6733797,6
18789,6733797,6734279,482
18790,6734279,6734408,129
18791,6734408,6734454,46
18792,6734454,6734813,359
18793,6734813,6735133,320
18794,6735133,6735712,579
18795,6735712,6736106,394
18796,6736106,6736426,320
18797,6736426,6736639,213
18798,6736639,6736827,188
18799,6736827,6737103,276
18800,6737103,6737515,412
18801,6737515,6738021,506
18802,6738021,6738071,50
18803,6738071,6738076,5
18804,6738076,6738084,8
18805,6738084,6738093,9
18806,6738093,6738161,68
18807,6738161,6738341,180
18808,6738341,6738818,477
18809,6738818,6738882,64
18810,6738882,6739018,136
18811,6739018,6739391,373
18812,6739391,6739534,143
18813,6739534,6740172,638
18814,6740172,6740224,52
18815,6740224,6740549,325
18816,6740549,6740644,95
18817,6740644,6740654,10
18818,6740654,6740664,10
18819,6740664,6740678,14
18820,6740678,6741172,494
18821,6741172,6741253,81
18822,6741253,6741384,131
18823,6741384,6742273,889
18824,6742273,6742312,39
18825,6742312,6742440,128
18826,6742440,6742447,7
18827,6742447,6742642,195
18828,6742642,6742684,42
18829,6742684,6744352,1668
18830,6744352,6744503,151
18831,6744503,6745008,505
18832,6745008,6745115,107
18833,6745115,6745134,19
18834,6745134,6745397,263
18835,6745397,6745513,116
18836,6745513,6745814,301
18837,6745814,6746055,241
18838,6746055,6746793,738
18839,6746793,6746808,15
18840,6746808,6746817,9
18841,6746817,6746823,6
18842,6746823,6746848,25
18843,6746848,6746886,38
18844,6746886,6746944,58
18845,6746944,6747025,81
18846,6747025,6747066,41
18847,6747066,6747134,68
18848,6747134,6747966,832
18849,6747966,6747970,4
18850,6747970,6747978,8
18851,6747978,6747986,8
18852,6747986,6748150,164
18853,6748150,6748210,60
18854,6748210,6748219,9
18855,6748219,6748249,30
18856,6748249,6748270,21
18857,6748270,6748280,10
18858,6748280,6748338,58
18859,6748338,6748424,86
18860,6748424,6748746,322
18861,6748746,6748750,4
18862,6748750,6749040,290
18863,6749040,6749306,266
18864,6749306,6749923,617
18865,6749923,6750025,102
18866,6750025,6750036,11
18867,6750036,6750082,46
18868,6750082,6750172,90
18869,6750172,6750344,172
18870,6750344,6750370,26
18871,6750370,6750432,62
18872,6750432,6750760,328
18873,6750760,6750779,19
18874,6750779,6750987,208
18875,6750987,6751443,456
18876,6751443,6751570,127
18877,6751570,6751577,7
18878,6751577,6752259,682
18879,6752259,6752419,160
18880,6752419,6752558,139
18881,6752558,6753167,609
18882,6753167,6753281,114
18883,6753281,6753471,190
18884,6753471,6753739,268
18885,6753739,6753873,134
18886,6753873,6753919,46
18887,6753919,6754074,155
18888,6754074,6754182,108
18889,6754182,6754251,69
18890,6754251,6754596,345
18891,6754596,6754660,64
18892,6754660,6754796,136
18893,6754796,6754853,57
18894,6754853,6754884,31
18895,6754884,6755041,157
18896,6755041,6755055,14
18897,6755055,6755076,21
18898,6755076,6755082,6
18899,6755082,6755123,41
18900,6755123,6755644,521
18901,6755644,6755985,341
18902,6755985,6756609,624
18903,6756609,6757989,1380
18904,6757989,6758139,150
18905,6758139,6758783,644
18906,6758783,6758855,72
18907,6758855,6759031,176
18908,6759031,6759096,65
18909,6759096,6759351,255
18910,6759351,6759409,58
18911,6759409,6760099,690
18912,6760099,6760202,103
18913,6760202,6760303,101
18914,6760303,6760312,9
18915,6760312,6760415,103
18916,6760415,6761026,611
18917,6761026,6761334,308
18918,6761334,6762236,902
18919,6762236,6763280,1044
18920,6763280,6763446,166
18921,6763446,6763719,273
18922,6763719,6764065,346
18923,6764065,6764206,141
18924,6764206,6764711,505
18925,6764711,6764723,12
18926,6764723,6765441,718
18927,6765441,6765729,288
18928,6765729,6765820,91
18929,6765820,6765900,80
18930,6765900,6766038,138
18931,6766038,6766359,321
18932,6766359,6766407,48
18933,6766407,6766515,108
18934,6766515,6766722,207
18935,6766722,6766943,221
18936,6766943,6767505,562
18937,6767505,6768279,774
18938,6768279,6768479,200
18939,6768479,6768707,228
18940,6768707,6768932,225
18941,6768932,6769403,471
18942,6769403,6769850,447
18943,6769850,6770092,242
18944,6770092,6770285,193
18945,6770285,6770411,126
18946,6770411,6770434,23
18947,6770434,6770943,509
18948,6770943,6771029,86
18949,6771029,6771074,45
18950,6771074,6771424,350
18951,6771424,6771595,171
18952,6771595,6771700,105
18953,6771700,6771718,18
18954,6771718,6771839,121
18955,6771839,6771850,11
18956,6771850,6771920,70
18957,6771920,6772307,387
18958,6772307,6772396,89
18959,6772396,6772420,24
18960,6772420,6772557,137
18961,6772557,6772662,105
18962,6772662,6772849,187
18963,6772849,6772938,89
18964,6772938,6773252,314
18965,6773252,6773401,149
18966,6773401,6773450,49
18967,6773450,6774038,588
18968,6774038,6774371,333
18969,6774371,6774588,217
18970,6774588,6774749,161
18971,6774749,6774897,148
18972,6774897,6775095,198
18973,6775095,6775160,65
18974,6775160,6775937,777
18975,6775937,6775941,4
18976,6775941,6775996,55
18977,6775996,6776057,61
18978,6776057,6776148,91
18979,6776148,6776440,292
18980,6776440,6776451,11
18981,6776451,6776459,8
18982,6776459,6776874,415
18983,6776874,6777342,468
18984,6777342,6777646,304
18985,6777646,6777659,13
18986,6777659,6778395,736
18987,6778395,6778696,301
18988,6778696,6778784,88
18989,6778784,6779040,256
18990,6779040,6779179,139
18991,6779179,6779187,8
18992,6779187,6779365,178
18993,6779365,6779705,340
18994,6779705,6779734,29
18995,6779734,6779739,5
18996,6779739,6780252,513
18997,6780252,6780993,741
18998,6780993,6781064,71
18999,6781064,6781515,451
19000,6781515,6781826,311
19001,6781826,6782043,217
19002,6782043,6782250,207
19003,6782250,6782386,136
19004,6782386,6782672,286
19005,6782672,6782755,83
19006,6782755,6782760,5
19007,6782760,6782856,96
19008,6782856,6783179,323
19009,6783179,6783213,34
19010,6783213,6783521,308
19011,6783521,6783613,92
19012,6783613,6783719,106
19013,6783719,6783728,9
19014,6783728,6784025,297
19015,6784025,6784695,670
19016,6784695,6784817,122
19017,6784817,6784821,4
19018,6784821,6784825,4
19019,6784825,6784867,42
19020,6784867,6785857,990
19021,6785857,6786191,334
19022,6786191,6786206,15
19023,6786206,6786258,52
19024,6786258,6786500,242
19025,6786500,6786930,430
19026,6786930,6787590,660
19027,6787590,6788023,433
19028,6788023,6788057,34
19029,6788057,6788082,25
19030,6788082,6788133,51
19031,6788133,6788222,89
19032,6788222,6788388,166
19033,6788388,6788792,404
19034,6788792,6788861,69
19035,6788861,6789175,314
19036,6789175,6789640,465
19037,6789640,6790733,1093
19038,6790733,6791574,841
19039,6791574,6792260,686
19040,6792260,6792905,645
19041,6792905,6792968,63
19042,6792968,6793359,391
19043,6793359,6793527,168
19044,6793527,6793624,97
19045,6793624,6793934,310
19046,6793934,6794569,635
19047,6794569,6794856,287
19048,6794856,6794979,123
19049,6794979,6795955,976
19050,6795955,6796568,613
19051,6796568,6797113,545
19052,6797113,6797363,250
19053,6797363,6797863,500
19054,6797863,6798973,1110
19055,6798973,6799255,282
19056,6799255,6799260,5
19057,6799260,6799307,47
19058,6799307,6799415,108
19059,6799415,6799443,28
19060,6799443,6799996,553
19061,6799996,6800076,80
19062,6800076,6800150,74
19063,6800150,6800442,292
19064,6800442,6800449,7
19065,6800449,6800527,78
19066,6800527,6800968,441
19067,6800968,6802945,1977
19068,6802945,6803414,469
19069,6803414,6803621,207
19070,6803621,6803736,115
19071,6803736,6804902,1166
19072,6804902,6805045,143
19073,6805045,6805091,46
19074,6805091,6805233,142
19075,6805233,6805857,624
19076,6805857,6805873,16
19077,6805873,6805986,113
19078,6805986,6806224,238
19079,6806224,6806622,398
19080,6806622,6806665,43
19081,6806665,6806776,111
19082,6806776,6806978,202
19083,6806978,6807115,137
19084,6807115,6807200,85
19085,6807200,6807275,75
19086,6807275,6807516,241
19087,6807516,6807609,93
19088,6807609,6807685,76
19089,6807685,6808893,1208
19090,6808893,6808967,74
19091,6808967,6809277,310
19092,6809277,6809532,255
19093,6809532,6809547,15
19094,6809547,6809792,245
19095,6809792,6810186,394
19096,6810186,6810239,53
19097,6810239,6810441,202
19098,6810441,6810587,146
19099,6810587,6810642,55
19100,6810642,6810716,74
19101,6810716,6811134,418
19102,6811134,6811302,168
19103,6811302,6811360,58
19104,6811360,6811398,38
19105,6811398,6811478,80
19106,6811478,6812392,914
19107,6812392,6812628,236
19108,6812628,6812798,170
19109,6812798,6813234,436
19110,6813234,6813286,52
19111,6813286,6813293,7
19112,6813293,6813303,10
19113,6813303,6813311,8
19114,6813311,6813660,349
19115,6813660,6813907,247
19116,6813907,6814280,373
19117,6814280,6814519,239
19118,6814519,6814569,50
19119,6814569,6814705,136
19120,6814705,6814945,240
19121,6814945,6814950,5
19122,6814950,6815135,185
19123,6815135,6815140,5
19124,6815140,6815172,32
19125,6815172,6815717,545
19126,6815717,6815853,136
19127,6815853,6815919,66
19128,6815919,6816024,105
19129,6816024,6816222,198
19130,6816222,6816234,12
19131,6816234,6816421,187
19132,6816421,6816470,49
19133,6816470,6816526,56
19134,6816526,6816592,66
19135,6816592,6816997,405
19136,6816997,6817094,97
19137,6817094,6817132,38
19138,6817132,6817149,17
19139,6817149,6817183,34
19140,6817183,6817288,105
19141,6817288,6817372,84
19142,6817372,6817441,69
19143,6817441,6817582,141
19144,6817582,6818027,445
19145,6818027,6818090,63
19146,6818090,6818137,47
19147,6818137,6818215,78
19148,6818215,6818726,511
19149,6818726,6818745,19
19150,6818745,6818835,90
19151,6818835,6819090,255
19152,6819090,6819866,776
19153,6819866,6820594,728
19154,6820594,6821017,423
19155,6821017,6821139,122
19156,6821139,6821375,236
19157,6821375,6821459,84
19158,6821459,6821569,110
19159,6821569,6822465,896
19160,6822465,6822960,495
19161,6822960,6823247,287
19162,6823247,6823293,46
19163,6823293,6823450,157
19164,6823450,6823754,304
19165,6823754,6824648,894
19166,6824648,6825062,414
19167,6825062,6825087,25
19168,6825087,6825104,17
19169,6825104,6825168,64
19170,6825168,6825392,224
19171,6825392,6825762,370
19172,6825762,6825955,193
19173,6825955,6826023,68
19174,6826023,6826060,37
19175,6826060,6826090,30
19176,6826090,6826247,157
19177,6826247,6826654,407
19178,6826654,6826822,168
19179,6826822,6826971,149
19180,6826971,6827220,249
19181,6827220,6827365,145
19182,6827365,6827844,479
19183,6827844,6827982,138
19184,6827982,6828114,132
19185,6828114,6828423,309
19186,6828423,6828438,15
19187,6828438,6828498,60
19188,6828498,6828505,7
19189,6828505,6828999,494
19190,6828999,6829089,90
19191,6829089,6829514,425
19192,6829514,6829784,270
19193,6829784,6829848,64
19194,6829848,6830093,245
19195,6830093,6830169,76
19196,6830169,6830223,54
19197,6830223,6830399,176
19198,6830399,6830511,112
19199,6830511,6830637,126
19200,6830637,6830958,321
19201,6830958,6831030,72
19202,6831030,6831153,123
19203,6831153,6831473,320
19204,6831473,6831496,23
19205,6831496,6831552,56
19206,6831552,6831685,133
19207,6831685,6831928,243
19208,6831928,6831937,9
19209,6831937,6832219,282
19210,6832219,6832235,16
19211,6832235,6832413,178
19212,6832413,6832767,354
19213,6832767,6832880,113
19214,6832880,6833066,186
19215,6833066,6833360,294
19216,6833360,6833413,53
19217,6833413,6833849,436
19218,6833849,6833954,105
19219,6833954,6834003,49
19220,6834003,6834068,65
19221,6834068,6834399,331
19222,6834399,6834562,163
19223,6834562,6835096,534
19224,6835096,6835237,141
19225,6835237,6835444,207
19226,6835444,6835495,51
19227,6835495,6835814,319
19228,6835814,6836423,609
19229,6836423,6836478,55
19230,6836478,6836863,385
19231,6836863,6836919,56
19232,6836919,6837183,264
19233,6837183,6837612,429
19234,6837612,6837641,29
19235,6837641,6837745,104
19236,6837745,6838266,521
19237,6838266,6838710,444
19238,6838710,6838722,12
19239,6838722,6839345,623
19240,6839345,6839920,575
19241,6839920,6839949,29
19242,6839949,6839961,12
19243,6839961,6840141,180
19244,6840141,6841451,1310
19245,6841451,6841523,72
19246,6841523,6841878,355
19247,6841878,6842076,198
19248,6842076,6842170,94
19249,6842170,6842573,403
19250,6842573,6842713,140
19251,6842713,6842717,4
19252,6842717,6842790,73
19253,6842790,6843721,931
19254,6843721,6844505,784
19255,6844505,6844760,255
19256,6844760,6844906,146
19257,6844906,6845426,520
19258,6845426,6845558,132
19259,6845558,6845906,348
19260,6845906,6845948,42
19261,6845948,6845966,18
19262,6845966,6846032,66
19263,6846032,6846070,38
19264,6846070,6846186,116
19265,6846186,6846240,54
19266,6846240,6846315,75
19267,6846315,6846479,164
19268,6846479,6846511,32
19269,6846511,6846714,203
19270,6846714,6846741,27
19271,6846741,6847089,348
19272,6847089,6847504,415
19273,6847504,6847579,75
19274,6847579,6847614,35
19275,6847614,6847689,75
19276,6847689,6847806,117
19277,6847806,6847941,135
19278,6847941,6848208,267
19279,6848208,6848912,704
19280,6848912,6848942,30
19281,6848942,6849063,121
19282,6849063,6849106,43
19283,6849106,6849532,426
19284,6849532,6849935,403
19285,6849935,6849992,57
19286,6849992,6850007,15
19287,6850007,6850088,81
19288,6850088,6850107,19
19289,6850107,6850246,139
19290,6850246,6850402,156
19291,6850402,6850478,76
19292,6850478,6850593,115
19293,6850593,6850675,82
19294,6850675,6850736,61
19295,6850736,6851327,591
19296,6851327,6851340,13
19297,6851340,6851377,37
19298,6851377,6851659,282
19299,6851659,6852084,425
19300,6852084,6852161,77
19301,6852161,6852203,42
19302,6852203,6852300,97
19303,6852300,6852377,77
19304,6852377,6852541,164
19305,6852541,6852581,40
19306,6852581,6852939,358
19307,6852939,6853932,993
19308,6853932,6853957,25
19309,6853957,6854430,473
19310,6854430,6854435,5
19311,6854435,6855939,1504
19312,6855939,6856516,577
19313,6856516,6856854,338
19314,6856854,6857862,1008
19315,6857862,6857967,105
19316,6857967,6858072,105
19317,6858072,6858701,629
19318,6858701,6859407,706
19319,6859407,6861140,1733
19320,6861140,6861242,102
19321,6861242,6861963,721
19322,6861963,6861992,29
19323,6861992,6861999,7
19324,6861999,6862098,99
19325,6863847,6863907,60
19326,6863907,6865782,1875
19327,6865782,6867013,1231
19328,6867013,6867811,798
19329,6867811,6868018,207
19330,6868018,6868488,470
19331,6868488,6869015,527
19332,6869015,6869409,394
19333,6869409,6869517,108
19334,6869517,6869655,138
19335,6869655,6869922,267
19336,6869922,6870584,662
19337,6872825,6873033,208
19338,6873033,6873389,356
19339,6873389,6873716,327
19340,6873716,6874461,745
19341,6874461,6874833,372
19342,6874833,6875385,552
19343,6875385,6875805,420
19344,6875805,6876883,1078
19345,6876883,6876975,92
19346,6876975,6877323,348
19347,6877323,6877612,289
19348,6877612,6877893,281
19349,6877893,6878427,534
19350,6878427,6878444,17
19351,6878444,6878557,113
19352,6878557,6878573,16
19353,6878573,6879018,445
19354,6879018,6879860,842
19355,6879860,6879876,16
19356,6879876,6881056,1180
19357,6881056,6881641,585
19358,6881641,6881866,225
19359,6881866,6881963,97
19360,6881963,6882614,651
19361,6882614,6882816,202
19362,6882816,6883126,310
19363,6883126,6883781,655
19364,6883781,6885241,1460
19365,6885241,6886100,859
19366,6887931,6888709,778
19367,6888709,6889807,1098
19368,6889807,6890990,1183
19369,6890990,6892033,1043
19370,6892033,6892766,733
19371,6892766,6893539,773
19372,6893539,6894281,742
19373,6894281,6894621,340
19374,6894621,6896251,1630
19375,6896251,6896279,28
19376,6896279,6896301,22
19377,6896301,6896544,243
19378,6896544,6897238,694
19379,6897238,6897925,687
19380,6897925,6898344,419
19381,6898344,6899166,822
19382,6899166,6899460,294
19383,6899460,6899581,121
19384,6899581,6901084,1503
19385,6901084,6901181,97
19386,6904693,6905172,479
19387,6905172,6905926,754
19388,6905926,6907149,1223
19389,6907149,6908942,1793
19390,6908942,6911013,2071
19391,6911013,6911604,591
19392,6911604,6911962,358
19393,6911962,6912054,92
19394,6912054,6913281,1227
19395,6913281,6914038,757
19396,6914038,6914400,362
19397,6914400,6914581,181
19398,6914581,6915815,1234
19399,6920185,6920192,7
19400,6923740,6924269,529
19401,6924269,6924995,726
19402,6924995,6926531,1536
19403,6926531,6927090,559
19404,6927090,6927538,448
19405,6927538,6928001,463
19406,6928001,6928327,326
19407,6928327,6928851,524
19408,6928851,6929984,1133
19409,6929984,6931154,1170
19410,6931154,6933636,2482
19411,6933636,6935263,1627
19412,6935263,6935382,119
19413,6935382,6936102,720
19414,6936102,6937799,1697
19415,6937799,6941489,3690
19416,6941489,6941717,228
19417,6941717,6942335,618
19418,6942335,6944122,1787
19419,6944122,6945166,1044
19420,6945166,6945356,190
19421,6945356,6946486,1130
19422,6946486,6946530,44
19423,6946530,6947194,664
19424,6947194,6947472,278
19425,6947472,6949001,1529
19426,6949001,6950872,1871
19427,6950872,6950898,26
19428,6950898,6950952,54
19429,6950952,6951047,95
19430,6951047,6952372,1325
19431,6952372,6952462,90
19432,6952462,6952576,114
19433,6952576,6952637,61
19434,6952637,6952768,131
19435,6952768,6952786,18
19436,6952786,6952792,6
19437,6952792,6952802,10
19438,6957497,6958535,1038
19439,6958535,6958657,122
19440,6958657,6958723,66
19441,6958723,6959004,281
19442,6959004,6959019,15
19443,6959019,6959164,145
19444,6959164,6959572,408
19445,6959572,6960490,918
19446,6960490,6960690,200
19447,6960690,6961980,1290
19448,6961980,6962462,482
19449,6962462,6962696,234
19450,6962696,6962792,96
19451,6962792,6963142,350
19452,6963142,6963317,175
19453,6963317,6963554,237
19454,6963554,6963884,330
19455,6963884,6963905,21
19456,6963905,6963970,65
19457,6963970,6964130,160
19458,6964130,6964156,26
19459,6964156,6964575,419
19460,6964575,6964795,220
19461,6964795,6964982,187
19462,6964982,6965059,77
19463,6965059,6965068,9
19464,6965068,6965096,28
19465,6965096,6965105,9
19466,6965105,6965215,110
19467,6965215,6965427,212
19468,6965427,6965451,24
19469,6965451,6965457,6
19470,6965457,6965463,6
19471,6965463,6965469,6
19472,6965469,6965568,99
19473,6965568,6965726,158
19474,6965726,6966351,625
19475,6966351,6966464,113
19476,6966464,6966712,248
19477,6966712,6967259,547
19478,6967259,6967271,12
19479,6967271,6967278,7
19480,6967278,6967298,20
19481,6967298,6967491,193
19482,6967491,6967568,77
19483,6967568,6967995,427
19484,6967995,6968012,17
19485,6968012,6968258,246
19486,6968258,6968277,19
19487,6968277,6968316,39
19488,6968316,6968721,405
19489,6968721,6969699,978
19490,6969699,6969819,120
19491,6969819,6969991,172
19492,6969991,6970013,22
19493,6970013,6970032,19
19494,6970032,6970149,117
19495,6970149,6970222,73
19496,6970222,6970327,105
19497,6970327,6970444,117
19498,6970444,6970539,95
19499,6970539,6970694,155
19500,6970694,6971121,427
19501,6971121,6971145,24
19502,6971145,6971355,210
19503,6971355,6971802,447
19504,6971802,6972009,207
19505,6972009,6972089,80
19506,6972089,6972444,355
19507,6972444,6972517,73
19508,6972517,6972587,70
19509,6972587,6972749,162
19510,6972749,6973042,293
19511,6973042,6973253,211
19512,6973253,6974126,873
19513,6974126,6974503,377
19514,6974503,6974576,73
19515,6974576,6974765,189
19516,6974765,6974917,152
19517,6974917,6975105,188
19518,6975105,6975162,57
19519,6975162,6975216,54
19520,6975216,6976352,1136
19521,6976352,6976965,613
19522,6976965,6977003,38
19523,6977003,6977197,194
19524,6977197,6977284,87
19525,6977284,6977421,137
19526,6977421,6977437,16
19527,6977437,6977443,6
19528,6977443,6977479,36
19529,6977479,6977966,487
19530,6977966,6978166,200
19531,6978166,6978278,112
19532,6978278,6979818,1540
19533,6979818,6979903,85
19534,6979903,6979913,10
19535,6979913,6979968,55
19536,6979968,6980877,909
19537,6980877,6980952,75
19538,6980952,6981996,1044
19539,6981996,6982637,641
19540,6982637,6982731,94
19541,6982731,6982776,45
19542,6982776,6982909,133
19543,6982909,6984233,1324
19544,6984233,6984331,98
19545,6984331,6984459,128
19546,6984459,6984622,163
19547,6984622,6984633,11
19548,6984633,6984678,45
19549,6984678,6984742,64
19550,6984742,6984770,28
19551,6984770,6984826,56
19552,6984826,6984871,45
19553,6984871,6985151,280
19554,6985151,6986355,1204
19555,6986355,6986670,315
19556,6986670,6986899,229
19557,6986899,6987223,324
19558,6987223,6987245,22
19559,6987245,6987714,469
19560,6987714,6987729,15
19561,6987729,6987794,65
19562,6987794,6988002,208
19563,6988002,6988096,94
19564,6988096,6988658,562
19565,6988658,6988995,337
19566,6988995,6990071,1076
19567,6990071,6990165,94
19568,6990165,6990278,113
19569,6990278,6990287,9
19570,6990287,6990541,254
19571,6990541,6990630,89
19572,6990630,6990652,22
19573,6990652,6991378,726
19574,6991378,6991642,264
19575,6991642,6991911,269
19576,6991911,6992264,353
19577,6992264,6992377,113
19578,6992377,6992471,94
19579,6992471,6992555,84
19580,6992555,6992693,138
19581,6992693,6992798,105
19582,6992798,6992815,17
19583,6992815,6992912,97
19584,6992912,6992958,46
19585,6992958,6993281,323
19586,6993281,6993367,86
19587,6993367,6993458,91
19588,6993458,6993463,5
19589,6993463,6993468,5
19590,6993468,6993473,5
19591,6993473,6993681,208
19592,6993681,6994301,620
19593,6994301,6994466,165
19594,6994466,6994674,208
19595,6994674,6995774,1100
19596,6995774,6996077,303
19597,6996077,6996094,17
19598,6996094,6996227,133
19599,6996227,6996856,629
19600,6996856,6996926,70
19601,6996926,6997023,97
19602,6997023,6997040,17
19603,6997040,6997047,7
19604,6997047,6997502,455
19605,6997502,6998572,1070
19606,6998572,6998857,285
19607,6998857,6998870,13
19608,6998870,6999031,161
19609,6999031,6999166,135
19610,6999166,6999223,57
19611,6999223,6999232,9
19612,6999232,6999301,69
19613,6999301,6999334,33
19614,6999334,6999557,223
19615,6999557,6999596,39
19616,6999596,6999607,11
19617,6999607,6999709,102
19618,6999709,6999803,94
19619,6999803,6999925,122
19620,6999925,7000139,214
19621,7000139,7000162,23
19622,7000162,7000381,219
19623,7000381,7000624,243
19624,7000624,7000923,299
19625,7000923,7001019,96
19626,7001019,7001292,273
19627,7001292,7001825,533
19628,7001825,7001832,7
19629,7001832,7001840,8
19630,7001840,7001856,16
19631,7001856,7001918,62
19632,7001918,7002957,1039
19633,7002957,7003321,364
19634,7003321,7003454,133
19635,7003454,7004070,616
19636,7004070,7004212,142
19637,7004212,7004556,344
19638,7004556,7006369,1813
19639,7006369,7006428,59
19640,7006428,7006622,194
19641,7006622,7006901,279
19642,7006901,7007291,390
19643,7007291,7007308,17
19644,7007308,7007558,250
19645,7007558,7008183,625
19646,7008183,7008936,753
19647,7008936,7009139,203
19648,7009139,7009774,635
19649,7009774,7009806,32
19650,7009806,7009995,189
19651,7009995,7010189,194
19652,7010189,7010223,34
19653,7010223,7010291,68
19654,7010291,7010310,19
19655,7010310,7010571,261
19656,7010571,7010667,96
19657,7010667,7010942,275
19658,7010942,7011618,676
19659,7011618,7011724,106
19660,7011724,7011978,254
19661,7011978,7012061,83
19662,7012061,7013015,954
19663,7013015,7013076,61
19664,7013076,7013128,52
19665,7013128,7013186,58
19666,7013186,7014447,1261
19667,7014447,7014458,11
19668,7014458,7015093,635
19669,7015093,7015509,416
19670,7015509,7016972,1463
19671,7019287,7020052,765
19672,7020052,7021784,1732
19673,7021784,7021873,89
19674,7021873,7022125,252
19675,7022125,7022902,777
19676,7022902,7022988,86
19677,7022988,7023855,867
19678,7023855,7024266,411
19679,7024266,7024456,190
19680,7024456,7024895,439
19681,7024895,7024957,62
19682,7024957,7025369,412
19683,7025369,7025409,40
19684,7025409,7025710,301
19685,7025710,7026080,370
19686,7026080,7026649,569
19687,7026649,7026783,134
19688,7026783,7027597,814
19689,7027597,7027633,36
19690,7027633,7028464,831
19691,7028464,7029124,660
19692,7029124,7030682,1558
19693,7030682,7031085,403
19694,7031085,7031231,146
19695,7031231,7032182,951
19696,7032182,7032275,93
19697,7032275,7033352,1077
19698,7033352,7033796,444
19699,7033796,7035199,1403
19700,7035199,7036894,1695
19701,7036894,7036978,84
19702,7036978,7036982,4
19703,7036982,7037286,304
19704,7037286,7037565,279
19705,7037565,7037846,281
19706,7037846,7039191,1345
19707,7039191,7039627,436
19708,7039627,7039712,85
19709,7039712,7039967,255
19710,7039967,7040136,169
19711,7040136,7040192,56
19712,7040192,7040356,164
19713,7040356,7040392,36
19714,7040392,7040551,159
19715,7040551,7040765,214
19716,7040765,7041076,311
19717,7041076,7041439,363
19718,7041439,7042073,634
19719,7042073,7042985,912
19720,7042985,7043371,386
19721,7043371,7044637,1266
19722,7044637,7044658,21
19723,7044658,7044893,235
19724,7044893,7045016,123
19725,7045016,7046169,1153
19726,7046169,7046634,465
19727,7046634,7047283,649
19728,7047283,7049392,2109
19729,7049392,7049427,35
19730,7049427,7049799,372
19731,7049799,7049852,53
19732,7049852,7049975,123
19733,7049975,7050152,177
19734,7050152,7050161,9
19735,7050161,7051819,1658
19736,7051819,7053865,2046
19737,7053865,7055195,1330
19738,7058091,7058217,126
19739,7058217,7060026,1809
19740,7060026,7060761,735
19741,7060761,7061352,591
19742,7061352,7062340,988
19743,7062340,7063720,1380
19744,7063720,7065103,1383
19745,7065103,7065270,167
19746,7065270,7065360,90
19747,7065360,7065375,15
19748,7065375,7065670,295
19749,7065670,7067271,1601
19750,7067271,7068193,922
19751,7068193,7069220,1027
19752,7069220,7070350,1130
19753,7070350,7070361,11
19754,7070361,7070544,183
19755,7070544,7070575,31
19756,7070575,7070586,11
19757,7070586,7070631,45
19758,7070631,7070703,72
19759,7070703,7070787,84
19760,7070787,7070972,185
19761,7070972,7071103,131
19762,7071103,7071501,398
19763,7071501,7071582,81
19764,7071582,7071631,49
19765,7071631,7071888,257
19766,7071888,7072765,877
19767,7072765,7072992,227
19768,7072992,7073299,307
19769,7073299,7073303,4
19770,7073303,7073351,48
19771,7073351,7073361,10
19772,7073361,7073376,15
19773,7073376,7073382,6
19774,7073382,7073497,115
19775,7073497,7073700,203
19776,7073700,7073798,98
19777,7073798,7074324,526
19778,7074324,7074337,13
19779,7074337,7074425,88
19780,7074425,7074516,91
19781,7074516,7075197,681
19782,7075197,7075522,325
19783,7075522,7076476,954
19784,7076476,7076925,449
19785,7076925,7078136,1211
19786,7078136,7078497,361
19787,7078497,7078983,486
19788,7078983,7079896,913
19789,7079896,7079939,43
19790,7079939,7080230,291
19791,7080230,7080389,159
19792,7080389,7080836,447
19793,7080836,7080849,13
19794,7080849,7081219,370
19795,7081219,7081321,102
19796,7081321,7081553,232
19797,7081553,7082333,780
19798,7082333,7082757,424
19799,7082757,7083354,597
19800,7083354,7083381,27
19801,7083381,7083579,198
19802,7083579,7084456,877
19803,7084456,7084591,135
19804,7084591,7084750,159
19805,7084750,7084839,89
19806,7084839,7085240,401
19807,7085240,7085254,14
19808,7085254,7085306,52
19809,7085306,7085401,95
19810,7085401,7085686,285
19811,7085686,7085743,57
19812,7085743,7085755,12
19813,7085755,7086178,423
19814,7086178,7086708,530
19815,7086708,7086753,45
19816,7086753,7088084,1331
19817,7088084,7088457,373
19818,7088457,7089941,1484
19819,7089941,7090362,421
19820,7090362,7090458,96
19821,7090458,7090560,102
19822,7090560,7090659,99
19823,7090659,7091610,951
19824,7091610,7091800,190
19825,7091800,7091875,75
19826,7091875,7091890,15
19827,7091890,7092183,293
19828,7092183,7092329,146
19829,7092329,7092472,143
19830,7092472,7092831,359
19831,7092831,7092896,65
19832,7092896,7092908,12
19833,7092908,7092960,52
19834,7092960,7093006,46
19835,7093006,7093019,13
19836,7093019,7093076,57
19837,7093076,7093091,15
19838,7093091,7093098,7
19839,7093098,7093652,554
19840,7093652,7094208,556
19841,7094208,7095464,1256
19842,7095464,7095514,50
19843,7095514,7095535,21
19844,7095535,7096023,488
19845,7096023,7096263,240
19846,7096263,7096270,7
19847,7096270,7096325,55
19848,7096325,7097634,1309
19849,7097634,7097947,313
19850,7097947,7098619,672
19851,7098619,7098664,45
19852,7098664,7098797,133
19853,7098797,7099142,345
19854,7099142,7099797,655
19855,7099797,7099832,35
19856,7099832,7099852,20
19857,7099852,7100196,344
19858,7100196,7100422,226
19859,7100422,7100864,442
19860,7100864,7101329,465
19861,7101329,7102159,830
19862,7102159,7102485,326
19863,7102485,7102834,349
19864,7102834,7102917,83
19865,7102917,7103265,348
19866,7103265,7103483,218
19867,7103483,7103532,49
19868,7103532,7103794,262
19869,7103794,7103803,9
19870,7103803,7104127,324
19871,7104127,7104133,6
19872,7104133,7104218,85
19873,7104218,7105552,1334
19874,7105552,7107122,1570
19875,7107122,7107195,73
19876,7107195,7107747,552
19877,7107747,7107951,204
19878,7107951,7108115,164
19879,7108115,7108151,36
19880,7108151,7108172,21
19881,7108172,7108292,120
19882,7108292,7108345,53
19883,7108345,7108413,68
19884,7108413,7108717,304
19885,7108717,7108919,202
19886,7108919,7108989,70
19887,7108989,7109360,371
19888,7109360,7109450,90
19889,7109450,7109582,132
19890,7109582,7109726,144
19891,7109726,7110060,334
19892,7110060,7110107,47
19893,7110107,7110354,247
19894,7110354,7110401,47
19895,7110401,7111066,665
19896,7111066,7111359,293
19897,7111359,7113477,2118
19898,7113477,7113848,371
19899,7113848,7113864,16
19900,7113864,7115264,1400
19901,7115264,7115873,609
19902,7115873,7117327,1454
19903,7117327,7118582,1255
19904,7118582,7120001,1419
19905,7120001,7121002,1001
19906,7121002,7121532,530
19907,7121532,7122923,1391
19908,7122923,7123388,465
19909,7123388,7123654,266
19910,7123654,7123820,166
19911,7123820,7123838,18
19912,7123838,7125477,1639
19913,7125477,7126742,1265
19914,7126742,7126755,13
19915,7126755,7127322,567
19916,7127322,7127367,45
19917,7127367,7127526,159
19918,7127526,7128417,891
19919,7128417,7128648,231
19920,7128648,7129170,522
19921,7129170,7129662,492
19922,7129662,7129743,81
19923,7129743,7130047,304
19924,7130047,7130069,22
19925,7130069,7130129,60
19926,7130129,7130252,123
19927,7130252,7130376,124
19928,7130376,7131087,711
19929,7131087,7131204,117
19930,7131204,7131923,719
19931,7131923,7132110,187
19932,7132110,7132279,169
19933,7132279,7132841,562
19934,7132841,7132923,82
19935,7132923,7133421,498
19936,7133421,7134150,729
19937,7134150,7134487,337
19938,7134487,7134502,15
19939,7134502,7134517,15
19940,7134517,7134532,15
19941,7134532,7135210,678
19942,7135210,7136201,991
19943,7136201,7136260,59
19944,7136260,7136286,26
19945,7136286,7137584,1298
19946,7137584,7137745,161
19947,7137745,7138088,343
19948,7138088,7138786,698
19949,7138786,7139029,243
19950,7139029,7139832,803
19951,7139832,7141512,1680
19952,7141512,7141519,7
19953,7141519,7141526,7
19954,7143726,7145070,1344
19955,7145070,7147295,2225
19956,7147295,7147458,163
19957,7147458,7147728,270
19958,7147728,7148098,370
19959,7148098,7148550,452
19960,7148550,7148944,394
19961,7148944,7149172,228
19962,7149172,7149288,116
19963,7149288,7149305,17
19964,7149305,7149539,234
19965,7149539,7150163,624
19966,7150163,7150407,244
19967,7150407,7150689,282
19968,7150689,7153852,3163
19969,7153852,7154684,832
19970,7154684,7155254,570
19971,7155254,7155261,7
19972,7155261,7156055,794
19973,7156055,7156271,216
19974,7156271,7156280,9
19975,7156280,7156439,159
19976,7156439,7156506,67
19977,7156506,7157046,540
19978,7157046,7160302,3256
19979,7160302,7160935,633
19980,7160935,7161425,490
19981,7161425,7161431,6
19982,7161431,7162263,832
19983,7162263,7162335,72
19984,7162335,7162364,29
19985,7162364,7162378,14
19986,7162378,7162472,94
19987,7162472,7163000,528
19988,7163000,7163375,375
19989,7163375,7163554,179
19990,7163554,7163615,61
19991,7163615,7163624,9
19992,7163624,7163950,326
19993,7163950,7163982,32
19994,7163982,7164099,117
19995,7164099,7164192,93
19996,7164192,7164513,321
19997,7164513,7164538,25
19998,7164538,7164641,103
19999,7164641,7165205,564
20000,7165205,7166081,876
20001,7166081,7167766,1685
20002,7167766,7168119,353
20003,7168119,7169019,900
20004,7169019,7169090,71
20005,7169090,7169102,12
20006,7169102,7169534,432
20007,7169534,7169761,227
20008,7169761,7169813,52
20009,7169813,7169866,53
20010,7169866,7170071,205
20011,7170071,7170117,46
20012,7170117,7170169,52
20013,7170169,7170542,373
20014,7170542,7170565,23
20015,7170565,7170672,107
20016,7170672,7170716,44
20017,7170716,7170838,122
20018,7170838,7170991,153
20019,7170991,7171163,172
20020,7171163,7171254,91
20021,7171254,7171262,8
20022,7171262,7171282,20
20023,7171282,7171426,144
20024,7171426,7171438,12
20025,7171438,7171479,41
20026,7171479,7173355,1876
20027,7173355,7173480,125
20028,7173480,7173488,8
20029,7173488,7173637,149
20030,7173637,7173711,74
20031,7173711,7173748,37
20032,7173748,7174103,355
20033,7174103,7174813,710
20034,7174813,7175130,317
20035,7175130,7175624,494
20036,7175624,7175800,176
20037,7175800,7175946,146
20038,7175946,7175959,13
20039,7175959,7176221,262
20040,7176221,7176703,482
20041,7176703,7176859,156
20042,7176859,7177846,987
20043,7177846,7177861,15
20044,7177861,7177910,49
20045,7177910,7178406,496
20046,7178406,7179191,785
20047,7179191,7179198,7
20048,7179198,7179266,68
20049,7179266,7179321,55
20050,7179321,7179809,488
20051,7179809,7180398,589
20052,7180398,7180656,258
20053,7180656,7180849,193
20054,7180849,7181490,641
20055,7181490,7181770,280
20056,7181770,7182590,820
20057,7182590,7183020,430
20058,7183020,7183041,21
20059,7183041,7183126,85
20060,7183126,7183181,55
20061,7183181,7186090,2909
20062,7186090,7186167,77
20063,7186167,7186197,30
20064,7186197,7186641,444
20065,7186641,7186689,48
20066,7186689,7187101,412
20067,7187101,7187277,176
20068,7187277,7187346,69
20069,7187346,7187357,11
20070,7187357,7188370,1013
20071,7188370,7188519,149
20072,7188519,7188581,62
20073,7188581,7188602,21
20074,7188602,7189596,994
20075,7189596,7189643,47
20076,7189643,7189650,7
20077,7189650,7189843,193
20078,7189843,7190101,258
20079,7190101,7190417,316
20080,7190417,7190737,320
20081,7190737,7191088,351
20082,7191088,7191807,719
20083,7191807,7191970,163
20084,7191970,7192224,254
20085,7192224,7192486,262
20086,7192486,7193059,573
20087,7193059,7193074,15
20088,7193074,7193079,5
20089,7193079,7193084,5
20090,7193084,7193252,168
20091,7193252,7193479,227
20092,7193479,7193488,9
20093,7193488,7194349,861
20094,7194349,7194371,22
20095,7194371,7194445,74
20096,7194445,7194949,504
20097,7194949,7195032,83
20098,7195032,7195506,474
20099,7195506,7196917,1411
20100,7196917,7197225,308
20101,7197225,7197638,413
20102,7197638,7198499,861
20103,7198499,7198690,191
20104,7198690,7198942,252
20105,7198942,7199186,244
20106,7199186,7200589,1403
20107,7200589,7201873,1284
20108,7201873,7201960,87
20109,7201960,7202063,103
20110,7202063,7202121,58
20111,7202121,7202361,240
20112,7202361,7202486,125
20113,7202486,7202691,205
20114,7202691,7202762,71
20115,7202762,7204461,1699
20116,7204461,7204481,20
20117,7204481,7204683,202
20118,7204683,7204705,22
20119,7204705,7204901,196
20120,7204901,7204978,77
20121,7204978,7205143,165
20122,7205143,7205431,288
20123,7205431,7205969,538
20124,7205969,7206209,240
20125,7206209,7207313,1104
20126,7207313,7207320,7
20127,7207320,7208891,1571
20128,7208891,7209282,391
20129,7209282,7209286,4
20130,7209286,7209421,135
20131,7209421,7209769,348
20132,7209769,7209866,97
20133,7209866,7210933,1067
20134,7210933,7211796,863
20135,7211796,7213595,1799
20136,7213595,7214150,555
20137,7214150,7215140,990
20138,7215140,7215692,552
20139,7215692,7215799,107
20140,7215799,7217160,1361
20141,7217160,7217325,165
20142,7217325,7217862,537
20143,7217862,7218021,159
20144,7218021,7218080,59
20145,7218080,7218159,79
20146,7218159,7218173,14
20147,7218173,7218180,7
20148,7218180,7218194,14
20149,7218194,7218253,59
20150,7218253,7218266,13
20151,7218266,7218295,29
20152,7218295,7218658,363
20153,7218658,7219016,358
20154,7219016,7219059,43
20155,7219059,7219088,29
20156,7219088,7219115,27
20157,7219115,7219176,61
20158,7219176,7219300,124
20159,7219300,7219565,265
20160,7219565,7220004,439
20161,7220004,7220086,82
20162,7220086,7220119,33
20163,7220119,7220135,16
20164,7220135,7220247,112
20165,7220247,7220779,532
20166,7220779,7220813,34
20167,7220813,7221531,718
20168,7221531,7222109,578
20169,7222109,7222554,445
20170,7222554,7222860,306
20171,7222860,7223238,378
20172,7223238,7223394,156
20173,7223394,7223508,114
20174,7223508,7223535,27
20175,7223535,7224359,824
20176,7224359,7224469,110
20177,7224469,7224984,515
20178,7224984,7225023,39
20179,7225023,7225145,122
20180,7225145,7225252,107
20181,7225252,7225751,499
20182,7225751,7226517,766
20183,7226517,7226734,217
20184,7226734,7226951,217
20185,7226951,7226961,10
20186,7226961,7227481,520
20187,7230218,7230369,151
20188,7230369,7231347,978
20189,7231347,7232530,1183
20190,7232530,7232583,53
20191,7232583,7232696,113
20192,7232696,7233045,349
20193,7233045,7233367,322
20194,7233367,7234452,1085
20195,7234452,7235248,796
20196,7235248,7235791,543
20197,7235791,7235798,7
20198,7235798,7235862,64
20199,7235862,7235987,125
20200,7235987,7235994,7
20201,7235994,7236002,8
20202,7236002,7236008,6
20203,7236008,7236014,6
20204,7236014,7236365,351
20205,7236365,7236843,478
20206,7236843,7237141,298
20207,7237141,7237688,547
20208,7237688,7237869,181
20209,7237869,7238576,707
20210,7238576,7238654,78
20211,7238654,7238702,48
20212,7238702,7239298,596
20213,7239298,7241203,1905
20214,7241203,7242066,863
20215,7242066,7242617,551
20216,7242617,7243841,1224
20217,7243841,7244567,726
20218,7244567,7244727,160
20219,7244727,7244737,10
20220,7244737,7245117,380
20221,7245117,7245705,588
20222,7245705,7247876,2171
20223,7247876,7247897,21
20224,7247897,7247919,22
20225,7247919,7250003,2084
20226,7250003,7252491,2488
20227,7252491,7252615,124
20228,7252615,7252628,13
20229,7252628,7252686,58
20230,7252686,7252691,5
20231,7252691,7253022,331
20232,7253022,7253203,181
20233,7253203,7253256,53
20234,7253256,7253445,189
20235,7253445,7254241,796
20236,7254241,7254975,734
20237,7254975,7255398,423
20238,7255398,7255651,253
20239,7255651,7256798,1147
20240,7256798,7257123,325
20241,7257123,7257239,116
20242,7257239,7258124,885
20243,7258124,7258239,115
20244,7258239,7258872,633
20245,7258872,7259620,748
20246,7259620,7260721,1101
20247,7260721,7262199,1478
20248,7262199,7262448,249
20249,7262448,7262540,92
20250,7262540,7262548,8
20251,7262548,7262562,14
20252,7262562,7263138,576
20253,7263138,7263434,296
20254,7263434,7263666,232
20255,7263666,7264424,758
20256,7264424,7266026,1602
20257,7266026,7266041,15
20258,7266041,7266052,11
20259,7266052,7266059,7
20260,7266059,7266118,59
20261,7266118,7266131,13
20262,7266131,7266159,28
20263,7266159,7266230,71
20264,7266230,7266246,16
20265,7266246,7266442,196
20266,7266442,7266564,122
20267,7266564,7267072,508
20268,7267072,7267128,56
20269,7267128,7267275,147
20270,7267275,7267457,182
20271,7269665,7270293,628
20272,7270293,7270864,571
20273,7270864,7272051,1187
20274,7272051,7272059,8
20275,7272059,7272789,730
20276,7272789,7272869,80
20277,7272869,7273004,135
20278,7273004,7273133,129
20279,7273133,7273231,98
20280,7273231,7273306,75
20281,7273306,7273495,189
20282,7273495,7273696,201
20283,7273696,7273890,194
20284,7273890,7274086,196
20285,7274086,7274414,328
20286,7274414,7274530,116
20287,7274530,7275115,585
20288,7275115,7275183,68
20289,7275183,7275989,806
20290,7275989,7276601,612
20291,7276601,7276634,33
20292,7276634,7278008,1374
20293,7278008,7279430,1422
20294,7279430,7279713,283
20295,7279713,7280748,1035
20296,7280748,7281213,465
20297,7281213,7281436,223
20298,7281436,7281465,29
20299,7281465,7281593,128
20300,7281593,7281623,30
20301,7281623,7281893,270
20302,7281893,7281920,27
20303,7281920,7282358,438
20304,7282358,7282469,111
20305,7282469,7282486,17
20306,7282486,7282507,21
20307,7282507,7282520,13
20308,7282520,7282595,75
20309,7282595,7282709,114
20310,7282709,7282855,146
20311,7282855,7282877,22
20312,7282877,7284170,1293
20313,7284170,7284272,102
20314,7284272,7284389,117
20315,7284389,7284551,162
20316,7284551,7284560,9
20317,7284560,7284605,45
20318,7284605,7284776,171
20319,7284776,7286902,2126
20320,7286902,7286954,52
20321,7286954,7287830,876
20322,7287830,7287854,24
20323,7287854,7287955,101
20324,7287955,7288097,142
20325,7288097,7288196,99
20326,7288196,7288206,10
20327,7288206,7288894,688
20328,7288894,7289607,713
20329,7289607,7289629,22
20330,7289629,7289814,185
20331,7289814,7289911,97
20332,7289911,7290013,102
20333,7290013,7290116,103
20334,7290116,7290164,48
20335,7290164,7291162,998
20336,7291162,7291705,543
20337,7291705,7291966,261
20338,7291966,7292012,46
20339,7292012,7292485,473
20340,7292485,7292620,135
20341,7292620,7292937,317
20342,7292937,7293254,317
20343,7295704,7295821,117
20344,7295821,7295826,5
20345,7295826,7295897,71
20346,7295897,7296436,539
20347,7296436,7296835,399
20348,7296835,7297207,372
20349,7297207,7297406,199
20350,7297406,7297526,120
20351,7297526,7297538,12
20352,7297538,7297561,23
20353,7297561,7297654,93
20354,7297654,7297672,18
20355,7297672,7297738,66
20356,7297738,7297749,11
20357,7297749,7297856,107
20358,7297856,7297877,21
20359,7297877,7297891,14
20360,7297891,7297955,64
20361,7297955,7297985,30
20362,7297985,7298111,126
20363,7298111,7298314,203
20364,7298314,7298411,97
20365,7298411,7298893,482
20366,7298893,7299119,226
20367,7299119,7299275,156
20368,7299275,7299279,4
20369,7299279,7299283,4
20370,7299283,7299470,187
20371,7299470,7299567,97
20372,7299567,7299638,71
20373,7299638,7299773,135
20374,7299773,7300323,550
20375,7300323,7300397,74
20376,7300397,7301402,1005
20377,7301402,7301606,204
20378,7301606,7302360,754
20379,7302360,7302488,128
20380,7302488,7302864,376
20381,7302864,7303178,314
20382,7303178,7303193,15
20383,7303193,7303402,209
20384,7303402,7303875,473
20385,7303875,7303905,30
20386,7303905,7303920,15
20387,7303920,7304271,351
20388,7304271,7304285,14
20389,7304285,7304540,255
20390,7304540,7304621,81
20391,7304621,7304956,335
20392,7304956,7305753,797
20393,7305753,7305959,206
20394,7305959,7306663,704
20395,7306663,7307969,1306
20396,7307969,7308097,128
20397,7308097,7308257,160
20398,7308257,7308500,243
20399,7308500,7308755,255
20400,7308755,7309204,449
20401,7309204,7309265,61
20402,7309265,7309487,222
20403,7309487,7309619,132
20404,7309619,7309657,38
20405,7309657,7309672,15
20406,7309672,7309746,74
20407,7309746,7309888,142
20408,7309888,7310130,242
20409,7310130,7310306,176
20410,7310306,7310488,182
20411,7310488,7311694,1206
20412,7311694,7311707,13
20413,7311707,7311868,161
20414,7311868,7311879,11
20415,7311879,7311888,9
20416,7311888,7312178,290
20417,7312178,7312273,95
20418,7312273,7312369,96
20419,7312369,7312374,5
20420,7312374,7312384,10
20421,7312384,7312397,13
20422,7312397,7312482,85
20423,7312482,7312727,245
20424,7312727,7312756,29
20425,7312756,7312768,12
20426,7312768,7312877,109
20427,7312877,7313057,180
20428,7313057,7313140,83
20429,7313140,7313383,243
20430,7313383,7313560,177
20431,7313560,7313620,60
20432,7313620,7313677,57
20433,7313677,7313791,114
20434,7313791,7313851,60
20435,7313851,7313858,7
20436,7313858,7313912,54
20437,7313912,7314020,108
20438,7314020,7314150,130
20439,7314150,7314232,82
20440,7314232,7314522,290
20441,7314522,7314546,24
20442,7314546,7314554,8
20443,7314554,7314788,234
20444,7314788,7314959,171
20445,7314959,7314983,24
20446,7314983,7314993,10
20447,7314993,7315223,230
20448,7315223,7315421,198
20449,7315421,7315536,115
20450,7315536,7315768,232
20451,7315768,7315855,87
20452,7315855,7315932,77
20453,7315932,7315938,6
20454,7315938,7316421,483
20455,7316421,7316638,217
20456,7316638,7317124,486
20457,7317124,7317244,120
20458,7317244,7317359,115
20459,7317359,7317484,125
20460,7317484,7317604,120
20461,7317604,7317971,367
20462,7317971,7318091,120
20463,7318091,7318457,366
20464,7318457,7318513,56
20465,7318513,7318797,284
20466,7318797,7319010,213
20467,7319010,7319967,957
20468,7319967,7320004,37
20469,7320004,7320147,143
20470,7320147,7320268,121
20471,7320268,7320277,9
20472,7320277,7320475,198
20473,7320475,7320502,27
20474,7320502,7320545,43
20475,7320545,7320679,134
20476,7320679,7320742,63
20477,7320742,7321039,297
20478,7321039,7321877,838
20479,7321877,7321887,10
20480,7321887,7322436,549
20481,7322436,7322531,95
20482,7322531,7322645,114
20483,7322645,7322794,149
20484,7322794,7323248,454
20485,7323248,7323473,225
20486,7323473,7323591,118
20487,7323591,7323602,11
20488,7323602,7323639,37
20489,7323639,7324018,379
20490,7324018,7324178,160
20491,7324178,7324362,184
20492,7324362,7324505,143
20493,7324505,7325105,600
20494,7325105,7325251,146
20495,7325251,7325657,406
20496,7325657,7325756,99
20497,7325756,7325859,103
20498,7325859,7326333,474
20499,7326333,7326530,197
20500,7326530,7327084,554
20501,7327084,7327127,43
20502,7327127,7327191,64
20503,7327191,7327310,119
20504,7327310,7327503,193
20505,7327503,7327580,77
20506,7327580,7327594,14
20507,7327594,7327602,8
20508,7327602,7327642,40
20509,7327642,7328199,557
20510,7328199,7328477,278
20511,7328477,7329415,938
20512,7329415,7329490,75
20513,7329490,7329712,222
20514,7329712,7329829,117
20515,7329829,7329897,68
20516,7329897,7329966,69
20517,7329966,7330047,81
20518,7330047,7330602,555
20519,7330602,7330652,50
20520,7330652,7330940,288
20521,7330940,7330962,22
20522,7330962,7331079,117
20523,7331079,7331482,403
20524,7331482,7331924,442
20525,7331924,7331994,70
20526,7331994,7332056,62
20527,7332056,7332098,42
20528,7332098,7332806,708
20529,7332806,7332834,28
20530,7332834,7333108,274
20531,7333108,7334753,1645
20532,7334753,7334818,65
20533,7334818,7334837,19
20534,7334837,7335186,349
20535,7335186,7335979,793
20536,7335979,7336179,200
20537,7336179,7336276,97
20538,7336276,7336392,116
20539,7336392,7336428,36
20540,7339785,7340555,770
20541,7340555,7340762,207
20542,7340762,7341308,546
20543,7341308,7341355,47
20544,7341355,7341431,76
20545,7341431,7341585,154
20546,7341585,7341603,18
20547,7341603,7341798,195
20548,7341798,7342127,329
20549,7342127,7342472,345
20550,7342472,7342485,13
20551,7342485,7342545,60
20552,7342545,7342758,213
20553,7342758,7342766,8
20554,7342766,7344642,1876
20555,7344642,7345888,1246
20556,7345888,7346675,787
20557,7346675,7346940,265
20558,7346940,7348525,1585
20559,7349937,7350057,120
20560,7350057,7350813,756
20561,7350813,7351084,271
20562,7351084,7353148,2064
20563,7353148,7353770,622
20564,7353770,7353899,129
20565,7353899,7354094,195
20566,7354094,7354655,561
20567,7354655,7355463,808
20568,7355463,7355961,498
20569,7355961,7355993,32
20570,7355993,7356097,104
20571,7356097,7356493,396
20572,7356493,7357951,1458
20573,7357951,7359398,1447
20574,7359398,7359437,39
20575,7359437,7359755,318
20576,7359755,7359775,20
20577,7359775,7359887,112
20578,7359887,7359999,112
20579,7359999,7363358,3359
20580,7363358,7364927,1569
20581,7364927,7366802,1875
20582,7366802,7367558,756
20583,7367558,7367581,23
20584,7367581,7368529,948
20585,7368529,7370269,1740
20586,7370269,7371725,1456
20587,7371725,7373704,1979
20588,7373704,7373711,7
20589,7373711,7373725,14
20590,7373725,7374756,1031
20591,7374756,7375168,412
20592,7375168,7376724,1556
20593,7376724,7377829,1105
20594,7377829,7378628,799
20595,7378628,7378748,120
20596,7378748,7378865,117
20597,7378865,7380222,1357
20598,7380222,7382114,1892
20599,7382114,7382853,739
20600,7382853,7382925,72
20601,7382925,7383809,884
20602,7383809,7383827,18
20603,7383827,7384292,465
20604,7384292,7385025,733
20605,7385025,7385840,815
20606,7385840,7386584,744
20607,7386584,7387505,921
20608,7387505,7388083,578
20609,7388083,7388365,282
20610,7388365,7388774,409
20611,7388774,7391024,2250
20612,7391024,7391934,910
20613,7391934,7393617,1683
20614,7393617,7394254,637
20615,7394254,7394444,190
20616,7394444,7394701,257
20617,7394701,7394951,250
20618,7398228,7399443,1215
20619,7399443,7399801,358
20620,7399801,7399936,135
20621,7399936,7400093,157
20622,7400093,7401966,1873
20623,7401966,7402383,417
20624,7402383,7402504,121
20625,7402504,7402581,77
20626,7402581,7402612,31
20627,7402612,7402741,129
20628,7402741,7402876,135
20629,7402876,7403586,710
20630,7403586,7404744,1158
20631,7404744,7404935,191
20632,7404935,7405187,252
20633,7405187,7405350,163
20634,7405350,7405499,149
20635,7405499,7405663,164
20636,7405663,7405861,198
20637,7405861,7406008,147
20638,7406008,7406391,383
20639,7406391,7407185,794
20640,7407185,7407404,219
20641,7407404,7407412,8
20642,7407412,7407619,207
20643,7407619,7407650,31
20644,7407650,7407793,143
20645,7407793,7407967,174
20646,7407967,7409067,1100
20647,7409067,7409400,333
20648,7409400,7411597,2197
20649,7411597,7411782,185
20650,7411782,7412762,980
20651,7412762,7413023,261
20652,7413023,7413093,70
20653,7413093,7413159,66
20654,7413159,7413976,817
20655,7413976,7414099,123
20656,7414099,7414619,520
20657,7414619,7414720,101
20658,7416964,7417408,444
20659,7417408,7417542,134
20660,7417542,7417844,302
20661,7417844,7418016,172
20662,7418016,7418148,132
20663,7418148,7418372,224
20664,7418372,7418425,53
20665,7418425,7418546,121
20666,7418546,7418567,21
20667,7418567,7418626,59
20668,7418626,7418930,304
20669,7418930,7419542,612
20670,7419542,7419641,99
20671,7419641,7419662,21
20672,7419662,7419753,91
20673,7419753,7419850,97
20674,7419850,7420031,181
20675,7420031,7420283,252
20676,7420283,7420404,121
20677,7420404,7420490,86
20678,7420490,7420577,87
20679,7420577,7420601,24
20680,7420601,7420626,25
20681,7420626,7420659,33
20682,7420659,7421091,432
20683,7421091,7421106,15
20684,7421106,7421463,357
20685,7421463,7421927,464
20686,7421927,7421992,65
20687,7421992,7423117,1125
20688,7423117,7424533,1416
20689,7424533,7424692,159
20690,7424692,7424718,26
20691,7424718,7424815,97
20692,7424815,7424957,142
20693,7424957,7425940,983
20694,7425940,7426361,421
20695,7426361,7427615,1254
20696,7427615,7427730,115
20697,7427730,7427949,219
20698,7427949,7429318,1369
20699,7429318,7429948,630
20700,7429948,7430020,72
20701,7430020,7430095,75
20702,7430095,7430653,558
20703,7430653,7430740,87
20704,7430740,7431522,782
20705,7431522,7432435,913
20706,7434546,7435186,640
20707,7435186,7436297,1111
20708,7436297,7437035,738
20709,7437035,7437624,589
20710,7437624,7439367,1743
20711,7443322,7443973,651
20712,7443973,7444758,785
20713,7444758,7444898,140
20714,7444898,7445049,151
20715,7445049,7445421,372
20716,7445421,7445613,192
20717,7449315,7450453,1138
20718,7450453,7451414,961
20719,7451414,7451524,110
20720,7451524,7451977,453
20721,7451977,7452756,779
20722,7452756,7452893,137
20723,7452893,7453235,342
20724,7455736,7455839,103
20725,7455839,7457131,1292
20726,7457131,7458435,1304
20727,7458435,7459133,698
20728,7459133,7460123,990
20729,7460123,7460195,72
20730,7460195,7461045,850
20731,7461045,7462339,1294
20732,7462339,7462785,446
20733,7462785,7463244,459
20734,7463244,7463290,46
20735,7465612,7466795,1183
20736,7466795,7468250,1455
20737,7468250,7468725,475
20738,7468725,7469543,818
20739,7469543,7470335,792
20740,7470335,7471136,801
20741,7471136,7471228,92
20742,7471228,7471453,225
20743,7471453,7472378,925
20744,7472378,7472577,199
20745,7472577,7472625,48
20746,7472625,7472839,214
20747,7472839,7473550,711
20748,7473550,7473775,225
20749,7473775,7474577,802
20750,7474577,7475056,479
20751,7475056,7475217,161
20752,7475217,7476576,1359
20753,7476576,7477478,902
20754,7477478,7478224,746
20755,7478224,7478532,308
20756,7478532,7479162,630
20757,7479162,7480880,1718
20758,7480880,7480916,36
20759,7480916,7481339,423
20760,7481339,7481345,6
20761,7481345,7481591,246
20762,7481591,7482227,636
20763,7482227,7482392,165
20764,7482392,7482804,412
20765,7482804,7482811,7
20766,7482811,7486082,3271
20767,7486082,7487383,1301
20768,7487383,7487920,537
20769,7487920,7488984,1064
20770,7488984,7489129,145
20771,7489129,7489140,11
20772,7489140,7489173,33
20773,7489173,7489179,6
20774,7489179,7489612,433
20775,7489612,7489635,23
20776,7489635,7490459,824
20777,7490459,7490549,90
20778,7490549,7490586,37
20779,7490586,7490603,17
20780,7490603,7490748,145
20781,7490748,7490789,41
20782,7490789,7490833,44
20783,7490833,7490850,17
20784,7490850,7490893,43
20785,7490893,7491234,341
20786,7491234,7491482,248
20787,7491482,7492272,790
20788,7492272,7493039,767
20789,7493039,7494414,1375
20790,7494414,7494497,83
20791,7494497,7494551,54
20792,7494551,7494617,66
20793,7494617,7494942,325
20794,7494942,7495034,92
20795,7495034,7495345,311
20796,7495345,7495379,34
20797,7495379,7496797,1418
20798,7496797,7496960,163
20799,7496960,7497323,363
20800,7497323,7498917,1594
20801,7498917,7499080,163
20802,7499080,7500098,1018
20803,7500098,7500311,213
20804,7500311,7500394,83
20805,7500394,7500448,54
20806,7500448,7500514,66
20807,7500514,7500839,325
20808,7500839,7500931,92
20809,7500931,7501242,311
20810,7501242,7501276,34
20811,7501276,7502165,889
20812,7502165,7502641,476
20813,7502641,7502799,158
20814,7502799,7503026,227
20815,7503026,7503781,755
20816,7503781,7504479,698
20817,7504479,7504710,231
20818,7504710,7506623,1913
20819,7506623,7506716,93
20820,7506716,7506836,120
20821,7506836,7507153,317
20822,7507153,7507164,11
20823,7507164,7507310,146
20824,7507310,7507708,398
20825,7507708,7508925,1217
20826,7508925,7509114,189
20827,7509114,7509260,146
20828,7509260,7509459,199
20829,7509459,7509495,36
20830,7509495,7510059,564
20831,7510059,7510413,354
20832,7510413,7510588,175
20833,7510588,7510836,248
20834,7510836,7511007,171
20835,7511007,7511184,177
20836,7511184,7511655,471
20837,7511655,7511943,288
20838,7511943,7512064,121
20839,7512064,7512221,157
20840,7512221,7512399,178
20841,7512399,7512452,53
20842,7512452,7515720,3268
20843,7515720,7516191,471
20844,7516191,7517136,945
20845,7517136,7517280,144
20846,7517280,7518083,803
20847,7520459,7522100,1641
20848,7522100,7522116,16
20849,7522116,7522772,656
20850,7522772,7523880,1108
20851,7523880,7524251,371
20852,7524251,7524283,32
20853,7524283,7524496,213
20854,7524496,7524503,7
20855,7524503,7524597,94
20856,7524597,7524860,263
20857,7524860,7524895,35
20858,7524895,7524952,57
20859,7524952,7524957,5
20860,7524957,7525918,961
20861,7525918,7526016,98
20862,7526016,7526349,333
20863,7526349,7526391,42
20864,7526391,7526620,229
20865,7526620,7526661,41
20866,7526661,7526724,63
20867,7526724,7526904,180
20868,7526904,7526927,23
20869,7526927,7527191,264
20870,7527191,7527304,113
20871,7527304,7527334,30
20872,7527334,7527900,566
20873,7527900,7528404,504
20874,7528404,7528409,5
20875,7528409,7528428,19
20876,7528428,7528528,100
20877,7528528,7528750,222
20878,7528750,7529367,617
20879,7529367,7529429,62
20880,7529429,7529438,9
20881,7529438,7529763,325
20882,7529763,7530161,398
20883,7530161,7530273,112
20884,7530273,7530280,7
20885,7530280,7530508,228
20886,7530508,7530546,38
20887,7530546,7530594,48
20888,7530594,7530720,126
20889,7530720,7530888,168
20890,7530888,7530895,7
20891,7530895,7530910,15
20892,7530910,7531338,428
20893,7531338,7531585,247
20894,7531585,7532364,779
20895,7532364,7533069,705
20896,7533069,7533273,204
20897,7533273,7533619,346
20898,7533619,7534449,830
20899,7534449,7534712,263
20900,7534712,7534719,7
20901,7534719,7534819,100
20902,7534819,7535545,726
20903,7535545,7535621,76
20904,7535621,7535682,61
20905,7535682,7535946,264
20906,7535946,7536005,59
20907,7536005,7536021,16
20908,7536021,7536376,355
20909,7536376,7536405,29
20910,7536405,7536675,270
20911,7536675,7536825,150
20912,7536825,7537157,332
20913,7537157,7537211,54
20914,7537211,7537274,63
20915,7537274,7537308,34
20916,7537308,7537781,473
20917,7537781,7537841,60
20918,7537841,7538034,193
20919,7538034,7538284,250
20920,7538284,7538291,7
20921,7538291,7539397,1106
20922,7539397,7539748,351
20923,7539748,7540536,788
20924,7540536,7541163,627
20925,7541163,7541188,25
20926,7541188,7541203,15
20927,7541203,7541240,37
20928,7541240,7541377,137
20929,7541377,7542606,1229
20930,7542606,7542769,163
20931,7542769,7542882,113
20932,7542882,7542934,52
20933,7542934,7543222,288
20934,7543222,7543398,176
20935,7543398,7543841,443
20936,7543841,7543949,108
20937,7543949,7543986,37
20938,7543986,7544366,380
20939,7544366,7544383,17
20940,7544383,7544427,44
20941,7544427,7544885,458
20942,7544885,7545090,205
20943,7545090,7545678,588
20944,7545678,7546036,358
20945,7546036,7546082,46
20946,7546082,7546277,195
20947,7546277,7546416,139
20948,7546416,7546781,365
20949,7546781,7546787,6
20950,7546787,7546809,22
20951,7546809,7546816,7
20952,7546816,7546862,46
20953,7546862,7547211,349
20954,7547211,7547482,271
20955,7547482,7547677,195
20956,7547677,7547856,179
20957,7547856,7547901,45
20958,7547901,7548144,243
20959,7548144,7548300,156
20960,7548300,7548406,106
20961,7548406,7549030,624
20962,7549030,7549056,26
20963,7549056,7550610,1554
20964,7550610,7551530,920
20965,7551530,7551938,408
20966,7551938,7552107,169
20967,7552107,7552555,448
20968,7552555,7552823,268
20969,7552823,7552907,84
20970,7552907,7552935,28
20971,7552935,7553006,71
20972,7553006,7553116,110
20973,7553116,7553274,158
20974,7553274,7553604,330
20975,7553604,7553914,310
20976,7553914,7553947,33
20977,7553947,7554039,92
20978,7554039,7554241,202
20979,7554241,7554440,199
20980,7554440,7555551,1111
20981,7555551,7555683,132
20982,7555683,7555747,64
20983,7555747,7555752,5
20984,7555752,7556244,492
20985,7556244,7556263,19
20986,7556263,7556957,694
20987,7556957,7557057,100
20988,7557057,7558080,1023
20989,7558080,7558169,89
20990,7558169,7558976,807
20991,7558976,7559024,48
20992,7559024,7559133,109
20993,7559133,7559376,243
20994,7559376,7559381,5
20995,7559381,7559386,5
20996,7559386,7559391,5
20997,7559391,7559416,25
20998,7559416,7559572,156
20999,7559572,7559667,95
21000,7559667,7559937,270
21001,7559937,7560032,95
21002,7560032,7560401,369
21003,7560401,7560408,7
21004,7560408,7561055,647
21005,7561055,7561090,35
21006,7561090,7561234,144
21007,7561234,7561253,19
21008,7561253,7561282,29
21009,7561282,7561364,82
21010,7561364,7561372,8
21011,7561372,7561529,157
21012,7561529,7561537,8
21013,7561537,7561599,62
21014,7561599,7561632,33
21015,7561632,7561890,258
21016,7561890,7561925,35
21017,7561925,7561938,13
21018,7561938,7562427,489
21019,7562427,7562506,79
21020,7562506,7562615,109
21021,7562615,7562683,68
21022,7562683,7562764,81
21023,7562764,7562873,109
21024,7562873,7563080,207
21025,7563080,7563211,131
21026,7563211,7563232,21
21027,7563232,7563287,55
21028,7563287,7563384,97
21029,7563384,7563406,22
21030,7563406,7563489,83
21031,7563489,7563611,122
21032,7563611,7563771,160
21033,7563771,7563778,7
21034,7563778,7563819,41
21035,7563819,7563845,26
21036,7563845,7563872,27
21037,7563872,7563964,92
21038,7563964,7564085,121
21039,7564085,7564142,57
21040,7566241,7567079,838
21041,7567079,7567202,123
21042,7567202,7568228,1026
21043,7568228,7568235,7
21044,7568235,7568743,508
21045,7568743,7569055,312
21046,7569055,7569284,229
21047,7569284,7569325,41
21048,7569325,7569341,16
21049,7569341,7569382,41
21050,7569382,7569499,117
21051,7569499,7569504,5
21052,7569504,7569509,5
21053,7569509,7569519,10
21054,7569519,7569554,35
21055,7569554,7569558,4
21056,7569558,7569566,8
21057,7569566,7570072,506
21058,7570072,7570308,236
21059,7570308,7570407,99
21060,7570407,7570420,13
21061,7570420,7570594,174
21062,7570594,7570885,291
21063,7570885,7571336,451
21064,7571336,7571372,36
21065,7571372,7571563,191
21066,7571563,7572154,591
21067,7572154,7572201,47
21068,7572201,7572220,19
21069,7572220,7572904,684
21070,7572904,7574190,1286
21071,7574190,7574224,34
21072,7574224,7574792,568
21073,7574792,7574843,51
21074,7574843,7574865,22
21075,7574865,7575145,280
21076,7575145,7575198,53
21077,7575198,7575208,10
21078,7575208,7575254,46
21079,7575254,7575260,6
21080,7575260,7575276,16
21081,7575276,7575432,156
21082,7575432,7575616,184
21083,7575616,7575627,11
21084,7575627,7575729,102
21085,7575729,7575760,31
21086,7575760,7576151,391
21087,7576151,7576167,16
21088,7576167,7576250,83
21089,7576250,7576339,89
21090,7576339,7576345,6
21091,7576345,7576443,98
21092,7576443,7576560,117
21093,7576560,7576873,313
21094,7576873,7577410,537
21095,7577410,7578724,1314
21096,7578724,7578880,156
21097,7578880,7578973,93
21098,7578973,7579994,1021
21099,7579994,7580104,110
21100,7580104,7580112,8
21101,7580112,7580758,646
21102,7580758,7580811,53
21103,7580811,7582368,1557
21104,7582368,7582376,8
21105,7582376,7582384,8
21106,7582384,7582392,8
21107,7582392,7582400,8
21108,7582400,7582434,34
21109,7582434,7582624,190
21110,7582624,7583076,452
21111,7583076,7584047,971
21112,7584047,7584131,84
21113,7584131,7584165,34
21114,7584165,7584469,304
21115,7584469,7584833,364
21116,7584833,7584902,69
21117,7584902,7585118,216
21118,7585118,7585499,381
21119,7585499,7585592,93
21120,7585592,7588095,2503
21121,7588095,7588261,166
21122,7590501,7590754,253
21123,7590754,7590857,103
21124,7590857,7591321,464
21125,7591321,7591531,210
21126,7591531,7592572,1041
21127,7592572,7592946,374
21128,7592946,7593038,92
21129,7593038,7593243,205
21130,7593243,7593854,611
21131,7593854,7593910,56
21132,7593910,7593966,56
21133,7593966,7594081,115
21134,7594081,7594200,119
21135,7594200,7594977,777
21136,7594977,7595352,375
21137,7595352,7595569,217
21138,7595569,7595689,120
21139,7595689,7595860,171
21140,7595860,7595973,113
21141,7595973,7596014,41
21142,7596014,7596046,32
21143,7596046,7596437,391
21144,7596437,7596497,60
21145,7596497,7596518,21
21146,7596518,7596798,280
21147,7596798,7596901,103
21148,7596901,7596964,63
21149,7596964,7597048,84
21150,7597048,7597763,715
21151,7597763,7598895,1132
21152,7598895,7599011,116
21153,7599011,7599369,358
21154,7599369,7600939,1570
21155,7600939,7601545,606
21156,7601545,7601597,52
21157,7601597,7601620,23
21158,7601620,7601934,314
21159,7601934,7602225,291
21160,7602225,7602234,9
21161,7602234,7603162,928
21162,7603162,7605247,2085
21163,7605247,7605522,275
21164,7605522,7607139,1617
21165,7607139,7608719,1580
21166,7608719,7609457,738
21167,7609457,7610434,977
21168,7610434,7610754,320
21169,7610754,7611047,293
21170,7611047,7611213,166
21171,7611213,7611260,47
21172,7611260,7611275,15
21173,7611275,7611285,10
21174,7611285,7611332,47
21175,7611332,7611357,25
21176,7611357,7611660,303
21177,7611660,7612327,667
21178,7612327,7612332,5
21179,7612332,7612593,261
21180,7612593,7612878,285
21181,7612878,7612903,25
21182,7612903,7613041,138
21183,7613041,7613394,353
21184,7613394,7613586,192
21185,7613586,7613598,12
21186,7613598,7614368,770
21187,7614368,7614536,168
21188,7614536,7614621,85
21189,7614621,7615363,742
21190,7615363,7615410,47
21191,7615410,7615508,98
21192,7615508,7616089,581
21193,7616089,7616095,6
21194,7616095,7616107,12
21195,7616107,7616365,258
21196,7616365,7616583,218
21197,7616583,7616719,136
21198,7616719,7616727,8
21199,7616727,7616920,193
21200,7616920,7616978,58
21201,7616978,7617014,36
21202,7617014,7617315,301
21203,7617315,7617324,9
21204,7617324,7618034,710
21205,7618034,7618228,194
21206,7618228,7618353,125
21207,7618353,7618555,202
21208,7618555,7618620,65
21209,7618620,7618724,104
21210,7618724,7618735,11
21211,7618735,7618927,192
21212,7618927,7619308,381
21213,7619308,7620073,765
21214,7620073,7620250,177
21215,7620250,7622283,2033
21216,7622283,7622361,78
21217,7622361,7622602,241
21218,7622602,7622796,194
21219,7622796,7622821,25
21220,7622821,7623251,430
21221,7623251,7623341,90
21222,7623341,7623592,251
21223,7623592,7623720,128
21224,7623720,7623816,96
21225,7623816,7626284,2468
21226,7626284,7627673,1389
21227,7627673,7627703,30
21228,7630981,7631548,567
21229,7631548,7631792,244
21230,7631792,7632404,612
21231,7632404,7632553,149
21232,7632553,7633351,798
21233,7633351,7633695,344
21234,7633695,7633704,9
21235,7633704,7634138,434
21236,7634138,7634228,90
21237,7634228,7636212,1984
21238,7639958,7640327,369
21239,7640327,7641308,981
21240,7641308,7642446,1138
21241,7642446,7643870,1424
21242,7643870,7644559,689
21243,7644559,7645023,464
21244,7645023,7645313,290
21245,7645313,7645756,443
21246,7645756,7646646,890
21247,7646646,7649211,2565
21248,7649211,7650556,1345
21249,7650556,7650573,17
21250,7650573,7650947,374
21251,7650947,7650976,29
21252,7650976,7651805,829
21253,7651805,7651841,36
21254,7651841,7651864,23
21255,7651864,7651974,110
21256,7651974,7652848,874
21257,7652848,7654262,1414
21258,7654262,7654678,416
21259,7654678,7656271,1593
21260,7656271,7657615,1344
21261,7657615,7657643,28
21262,7657643,7658564,921
21263,7658564,7659045,481
21264,7659045,7659577,532
21265,7659577,7660298,721
21266,7660298,7660374,76
21267,7660374,7660684,310
21268,7660684,7660741,57
21269,7660741,7660825,84
21270,7660825,7660969,144
21271,7660969,7661178,209
21272,7661178,7661224,46
21273,7661224,7662026,802
21274,7662026,7662307,281
21275,7662307,7663247,940
21276,7663247,7664267,1020
21277,7664267,7664344,77
21278,7664344,7664942,598
21279,7664942,7664961,19
21280,7664961,7665016,55
21281,7665016,7665907,891
21282,7665907,7667087,1180
21283,7667087,7667227,140
21284,7667227,7668278,1051
21285,7668278,7669343,1065
21286,7669343,7670712,1369
21287,7670712,7670792,80
21288,7670792,7670836,44
21289,7670836,7670958,122
21290,7670958,7671629,671
21291,7671629,7671681,52
21292,7671681,7671985,304
21293,7671985,7672069,84
21294,7672069,7672203,134
21295,7672203,7672934,731
21296,7672934,7672963,29
21297,7672963,7673037,74
21298,7673037,7673286,249
21299,7673286,7673387,101
21300,7673387,7673452,65
21301,7673452,7673567,115
21302,7673567,7673822,255
21303,7673822,7673873,51
21304,7673873,7674233,360
21305,7674233,7674256,23
21306,7674256,7674260,4
21307,7674260,7674327,67
21308,7674327,7674382,55
21309,7674382,7675008,626
21310,7675008,7675032,24
21311,7675032,7675257,225
21312,7675257,7675334,77
21313,7675334,7675968,634
21314,7675968,7676439,471
21315,7676439,7676841,402
21316,7676841,7677197,356
21317,7677197,7677378,181
21318,7677378,7677549,171
21319,7677549,7677744,195
21320,7677744,7677852,108
21321,7677852,7677992,140
21322,7677992,7678040,48
21323,7678040,7678090,50
21324,7678090,7679030,940
21325,7679030,7679190,160
21326,7679190,7679453,263
21327,7679453,7679859,406
21328,7679859,7680001,142
21329,7680001,7680169,168
21330,7680169,7680313,144
21331,7680313,7680489,176
21332,7680489,7680918,429
21333,7680918,7681058,140
21334,7681058,7681226,168
21335,7681226,7681370,144
21336,7681370,7681543,173
21337,7681543,7682045,502
21338,7682045,7682449,404
21339,7682449,7682931,482
21340,7682931,7683109,178
21341,7683109,7683272,163
21342,7683272,7684272,1000
21343,7684272,7684962,690
21344,7684962,7684985,23
21345,7684985,7685815,830
21346,7685815,7685863,48
21347,7685863,7686350,487
21348,7686350,7686474,124
21349,7686474,7686633,159
21350,7686633,7686763,130
21351,7686763,7686832,69
21352,7686832,7686891,59
21353,7686891,7687211,320
21354,7687211,7687429,218
21355,7687429,7687552,123
21356,7687552,7687686,134
21357,7687686,7687737,51
21358,7687737,7687856,119
21359,7687856,7688015,159
21360,7688015,7688107,92
21361,7688107,7688140,33
21362,7688140,7688456,316
21363,7688456,7688755,299
21364,7688755,7689258,503
21365,7689258,7689369,111
21366,7689369,7690276,907
21367,7690276,7690395,119
21368,7690395,7690517,122
21369,7690517,7691084,567
21370,7691084,7691091,7
21371,7691091,7691218,127
21372,7691218,7691225,7
21373,7691225,7691229,4
21374,7695628,7696268,640
21375,7696268,7697424,1156
21376,7697424,7699533,2109
21377,7699533,7701939,2406
21378,7701939,7702438,499
21379,7702438,7702826,388
21380,7702826,7702906,80
21381,7702906,7702943,37
21382,7702943,7703240,297
21383,7703240,7703276,36
21384,7703276,7703826,550
21385,7703826,7704349,523
21386,7704349,7706247,1898
21387,7706247,7706608,361
21388,7706608,7707101,493
21389,7707101,7707696,595
21390,7707696,7707829,133
21391,7707829,7707837,8
21392,7707837,7708794,957
21393,7708794,7708904,110
21394,7708904,7709065,161
21395,7709065,7709073,8
21396,7709073,7709090,17
21397,7709090,7709098,8
21398,7709098,7709260,162
21399,7709260,7710194,934
21400,7710194,7710310,116
21401,7710310,7711525,1215
21402,7711525,7712657,1132
21403,7712657,7712773,116
21404,7712773,7712908,135
21405,7712908,7713009,101
21406,7713009,7713240,231
21407,7713240,7713317,77
21408,7713317,7713558,241
21409,7713558,7713579,21
21410,7713579,7714302,723
21411,7714302,7715108,806
21412,7715108,7716390,1282
21413,7716390,7716904,514
21414,7716904,7717331,427
21415,7717331,7717547,216
21416,7717547,7717762,215
21417,7717762,7717775,13
21418,7717775,7718320,545
21419,7718320,7718365,45
21420,7718365,7718896,531
21421,7718896,7719707,811
21422,7719707,7719749,42
21423,7719749,7719795,46
21424,7719795,7721033,1238
21425,7721033,7721827,794
21426,7721827,7721931,104
21427,7721931,7722038,107
21428,7722038,7722086,48
21429,7722086,7722584,498
21430,7722584,7722606,22
21431,7722606,7722862,256
21432,7722862,7723228,366
21433,7723228,7723700,472
21434,7723700,7723737,37
21435,7723737,7723819,82
21436,7723819,7724120,301
21437,7724120,7724326,206
21438,7724326,7724649,323
21439,7724649,7724896,247
21440,7724896,7725011,115
21441,7725011,7725073,62
21442,7725073,7725479,406
21443,7725479,7725704,225
21444,7725704,7725733,29
21445,7725733,7725838,105
21446,7725838,7726026,188
21447,7726026,7726268,242
21448,7726268,7726791,523
21449,7726791,7726857,66
21450,7726857,7727116,259
21451,7727116,7727203,87
21452,7727203,7727259,56
21453,7727259,7727280,21
21454,7727280,7727409,129
21455,7727409,7727422,13
21456,7727422,7727439,17
21457,7727439,7727643,204
21458,7727643,7727775,132
21459,7727775,7728177,402
21460,7728177,7728919,742
21461,7728919,7729135,216
21462,7729135,7729261,126
21463,7729261,7729842,581
21464,7729842,7729990,148
21465,7729990,7730034,44
21466,7730034,7730567,533
21467,7730567,7730678,111
21468,7730678,7730868,190
21469,7730868,7730897,29
21470,7730897,7731016,119
21471,7731016,7731188,172
21472,7731188,7731311,123
21473,7731311,7731482,171
21474,7731482,7731814,332
21475,7731814,7731999,185
21476,7731999,7732030,31
21477,7732030,7732145,115
21478,7732145,7732384,239
21479,7732384,7732675,291
21480,7732675,7732791,116
21481,7732791,7733042,251
21482,7733042,7733156,114
21483,7733156,7733400,244
21484,7733400,7733643,243
21485,7733643,7733800,157
21486,7733800,7733935,135
21487,7733935,7733942,7
21488,7733942,7734088,146
21489,7734088,7734313,225
21490,7734313,7735389,1076
21491,7735389,7735769,380
21492,7735769,7735828,59
21493,7735828,7735876,48
21494,7735876,7736193,317
21495,7736193,7737903,1710
21496,7737903,7738060,157
21497,7738060,7738380,320
21498,7738380,7738701,321
21499,7738701,7738764,63
21500,7738764,7738768,4
21501,7738768,7739030,262
21502,7739030,7739044,14
21503,7739044,7739257,213
21504,7739257,7739264,7
21505,7739264,7739291,27
21506,7739291,7739338,47
21507,7739338,7740369,1031
21508,7740369,7741720,1351
21509,7741720,7741810,90
21510,7741810,7742563,753
21511,7742563,7743592,1029
21512,7743592,7743960,368
21513,7743960,7744956,996
21514,7744956,7745395,439
21515,7747967,7748133,166
21516,7748133,7748827,694
21517,7748827,7749941,1114
21518,7749941,7752098,2157
21519,7752098,7752233,135
21520,7752233,7753677,1444
21521,7753677,7754799,1122
21522,7754799,7755061,262
21523,7755061,7757005,1944
21524,7757005,7757871,866
21525,7757871,7759384,1513
21526,7759384,7759927,543
21527,7759927,7760296,369
21528,7763027,7764849,1822
21529,7764849,7765015,166
21530,7765015,7765137,122
21531,7765137,7765201,64
21532,7765201,7765524,323
21533,7765524,7765689,165
21534,7765689,7765709,20
21535,7765709,7765853,144
21536,7765853,7765877,24
21537,7765877,7765909,32
21538,7765909,7766098,189
21539,7766098,7766317,219
21540,7766317,7766400,83
21541,7766400,7766459,59
21542,7766459,7766589,130
21543,7766589,7767545,956
21544,7767545,7768250,705
21545,7768250,7768529,279
21546,7768529,7768535,6
21547,7768535,7768793,258
21548,7768793,7768805,12
21549,7768805,7769025,220
21550,7769025,7770708,1683
21551,7770708,7771679,971
21552,7771679,7772157,478
21553,7772157,7774428,2271
21554,7774428,7774434,6
21555,7774434,7775198,764
21556,7775198,7775534,336
21557,7775534,7776093,559
21558,7776093,7776756,663
21559,7776756,7778414,1658
21560,7778414,7778559,145
21561,7778559,7778578,19
21562,7778578,7778792,214
21563,7778792,7778828,36
21564,7778828,7778849,21
21565,7778849,7778864,15
21566,7778864,7778885,21
21567,7778885,7778906,21
21568,7778906,7778969,63
21569,7778969,7779549,580
21570,7779549,7780456,907
21571,7780456,7781262,806
21572,7781262,7781618,356
21573,7781618,7781745,127
21574,7781745,7781769,24
21575,7781769,7783124,1355
21576,7783124,7783334,210
21577,7783334,7783362,28
21578,7783362,7784330,968
21579,7784330,7784366,36
21580,7784366,7784591,225
21581,7784591,7784597,6
21582,7784597,7785553,956
21583,7785553,7786802,1249
21584,7786802,7786810,8
21585,7786810,7787384,574
21586,7787384,7788609,1225
21587,7788609,7788618,9
21588,7788618,7789269,651
21589,7789269,7789333,64
21590,7789333,7791254,1921
21591,7791254,7791644,390
21592,7791644,7791845,201
21593,7795506,7796681,1175
21594,7796681,7797053,372
21595,7797053,7797142,89
21596,7797142,7797155,13
21597,7797155,7798092,937
21598,7798092,7798789,697
21599,7798789,7801039,2250
21600,7801039,7802709,1670
21601,7802709,7803914,1205
21602,7803914,7805323,1409
21603,7805323,7805833,510
21604,7805833,7806852,1019
21605,7806852,7807375,523
21606,7807375,7808161,786
21607,7808161,7808254,93
21608,7808254,7809232,978
21609,7809232,7810055,823
21610,7810055,7810847,792
21611,7810847,7811286,439
21612,7811286,7811713,427
21613,7811713,7811937,224
21614,7811937,7813235,1298
21615,7813235,7813592,357
21616,7813592,7813950,358
21617,7813950,7814306,356
21618,7814306,7814664,358
21619,7814664,7815380,716
21620,7815380,7815738,358
21621,7815738,7816096,358
21622,7816096,7816452,356
21623,7816452,7818598,2146
21624,7818598,7819314,716
21625,7819314,7819672,358
21626,7819672,7820028,356
21627,7820028,7821100,1072
21628,7821100,7821458,358
21629,7821458,7821778,320
21630,7821778,7823585,1807
21631,7823585,7824246,661
21632,7824246,7825529,1283
21633,7825529,7826584,1055
21634,7826584,7826887,303
21635,7826887,7827533,646
21636,7827533,7827906,373
21637,7827906,7827925,19
21638,7827925,7829200,1275
21639,7829200,7829986,786
21640,7829986,7830254,268
21641,7830254,7831226,972
21642,7831226,7831695,469
21643,7833620,7833816,196
21644,7833816,7834551,735
21645,7834551,7834856,305
21646,7834856,7836889,2033
21647,7836889,7837158,269
21648,7837158,7837193,35
21649,7837193,7837323,130
21650,7837323,7837449,126
21651,7837449,7838749,1300
21652,7838749,7838811,62
21653,7838811,7839139,328
21654,7839139,7839528,389
21655,7839528,7841509,1981
21656,7841509,7841669,160
21657,7841669,7842071,402
21658,7842071,7842297,226
21659,7842297,7842447,150
21660,7842447,7842966,519
21661,7842966,7844500,1534
21662,7844500,7845530,1030
21663,7845530,7846027,497
21664,7846027,7846752,725
21665,7846752,7846851,99
21666,7846851,7848009,1158
21667,7848009,7849224,1215
21668,7849224,7850596,1372
21669,7850596,7852573,1977
21670,7852573,7852755,182
21671,7852755,7852931,176
21672,7852931,7852969,38
21673,7852969,7853031,62
21674,7853031,7853541,510
21675,7853541,7853867,326
21676,7853867,7853893,26
21677,7853893,7853904,11
21678,7853904,7853910,6
21679,7853910,7853987,77
21680,7853987,7854196,209
21681,7854196,7855307,1111
21682,7855307,7855865,558
21683,7855865,7856518,653
21684,7856518,7856861,343
21685,7856861,7858104,1243
21686,7858104,7858183,79
21687,7858183,7858361,178
21688,7858361,7858556,195
21689,7858556,7858680,124
21690,7858680,7859333,653
21691,7859333,7859719,386
21692,7859719,7860453,734
21693,7860453,7860636,183
21694,7860636,7860650,14
21695,7860650,7861855,1205
21696,7861855,7862053,198
21697,7862053,7862180,127
21698,7862180,7862200,20
21699,7862200,7862913,713
21700,7862913,7863341,428
21701,7863341,7864512,1171
21702,7864512,7864894,382
21703,7864894,7865883,989
21704,7865883,7866087,204
21705,7866087,7866129,42
21706,7866129,7866487,358
21707,7866487,7866644,157
21708,7866644,7867028,384
21709,7867028,7867379,351
21710,7867379,7867599,220
21711,7867599,7867742,143
21712,7867742,7867766,24
21713,7867766,7868015,249
21714,7868015,7868231,216
21715,7868231,7868365,134
21716,7868365,7868824,459
21717,7868824,7869093,269
21718,7869093,7869345,252
21719,7869345,7869413,68
21720,7869413,7869470,57
21721,7869470,7869480,10
21722,7869480,7869560,80
21723,7869560,7869582,22
21724,7869582,7869949,367
21725,7869949,7870045,96
21726,7870045,7870300,255
21727,7870300,7870748,448
21728,7870748,7870937,189
21729,7870937,7870982,45
21730,7870982,7871069,87
21731,7871069,7871144,75
21732,7871144,7871211,67
21733,7871211,7871232,21
21734,7871232,7871289,57
21735,7871289,7871310,21
21736,7871310,7871367,57
21737,7871367,7871388,21
21738,7871388,7871445,57
21739,7871445,7871466,21
21740,7871466,7871523,57
21741,7871523,7871544,21
21742,7871544,7871717,173
21743,7871717,7871859,142
21744,7871859,7871961,102
21745,7871961,7872032,71
21746,7872032,7872113,81
21747,7872113,7872168,55
21748,7872168,7872197,29
21749,7872197,7872467,270
21750,7872467,7872611,144
21751,7872611,7872918,307
21752,7872918,7873046,128
21753,7873046,7873065,19
21754,7873065,7873182,117
21755,7873182,7873186,4
21756,7873186,7873774,588
21757,7873774,7873792,18
21758,7873792,7874012,220
21759,7874012,7874966,954
21760,7874966,7874991,25
21761,7874991,7875062,71
21762,7875062,7875126,64
21763,7875126,7875218,92
21764,7875218,7875241,23
21765,7875241,7875389,148
21766,7875389,7875505,116
21767,7875505,7875518,13
21768,7875518,7875573,55
21769,7875573,7875836,263
21770,7875836,7875900,64
21771,7875900,7876224,324
21772,7876224,7876297,73
21773,7876297,7876475,178
21774,7876475,7876541,66
21775,7876541,7876732,191
21776,7876732,7877193,461
21777,7877193,7877250,57
21778,7877250,7877307,57
21779,7877307,7877363,56
21780,7877363,7877510,147
21781,7877510,7877546,36
21782,7877546,7877631,85
21783,7877631,7877842,211
21784,7877842,7878009,167
21785,7878009,7878053,44
21786,7878053,7878267,214
21787,7878267,7878637,370
21788,7878637,7879827,1190
21789,7879827,7879871,44
21790,7879871,7880001,130
21791,7880001,7880099,98
21792,7880099,7880118,19
21793,7880118,7880242,124
21794,7880242,7880441,199
21795,7880441,7880490,49
21796,7880490,7880553,63
21797,7880553,7880585,32
21798,7880585,7880636,51
21799,7880636,7880774,138
21800,7880774,7881253,479
21801,7881253,7881282,29
21802,7881282,7882133,851
21803,7882133,7882495,362
21804,7882495,7882579,84
21805,7882579,7882619,40
21806,7882619,7883199,580
21807,7883199,7883237,38
21808,7883237,7883448,211
21809,7883448,7883489,41
21810,7883489,7883496,7
21811,7883496,7883561,65
21812,7883561,7883725,164
21813,7883725,7883933,208
21814,7883933,7883963,30
21815,7883963,7884113,150
21816,7884113,7884784,671
21817,7884784,7884886,102
21818,7884886,7884928,42
21819,7884928,7885130,202
21820,7885130,7885430,300
21821,7885430,7885553,123
21822,7885553,7885655,102
21823,7885655,7885872,217
21824,7885872,7885930,58
21825,7885930,7885934,4
21826,7885934,7886162,228
21827,7886162,7886229,67
21828,7886229,7886283,54
21829,7886283,7886342,59
21830,7886342,7886350,8
21831,7886350,7886424,74
21832,7886424,7886475,51
21833,7886475,7886502,27
21834,7886502,7886568,66
21835,7886568,7886779,211
21836,7886779,7886877,98
21837,7886877,7887387,510
21838,7887387,7887610,223
21839,7887610,7887757,147
21840,7887757,7887977,220
21841,7887977,7888056,79
21842,7888056,7888103,47
21843,7888103,7889280,1177
21844,7889280,7889289,9
21845,7889289,7889294,5
21846,7889294,7889570,276
21847,7889570,7889667,97
21848,7889667,7890262,595
21849,7890262,7890283,21
21850,7890283,7890370,87
21851,7890370,7890703,333
21852,7890703,7890728,25
21853,7890728,7890739,11
21854,7890739,7890785,46
21855,7890785,7890886,101
21856,7890886,7890961,75
21857,7890961,7891158,197
21858,7891158,7891186,28
21859,7891186,7891413,227
21860,7891413,7891561,148
21861,7891561,7892047,486
21862,7892047,7892074,27
21863,7892074,7892223,149
21864,7892223,7892348,125
21865,7892348,7892810,462
21866,7892810,7893329,519
21867,7893329,7893409,80
21868,7893409,7894249,840
21869,7894249,7894368,119
21870,7894368,7894651,283
21871,7894651,7895170,519
21872,7895170,7895256,86
21873,7895256,7895844,588
21874,7895844,7895937,93
21875,7895937,7896135,198
21876,7896135,7896475,340
21877,7896475,7896505,30
21878,7896505,7896780,275
21879,7896780,7897289,509
21880,7897289,7897548,259
21881,7897548,7898010,462
21882,7898010,7898405,395
21883,7898405,7898479,74
21884,7898479,7898738,259
21885,7898738,7899200,462
21886,7899200,7899591,391
21887,7899591,7899685,94
21888,7899685,7899699,14
21889,7899699,7899897,198
21890,7899897,7899957,60
21891,7899957,7900077,120
21892,7900077,7900637,560
21893,7900637,7901149,512
21894,7901149,7901355,206
21895,7901355,7901535,180
21896,7901535,7902050,515
21897,7902050,7902210,160
21898,7902210,7902511,301
21899,7902511,7902523,12
21900,7902523,7902556,33
21901,7902556,7902580,24
21902,7902580,7902658,78
21903,7902658,7902676,18
21904,7902676,7902706,30
21905,7902706,7902842,136
21906,7902842,7903045,203
21907,7903045,7904098,1053
21908,7904098,7904309,211
21909,7904309,7904393,84
21910,7904393,7904557,164
21911,7904557,7904868,311
21912,7904868,7904901,33
21913,7904901,7905109,208
21914,7905109,7905174,65
21915,7905174,7905270,96
21916,7905270,7905419,149
21917,7905419,7905785,366
21918,7905785,7905792,7
21919,7905792,7906447,655
21920,7906447,7906457,10
21921,7906457,7906682,225
21922,7906682,7906727,45
21923,7906727,7906796,69
21924,7906796,7906922,126
21925,7906922,7907330,408
21926,7907330,7907470,140
21927,7907470,7908391,921
21928,7908391,7909281,890
21929,7909281,7909509,228
21930,7909509,7909807,298
21931,7909807,7910171,364
21932,7910171,7910429,258
21933,7910429,7910745,316
21934,7910745,7910880,135
21935,7910880,7910910,30
21936,7910910,7910922,12
21937,7910922,7911022,100
21938,7911022,7911123,101
21939,7911123,7911355,232
21940,7911355,7911985,630
21941,7911985,7912442,457
21942,7912442,7913501,1059
21943,7913501,7913578,77
21944,7913578,7913647,69
21945,7913647,7913669,22
21946,7913669,7913692,23
21947,7913692,7913728,36
21948,7913728,7914228,500
21949,7914228,7914361,133
21950,7914361,7914504,143
21951,7914504,7914694,190
21952,7914694,7914745,51
21953,7914745,7914751,6
21954,7914751,7914976,225
21955,7914976,7915072,96
21956,7915072,7915117,45
21957,7915117,7915153,36
21958,7915153,7915183,30
21959,7915183,7915292,109
21960,7915292,7915340,48
21961,7915340,7915798,458
21962,7915798,7915972,174
21963,7915972,7916094,122
21964,7916094,7916225,131
21965,7916225,7916381,156
21966,7916381,7916471,90
21967,7916471,7916584,113
21968,7916584,7916602,18
21969,7916602,7916614,12
21970,7916614,7916727,113
21971,7916727,7916780,53
21972,7916780,7917174,394
21973,7917174,7917192,18
21974,7917192,7917264,72
21975,7917264,7917812,548
21976,7917812,7918459,647
21977,7918459,7918615,156
21978,7918615,7918808,193
21979,7918808,7919095,287
21980,7919095,7919402,307
21981,7919402,7919504,102
21982,7919504,7919775,271
21983,7919775,7919894,119
21984,7919894,7921003,1109
21985,7921003,7921010,7
21986,7921010,7921088,78
21987,7921088,7921175,87
21988,7921175,7921216,41
21989,7921216,7921722,506
21990,7921722,7921839,117
21991,7921839,7921858,19
21992,7921858,7921902,44
21993,7921902,7922576,674
21994,7922576,7922920,344
21995,7922920,7923922,1002
21996,7923922,7924793,871
21997,7924793,7924936,143
21998,7924936,7925397,461
21999,7925397,7926432,1035
22000,7926432,7926716,284
22001,7926716,7927177,461
22002,7927177,7928123,946
22003,7928123,7928195,72
22004,7928195,7928244,49
22005,7928244,7928387,143
22006,7928387,7928535,148
22007,7928535,7928796,261
22008,7928796,7928910,114
22009,7928910,7929072,162
22010,7929072,7929081,9
22011,7929081,7929204,123
22012,7929204,7929227,23
22013,7929227,7929324,97
22014,7929324,7929645,321
22015,7929645,7929780,135
22016,7929780,7929934,154
22017,7929934,7929943,9
22018,7929943,7931048,1105
22019,7931048,7932083,1035
22020,7932083,7932200,117
22021,7932200,7932246,46
22022,7932246,7932363,117
22023,7932363,7932521,158
22024,7932521,7932589,68
22025,7932589,7933046,457
22026,7933046,7934013,967
22027,7934013,7934107,94
22028,7934107,7934168,61
22029,7934168,7934225,57
22030,7934225,7935179,954
22031,7935179,7935276,97
22032,7935276,7935337,61
22033,7935337,7935394,57
22034,7935394,7935722,328
22035,7935722,7936400,678
22036,7936400,7936669,269
22037,7936669,7937061,392
22038,7937061,7937100,39
22039,7937100,7937173,73
22040,7937173,7937450,277
22041,7937450,7937487,37
22042,7937487,7937669,182
22043,7937669,7938725,1056
22044,7938725,7938729,4
22045,7938729,7939911,1182
22046,7939911,7939941,30
22047,7939941,7940093,152
22048,7940093,7940097,4
22049,7940097,7940289,192
22050,7940289,7940409,120
22051,7940409,7940438,29
22052,7940438,7940560,122
22053,7940560,7940781,221
22054,7940781,7941119,338
22055,7941119,7941392,273
22056,7941392,7941588,196
22057,7941588,7941754,166
22058,7941754,7942244,490
22059,7942244,7942304,60
22060,7942304,7942528,224
22061,7942528,7942554,26
22062,7942554,7942812,258
22063,7942812,7942965,153
22064,7942965,7942986,21
22065,7942986,7943214,228
22066,7943214,7943273,59
22067,7943273,7943427,154
22068,7943427,7943535,108
22069,7943535,7943623,88
22070,7943623,7943879,256
22071,7943879,7943953,74
22072,7943953,7943990,37
22073,7943990,7945003,1013
22074,7945003,7945843,840
22075,7945843,7945947,104
22076,7945947,7945951,4
22077,7945951,7945984,33
22078,7945984,7946111,127
22079,7946111,7946120,9
22080,7946120,7946302,182
22081,7946302,7946408,106
22082,7946408,7946592,184
22083,7946592,7946760,168
22084,7946760,7947428,668
22085,7947428,7947752,324
22086,7947752,7947954,202
22087,7947954,7948119,165
22088,7948119,7948284,165
22089,7948284,7948455,171
22090,7948455,7948466,11
22091,7948466,7948503,37
22092,7948503,7948527,24
22093,7948527,7948686,159
22094,7948686,7948743,57
22095,7948743,7948820,77
22096,7948820,7948863,43
22097,7948863,7949164,301
22098,7949164,7949298,134
22099,7949298,7949483,185
22100,7949483,7950129,646
22101,7950129,7950258,129
22102,7950258,7950267,9
22103,7950267,7950506,239
22104,7950506,7950523,17
22105,7950523,7950726,203
22106,7950726,7950777,51
22107,7950777,7950954,177
22108,7950954,7951262,308
22109,7951262,7951373,111
22110,7951373,7951791,418
22111,7951791,7952049,258
22112,7952049,7952055,6
22113,7952055,7952233,178
22114,7952233,7952254,21
22115,7952254,7952289,35
22116,7952289,7952359,70
22117,7952359,7952495,136
22118,7952495,7952697,202
22119,7952697,7952713,16
22120,7952713,7953242,529
22121,7953242,7953348,106
22122,7953348,7954002,654
22123,7954002,7954026,24
22124,7954026,7954052,26
22125,7954052,7955109,1057
22126,7955109,7955182,73
22127,7955182,7955265,83
22128,7955265,7955359,94
22129,7955359,7955451,92
22130,7955451,7956017,566
22131,7956017,7956247,230
22132,7956247,7956354,107
22133,7956354,7956415,61
22134,7956415,7957506,1091
22135,7957506,7957794,288
22136,7957794,7957855,61
22137,7957855,7957967,112
22138,7957967,7957978,11
22139,7957978,7958165,187
22140,7958165,7958427,262
22141,7958427,7958929,502
22142,7958929,7959149,220
22143,7959149,7959798,649
22144,7959798,7960046,248
22145,7960046,7960108,62
22146,7960108,7960718,610
22147,7960718,7960727,9
22148,7960727,7961142,415
22149,7961142,7961276,134
22150,7961276,7961315,39
22151,7961315,7961707,392
22152,7961707,7961731,24
22153,7961731,7961832,101
22154,7961832,7961976,144
22155,7961976,7962007,31
22156,7962007,7962011,4
22157,7962011,7962027,16
22158,7962027,7962873,846
22159,7962873,7962896,23
22160,7962896,7962921,25
22161,7962921,7963038,117
22162,7963038,7963106,68
22163,7963106,7963137,31
22164,7963137,7963255,118
22165,7963255,7963703,448
22166,7963703,7963784,81
22167,7963784,7963864,80
22168,7963864,7963908,44
22169,7963908,7964076,168
22170,7964076,7964394,318
22171,7964394,7964432,38
22172,7964432,7965210,778
22173,7965210,7966190,980
22174,7966190,7967200,1010
22175,7967200,7967448,248
22176,7967448,7969409,1961
22177,7969409,7969465,56
22178,7969465,7969534,69
22179,7969534,7970236,702
22180,7970236,7971652,1416
22181,7971652,7972000,348
22182,7972000,7972488,488
22183,7975125,7975769,644
22184,7975769,7975909,140
22185,7975909,7975940,31
22186,7975940,7975945,5
22187,7975945,7976535,590
22188,7976535,7976565,30
22189,7976565,7976584,19
22190,7976584,7976625,41
22191,7976625,7976732,107
22192,7976732,7977388,656
22193,7977388,7977727,339
22194,7977727,7978172,445
22195,7978172,7978503,331
22196,7978503,7978510,7
22197,7978510,7979856,1346
22198,7979856,7980358,502
22199,7980358,7980427,69
22200,7980427,7981444,1017
22201,7981444,7981577,133
22202,7981577,7981666,89
22203,7981666,7981676,10
22204,7981676,7981814,138
22205,7981814,7981887,73
22206,7981887,7982383,496
22207,7982383,7982532,149
22208,7982532,7982818,286
22209,7982818,7984002,1184
22210,7984002,7984031,29
22211,7984031,7984090,59
22212,7984090,7984303,213
22213,7984303,7984560,257
22214,7984560,7984821,261
22215,7984821,7984901,80
22216,7984901,7984997,96
22217,7984997,7985344,347
22218,7985344,7985432,88
22219,7985432,7985624,192
22220,7985624,7985789,165
22221,7985789,7988362,2573
22222,7988362,7988368,6
22223,7988368,7989011,643
22224,7989011,7990558,1547
22225,7990558,7990570,12
22226,7990570,7991165,595
22227,7991165,7991221,56
22228,7991221,7992207,986
22229,7992207,7992684,477
22230,7992684,7993742,1058
22231,7993742,7993813,71
22232,7993813,7994186,373
22233,7994186,7994576,390
22234,7994576,7994646,70
22235,7994646,7996369,1723
22236,7996369,7996928,559
22237,7996928,7996941,13
22238,7996941,7997335,394
22239,7997335,7997582,247
22240,7997582,7999355,1773
22241,7999355,7999905,550
22242,7999905,8000812,907
22243,8000812,8001244,432
22244,8004810,8004872,62
22245,8004872,8006139,1267
22246,8006139,8006609,470
22247,8006609,8007153,544
22248,8007153,8007286,133
22249,8007286,8007894,608
22250,8007894,8009472,1578
22251,8009472,8009585,113
22252,8009585,8009905,320
22253,8009905,8011419,1514
22254,8011419,8013040,1621
22255,8013040,8013250,210
22256,8013250,8013600,350
22257,8013600,8013858,258
22258,8013858,8014661,803
22259,8014661,8014694,33
22260,8014694,8014942,248
22261,8014942,8015163,221
22262,8015163,8015447,284
22263,8015447,8015927,480
22264,8015927,8016230,303
22265,8016230,8016831,601
22266,8016831,8017139,308
22267,8017139,8017499,360
22268,8017499,8018370,871
22269,8018370,8018693,323
22270,8018693,8018770,77
22271,8018770,8019293,523
22272,8019293,8019700,407
22273,8019700,8019724,24
22274,8019724,8019766,42
22275,8019766,8019931,165
22276,8019931,8019970,39
22277,8019970,8020226,256
22278,8020226,8020582,356
22279,8020582,8020621,39
22280,8020621,8020768,147
22281,8020768,8021236,468
22282,8021236,8021389,153
22283,8021389,8021509,120
22284,8021509,8021972,463
22285,8021972,8022429,457
22286,8022429,8022875,446
22287,8022875,8023043,168
22288,8023043,8023054,11
22289,8023054,8023282,228
22290,8023282,8023542,260
22291,8023542,8024029,487
22292,8024029,8024042,13
22293,8024042,8024090,48
22294,8024090,8025627,1537
22295,8025627,8026090,463
22296,8026090,8026926,836
22297,8026926,8026962,36
22298,8026962,8027657,695
22299,8027657,8029017,1360
22300,8029017,8029599,582
22301,8029599,8030117,518
22302,8030117,8030203,86
22303,8030203,8031110,907
22304,8031110,8031951,841
22305,8031951,8033345,1394
22306,8033345,8033696,351
22307,8033696,8033843,147
22308,8033843,8033955,112
22309,8033955,8033966,11
22310,8033966,8033971,5
22311,8033971,8034312,341
22312,8034312,8034631,319
22313,8034631,8034857,226
22314,8034857,8034902,45
22315,8034902,8035071,169
22316,8035071,8035202,131
22317,8035202,8035786,584
22318,8035786,8036165,379
22319,8036165,8036349,184
22320,8036349,8037193,844
22321,8037193,8037461,268
22322,8037461,8037509,48
22323,8037509,8037528,19
22324,8037528,8038314,786
22325,8038314,8038600,286
22326,8038600,8039010,410
22327,8039010,8039230,220
22328,8039230,8039390,160
22329,8039390,8039414,24
22330,8039414,8039432,18
22331,8039432,8039785,353
22332,8039785,8039991,206
22333,8039991,8040352,361
22334,8040352,8041007,655
22335,8041007,8041172,165
22336,8041172,8041882,710
22337,8041882,8041900,18
22338,8041900,8042507,607
22339,8042507,8042755,248
22340,8042755,8043178,423
22341,8043178,8043255,77
22342,8043255,8043379,124
22343,8043379,8043532,153
22344,8043532,8043742,210
22345,8043742,8043822,80
22346,8043822,8043942,120
22347,8043942,8044223,281
22348,8044223,8044238,15
22349,8044238,8044455,217
22350,8044455,8044467,12
22351,8044467,8044737,270
22352,8044737,8044851,114
22353,8044851,8045831,980
22354,8045831,8045962,131
22355,8045962,8046550,588
22356,8046550,8046933,383
22357,8046933,8047631,698
22358,8047631,8047697,66
22359,8047697,8047925,228
22360,8047925,8047980,55
22361,8047980,8048099,119
22362,8048099,8048801,702
22363,8048801,8049137,336
22364,8049137,8049595,458
22365,8049595,8050643,1048
22366,8050643,8050664,21
22367,8050664,8050790,126
22368,8050790,8051446,656
22369,8051446,8051596,150
22370,8051596,8051658,62
22371,8051658,8051948,290
22372,8051948,8052425,477
22373,8052425,8052503,78
22374,8052503,8052586,83
22375,8052586,8052909,323
22376,8052909,8053020,111
22377,8053020,8053290,270
22378,8053290,8053401,111
22379,8053401,8053405,4
22380,8053405,8053535,130
22381,8053535,8053617,82
22382,8053617,8053760,143
22383,8053760,8053823,63
22384,8053823,8053978,155
22385,8053978,8054068,90
22386,8054068,8054725,657
22387,8054725,8054774,49
22388,8054774,8055016,242
22389,8055016,8055169,153
22390,8055169,8055199,30
22391,8055199,8055298,99
22392,8055298,8055490,192
22393,8055490,8055600,110
22394,8055600,8055785,185
22395,8055785,8057602,1817
22396,8059504,8060814,1310
22397,8060814,8061703,889
22398,8061703,8061851,148
22399,8061851,8062418,567
22400,8062418,8062966,548
22401,8062966,8063900,934
22402,8063900,8063959,59
22403,8063959,8064001,42
22404,8064001,8064369,368
22405,8064369,8064585,216
22406,8064585,8064603,18
22407,8064603,8065618,1015
22408,8065618,8065624,6
22409,8065624,8065756,132
22410,8065756,8065771,15
22411,8065771,8066194,423
22412,8066194,8066676,482
22413,8066676,8066714,38
22414,8066714,8066723,9
22415,8066723,8066741,18
22416,8066741,8067146,405
22417,8067146,8067153,7
22418,8067153,8067330,177
22419,8067330,8067609,279
22420,8067609,8067733,124
22421,8067733,8067756,23
22422,8067756,8067955,199
22423,8067955,8068083,128
22424,8068083,8068159,76
22425,8068159,8068269,110
22426,8068269,8068324,55
22427,8068324,8068500,176
22428,8068500,8068719,219
22429,8068719,8068726,7
22430,8068726,8069971,1245
22431,8069971,8070301,330
22432,8070301,8070469,168
22433,8070469,8070559,90
22434,8070559,8070736,177
22435,8070736,8070742,6
22436,8070742,8070998,256
22437,8070998,8071261,263
22438,8071261,8071731,470
22439,8071731,8071749,18
22440,8071749,8071784,35
22441,8071784,8072030,246
22442,8072030,8072172,142
22443,8072172,8072226,54
22444,8072226,8072310,84
22445,8072310,8072489,179
22446,8072489,8072589,100
22447,8072589,8072788,199
22448,8072788,8072838,50
22449,8072838,8072919,81
22450,8072919,8072958,39
22451,8072958,8072989,31
22452,8072989,8073574,585
22453,8073574,8073646,72
22454,8073646,8073652,6
22455,8073652,8073735,83
22456,8073735,8073816,81
22457,8073816,8073825,9
22458,8073825,8073853,28
22459,8073853,8073987,134
22460,8073987,8074426,439
22461,8074426,8074513,87
22462,8074513,8074551,38
22463,8074551,8074927,376
22464,8074927,8075333,406
22465,8075333,8075604,271
22466,8075604,8075659,55
22467,8075659,8076219,560
22468,8076219,8076558,339
22469,8076558,8076627,69
22470,8076627,8076812,185
22471,8076812,8077068,256
22472,8077068,8077494,426
22473,8077494,8077578,84
22474,8077578,8077757,179
22475,8077757,8077881,124
22476,8077881,8077896,15
22477,8077896,8077913,17
22478,8077913,8078003,90
22479,8078003,8078152,149
22480,8078152,8078712,560
22481,8078712,8078781,69
22482,8078781,8078785,4
22483,8078785,8078865,80
22484,8078865,8079262,397
22485,8079262,8079349,87
22486,8079349,8079447,98
22487,8079447,8079573,126
22488,8079573,8079636,63
22489,8079636,8079753,117
22490,8079753,8079843,90
22491,8079843,8080099,256
22492,8080099,8080528,429
22493,8080528,8080675,147
22494,8080675,8080920,245
22495,8080920,8080987,67
22496,8080987,8081017,30
22497,8081017,8081124,107
22498,8081124,8081170,46
22499,8081170,8081278,108
22500,8081278,8081478,200
22501,8081478,8081529,51
22502,8081529,8081874,345
22503,8081874,8081879,5
22504,8081879,8081884,5
22505,8081884,8081889,5
22506,8081889,8082096,207
22507,8082096,8082223,127
22508,8082223,8082267,44
22509,8082267,8082332,65
22510,8082332,8082702,370
22511,8082702,8082929,227
22512,8082929,8082952,23
22513,8082952,8083266,314
22514,8083266,8083281,15
22515,8083281,8083724,443
22516,8083724,8083876,152
22517,8083876,8083920,44
22518,8083920,8084080,160
22519,8084080,8084304,224
22520,8084304,8084325,21
22521,8084325,8084551,226
22522,8084551,8084607,56
22523,8084607,8084654,47
22524,8084654,8085082,428
22525,8085082,8086192,1110
22526,8086192,8087085,893
22527,8087085,8087791,706
22528,8087791,8088107,316
22529,8088107,8088270,163
22530,8088270,8088483,213
22531,8088483,8088487,4
22532,8088487,8088491,4
22533,8088491,8088674,183
22534,8088674,8088889,215
22535,8088889,8088899,10
22536,8088899,8089041,142
22537,8089041,8089499,458
22538,8089499,8089559,60
22539,8089559,8089638,79
22540,8089638,8089803,165
22541,8089803,8089812,9
22542,8089812,8090504,692
22543,8090504,8091114,610
22544,8091114,8091118,4
22545,8091118,8091708,590
22546,8091708,8093404,1696
22547,8093404,8094333,929
22548,8094333,8094700,367
22549,8094700,8094724,24
22550,8094724,8094814,90
22551,8094814,8095288,474
22552,8095288,8095424,136
22553,8095424,8095437,13
22554,8095437,8095895,458
22555,8095895,8096254,359
22556,8096254,8096377,123
22557,8096377,8096388,11
22558,8096388,8096481,93
22559,8096481,8096695,214
22560,8096695,8096741,46
22561,8096741,8096752,11
22562,8096752,8097067,315
22563,8097067,8097097,30
22564,8097097,8097279,182
22565,8097279,8097505,226
22566,8097505,8097764,259
22567,8097764,8097807,43
22568,8097807,8098140,333
22569,8098140,8098819,679
22570,8098819,8099215,396
22571,8099215,8100063,848
22572,8100063,8100703,640
22573,8100703,8101596,893
22574,8101596,8102011,415
22575,8102011,8102171,160
22576,8102171,8103055,884
22577,8103055,8103140,85
22578,8103140,8103156,16
22579,8103156,8103285,129
22580,8103285,8103529,244
22581,8103529,8103936,407
22582,8103936,8104048,112
22583,8104048,8104107,59
22584,8104107,8104130,23
22585,8104130,8104447,317
22586,8104447,8104537,90
22587,8104537,8104647,110
22588,8104647,8104743,96
22589,8104743,8104881,138
22590,8104881,8105011,130
22591,8105011,8105034,23
22592,8105034,8105393,359
22593,8105393,8105636,243
22594,8105636,8105672,36
22595,8105672,8105774,102
22596,8105774,8105831,57
22597,8105831,8106025,194
22598,8106025,8106529,504
22599,8106529,8106820,291
22600,8106820,8106962,142
22601,8106962,8107089,127
22602,8107089,8107094,5
22603,8107094,8107328,234
22604,8107328,8107590,262
22605,8107590,8107856,266
22606,8107856,8108044,188
22607,8108044,8108104,60
22608,8108104,8108146,42
22609,8108146,8109815,1669
22610,8109815,8111435,1620
22611,8111435,8111668,233
22612,8111668,8111810,142
22613,8111810,8111843,33
22614,8111843,8112198,355
22615,8112198,8112386,188
22616,8112386,8112432,46
22617,8112432,8112515,83
22618,8112515,8113472,957
22619,8113472,8113757,285
22620,8113757,8113966,209
22621,8113966,8115827,1861
22622,8115827,8117701,1874
22623,8117701,8117818,117
22624,8117818,8118853,1035
22625,8118853,8119177,324
22626,8119177,8119375,198
22627,8119375,8119486,111
22628,8119486,8119522,36
22629,8119522,8119533,11
22630,8119533,8119543,10
22631,8119543,8119806,263
22632,8119806,8120770,964
22633,8120770,8120934,164
22634,8120934,8121418,484
22635,8121418,8121502,84
22636,8121502,8121768,266
22637,8121768,8121878,110
22638,8121878,8121922,44
22639,8121922,8122055,133
22640,8122055,8122341,286
22641,8122341,8122986,645
22642,8122986,8123953,967
22643,8123953,8124128,175
22644,8124128,8124557,429
22645,8124557,8125943,1386
22646,8125943,8126474,531
22647,8126474,8126485,11
22648,8126485,8126504,19
22649,8126504,8126616,112
22650,8126616,8126674,58
22651,8126674,8126840,166
22652,8126840,8126875,35
22653,8126875,8127657,782
22654,8127657,8128716,1059
22655,8128716,8129153,437
22656,8129153,8129445,292
22657,8129445,8129524,79
22658,8129524,8129596,72
22659,8129596,8129706,110
22660,8129706,8129713,7
22661,8129713,8130350,637
22662,8130350,8130457,107
22663,8130457,8130646,189
22664,8130646,8130890,244
22665,8130890,8131317,427
22666,8131317,8131595,278
22667,8131595,8132225,630
22668,8132225,8132385,160
22669,8132385,8132393,8
22670,8132393,8132595,202
22671,8132595,8132648,53
22672,8132648,8132787,139
22673,8132787,8133144,357
22674,8133144,8133165,21
22675,8133165,8133192,27
22676,8133192,8133395,203
22677,8133395,8133563,168
22678,8133563,8133611,48
22679,8133611,8133765,154
22680,8133765,8133779,14
22681,8133779,8133810,31
22682,8133810,8133828,18
22683,8133828,8134068,240
22684,8134068,8134293,225
22685,8134293,8134550,257
22686,8134550,8135277,727
22687,8135277,8135349,72
22688,8135349,8135374,25
22689,8135374,8135548,174
22690,8135548,8135820,272
22691,8135820,8135875,55
22692,8135875,8135883,8
22693,8135883,8135925,42
22694,8135925,8135982,57
22695,8135982,8136042,60
22696,8136042,8136230,188
22697,8136230,8136575,345
22698,8136575,8136581,6
22699,8136581,8136668,87
22700,8136668,8137695,1027
22701,8137695,8137932,237
22702,8137932,8138073,141
22703,8138073,8139122,1049
22704,8139122,8139274,152
22705,8139274,8139311,37
22706,8139311,8139473,162
22707,8139473,8139712,239
22708,8139712,8139734,22
22709,8139734,8139883,149
22710,8139883,8140181,298
22711,8140181,8140328,147
22712,8140328,8140366,38
22713,8140366,8140399,33
22714,8140399,8140523,124
22715,8140523,8140562,39
22716,8140562,8140827,265
22717,8140827,8140914,87
22718,8140914,8141002,88
22719,8141002,8141466,464
22720,8141466,8142358,892
22721,8142358,8142869,511
22722,8142869,8142901,32
22723,8142901,8142950,49
22724,8142950,8143240,290
22725,8143240,8143263,23
22726,8143263,8143482,219
22727,8143482,8143968,486
22728,8143968,8144006,38
22729,8144006,8144045,39
22730,8144045,8144094,49
22731,8144094,8144205,111
22732,8144205,8144238,33
22733,8144238,8144336,98
22734,8144336,8144578,242
22735,8144578,8144924,346
22736,8144924,8145401,477
22737,8145401,8145482,81
22738,8145482,8146007,525
22739,8146007,8146173,166
22740,8146173,8146251,78
22741,8146251,8146449,198
22742,8146449,8146670,221
22743,8146670,8146713,43
22744,8146713,8147346,633
22745,8147346,8147352,6
22746,8147352,8148106,754
22747,8148106,8148422,316
22748,8148422,8148431,9
22749,8148431,8148439,8
22750,8148439,8148679,240
22751,8148679,8148816,137
22752,8148816,8148974,158
22753,8148974,8149353,379
22754,8149353,8149770,417
22755,8149770,8149929,159
22756,8149929,8149951,22
22757,8149951,8150167,216
22758,8150167,8150917,750
22759,8150917,8151314,397
22760,8151314,8151355,41
22761,8151355,8151473,118
22762,8151473,8151632,159
22763,8151632,8151858,226
22764,8151858,8151978,120
22765,8151978,8153045,1067
22766,8153045,8153250,205
22767,8153250,8153565,315
22768,8153565,8153754,189
22769,8153754,8153988,234
22770,8153988,8154276,288
22771,8154276,8154335,59
22772,8154335,8154658,323
22773,8154658,8154831,173
22774,8154831,8155204,373
22775,8155204,8155482,278
22776,8155482,8155486,4
22777,8155486,8155755,269
22778,8155755,8155845,90
22779,8155845,8155851,6
22780,8155851,8155868,17
22781,8155868,8155944,76
22782,8155944,8156288,344
22783,8156288,8156631,343
22784,8156631,8156775,144
22785,8156775,8157728,953
22786,8157728,8158032,304
22787,8158032,8158077,45
22788,8158077,8158094,17
22789,8158094,8158119,25
22790,8158119,8158164,45
22791,8158164,8158314,150
22792,8158314,8159197,883
22793,8159197,8159249,52
22794,8159249,8160159,910
22795,8160159,8160435,276
22796,8160435,8160532,97
22797,8160532,8160660,128
22798,8160660,8160833,173
22799,8160833,8161316,483
22800,8161316,8161329,13
22801,8161329,8161429,100
22802,8161429,8161598,169
22803,8161598,8161606,8
22804,8161606,8161821,215
22805,8161821,8162073,252
22806,8162073,8162156,83
22807,8162156,8162223,67
22808,8162223,8162285,62
22809,8162285,8162415,130
22810,8162415,8162498,83
22811,8162498,8162671,173
22812,8162671,8162679,8
22813,8162679,8162931,252
22814,8162931,8163213,282
22815,8163213,8163312,99
22816,8163312,8163357,45
22817,8163357,8163685,328
22818,8163685,8163815,130
22819,8163815,8163914,99
22820,8163914,8163928,14
22821,8163928,8163993,65
22822,8163993,8164769,776
22823,8164769,8164778,9
22824,8164778,8164814,36
22825,8164814,8164844,30
22826,8164844,8164918,74
22827,8164918,8164979,61
22828,8164979,8165258,279
22829,8165258,8165306,48
22830,8165306,8165495,189
22831,8165495,8166813,1318
22832,8166813,8166978,165
22833,8166978,8167377,399
22834,8167377,8167723,346
22835,8167723,8167813,90
22836,8167813,8167819,6
22837,8167819,8168488,669
22838,8168488,8169569,1081
22839,8169569,8169755,186
22840,8169755,8169927,172
22841,8169927,8170295,368
22842,8170295,8170578,283
22843,8170578,8170611,33
22844,8170611,8171146,535
22845,8171146,8171682,536
22846,8171682,8171789,107
22847,8171789,8171817,28
22848,8171817,8172144,327
22849,8172144,8172149,5
22850,8172149,8172541,392
22851,8172541,8172861,320
22852,8172861,8172898,37
22853,8172898,8173400,502
22854,8173400,8173833,433
22855,8173833,8173892,59
22856,8173892,8174100,208
22857,8174100,8174139,39
22858,8174139,8174273,134
22859,8174273,8174748,475
22860,8174748,8174858,110
22861,8174858,8174980,122
22862,8174980,8175042,62
22863,8175042,8175158,116
22864,8175158,8175408,250
22865,8175408,8175456,48
22866,8175456,8175492,36
22867,8175492,8175861,369
22868,8175861,8176190,329
22869,8176190,8176281,91
22870,8176281,8176820,539
22871,8176820,8176831,11
22872,8176831,8177048,217
22873,8177048,8177118,70
22874,8177118,8178575,1457
22875,8178575,8179333,758
22876,8179333,8179507,174
22877,8179507,8180108,601
22878,8180108,8181001,893
22879,8181001,8181136,135
22880,8181136,8181262,126
22881,8181262,8181495,233
22882,8181495,8181642,147
22883,8181642,8181823,181
22884,8181823,8182004,181
22885,8182004,8182185,181
22886,8182185,8182366,181
22887,8182366,8182546,180
22888,8182546,8182727,181
22889,8182727,8182907,180
22890,8182907,8183087,180
22891,8183087,8183268,181
22892,8183268,8183449,181
22893,8183449,8183630,181
22894,8183630,8183746,116
22895,8183746,8183807,61
22896,8183807,8183988,181
22897,8183988,8184169,181
22898,8184169,8184804,635
22899,8184804,8185566,762
22900,8185566,8187339,1773
22901,8187339,8187931,592
22902,8187931,8188062,131
22903,8188062,8188892,830
22904,8188892,8189825,933
22905,8189825,8190241,416
22906,8190241,8190758,517
22907,8190758,8191551,793
22908,8191551,8191749,198
22909,8191749,8191895,146
22910,8191895,8192081,186
22911,8192081,8192400,319
22912,8192400,8192615,215
22913,8192615,8192747,132
22914,8192747,8192795,48
22915,8192795,8192995,200
22916,8192995,8193135,140
22917,8197271,8197321,50
22918,8197321,8197675,354
22919,8197675,8198365,690
22920,8198365,8198471,106
22921,8198471,8198821,350
22922,8198821,8198873,52
22923,8198873,8199593,720
22924,8199593,8199818,225
22925,8199818,8201811,1993
22926,8201811,8202987,1176
22927,8202987,8203102,115
22928,8203102,8203214,112
22929,8203214,8203778,564
22930,8203778,8203880,102
22931,8203880,8204092,212
22932,8204092,8204359,267
22933,8204359,8206279,1920
22934,8206279,8206627,348
22935,8206627,8206787,160
22936,8206787,8206958,171
22937,8206958,8207692,734
22938,8207692,8208647,955
22939,8208647,8208838,191
22940,8208838,8208867,29
22941,8208867,8208897,30
22942,8208897,8208945,48
22943,8208945,8209023,78
22944,8209023,8209081,58
22945,8209081,8209357,276
22946,8209357,8209996,639
22947,8209996,8210473,477
22948,8210473,8210493,20
22949,8210493,8210651,158
22950,8210651,8210669,18
22951,8210669,8210773,104
22952,8210773,8211222,449
22953,8211222,8211546,324
22954,8211546,8212567,1021
22955,8212567,8212592,25
22956,8212592,8213005,413
22957,8213005,8213083,78
22958,8213083,8214380,1297
22959,8214380,8214632,252
22960,8214632,8215505,873
22961,8215505,8215779,274
22962,8215779,8216296,517
22963,8216296,8217035,739
22964,8217035,8217458,423
22965,8217458,8217584,126
22966,8217584,8219365,1781
22967,8219365,8219563,198
22968,8219563,8220245,682
22969,8220245,8221043,798
22970,8221043,8222534,1491
22971,8222534,8223404,870
22972,8223404,8223516,112
22973,8223516,8223644,128
22974,8223644,8224844,1200
22975,8224844,8225168,324
22976,8225168,8225696,528
22977,8225696,8225892,196
22978,8225892,8227906,2014
22979,8227906,8227969,63
22980,8227969,8228040,71
22981,8228040,8228296,256
22982,8228296,8228750,454
22983,8230636,8231521,885
22984,8231521,8232468,947
22985,8232468,8232769,301
22986,8232769,8232877,108
22987,8232877,8233164,287
22988,8233164,8233169,5
22989,8233169,8233174,5
22990,8233174,8234646,1472
22991,8234646,8235812,1166
22992,8235812,8236192,380
22993,8236192,8236268,76
22994,8236268,8236480,212
22995,8236480,8236509,29
22996,8236509,8236725,216
22997,8236725,8236852,127
22998,8236852,8236864,12
22999,8236864,8236939,75
23000,8236939,8237072,133
23001,8237072,8237090,18
23002,8237090,8237268,178
23003,8237268,8237444,176
23004,8237444,8237630,186
23005,8237630,8238049,419
23006,8238049,8238322,273
23007,8238322,8238373,51
23008,8238373,8238491,118
23009,8238491,8238575,84
23010,8238575,8238702,127
23011,8238702,8239128,426
23012,8239128,8239132,4
23013,8239132,8239796,664
23014,8239796,8239855,59
23015,8239855,8240039,184
23016,8240039,8240098,59
23017,8240098,8240109,11
23018,8240109,8240772,663
23019,8240772,8240938,166
23020,8240938,8241024,86
23021,8241024,8241174,150
23022,8241174,8241279,105
23023,8241279,8241762,483
23024,8241762,8241859,97
23025,8241859,8242010,151
23026,8242010,8242243,233
23027,8242243,8242660,417
23028,8242660,8243092,432
23029,8243092,8243099,7
23030,8243099,8243209,110
23031,8243209,8243918,709
23032,8243918,8243963,45
23033,8243963,8244091,128
23034,8244091,8244796,705
23035,8244796,8245142,346
23036,8245142,8245699,557
23037,8245699,8246093,394
23038,8246093,8246349,256
23039,8246349,8246425,76
23040,8246425,8246681,256
23041,8246681,8247094,413
23042,8247094,8247272,178
23043,8247272,8247387,115
23044,8247387,8247588,201
23045,8247588,8247785,197
23046,8247785,8248764,979
23047,8248764,8248907,143
23048,8248907,8249300,393
23049,8249300,8249454,154
23050,8249454,8249899,445
23051,8249899,8249903,4
23052,8249903,8250136,233
23053,8250136,8250467,331
23054,8250467,8250533,66
23055,8250533,8250584,51
23056,8250584,8250830,246
23057,8250830,8250834,4
23058,8250834,8250858,24
23059,8250858,8250867,9
23060,8250867,8250885,18
23061,8250885,8251114,229
23062,8251114,8251257,143
23063,8251257,8251560,303
23064,8251560,8251620,60
23065,8251620,8252249,629
23066,8252249,8252732,483
23067,8252732,8253072,340
23068,8253072,8253236,164
23069,8253236,8253373,137
23070,8253373,8253397,24
23071,8253397,8253403,6
23072,8253403,8253792,389
23073,8253792,8254367,575
23074,8254367,8254429,62
23075,8254429,8254473,44
23076,8254473,8256167,1694
23077,8256167,8258510,2343
23078,8258510,8259314,804
23079,8259314,8259453,139
23080,8259453,8259526,73
23081,8259526,8259870,344
23082,8259870,8260186,316
23083,8260186,8260451,265
23084,8260451,8260461,10
23085,8260461,8261298,837
23086,8261298,8261450,152
23087,8261450,8261781,331
23088,8261781,8262695,914
23089,8262695,8262713,18
23090,8262713,8262786,73
23091,8262786,8262874,88
23092,8262874,8263376,502
23093,8263376,8263542,166
23094,8263542,8263640,98
23095,8263640,8265324,1684
23096,8265324,8266132,808
23097,8266132,8266476,344
23098,8266476,8266586,110
23099,8266586,8266606,20
23100,8266606,8266785,179
23101,8266785,8267630,845
23102,8267630,8267637,7
23103,8267637,8267780,143
23104,8267780,8267978,198
23105,8267978,8268297,319
23106,8268297,8268535,238
23107,8268535,8268780,245
23108,8268780,8268845,65
23109,8268845,8268862,17
23110,8268862,8269057,195
23111,8269057,8269192,135
23112,8269192,8269259,67
23113,8269259,8269332,73
23114,8269332,8269475,143
23115,8269475,8269493,18
23116,8269493,8269577,84
23117,8269577,8269739,162
23118,8269739,8270115,376
23119,8270115,8270553,438
23120,8270553,8270608,55
23121,8270608,8270741,133
23122,8270741,8271194,453
23123,8271194,8271303,109
23124,8271303,8271390,87
23125,8271390,8271721,331
23126,8271721,8271781,60
23127,8271781,8272022,241
23128,8272022,8272070,48
23129,8272070,8272091,21
23130,8272091,8272103,12
23131,8272103,8272726,623
23132,8272726,8272741,15
23133,8272741,8272759,18
23134,8272759,8273141,382
23135,8273141,8273164,23
23136,8273164,8273597,433
23137,8273597,8273630,33
23138,8273630,8273684,54
23139,8273684,8274398,714
23140,8274398,8274461,63
23141,8274461,8274472,11
23142,8274472,8274506,34
23143,8274506,8274810,304
23144,8274810,8275040,230
23145,8275040,8275540,500
23146,8275540,8275575,35
23147,8275575,8276016,441
23148,8276016,8276131,115
23149,8276131,8276212,81
23150,8276212,8276863,651
23151,8276863,8277258,395
23152,8277258,8277724,466
23153,8277724,8279059,1335
23154,8282921,8282925,4
23155,8282925,8282949,24
23156,8282949,8283001,52
23157,8283001,8283100,99
23158,8283100,8283117,17
23159,8283117,8283708,591
23160,8283708,8285044,1336
23161,8285044,8285438,394
23162,8285438,8285542,104
23163,8285542,8285810,268
23164,8285810,8286062,252
23165,8286062,8286170,108
23166,8286170,8286328,158
23167,8289379,8290060,681
23168,8292318,8292426,108
23169,8292426,8292907,481
23170,8292907,8294187,1280
23171,8294187,8296075,1888
23172,8296075,8296586,511
23173,8296586,8297846,1260
23174,8297846,8298121,275
23175,8298121,8298391,270
23176,8298391,8299366,975
23177,8299366,8301397,2031
23178,8301397,8301833,436
23179,8301833,8301887,54
23180,8301887,8302359,472
23181,8302359,8302877,518
23182,8302877,8306284,3407
23183,8306284,8306319,35
23184,8306319,8306511,192
23185,8306511,8307039,528
23186,8307039,8307166,127
23187,8307166,8308004,838
23188,8308004,8308387,383
23189,8308387,8309586,1199
23190,8312322,8312327,5
23191,8312327,8312957,630
23192,8312957,8312979,22
23193,8312979,8314055,1076
23194,8314055,8314226,171
23195,8314226,8314255,29
23196,8314255,8315582,1327
23197,8315582,8316890,1308
23198,8316890,8319156,2266
23199,8319156,8319236,80
23200,8319236,8319532,296
23201,8319532,8319935,403
23202,8319935,8320042,107
23203,8320042,8322031,1989
23204,8322031,8322130,99
23205,8322130,8323025,895
23206,8323025,8323375,350
23207,8323375,8324182,807
23208,8324182,8325644,1462
23209,8325644,8326412,768
23210,8326412,8326952,540
23211,8326952,8327548,596
23212,8327548,8328350,802
23213,8328350,8328683,333
23214,8328683,8328919,236
23215,8328919,8329447,528
23216,8329447,8329560,113
23217,8329560,8329844,284
23218,8331815,8334026,2211
23219,8334026,8334254,228
23220,8334254,8334785,531
23221,8334785,8336070,1285
23222,8336070,8336137,67
23223,8336137,8336459,322
23224,8336459,8337478,1019
23225,8337478,8337495,17
23226,8337495,8338333,838
23227,8338333,8338375,42
23228,8338375,8338666,291
23229,8338666,8339693,1027
23230,8339693,8340712,1019
23231,8340712,8340749,37
23232,8340749,8342623,1874
23233,8344575,8344848,273
23234,8347617,8348737,1120
23235,8354288,8354668,380
23236,8354668,8355047,379
23237,8355047,8355982,935
23238,8362043,8362265,222
23239,8362265,8362273,8
23240,8362273,8362279,6
23241,8362279,8362285,6
23242,8362285,8363422,1137
23243,8363422,8364907,1485
23244,8364907,8364936,29
23245,8364936,8365255,319
23246,8365255,8365316,61
23247,8365316,8365469,153
23248,8365469,8367199,1730
23249,8367199,8368228,1029
23250,8368228,8368670,442
23251,8368670,8369153,483
23252,8369153,8369328,175
23253,8369328,8370268,940
23254,8370268,8371402,1134
23255,8371402,8372771,1369
23256,8372771,8373755,984
23257,8373755,8374649,894
23258,8374649,8375489,840
23259,8375489,8375700,211
23260,8375700,8376553,853
23261,8376553,8376595,42
23262,8376595,8376604,9
23263,8376604,8378284,1680
23264,8378284,8378393,109
23265,8378393,8379673,1280
23266,8379673,8381421,1748
23267,8381421,8381449,28
23268,8381449,8381820,371
23269,8381820,8382490,670
23270,8382490,8382999,509
23271,8382999,8384435,1436
23272,8384435,8384479,44
23273,8384479,8385630,1151
23274,8385630,8386214,584
23275,8386214,8386285,71
23276,8386285,8386438,153
23277,8386438,8386505,67
23278,8386505,8386707,202
23279,8386707,8386749,42
23280,8386749,8386860,111
23281,8386860,8387132,272
23282,8387132,8387487,355
23283,8387487,8387751,264
23284,8387751,8387859,108
23285,8387859,8388261,402
23286,8388261,8388478,217
23287,8388478,8388543,65
23288,8388543,8388605,62
23289,8388605,8388736,131
23290,8388736,8388833,97
23291,8388833,8390314,1481
23292,8390314,8391214,900
23293,8391214,8392012,798
23294,8392012,8392671,659
23295,8392671,8394145,1474
23296,8394145,8394362,217
23297,8394362,8394913,551
23298,8394913,8397408,2495
23299,8397408,8397627,219
23300,8397627,8397865,238
23301,8397865,8398919,1054
23302,8398919,8399557,638
23303,8399557,8399665,108
23304,8399665,8399970,305
23305,8399970,8400027,57
23306,8400027,8400080,53
23307,8400080,8400293,213
23308,8400293,8400707,414
23309,8400707,8400947,240
23310,8400947,8402205,1258
23311,8402205,8402661,456
23312,8402661,8402673,12
23313,8402673,8403161,488
23314,8403161,8403247,86
23315,8403247,8403451,204
23316,8403451,8404384,933
23317,8404384,8404891,507
23318,8404891,8405048,157
23319,8405048,8405096,48
23320,8405096,8405162,66
23321,8405162,8405660,498
23322,8405660,8405927,267
23323,8405927,8406025,98
23324,8406025,8406082,57
23325,8406082,8406227,145
23326,8406227,8406391,164
23327,8406391,8407035,644
23328,8407035,8408020,985
23329,8408020,8408923,903
23330,8408923,8409575,652
23331,8409575,8410297,722
23332,8410297,8410639,342
23333,8412820,8412892,72
23334,8412892,8415416,2524
23335,8417375,8418095,720
23336,8418095,8418442,347
23337,8418442,8419985,1543
23338,8419985,8421038,1053
23339,8421038,8421512,474
23340,8421512,8421566,54
23341,8421566,8421613,47
23342,8421613,8422135,522
23343,8422135,8422650,515
23344,8422650,8422770,120
23345,8422770,8424095,1325
23346,8424095,8424374,279
23347,8424374,8424617,243
23348,8424617,8424785,168
23349,8424785,8424975,190
23350,8424975,8425034,59
23351,8425034,8425205,171
23352,8425205,8425376,171
23353,8425376,8425509,133
23354,8425509,8425766,257
23355,8425766,8425790,24
23356,8425790,8425796,6
23357,8425796,8425820,24
23358,8425820,8425826,6
23359,8425826,8425850,24
23360,8425850,8425856,6
23361,8425856,8425880,24
23362,8425880,8425886,6
23363,8425886,8425910,24
23364,8425910,8425916,6
23365,8425916,8425940,24
23366,8425940,8425946,6
23367,8425946,8425970,24
23368,8425970,8425976,6
23369,8425976,8426000,24
23370,8426000,8426006,6
23371,8426006,8426027,21
23372,8426027,8426033,6
23373,8426033,8426054,21
23374,8426054,8426060,6
23375,8426060,8426081,21
23376,8426081,8427019,938
23377,8427019,8427517,498
23378,8427517,8427533,16
23379,8427533,8427762,229
23380,8427762,8427935,173
23381,8427935,8428065,130
23382,8428065,8428147,82
23383,8428147,8428153,6
23384,8428153,8428173,20
23385,8428173,8428404,231
23386,8428404,8428797,393
23387,8428797,8429072,275
23388,8429072,8429552,480
23389,8429552,8429811,259
23390,8429811,8429816,5
23391,8429816,8431205,1389
23392,8431205,8431781,576
23393,8431781,8432195,414
23394,8432195,8432228,33
23395,8432228,8433253,1025
23396,8433253,8433318,65
23397,8433318,8433544,226
23398,8433544,8433670,126
23399,8433670,8434358,688
23400,8434358,8435088,730
23401,8435088,8435271,183
23402,8435271,8435302,31
23403,8435302,8435322,20
23404,8435322,8435517,195
23405,8435517,8435571,54
23406,8435571,8435619,48
23407,8435619,8435687,68
23408,8435687,8435755,68
23409,8435755,8435851,96
23410,8435851,8435988,137
23411,8435988,8436026,38
23412,8436026,8436044,18
23413,8436044,8436063,19
23414,8436063,8436373,310
23415,8436373,8436787,414
23416,8436787,8436857,70
23417,8436857,8436865,8
23418,8436865,8438254,1389
23419,8438254,8438745,491
23420,8438745,8438864,119
23421,8438864,8438909,45
23422,8438909,8438947,38
23423,8438947,8438953,6
23424,8438953,8439123,170
23425,8439123,8439220,97
23426,8439220,8439308,88
23427,8439308,8439526,218
23428,8439526,8439620,94
23429,8439620,8439877,257
23430,8439877,8439889,12
23431,8439889,8439910,21
23432,8439910,8440082,172
23433,8440082,8440423,341
23434,8440423,8440592,169
23435,8440592,8440709,117
23436,8440709,8440714,5
23437,8440714,8440733,19
23438,8440733,8440998,265
23439,8440998,8441012,14
23440,8441012,8441326,314
23441,8441326,8441379,53
23442,8441379,8441539,160
23443,8441539,8441622,83
23444,8441622,8442107,485
23445,8442107,8443667,1560
23446,8443667,8444238,571
23447,8444238,8444356,118
23448,8444356,8444394,38
23449,8444394,8444404,10
23450,8444404,8444551,147
23451,8444551,8444971,420
23452,8444971,8445958,987
23453,8445958,8446765,807
23454,8446765,8446787,22
23455,8446787,8446793,6
23456,8446793,8447124,331
23457,8447124,8448246,1122
23458,8448246,8448481,235
23459,8448481,8449412,931
23460,8449412,8450153,741
23461,8450153,8451256,1103
23462,8451256,8451410,154
23463,8451410,8451481,71
23464,8451481,8451655,174
23465,8451655,8451668,13
23466,8451668,8451716,48
23467,8451716,8451745,29
23468,8451745,8451849,104
23469,8451849,8452121,272
23470,8452121,8452224,103
23471,8452224,8452253,29
23472,8452253,8452464,211
23473,8452464,8453067,603
23474,8453067,8453408,341
23475,8453408,8453431,23
23476,8453431,8453452,21
23477,8453452,8454135,683
23478,8454135,8454303,168
23479,8454303,8454433,130
23480,8454433,8454596,163
23481,8454596,8454658,62
23482,8454658,8454893,235
23483,8454893,8454898,5
23484,8454898,8454915,17
23485,8454915,8454931,16
23486,8454931,8454938,7
23487,8454938,8455046,108
23488,8455046,8455151,105
23489,8455151,8455237,86
23490,8455237,8455267,30
23491,8455267,8455457,190
23492,8455457,8455515,58
23493,8455515,8455634,119
23494,8455634,8455658,24
23495,8455658,8455715,57
23496,8455715,8455824,109
23497,8455824,8456240,416
23498,8456240,8456268,28
23499,8456268,8456616,348
23500,8456616,8456626,10
23501,8456626,8456789,163
23502,8456789,8457027,238
23503,8457027,8457045,18
23504,8457045,8457248,203
23505,8457248,8457349,101
23506,8457349,8457461,112
23507,8457461,8457496,35
23508,8457496,8458047,551
23509,8458047,8458071,24
23510,8458071,8458235,164
23511,8458235,8458726,491
23512,8458726,8458747,21
23513,8458747,8458898,151
23514,8458898,8458963,65
23515,8458963,8459136,173
23516,8459136,8459249,113
23517,8459249,8459286,37
23518,8459286,8459394,108
23519,8459394,8460185,791
23520,8460185,8460366,181
23521,8460366,8460700,334
23522,8460700,8460854,154
23523,8460854,8461716,862
23524,8461716,8461755,39
23525,8461755,8461780,25
23526,8461780,8462269,489
23527,8462269,8462399,130
23528,8462399,8462413,14
23529,8462413,8462713,300
23530,8462713,8463150,437
23531,8463150,8463167,17
23532,8463167,8463549,382
23533,8463549,8463666,117
23534,8463666,8464125,459
23535,8464125,8464216,91
23536,8464216,8464884,668
23537,8464884,8465146,262
23538,8465146,8465174,28
23539,8465174,8465521,347
23540,8465521,8465531,10
23541,8465531,8465779,248
23542,8465779,8465797,18
23543,8465797,8466000,203
23544,8466000,8466101,101
23545,8466101,8466213,112
23546,8466213,8466248,35
23547,8466248,8467280,1032
23548,8467280,8467848,568
23549,8467848,8468001,153
23550,8468001,8468069,68
23551,8468069,8468082,13
23552,8468082,8468522,440
23553,8468522,8468612,90
23554,8468612,8468625,13
23555,8468625,8468638,13
23556,8468638,8469375,737
23557,8469375,8469944,569
23558,8469944,8469979,35
23559,8469979,8470314,335
23560,8470314,8470747,433
23561,8470747,8470805,58
23562,8470805,8470896,91
23563,8470896,8471078,182
23564,8471078,8471305,227
23565,8471305,8471440,135
23566,8471440,8471501,61
23567,8471501,8471534,33
23568,8471534,8471699,165
23569,8471699,8472087,388
23570,8472087,8472248,161
23571,8472248,8472298,50
23572,8472298,8472339,41
23573,8472339,8472412,73
23574,8472412,8472470,58
23575,8472470,8472631,161
23576,8472631,8472799,168
23577,8472799,8472913,114
23578,8472913,8473601,688
23579,8473601,8473861,260
23580,8473861,8473893,32
23581,8473893,8473926,33
23582,8473926,8474181,255
23583,8474181,8474506,325
23584,8474506,8474723,217
23585,8474723,8474742,19
23586,8474742,8474753,11
23587,8474753,8475077,324
23588,8475077,8475141,64
23589,8475141,8475254,113
23590,8475254,8475284,30
23591,8475284,8475365,81
23592,8475365,8475372,7
23593,8475372,8475758,386
23594,8475758,8475844,86
23595,8475844,8476364,520
23596,8476364,8476370,6
23597,8476370,8476967,597
23598,8476967,8477029,62
23599,8477029,8477387,358
23600,8477387,8477407,20
23601,8477407,8477981,574
23602,8477981,8478035,54
23603,8478035,8478128,93
23604,8478128,8479076,948
23605,8479076,8479200,124
23606,8479200,8479254,54
23607,8479254,8479335,81
23608,8479335,8479630,295
23609,8479630,8479648,18
23610,8479648,8479718,70
23611,8479718,8479807,89
23612,8479807,8479891,84
23613,8479891,8479993,102
23614,8479993,8480002,9
23615,8480002,8480035,33
23616,8480035,8480104,69
23617,8480104,8480817,713
23618,8480817,8481107,290
23619,8481107,8481684,577
23620,8481684,8481920,236
23621,8481920,8481954,34
23622,8481954,8482141,187
23623,8482141,8482404,263
23624,8482404,8482465,61
23625,8482465,8482492,27
23626,8482492,8483198,706
23627,8483198,8484868,1670
23628,8484868,8485432,564
23629,8485432,8485459,27
23630,8485459,8485626,167
23631,8485626,8486143,517
23632,8486143,8486683,540
23633,8486683,8486725,42
23634,8486725,8486734,9
23635,8486734,8487088,354
23636,8487088,8487823,735
23637,8487823,8487985,162
23638,8487985,8488063,78
23639,8488063,8488696,633
23640,8488696,8488767,71
23641,8488767,8488776,9
23642,8488776,8488946,170
23643,8488946,8489505,559
23644,8489505,8489670,165
23645,8493530,8493963,433
23646,8493963,8494415,452
23647,8494415,8494442,27
23648,8494442,8494828,386
23649,8494828,8495080,252
23650,8495080,8495406,326
23651,8495406,8495523,117
23652,8495523,8495883,360
23653,8495883,8496550,667
23654,8496550,8496609,59
23655,8496609,8496822,213
23656,8496822,8497105,283
23657,8497105,8497443,338
23658,8497443,8497604,161
23659,8497604,8498018,414
23660,8498018,8498022,4
23661,8498022,8498026,4
23662,8498026,8498101,75
23663,8498101,8498106,5
23664,8498106,8499497,1391
23665,8499497,8499816,319
23666,8499816,8499947,131
23667,8499947,8500016,69
23668,8500016,8500234,218
23669,8500234,8500783,549
23670,8500783,8500789,6
23671,8500789,8501685,896
23672,8501685,8501778,93
23673,8501778,8501818,40
23674,8501818,8501897,79
23675,8501897,8502023,126
23676,8502023,8502415,392
23677,8502415,8502710,295
23678,8502710,8502901,191
23679,8502901,8503021,120
23680,8503021,8503082,61
23681,8503082,8503093,11
23682,8503093,8503127,34
23683,8503127,8503698,571
23684,8503698,8504391,693
23685,8504391,8505928,1537
23686,8505928,8506057,129
23687,8506057,8506981,924
23688,8506981,8506985,4
23689,8506985,8506989,4
23690,8506989,8507035,46
23691,8507035,8507070,35
23692,8507070,8507482,412
23693,8507482,8508299,817
23694,8508299,8508553,254
23695,8508553,8508892,339
23696,8508892,8509323,431
23697,8509323,8509370,47
23698,8509370,8510447,1077
23699,8510447,8510469,22
23700,8510469,8511351,882
23701,8511351,8511431,80
23702,8511431,8511440,9
23703,8511440,8512238,798
23704,8512238,8512250,12
23705,8512250,8512351,101
23706,8512351,8512444,93
23707,8512444,8512556,112
23708,8512556,8513854,1298
23709,8513854,8514443,589
23710,8514443,8514536,93
23711,8514536,8514590,54
23712,8514590,8514743,153
23713,8514743,8514834,91
23714,8514834,8515151,317
23715,8515151,8515251,100
23716,8515251,8515356,105
23717,8515356,8515711,355
23718,8515711,8515778,67
23719,8515778,8515782,4
23720,8515782,8515824,42
23721,8515824,8515891,67
23722,8515891,8516894,1003
23723,8516894,8518645,1751
23724,8518645,8519636,991
23725,8519636,8519730,94
23726,8519730,8520022,292
23727,8520022,8520152,130
23728,8520152,8520265,113
23729,8520265,8520645,380
23730,8520645,8520690,45
23731,8520690,8522269,1579
23732,8522269,8522373,104
23733,8522373,8522446,73
23734,8522446,8522457,11
23735,8522457,8522518,61
23736,8522518,8522861,343
23737,8522861,8523603,742
23738,8523603,8523894,291
23739,8523894,8524913,1019
23740,8524913,8525137,224
23741,8525137,8525681,544
23742,8525681,8525717,36
23743,8525717,8526048,331
23744,8526048,8526073,25
23745,8526073,8526116,43
23746,8526116,8526136,20
23747,8526136,8526145,9
23748,8526145,8526703,558
23749,8526703,8526791,88
23750,8526791,8526881,90
23751,8526881,8526936,55
23752,8526936,8527028,92
23753,8527028,8527116,88
23754,8527116,8527196,80
23755,8527196,8527301,105
23756,8527301,8527370,69
23757,8527370,8527507,137
23758,8527507,8527519,12
23759,8527519,8527544,25
23760,8527544,8527673,129
23761,8527673,8528563,890
23762,8528563,8528626,63
23763,8528626,8528681,55
23764,8528681,8528912,231
23765,8528912,8529048,136
23766,8529048,8529081,33
23767,8529081,8529374,293
23768,8529374,8529542,168
23769,8529542,8529563,21
23770,8529563,8529582,19
23771,8529582,8530558,976
23772,8530558,8530912,354
23773,8530912,8531250,338
23774,8531250,8531283,33
23775,8531283,8532025,742
23776,8532025,8532128,103
23777,8532128,8532135,7
23778,8532135,8532257,122
23779,8532257,8532296,39
23780,8532296,8532530,234
23781,8532530,8532560,30
23782,8532560,8533271,711
23783,8533271,8534157,886
23784,8534157,8535338,1181
23785,8535338,8537551,2213
23786,8537551,8537559,8
23787,8537559,8537636,77
23788,8537636,8537781,145
23789,8540057,8540322,265
23790,8540322,8542161,1839
23791,8542161,8543489,1328
23792,8543489,8543795,306
23793,8543795,8543916,121
23794,8543916,8544605,689
23795,8544605,8544858,253
23796,8544858,8544936,78
23797,8544936,8544958,22
23798,8544958,8545152,194
23799,8545152,8545185,33
23800,8545185,8545210,25
23801,8545210,8545516,306
23802,8545516,8545752,236
23803,8545752,8546103,351
23804,8546103,8546304,201
23805,8546304,8546538,234
23806,8546538,8546724,186
23807,8546724,8546980,256
23808,8546980,8547006,26
23809,8547006,8547082,76
23810,8547082,8547249,167
23811,8547249,8547498,249
23812,8547498,8547550,52
23813,8547550,8547565,15
23814,8547565,8547656,91
23815,8547656,8547909,253
23816,8547909,8547977,68
23817,8547977,8548050,73
23818,8548050,8548124,74
23819,8548124,8548287,163
23820,8548287,8548699,412
23821,8548699,8548729,30
23822,8548729,8549011,282
23823,8549011,8549168,157
23824,8549168,8549306,138
23825,8549306,8549739,433
23826,8549739,8549877,138
23827,8549877,8550097,220
23828,8550097,8551872,1775
23829,8551872,8551887,15
23830,8551887,8552664,777
23831,8552664,8552672,8
23832,8552672,8552791,119
23833,8552791,8553423,632
23834,8553423,8553907,484
23835,8553907,8554005,98
23836,8554005,8554128,123
23837,8554128,8554815,687
23838,8554815,8555048,233
23839,8555048,8555110,62
23840,8555110,8555648,538
23841,8555648,8555804,156
23842,8555804,8555810,6
23843,8555810,8556043,233
23844,8556043,8556250,207
23845,8556250,8556440,190
23846,8556440,8556446,6
23847,8556446,8556507,61
23848,8556507,8556652,145
23849,8556652,8556724,72
23850,8556724,8556903,179
23851,8556903,8557029,126
23852,8557029,8557163,134
23853,8557163,8557185,22
23854,8557185,8557255,70
23855,8557255,8557647,392
23856,8557647,8557847,200
23857,8557847,8558176,329
23858,8558176,8558293,117
23859,8558293,8559109,816
23860,8559109,8559389,280
23861,8559389,8559452,63
23862,8559452,8559581,129
23863,8559581,8559588,7
23864,8559588,8559655,67
23865,8559655,8559699,44
23866,8559699,8559883,184
23867,8559883,8560765,882
23868,8563033,8563229,196
23869,8563229,8563239,10
23870,8563239,8563375,136
23871,8563375,8563503,128
23872,8563503,8563701,198
23873,8563701,8564115,414
23874,8564115,8564193,78
23875,8564193,8564310,117
23876,8564310,8564359,49
23877,8564359,8564746,387
23878,8564746,8564790,44
23879,8564790,8564913,123
23880,8564913,8565013,100
23881,8565013,8565139,126
23882,8565139,8565404,265
23883,8565404,8565422,18
23884,8565422,8565456,34
23885,8565456,8566344,888
23886,8566344,8566711,367
23887,8566711,8566903,192
23888,8566903,8566914,11
23889,8566914,8567176,262
23890,8567176,8567263,87
23891,8567263,8567428,165
23892,8567428,8568788,1360
23893,8568788,8569658,870
23894,8569658,8569694,36
23895,8569694,8569989,295
23896,8569989,8570355,366
23897,8570355,8570376,21
23898,8570376,8570577,201
23899,8570577,8570703,126
23900,8570703,8571284,581
23901,8571284,8571340,56
23902,8571340,8571354,14
23903,8571354,8571436,82
23904,8571436,8571642,206
23905,8571642,8571886,244
23906,8571886,8572172,286
23907,8572172,8572266,94
23908,8572266,8572469,203
23909,8572469,8572801,332
23910,8572801,8572805,4
23911,8572805,8572917,112
23912,8572917,8572964,47
23913,8572964,8572971,7
23914,8572971,8573703,732
23915,8573703,8574725,1022
23916,8574725,8574848,123
23917,8574848,8574881,33
23918,8574881,8574974,93
23919,8574974,8575005,31
23920,8575005,8575477,472
23921,8575477,8576399,922
23922,8576399,8576998,599
23923,8576998,8577420,422
23924,8577420,8577855,435
23925,8577855,8578215,360
23926,8578215,8579532,1317
23927,8579532,8579547,15
23928,8579547,8579555,8
23929,8579555,8579910,355
23930,8579910,8580313,403
23931,8580313,8580418,105
23932,8580418,8580519,101
23933,8580519,8580982,463
23934,8580982,8581206,224
23935,8581206,8582052,846
23936,8582052,8582170,118
23937,8582170,8582177,7
23938,8582177,8582182,5
23939,8582182,8583597,1415
23940,8583597,8583953,356
23941,8583953,8583983,30
23942,8583983,8583990,7
23943,8583990,8584014,24
23944,8584014,8584510,496
23945,8584510,8584519,9
23946,8584519,8585907,1388
23947,8585907,8585931,24
23948,8585931,8586021,90
23949,8586021,8586048,27
23950,8586048,8586129,81
23951,8586129,8586556,427
23952,8586556,8586690,134
23953,8586690,8587011,321
23954,8587011,8587058,47
23955,8587058,8587230,172
23956,8587230,8587300,70
23957,8587300,8587513,213
23958,8587513,8587668,155
23959,8587668,8587827,159
23960,8587827,8587904,77
23961,8587904,8587915,11
23962,8587915,8588850,935
23963,8588850,8589070,220
23964,8589070,8589411,341
23965,8589411,8589474,63
23966,8589474,8589596,122
23967,8589596,8589797,201
23968,8589797,8589936,139
23969,8589936,8589951,15
23970,8589951,8589966,15
23971,8589966,8590197,231
23972,8590197,8590918,721
23973,8590918,8591046,128
23974,8591046,8591291,245
23975,8591291,8591418,127
23976,8591418,8593064,1646
23977,8593064,8593617,553
23978,8593617,8593677,60
23979,8593677,8593724,47
23980,8593724,8593771,47
23981,8593771,8594117,346
23982,8594117,8594408,291
23983,8594408,8594608,200
23984,8594608,8594775,167
23985,8594775,8595030,255
23986,8595030,8595663,633
23987,8595663,8595807,144
23988,8595807,8595844,37
23989,8595844,8596011,167
23990,8596011,8596162,151
23991,8596162,8596303,141
23992,8596303,8596452,149
23993,8596452,8596529,77
23994,8596529,8596556,27
23995,8596556,8596712,156
23996,8596712,8596721,9
23997,8596721,8596938,217
23998,8596938,8597132,194
23999,8597132,8597197,65
24000,8597197,8597442,245
24001,8597442,8597534,92
24002,8597534,8597564,30
24003,8597564,8597612,48
24004,8597612,8597689,77
24005,8597689,8597747,58
24006,8597747,8598332,585
24007,8598332,8598801,469
24008,8598801,8599063,262
24009,8599063,8599126,63
24010,8599126,8599322,196
24011,8599322,8599536,214
24012,8599536,8599556,20
24013,8599556,8599616,60
24014,8599616,8599706,90
24015,8599706,8599740,34
24016,8599740,8599907,167
24017,8599907,8600079,172
24018,8600079,8600223,144
24019,8600223,8600413,190
24020,8600413,8600562,149
24021,8600562,8600585,23
24022,8600585,8601159,574
24023,8601159,8601559,400
24024,8601559,8601874,315
24025,8601874,8602190,316
24026,8602190,8602303,113
24027,8602303,8602480,177
24028,8602480,8602491,11
24029,8602491,8602651,160
24030,8602651,8602670,19
24031,8602670,8602876,206
24032,8602876,8603117,241
24033,8603117,8603179,62
24034,8603179,8603218,39
24035,8603218,8603372,154
24036,8603372,8603707,335
24037,8603707,8604199,492
24038,8604199,8604226,27
24039,8604226,8604317,91
24040,8604317,8604561,244
24041,8604561,8604880,319
24042,8604880,8605218,338
24043,8605218,8605299,81
24044,8605299,8605314,15
24045,8605314,8605625,311
24046,8605625,8605740,115
24047,8605740,8605848,108
24048,8605848,8605956,108
24049,8605956,8606332,376
24050,8606332,8606337,5
24051,8606337,8606353,16
24052,8606353,8606385,32
24053,8606385,8606415,30
24054,8606415,8606615,200
24055,8606615,8607218,603
24056,8609785,8609855,70
24057,8609855,8609987,132
24058,8609987,8610243,256
24059,8610243,8610256,13
24060,8610256,8610449,193
24061,8610449,8610625,176
24062,8610625,8610715,90
24063,8610715,8610743,28
24064,8610743,8610770,27
24065,8610770,8610840,70
24066,8610840,8611340,500
24067,8611340,8611348,8
24068,8611348,8613811,2463
24069,8613811,8614207,396
24070,8614207,8614217,10
24071,8614217,8614305,88
24072,8614305,8614364,59
24073,8614364,8614509,145
24074,8614509,8614852,343
24075,8614852,8615042,190
24076,8615042,8615661,619
24077,8615661,8615813,152
24078,8615813,8616039,226
24079,8616039,8616330,291
24080,8616330,8616343,13
24081,8616343,8616574,231
24082,8616574,8616952,378
24083,8616952,8616965,13
24084,8616965,8617000,35
24085,8617000,8618010,1010
24086,8618010,8618022,12
24087,8618022,8618320,298
24088,8618320,8618646,326
24089,8618646,8618749,103
24090,8618749,8619132,383
24091,8619132,8619143,11
24092,8619143,8619528,385
24093,8619528,8619535,7
24094,8619535,8619593,58
24095,8619593,8619657,64
24096,8619657,8619839,182
24097,8619839,8620007,168
24098,8620007,8621029,1022
24099,8621029,8622530,1501
24100,8622530,8623402,872
24101,8623402,8623983,581
24102,8623983,8624772,789
24103,8624772,8625562,790
24104,8625562,8625800,238
24105,8625800,8625805,5
24106,8625805,8626775,970
24107,8626775,8626802,27
24108,8626802,8626813,11
24109,8626813,8627097,284
24110,8627097,8627383,286
24111,8627383,8627692,309
24112,8627692,8628835,1143
24113,8628835,8629270,435
24114,8629270,8629674,404
24115,8629674,8629820,146
24116,8629820,8629826,6
24117,8629826,8629832,6
24118,8629832,8629838,6
24119,8629838,8629911,73
24120,8629911,8629968,57
24121,8629968,8630197,229
24122,8630197,8630325,128
24123,8630325,8630357,32
24124,8630357,8630410,53
24125,8630410,8631486,1076
24126,8631486,8631709,223
24127,8631709,8631926,217
24128,8631926,8632171,245
24129,8632171,8632317,146
24130,8632317,8632332,15
24131,8632332,8632520,188
24132,8632520,8632550,30
24133,8632550,8633190,640
24134,8633190,8633211,21
24135,8633211,8633318,107
24136,8633318,8635564,2246
24137,8635564,8635866,302
24138,8635866,8636658,792
24139,8636658,8636679,21
24140,8636679,8636745,66
24141,8636745,8636826,81
24142,8636826,8637125,299
24143,8637125,8637889,764
24144,8637889,8639114,1225
24145,8639114,8639206,92
24146,8639206,8639292,86
24147,8639292,8639455,163
24148,8639455,8640271,816
24149,8640271,8640383,112
24150,8640383,8640526,143
24151,8640526,8641070,544
24152,8641070,8641572,502
24153,8641572,8642396,824
24154,8642396,8642775,379
24155,8642775,8642805,30
24156,8642805,8642864,59
24157,8642864,8643218,354
24158,8643218,8643265,47
24159,8643265,8643352,87
24160,8643352,8643483,131
24161,8643483,8643498,15
24162,8643498,8643563,65
24163,8643563,8643570,7
24164,8643570,8643647,77
24165,8643647,8644032,385
24166,8644032,8644109,77
24167,8644109,8644116,7
24168,8644116,8644380,264
24169,8644380,8644674,294
24170,8644674,8644833,159
24171,8644833,8645009,176
24172,8645009,8645133,124
24173,8645133,8645444,311
24174,8645444,8645543,99
24175,8645543,8645647,104
24176,8645647,8645735,88
24177,8645735,8645918,183
24178,8645918,8645961,43
24179,8645961,8646721,760
24180,8646721,8646726,5
24181,8646726,8647397,671
24182,8647397,8647789,392
24183,8647789,8648164,375
24184,8648164,8648224,60
24185,8648224,8648239,15
24186,8648239,8648493,254
24187,8648493,8648633,140
24188,8648633,8648738,105
24189,8648738,8648783,45
24190,8648783,8648793,10
24191,8648793,8649067,274
24192,8649067,8649072,5
24193,8649072,8649378,306
24194,8649378,8649563,185
24195,8649563,8649688,125
24196,8649688,8649841,153
24197,8649841,8650081,240
24198,8650081,8650159,78
24199,8650159,8650577,418
24200,8653484,8653829,345
24201,8653829,8653898,69
24202,8653898,8653951,53
24203,8653951,8653960,9
24204,8653960,8654047,87
24205,8654047,8654054,7
24206,8654054,8654077,23
24207,8654077,8655806,1729
24208,8655806,8655836,30
24209,8655836,8655887,51
24210,8655887,8655984,97
24211,8655984,8656381,397
24212,8656381,8656462,81
24213,8656462,8656467,5
24214,8656467,8656472,5
24215,8656472,8656480,8
24216,8656480,8656485,5
24217,8656485,8656901,416
24218,8656901,8657297,396
24219,8657297,8657324,27
24220,8657324,8657590,266
24221,8657590,8657781,191
24222,8657781,8657864,83
24223,8657864,8659305,1441
24224,8659305,8659316,11
24225,8659316,8659414,98
24226,8659414,8659445,31
24227,8659445,8660503,1058
24228,8660503,8661000,497
24229,8661000,8661882,882
24230,8661882,8662553,671
24231,8662553,8662720,167
24232,8662720,8662976,256
24233,8662976,8663122,146
24234,8666007,8666169,162
24235,8666169,8666309,140
24236,8666309,8666356,47
24237,8666356,8666413,57
24238,8666413,8666472,59
24239,8666472,8666504,32
24240,8666504,8666552,48
24241,8666552,8666630,78
24242,8666630,8666737,107
24243,8666737,8667479,742
24244,8667479,8667681,202
24245,8667681,8667693,12
24246,8667693,8667794,101
24247,8667794,8667860,66
24248,8667860,8668152,292
24249,8668152,8668208,56
24250,8668208,8668216,8
24251,8668216,8668240,24
24252,8668240,8668248,8
24253,8668248,8668264,16
24254,8668264,8668408,144
24255,8668408,8668887,479
24256,8668887,8669011,124
24257,8669011,8669660,649
24258,8669660,8669789,129
24259,8669789,8670472,683
24260,8670472,8670519,47
24261,8670519,8670851,332
24262,8670851,8670914,63
24263,8670914,8671279,365
24264,8671279,8671407,128
24265,8671407,8671995,588
24266,8671995,8672015,20
24267,8672015,8672146,131
24268,8672146,8672604,458
24269,8672604,8672945,341
24270,8672945,8672950,5
24271,8672950,8673318,368
24272,8673318,8673732,414
24273,8673732,8673749,17
24274,8673749,8673877,128
24275,8673877,8674224,347
24276,8674224,8675663,1439
24277,8675663,8677550,1887
24278,8677550,8678112,562
24279,8678112,8678164,52
24280,8678164,8678469,305
24281,8678469,8678534,65
24282,8678534,8678555,21
24283,8678555,8678712,157
24284,8678712,8678872,160
24285,8678872,8679315,443
24286,8679315,8679374,59
24287,8679374,8679406,32
24288,8679406,8679657,251
24289,8679657,8679878,221
24290,8679878,8679952,74
24291,8679952,8680030,78
24292,8680030,8680041,11
24293,8680041,8680151,110
24294,8680151,8680217,66
24295,8680217,8680267,50
24296,8680267,8680538,271
24297,8680538,8681384,846
24298,8681384,8682616,1232
24299,8682616,8682657,41
24300,8682657,8683482,825
24301,8683482,8683487,5
24302,8683487,8683492,5
24303,8683492,8683512,20
24304,8683512,8684123,611
24305,8684123,8684603,480
24306,8684603,8685181,578
24307,8685181,8685303,122
24308,8685303,8685332,29
24309,8685332,8685393,61
24310,8685393,8685404,11
24311,8685404,8685909,505
24312,8685909,8685978,69
24313,8685978,8686466,488
24314,8686466,8686726,260
24315,8686726,8686893,167
24316,8686893,8687035,142
24317,8687035,8687078,43
24318,8687078,8687085,7
24319,8687085,8687092,7
24320,8687092,8687113,21
24321,8687113,8687171,58
24322,8687171,8687290,119
24323,8687290,8687327,37
24324,8687327,8687683,356
24325,8687683,8687713,30
24326,8687713,8687914,201
24327,8687914,8687977,63
24328,8687977,8688107,130
24329,8688107,8688126,19
24330,8688126,8688841,715
24331,8688841,8689245,404
24332,8689245,8689739,494
24333,8689739,8689749,10
24334,8689749,8689781,32
24335,8689781,8689922,141
24336,8689922,8690553,631
24337,8690553,8690690,137
24338,8690690,8691182,492
24339,8691182,8691253,71
24340,8691253,8691695,442
24341,8691695,8692192,497
24342,8692192,8692289,97
24343,8692289,8692309,20
24344,8692309,8692427,118
24345,8692427,8692612,185
24346,8692612,8692798,186
24347,8692798,8692812,14
24348,8692812,8693194,382
24349,8693194,8693211,17
24350,8693211,8693280,69
24351,8693280,8693426,146
24352,8693426,8694642,1216
24353,8694642,8696698,2056
24354,8696698,8699306,2608
24355,8699306,8699665,359
24356,8699665,8700025,360
24357,8700025,8700385,360
24358,8700385,8701104,719
24359,8701104,8701464,360
24360,8701464,8701824,360
24361,8701824,8702184,360
24362,8702184,8702544,360
24363,8702544,8703558,1014
24364,8703558,8703992,434
24365,8703992,8705339,1347
24366,8705339,8705785,446
24367,8705785,8706946,1161
24368,8706946,8707819,873
24369,8707819,8709857,2038
24370,8709857,8710649,792
24371,8710649,8710758,109
24372,8710758,8710906,148
24373,8710906,8711115,209
24374,8711115,8711270,155
24375,8711270,8711387,117
24376,8711387,8711393,6
24377,8711393,8711535,142
24378,8711535,8711561,26
24379,8711561,8711688,127
24380,8711688,8711804,116
24381,8711804,8711970,166
24382,8711970,8712051,81
24383,8712051,8712096,45
24384,8712096,8712457,361
24385,8712457,8712614,157
24386,8712614,8712725,111
24387,8712725,8712860,135
24388,8712860,8713014,154
24389,8713014,8713119,105
24390,8713119,8713124,5
24391,8713124,8713188,64
24392,8713188,8713771,583
24393,8713771,8713843,72
24394,8713843,8713852,9
24395,8713852,8714002,150
24396,8714002,8714104,102
24397,8714104,8714110,6
24398,8714110,8714323,213
24399,8714323,8714344,21
24400,8714344,8714578,234
24401,8714578,8715130,552
24402,8715130,8715246,116
24403,8715246,8715378,132
24404,8715378,8715423,45
24405,8715423,8715539,116
24406,8715539,8715676,137
24407,8715676,8715883,207
24408,8715883,8715901,18
24409,8715901,8716000,99
24410,8716000,8716362,362
24411,8716362,8716822,460
24412,8716822,8717246,424
24413,8717246,8717303,57
24414,8717303,8717511,208
24415,8717511,8717552,41
24416,8717552,8717609,57
24417,8717609,8718284,675
24418,8718284,8718320,36
24419,8718320,8718375,55
24420,8718375,8718681,306
24421,8718681,8718796,115
24422,8718796,8718855,59
24423,8718855,8718900,45
24424,8718900,8718911,11
24425,8718911,8719283,372
24426,8719283,8719375,92
24427,8719375,8719674,299
24428,8719674,8720123,449
24429,8720123,8720811,688
24430,8720811,8720946,135
24431,8720946,8721630,684
24432,8721630,8721759,129
24433,8721759,8722208,449
24434,8722208,8722304,96
24435,8722304,8722309,5
24436,8722309,8722314,5
24437,8722314,8723330,1016
24438,8723330,8723335,5
24439,8723335,8724139,804
24440,8724139,8724815,676
24441,8724815,8724976,161
24442,8724976,8724998,22
24443,8724998,8726255,1257
24444,8726255,8726429,174
24445,8726429,8727821,1392
24446,8727821,8728328,507
24447,8728328,8728876,548
24448,8728876,8728917,41
24449,8728917,8729968,1051
24450,8729968,8730379,411
24451,8731917,8732546,629
24452,8732546,8732554,8
24453,8732554,8732723,169
24454,8732723,8733766,1043
24455,8733766,8734569,803
24456,8734569,8734728,159
24457,8734728,8735186,458
24458,8735186,8735546,360
24459,8735546,8735905,359
24460,8735905,8736670,765
24461,8736670,8736770,100
24462,8736770,8736825,55
24463,8736825,8737451,626
24464,8737451,8738048,597
24465,8738048,8739428,1380
24466,8739428,8739490,62
24467,8739490,8740895,1405
24468,8740895,8741283,388
24469,8743359,8746073,2714
24470,8746073,8746220,147
24471,8746220,8748642,2422
24472,8748642,8749586,944
24473,8749586,8750464,878
24474,8750464,8750824,360
24475,8750824,8751184,360
24476,8751184,8751544,360
24477,8751544,8751904,360
24478,8751904,8752264,360
24479,8752264,8752624,360
24480,8752624,8752968,344
24481,8752968,8753445,477
24482,8753445,8753711,266
24483,8753711,8753978,267
24484,8753978,8754137,159
24485,8754137,8754383,246
24486,8754383,8754437,54
24487,8754437,8755595,1158
24488,8755595,8755608,13
24489,8755608,8756405,797
24490,8756405,8756455,50
24491,8756455,8757510,1055
24492,8757510,8759110,1600
24493,8759110,8759563,453
24494,8759563,8759689,126
24495,8759689,8760282,593
24496,8760282,8760573,291
24497,8760573,8760938,365
24498,8760938,8761468,530
24499,8761468,8762763,1295
24500,8762763,8762891,128
24501,8762891,8763280,389
24502,8763280,8763374,94
24503,8763374,8763378,4
24504,8763378,8763815,437
24505,8763815,8764174,359
24506,8764174,8764280,106
24507,8764280,8764797,517
24508,8764797,8765248,451
24509,8765248,8765258,10
24510,8765258,8765753,495
24511,8765753,8766238,485
24512,8766238,8766324,86
24513,8766324,8766354,30
24514,8766354,8766498,144
24515,8766498,8766648,150
24516,8766648,8766851,203
24517,8766851,8767930,1079
24518,8767930,8767965,35
24519,8767965,8768013,48
24520,8768013,8768197,184
24521,8768197,8768255,58
24522,8768255,8768753,498
24523,8768753,8768897,144
24524,8768897,8769685,788
24525,8769685,8770191,506
24526,8770191,8770456,265
24527,8770456,8771012,556
24528,8771012,8771212,200
24529,8771212,8771296,84
24530,8771296,8772150,854
24531,8772150,8772866,716
24532,8772866,8773091,225
24533,8775257,8776445,1188
24534,8776445,8776453,8
24535,8776453,8776461,8
24536,8776461,8776567,106
24537,8776567,8776917,350
24538,8776917,8776925,8
24539,8776925,8776943,18
24540,8776943,8776990,47
24541,8776990,8777062,72
24542,8777062,8777069,7
24543,8777069,8777127,58
24544,8777127,8779236,2109
24545,8779236,8779330,94
24546,8779330,8779555,225
24547,8779555,8779564,9
24548,8779564,8780209,645
24549,8780209,8780298,89
24550,8780298,8780509,211
24551,8780509,8781836,1327
24552,8781836,8781964,128
24553,8785351,8786640,1289
24554,8786640,8787783,1143
24555,8787783,8787912,129
24556,8787912,8788125,213
24557,8788125,8788896,771
24558,8788896,8789515,619
24559,8789515,8790584,1069
24560,8790584,8791478,894
24561,8791478,8792269,791
24562,8792269,8793519,1250
24563,8793519,8793842,323
24564,8797446,8797988,542
24565,8797988,8798199,211
24566,8798199,8799344,1145
24567,8799344,8799785,441
24568,8799785,8799797,12
24569,8799797,8799988,191
24570,8799988,8800231,243
24571,8800231,8800513,282
24572,8800513,8801724,1211
24573,8801724,8802004,280
24574,8802004,8802050,46
24575,8802050,8802356,306
24576,8802356,8802527,171
24577,8802527,8802607,80
24578,8802607,8802616,9
24579,8802616,8803741,1125
24580,8803741,8804355,614
24581,8804355,8804369,14
24582,8804369,8804483,114
24583,8804483,8804591,108
24584,8804591,8804726,135
24585,8804726,8804953,227
24586,8804953,8805675,722
24587,8805675,8806501,826
24588,8806501,8806515,14
24589,8806515,8807341,826
24590,8807341,8807693,352
24591,8807693,8807941,248
24592,8807941,8807962,21
24593,8807962,8809216,1254
24594,8809216,8810745,1529
24595,8810745,8811166,421
24596,8811166,8813212,2046
24597,8813212,8814207,995
24598,8814207,8814958,751
24599,8814958,8816090,1132
24600,8816090,8817695,1605
24601,8817695,8818790,1095
24602,8818790,8819310,520
24603,8819310,8820278,968
24604,8820278,8820906,628
24605,8820906,8821048,142
24606,8821048,8822443,1395
24607,8822443,8823398,955
24608,8823398,8823421,23
24609,8823421,8823481,60
24610,8823481,8823568,87
24611,8823568,8823585,17
24612,8823585,8825497,1912
24613,8825497,8825501,4
24614,8825501,8827189,1688
24615,8827189,8827426,237
24616,8827426,8827888,462
24617,8830768,8831291,523
24618,8831291,8831818,527
24619,8831818,8832019,201
24620,8832019,8832218,199
24621,8832218,8833094,876
24622,8833094,8834366,1272
24623,8834366,8834377,11
24624,8834377,8834923,546
24625,8834923,8835169,246
24626,8835169,8835514,345
24627,8835514,8835524,10
24628,8835524,8835600,76
24629,8835600,8836051,451
24630,8836051,8836201,150
24631,8836201,8838244,2043
24632,8838244,8838563,319
24633,8838563,8839125,562
24634,8839125,8839974,849
24635,8839974,8840206,232
24636,8840206,8840227,21
24637,8840227,8840566,339
24638,8840566,8840926,360
24639,8840926,8841341,415
24640,8841341,8842543,1202
24641,8842543,8843706,1163
24642,8843706,8844134,428
24643,8844134,8845109,975
24644,8845109,8846223,1114
24645,8846223,8846641,418
24646,8846641,8848457,1816
24647,8848457,8848798,341
24648,8848798,8849605,807
24649,8849605,8850622,1017
24650,8850622,8850672,50
24651,8850672,8851136,464
24652,8851136,8851655,519
24653,8851655,8852293,638
24654,8852293,8853882,1589
24655,8853882,8854110,228
24656,8854110,8854395,285
24657,8854395,8856592,2197
24658,8856592,8857577,985
24659,8857577,8858297,720
24660,8858297,8858644,347
24661,8858644,8859645,1001
24662,8859645,8859964,319
24663,8859964,8860337,373
24664,8860337,8860432,95
24665,8860432,8860923,491
24666,8860923,8861193,270
24667,8861193,8861734,541
24668,8861734,8861883,149
24669,8861883,8862310,427
24670,8862310,8862664,354
24671,8862664,8862901,237
24672,8862901,8863502,601
24673,8863502,8863691,189
24674,8863691,8863704,13
24675,8863704,8863809,105
24676,8863809,8864007,198
24677,8864007,8864439,432
24678,8864439,8864917,478
24679,8864917,8865258,341
24680,8865258,8865293,35
24681,8865293,8866823,1530
24682,8866823,8868170,1347
24683,8868170,8868740,570
24684,8868740,8868970,230
24685,8868970,8869308,338
24686,8869308,8869494,186
24687,8869494,8869692,198
24688,8869692,8869755,63
24689,8869755,8869842,87
24690,8869842,8869857,15
24691,8869857,8869862,5
24692,8869862,8870107,245
24693,8870107,8870209,102
24694,8870209,8870215,6
24695,8870215,8870287,72
24696,8870287,8870305,18
24697,8870305,8870367,62
24698,8870367,8870376,9
24699,8870376,8870496,120
24700,8870496,8870542,46
24701,8870542,8870596,54
24702,8870596,8870752,156
24703,8870752,8870809,57
24704,8870809,8870893,84
24705,8870893,8870932,39
24706,8870932,8870947,15
24707,8870947,8870983,36
24708,8870983,8871013,30
24709,8871013,8871145,132
24710,8871145,8871196,51
24711,8871196,8871295,99
24712,8871295,8871390,95
24713,8871390,8871425,35
24714,8871425,8871437,12
24715,8871437,8871511,74
24716,8871511,8871529,18
24717,8871529,8871541,12
24718,8871541,8871884,343
24719,8871884,8872386,502
24720,8872386,8873489,1103
24721,8873489,8873924,435
24722,8873924,8873931,7
24723,8873931,8873963,32
24724,8873963,8874196,233
24725,8874196,8874616,420
24726,8874616,8874763,147
24727,8874763,8874786,23
24728,8874786,8874831,45
24729,8874831,8875272,441
24730,8875272,8875406,134
24731,8875406,8875428,22
24732,8875428,8875470,42
24733,8875470,8875601,131
24734,8875601,8875707,106
24735,8875707,8875770,63
24736,8875770,8876051,281
24737,8876051,8876292,241
24738,8876292,8876587,295
24739,8876587,8876653,66
24740,8876653,8876988,335
24741,8876988,8877716,728
24742,8877716,8877731,15
24743,8877731,8877738,7
24744,8877738,8879802,2064
24745,8879802,8880007,205
24746,8880007,8880559,552
24747,8880559,8881079,520
24748,8881079,8881524,445
24749,8881524,8881715,191
24750,8881715,8882333,618
24751,8882333,8882962,629
24752,8882962,8883240,278
24753,8883240,8884476,1236
24754,8884476,8885180,704
24755,8885180,8886739,1559
24756,8886739,8888868,2129
24757,8888868,8889778,910
24758,8889778,8890426,648
24759,8890426,8890808,382
24760,8890808,8890812,4
24761,8890812,8890878,66
24762,8890878,8891615,737
24763,8891615,8892404,789
24764,8892404,8892479,75
24765,8892479,8892555,76
24766,8892555,8893226,671
24767,8893226,8893400,174
24768,8893400,8893760,360
24769,8893760,8893864,104
24770,8893864,8894296,432
24771,8894296,8894587,291
24772,8894587,8894895,308
24773,8894895,8895205,310
24774,8895205,8895494,289
24775,8895494,8895754,260
24776,8895754,8895763,9
24777,8895763,8895785,22
24778,8895785,8896399,614
24779,8896399,8896555,156
24780,8896555,8896581,26
24781,8896581,8896681,100
24782,8896681,8896943,262
24783,8896943,8897201,258
24784,8897201,8898357,1156
24785,8898357,8898361,4
24786,8898361,8898880,519
24787,8898880,8899164,284
24788,8899164,8899665,501
24789,8899665,8900033,368
24790,8900033,8900088,55
24791,8900088,8900290,202
24792,8900290,8900728,438
24793,8900728,8900846,118
24794,8900846,8900866,20
24795,8900866,8901169,303
24796,8901169,8901432,263
24797,8901432,8902171,739
24798,8902171,8902210,39
24799,8902210,8902246,36
24800,8902246,8902276,30
24801,8902276,8902351,75
24802,8902351,8902402,51
24803,8902402,8902433,31
24804,8902433,8902626,193
24805,8902626,8903884,1258
24806,8903884,8904768,884
24807,8904768,8905105,337
24808,8905105,8905117,12
24809,8905117,8905273,156
24810,8905273,8905381,108
24811,8905381,8905422,41
24812,8905422,8907010,1588
24813,8907010,8907034,24
24814,8907034,8907099,65
24815,8907099,8907618,519
24816,8907618,8908130,512
24817,8908130,8908151,21
24818,8908151,8908363,212
24819,8908363,8909198,835
24820,8912630,8912647,17
24821,8912647,8914413,1766
24822,8914413,8914544,131
24823,8914544,8914687,143
24824,8914687,8915818,1131
24825,8915818,8916142,324
24826,8916142,8916550,408
24827,8916550,8917867,1317
24828,8917867,8918609,742
24829,8918609,8918624,15
24830,8918624,8918696,72
24831,8918696,8918809,113
24832,8918809,8919780,971
24833,8919780,8920035,255
24834,8920035,8920430,395
24835,8920430,8920544,114
24836,8920544,8921961,1417
24837,8921961,8922665,704
24838,8922665,8922701,36
24839,8922701,8923328,627
24840,8923328,8923409,81
24841,8923409,8923434,25
24842,8923434,8923510,76
24843,8923510,8923536,26
24844,8923536,8923542,6
24845,8923542,8924266,724
24846,8924266,8924406,140
24847,8924406,8925557,1151
24848,8929990,8930951,961
24849,8930951,8932646,1695
24850,8932646,8933270,624
24851,8933270,8935518,2248
24852,8935518,8936767,1249
24853,8936767,8936821,54
24854,8936821,8936887,66
24855,8936887,8937031,144
24856,8937031,8937838,807
24857,8937838,8939214,1376
24858,8939214,8939967,753
24859,8939967,8940066,99
24860,8943831,8944795,964
24861,8944795,8945432,637
24862,8945432,8945804,372
24863,8945804,8946968,1164
24864,8946968,8948039,1071
24865,8948039,8948051,12
24866,8948051,8948458,407
24867,8948458,8948990,532
24868,8948990,8950244,1254
24869,8950244,8950257,13
24870,8950257,8950824,567
24871,8950824,8950869,45
24872,8950869,8951028,159
24873,8951028,8951919,891
24874,8951919,8952150,231
24875,8952150,8952672,522
24876,8952672,8953164,492
24877,8953164,8953245,81
24878,8953245,8953549,304
24879,8953549,8953571,22
24880,8953571,8953631,60
24881,8953631,8953754,123
24882,8953754,8953962,208
24883,8953962,8954131,169
24884,8954131,8954693,562
24885,8954693,8954775,82
24886,8954775,8955273,498
24887,8955273,8956014,741
24888,8956014,8957778,1764
24889,8957778,8958817,1039
24890,8958817,8959057,240
24891,8959057,8960497,1440
24892,8960497,8960681,184
24893,8960681,8961039,358
24894,8961039,8961434,395
24895,8961434,8961498,64
24896,8961498,8961769,271
24897,8961769,8963691,1922
24898,8963691,8964660,969
24899,8964660,8966327,1667
24900,8966327,8966505,178
24901,8968345,8969237,892
24902,8969237,8969243,6
24903,8969243,8970304,1061
24904,8973115,8973347,232
24905,8973347,8973575,228
24906,8973575,8973670,95
24907,8973670,8973699,29
24908,8973699,8973764,65
24909,8973764,8973807,43
24910,8973807,8973960,153
24911,8973960,8973993,33
24912,8973993,8974103,110
24913,8974103,8974220,117
24914,8974220,8974272,52
24915,8974272,8974542,270
24916,8976950,8978888,1938
24917,8978888,8980275,1387
24918,8980275,8980829,554
24919,8980829,8981357,528
24920,8984918,8985347,429
24921,8985347,8986497,1150
24922,8986497,8987642,1145
24923,8987642,8987735,93
24924,8987735,8989112,1377
24925,8989112,8989434,322
24926,8989434,8989669,235
24927,8989669,8990167,498
24928,8990167,8990334,167
24929,8990334,8990602,268
24930,8990602,8991390,788
24931,8991390,8991776,386
24932,8991776,8992084,308
24933,8992084,8992883,799
24934,8992883,8993046,163
24935,8993046,8993381,335
24936,8993381,8994186,805
24937,8994186,8994824,638
24938,8994824,8996026,1202
24939,8996026,8996039,13
24940,8996039,8996457,418
24941,8996457,8996669,212
24942,8996669,8998277,1608
24943,9000178,9000567,389
24944,9000567,9000658,91
24945,9000658,9000832,174
24946,9000832,9001017,185
24947,9001017,9001185,168
24948,9001185,9001215,30
24949,9001215,9001221,6
24950,9001221,9001512,291
24951,9001512,9001577,65
24952,9001577,9001905,328
24953,9001905,9002023,118
24954,9002023,9002029,6
24955,9002029,9002092,63
24956,9002092,9002501,409
24957,9002501,9002551,50
24958,9002551,9002579,28
24959,9002579,9003071,492
24960,9003071,9003412,341
24961,9003412,9004143,731
24962,9004143,9005333,1190
24963,9005333,9005537,204
24964,9005537,9005902,365
24965,9005902,9005955,53
24966,9005955,9007055,1100
24967,9007055,9007121,66
24968,9007121,9007333,212
24969,9007333,9007344,11
24970,9007344,9007434,90
24971,9007434,9007479,45
24972,9007479,9008572,1093
24973,9008572,9010177,1605
24974,9010177,9011111,934
24975,9011111,9011122,11
24976,9019512,9019754,242
24977,9019754,9019935,181
24978,9019935,9020001,66
24979,9020001,9020898,897
24980,9020898,9020919,21
24981,9020919,9020947,28
24982,9020947,9021001,54
24983,9021001,9021517,516
24984,9021517,9021583,66
24985,9021583,9021589,6
24986,9021589,9022042,453
24987,9022042,9022046,4
24988,9022046,9022142,96
24989,9022142,9022205,63
24990,9022205,9022243,38
24991,9022243,9022423,180
24992,9022423,9022440,17
24993,9022440,9022846,406
24994,9022846,9022956,110
24995,9022956,9023137,181
24996,9023137,9023454,317
24997,9023454,9023748,294
24998,9023748,9023941,193
24999,9023941,9024125,184
25000,9024125,9024841,716
25001,9024841,9025202,361
25002,9025202,9026120,918
25003,9026120,9026721,601
25004,9026721,9026820,99
25005,9026820,9026840,20
25006,9026840,9027099,259
25007,9027099,9027292,193
25008,9027292,9027457,165
25009,9027457,9027809,352
25010,9027809,9028679,870
25011,9028679,9029223,544
25012,9029223,9029418,195
25013,9029418,9030146,728
25014,9030146,9030905,759
25015,9030905,9031211,306
25016,9031211,9031813,602
25017,9031813,9032169,356
25018,9032169,9032548,379
25019,9032548,9033106,558
25020,9033106,9033406,300
25021,9033406,9034675,1269
25022,9034675,9035077,402
25023,9035077,9035363,286
25024,9035363,9035653,290
25025,9035653,9035660,7
25026,9035660,9037171,1511
25027,9037171,9037457,286
25028,9037457,9037678,221
25029,9037678,9037687,9
25030,9037687,9037862,175
25031,9037862,9038006,144
25032,9038006,9038366,360
25033,9038366,9039349,983
25034,9039349,9040050,701
25035,9040050,9040220,170
25036,9040220,9040228,8
25037,9040228,9040258,30
25038,9040258,9040430,172
25039,9040430,9040438,8
25040,9040438,9041708,1270
25041,9041708,9041716,8
25042,9041716,9042087,371
25043,9042087,9042334,247
25044,9042334,9042806,472
25045,9042806,9043687,881
25046,9043687,9043832,145
25047,9043832,9043840,8
25048,9043840,9045011,1171
25049,9045011,9045021,10
25050,9045021,9045026,5
25051,9045026,9045031,5
25052,9045031,9045036,5
25053,9045036,9045046,10
25054,9045046,9045356,310
25055,9045356,9045364,8
25056,9045364,9045648,284
25057,9045648,9046137,489
25058,9046137,9046145,8
25059,9046145,9046373,228
25060,9046373,9046638,265
25061,9046638,9047344,706
25062,9047344,9047705,361
25063,9047705,9047831,126
25064,9047831,9047936,105
25065,9047936,9047950,14
25066,9047950,9047963,13
25067,9047963,9047974,11
25068,9047974,9049561,1587
25069,9049561,9049771,210
25070,9049771,9049789,18
25071,9049789,9049807,18
25072,9049807,9049813,6
25073,9049813,9049891,78
25074,9049891,9050002,111
25075,9050002,9050261,259
25076,9050261,9050419,158
25077,9050419,9050502,83
25078,9050502,9050532,30
25079,9050532,9050536,4
25080,9050536,9050560,24
25081,9050560,9050586,26
25082,9050586,9050619,33
25083,9050619,9050899,280
25084,9050899,9051132,233
25085,9051132,9051199,67
25086,9051199,9051373,174
25087,9051373,9052090,717
25088,9052090,9052118,28
25089,9052118,9052137,19
25090,9052137,9052448,311
25091,9052448,9052860,412
25092,9052860,9052882,22
25093,9052882,9053089,207
25094,9053089,9053585,496
25095,9053585,9054085,500
25096,9054085,9054229,144
25097,9054229,9054432,203
25098,9054432,9054953,521
25099,9054953,9055567,614
25100,9055567,9055624,57
25101,9055624,9055640,16
25102,9055640,9055945,305
25103,9055945,9056496,551
25104,9056496,9056524,28
25105,9056524,9057057,533
25106,9057057,9058069,1012
25107,9058069,9058080,11
25108,9058080,9058216,136
25109,9058216,9058305,89
25110,9058305,9058346,41
25111,9058346,9058378,32
25112,9058378,9059233,855
25113,9059233,9059320,87
25114,9059320,9059761,441
25115,9059761,9059780,19
25116,9059780,9060079,299
25117,9060079,9060931,852
25118,9060931,9060997,66
25119,9060997,9061416,419
25120,9061416,9062535,1119
25121,9062535,9063652,1117
25122,9063652,9063659,7
25123,9063659,9063666,7
25124,9063666,9063677,11
25125,9063677,9063706,29
25126,9063706,9064999,1293
25127,9064999,9065795,796
25128,9065795,9065970,175
25129,9065970,9066503,533
25130,9066503,9066539,36
25131,9066539,9068048,1509
25132,9068048,9068251,203
25133,9068251,9068473,222
25134,9068473,9069035,562
25135,9069035,9069215,180
25136,9069215,9069227,12
25137,9069227,9069322,95
25138,9069322,9069363,41
25139,9069363,9069393,30
25140,9069393,9069468,75
25141,9069468,9069743,275
25142,9069743,9069885,142
25143,9069885,9070041,156
25144,9070041,9070206,165
25145,9070206,9070211,5
25146,9070211,9070599,388
25147,9070599,9071634,1035
25148,9071634,9071706,72
25149,9071706,9071745,39
25150,9071745,9071872,127
25151,9071872,9072006,134
25152,9072006,9072531,525
25153,9072531,9073071,540
25154,9073071,9073457,386
25155,9073457,9075277,1820
25156,9075277,9075583,306
25157,9075583,9076153,570
25158,9076153,9076390,237
25159,9076390,9076413,23
25160,9076413,9076428,15
25161,9076428,9076557,129
25162,9076557,9076590,33
25163,9076590,9076834,244
25164,9076834,9077341,507
25165,9077341,9077528,187
25166,9077528,9078266,738
25167,9078266,9078310,44
25168,9078310,9078345,35
25169,9078345,9078886,541
25170,9078886,9079065,179
25171,9079065,9079434,369
25172,9079434,9079536,102
25173,9079536,9079557,21
25174,9079557,9080111,554
25175,9080111,9080354,243
25176,9080354,9080408,54
25177,9080408,9080554,146
25178,9080554,9080620,66
25179,9080620,9080758,138
25180,9080758,9080862,104
25181,9080862,9081633,771
25182,9081633,9081727,94
25183,9081727,9081863,136
25184,9081863,9081976,113
25185,9081976,9082403,427
25186,9082403,9082602,199
25187,9082602,9082929,327
25188,9082929,9083137,208
25189,9083137,9083612,475
25190,9083612,9083655,43
25191,9083655,9083738,83
25192,9083738,9084197,459
25193,9084197,9084711,514
25194,9084711,9084840,129
25195,9084840,9085065,225
25196,9085065,9085080,15
25197,9085080,9085557,477
25198,9085557,9086143,586
25199,9086143,9086205,62
25200,9086205,9086487,282
25201,9086487,9086842,355
25202,9086842,9087171,329
25203,9087171,9087790,619
25204,9087790,9087868,78
25205,9087868,9088398,530
25206,9088398,9089017,619
25207,9089017,9089095,78
25208,9089095,9089565,470
25209,9089565,9089824,259
25210,9089824,9089864,40
25211,9089864,9090168,304
25212,9090168,9090359,191
25213,9090359,9090467,108
25214,9090467,9090589,122
25215,9090589,9090630,41
25216,9090630,9090855,225
25217,9090855,9090993,138
25218,9090993,9091083,90
25219,9091083,9091376,293
25220,9091376,9091504,128
25221,9091504,9091558,54
25222,9091558,9091600,42
25223,9091600,9091774,174
25224,9091774,9091837,63
25225,9091837,9091874,37
25226,9091874,9092326,452
25227,9092326,9092419,93
25228,9092419,9092655,236
25229,9092655,9092907,252
25230,9092907,9093266,359
25231,9093266,9093836,570
25232,9093836,9094103,267
25233,9094103,9094107,4
25234,9094107,9094540,433
25235,9094540,9094930,390
25236,9094930,9095210,280
25237,9095210,9095498,288
25238,9095498,9095612,114
25239,9095612,9095807,195
25240,9095807,9095847,40
25241,9095847,9096153,306
25242,9096153,9096603,450
25243,9096603,9097012,409
25244,9097012,9097789,777
25245,9097789,9097812,23
25246,9097812,9097842,30
25247,9097842,9098287,445
25248,9098287,9098384,97
25249,9098384,9098399,15
25250,9098399,9098410,11
25251,9098410,9098507,97
25252,9098507,9098946,439
25253,9098946,9099097,151
25254,9099097,9099104,7
25255,9099104,9099111,7
25256,9099111,9099277,166
25257,9099277,9099424,147
25258,9099424,9100157,733
25259,9100157,9100560,403
25260,9100560,9100606,46
25261,9100606,9100716,110
25262,9100716,9101118,402
25263,9101118,9101269,151
25264,9101269,9101286,17
25265,9101286,9101391,105
25266,9101391,9101644,253
25267,9101644,9101675,31
25268,9101675,9101736,61
25269,9101736,9101888,152
25270,9101888,9102161,273
25271,9102161,9102606,445
25272,9102606,9102639,33
25273,9102639,9102666,27
25274,9102666,9102860,194
25275,9102860,9102872,12
25276,9102872,9102939,67
25277,9102939,9103005,66
25278,9103005,9103240,235
25279,9103240,9103453,213
25280,9103453,9103463,10
25281,9103463,9103473,10
25282,9103473,9104112,639
25283,9104112,9104214,102
25284,9104214,9104243,29
25285,9104243,9104324,81
25286,9104324,9104494,170
25287,9104494,9104569,75
25288,9104569,9104584,15
25289,9104584,9104701,117
25290,9104701,9104857,156
25291,9104857,9104952,95
25292,9104952,9105045,93
25293,9105045,9105220,175
25294,9105220,9105430,210
25295,9105430,9105555,125
25296,9105555,9105694,139
25297,9105694,9106021,327
25298,9106021,9106246,225
25299,9106246,9106354,108
25300,9106354,9106398,44
25301,9106398,9106405,7
25302,9106405,9107044,639
25303,9107044,9107366,322
25304,9107366,9107433,67
25305,9107433,9107605,172
25306,9107605,9107618,13
25307,9107618,9107682,64
25308,9107682,9107737,55
25309,9107737,9107766,29
25310,9107766,9107934,168
25311,9107934,9108730,796
25312,9108730,9109039,309
25313,9109039,9110461,1422
25314,9110461,9110542,81
25315,9110542,9110758,216
25316,9110758,9111009,251
25317,9111009,9111194,185
25318,9111194,9111208,14
25319,9111208,9111321,113
25320,9111321,9111708,387
25321,9111708,9111910,202
25322,9111910,9111935,25
25323,9111935,9112045,110
25324,9112045,9112129,84
25325,9112129,9112169,40
25326,9112169,9112187,18
25327,9112187,9112646,459
25328,9112646,9112690,44
25329,9112690,9113180,490
25330,9113180,9113194,14
25331,9113194,9113232,38
25332,9113232,9113311,79
25333,9113311,9113631,320
25334,9113631,9113677,46
25335,9113677,9113723,46
25336,9113723,9113777,54
25337,9113777,9114140,363
25338,9114140,9114154,14
25339,9114154,9114190,36
25340,9114190,9114539,349
25341,9114539,9114656,117
25342,9114656,9114661,5
25343,9114661,9114852,191
25344,9114852,9114883,31
25345,9114883,9114975,92
25346,9114975,9115207,232
25347,9115207,9115225,18
25348,9115225,9115267,42
25349,9115267,9115342,75
25350,9115342,9115351,9
25351,9115351,9115360,9
25352,9115360,9115366,6
25353,9115366,9115514,148
25354,9115514,9115672,158
25355,9115672,9115890,218
25356,9115890,9116467,577
25357,9116467,9116979,512
25358,9116979,9117064,85
25359,9117064,9117784,720
25360,9117784,9118511,727
25361,9118511,9121631,3120
25362,9121631,9121809,178
25363,9121809,9122419,610
25364,9122419,9122908,489
25365,9122908,9123707,799
25366,9123707,9123854,147
25367,9123854,9124162,308
25368,9124162,9124757,595
25369,9124757,9124922,165
25370,9124922,9125473,551
25371,9125473,9125527,54
25372,9125527,9125627,100
25373,9125627,9126881,1254
25374,9126881,9127722,841
25375,9127722,9127728,6
25376,9127728,9128674,946
25377,9128674,9128890,216
25378,9128890,9128894,4
25379,9128894,9130103,1209
25380,9130103,9130680,577
25381,9130680,9131226,546
25382,9131226,9131706,480
25383,9131706,9131862,156
25384,9131862,9131907,45
25385,9131907,9132493,586
25386,9132493,9132597,104
25387,9132597,9132614,17
25388,9132614,9133215,601
25389,9133215,9133674,459
25390,9133674,9133797,123
25391,9133797,9133807,10
25392,9133807,9133812,5
25393,9133812,9133817,5
25394,9133817,9133822,5
25395,9133822,9134126,304
25396,9134126,9135874,1748
25397,9135874,9137213,1339
25398,9137213,9137599,386
25399,9137599,9137961,362
25400,9137961,9138322,361
25401,9138322,9138683,361
25402,9138683,9139051,368
25403,9139051,9139754,703
25404,9139754,9140559,805
25405,9140559,9140840,281
25406,9142566,9142795,229
25407,9142795,9142944,149
25408,9142944,9142971,27
25409,9142971,9143179,208
25410,9143179,9143336,157
25411,9143336,9143367,31
25412,9143367,9143854,487
25413,9143854,9143902,48
25414,9143902,9143950,48
25415,9143950,9144021,71
25416,9144021,9144302,281
25417,9144302,9144497,195
25418,9144497,9144871,374
25419,9144871,9144891,20
25420,9144891,9145367,476
25421,9145367,9145892,525
25422,9145892,9145909,17
25423,9145909,9145998,89
25424,9145998,9146075,77
25425,9146075,9146297,222
25426,9146297,9146444,147
25427,9146444,9146534,90
25428,9146534,9146549,15
25429,9146549,9146783,234
25430,9146783,9148475,1692
25431,9148475,9148547,72
25432,9148547,9148574,27
25433,9148574,9148910,336
25434,9148910,9148979,69
25435,9148979,9149468,489
25436,9149468,9149551,83
25437,9149551,9149563,12
25438,9149563,9149787,224
25439,9149787,9150385,598
25440,9150385,9150688,303
25441,9150688,9151693,1005
25442,9151693,9151728,35
25443,9151728,9153450,1722
25444,9153450,9153526,76
25445,9153526,9153575,49
25446,9153575,9153610,35
25447,9153610,9153993,383
25448,9153993,9154081,88
25449,9154081,9154103,22
25450,9154103,9154414,311
25451,9154414,9154505,91
25452,9154505,9154800,295
25453,9154800,9155206,406
25454,9155206,9156681,1475
25455,9156681,9157094,413
25456,9157094,9157324,230
25457,9157324,9157420,96
25458,9157420,9157441,21
25459,9157441,9158212,771
25460,9158212,9158308,96
25461,9158308,9158407,99
25462,9158407,9158852,445
25463,9158852,9159258,406
25464,9159258,9159643,385
25465,9159643,9159759,116
25466,9159759,9160322,563
25467,9160322,9160328,6
25468,9160328,9160344,16
25469,9160344,9160439,95
25470,9160439,9160533,94
25471,9160533,9160557,24
25472,9160557,9160638,81
25473,9160638,9160764,126
25474,9160764,9160893,129
25475,9160893,9161005,112
25476,9161005,9161355,350
25477,9161355,9161496,141
25478,9161496,9161517,21
25479,9161517,9161608,91
25480,9161608,9161661,53
25481,9161661,9161710,49
25482,9161710,9162159,449
25483,9162159,9162481,322
25484,9162481,9162858,377
25485,9162858,9164889,2031
25486,9164889,9165817,928
25487,9165817,9166235,418
25488,9166235,9166247,12
25489,9166247,9166259,12
25490,9166259,9166507,248
25491,9166507,9166580,73
25492,9166580,9166731,151
25493,9166731,9166996,265
25494,9166996,9167045,49
25495,9167045,9167128,83
25496,9167128,9167578,450
25497,9167578,9167607,29
25498,9167607,9167710,103
25499,9167710,9167725,15
25500,9167725,9167773,48
25501,9167773,9167934,161
25502,9167934,9167941,7
25503,9167941,9167977,36
25504,9167977,9167991,14
25505,9167991,9167998,7
25506,9167998,9168241,243
25507,9168241,9169486,1245
25508,9169486,9169670,184
25509,9169670,9169754,84
25510,9169754,9169911,157
25511,9169911,9170142,231
25512,9170142,9171432,1290
25513,9171432,9171625,193
25514,9171625,9172560,935
25515,9172560,9172576,16
25516,9172576,9172629,53
25517,9172629,9172717,88
25518,9172717,9173749,1032
25519,9173749,9173980,231
25520,9173980,9174051,71
25521,9174051,9174791,740
25522,9174791,9176066,1275
25523,9176066,9176568,502
25524,9176568,9177528,960
25525,9177528,9177862,334
25526,9177862,9178419,557
25527,9178419,9178757,338
25528,9178757,9179174,417
25529,9179174,9179187,13
25530,9179187,9179906,719
25531,9183086,9184152,1066
25532,9184152,9184648,496
25533,9184648,9185581,933
25534,9185581,9185701,120
25535,9185701,9186364,663
25536,9186364,9188011,1647
25537,9188011,9188773,762
25538,9188773,9189510,737
25539,9189510,9189699,189
25540,9189699,9189867,168
25541,9189867,9189900,33
25542,9189900,9189950,50
25543,9189950,9190400,450
25544,9190400,9190608,208
25545,9190608,9190916,308
25546,9190916,9191449,533
25547,9191449,9191851,402
25548,9191851,9191950,99
25549,9191950,9191981,31
25550,9191981,9192989,1008
25551,9192989,9193066,77
25552,9193066,9193377,311
25553,9193377,9193458,81
25554,9193458,9193595,137
25555,9193595,9194468,873
25556,9194468,9194698,230
25557,9194698,9194907,209
25558,9194907,9195190,283
25559,9195190,9195450,260
25560,9195450,9195640,190
25561,9195640,9195891,251
25562,9195891,9196022,131
25563,9196022,9196091,69
25564,9196091,9196427,336
25565,9196427,9196923,496
25566,9196923,9196947,24
25567,9196947,9197322,375
25568,9197322,9197343,21
25569,9197343,9197688,345
25570,9197688,9197935,247
25571,9197935,9198051,116
25572,9198051,9198071,20
25573,9198071,9198225,154
25574,9198225,9198389,164
25575,9198389,9198680,291
25576,9198680,9198788,108
25577,9198788,9198816,28
25578,9198816,9198912,96
25579,9198912,9198930,18
25580,9198930,9199021,91
25581,9199021,9199376,355
25582,9199376,9199392,16
25583,9199392,9199557,165
25584,9199557,9199709,152
25585,9199709,9199764,55
25586,9199764,9199973,209
25587,9199973,9200118,145
25588,9200118,9200256,138
25589,9200256,9200359,103
25590,9200359,9200624,265
25591,9200624,9201620,996
25592,9201620,9202166,546
25593,9202166,9202364,198
25594,9202364,9203619,1255
25595,9203619,9203716,97
25596,9203716,9204079,363
25597,9204079,9204778,699
25598,9204778,9204981,203
25599,9204981,9205114,133
25600,9205114,9205225,111
25601,9205225,9205637,412
25602,9205637,9205670,33
25603,9205670,9205870,200
25604,9205870,9205977,107
25605,9205977,9206470,493
25606,9206470,9207210,740
25607,9207210,9207218,8
25608,9207218,9207273,55
25609,9207273,9207440,167
25610,9207440,9207595,155
25611,9207595,9207854,259
25612,9207854,9208255,401
25613,9208255,9208854,599
25614,9208854,9209003,149
25615,9209003,9209141,138
25616,9209141,9209167,26
25617,9209167,9209347,180
25618,9209347,9209437,90
25619,9209437,9209576,139
25620,9209576,9209695,119
25621,9209695,9209750,55
25622,9209750,9209857,107
25623,9209857,9209912,55
25624,9209912,9209962,50
25625,9209962,9210140,178
25626,9210140,9210188,48
25627,9210188,9210217,29
25628,9210217,9210247,30
25629,9210247,9210278,31
25630,9210278,9210289,11
25631,9210289,9210296,7
25632,9210296,9210313,17
25633,9210313,9210389,76
25634,9210389,9210453,64
25635,9210453,9210619,166
25636,9210619,9210732,113
25637,9210732,9211195,463
25638,9211195,9211279,84
25639,9211279,9211731,452
25640,9211731,9212360,629
25641,9212360,9213270,910
25642,9213270,9214031,761
25643,9214031,9214240,209
25644,9214240,9214399,159
25645,9214399,9214410,11
25646,9214410,9214416,6
25647,9214416,9214716,300
25648,9214716,9214825,109
25649,9214825,9214905,80
25650,9214905,9214912,7
25651,9214912,9215142,230
25652,9215142,9215216,74
25653,9215216,9215254,38
25654,9215254,9215495,241
25655,9215495,9215731,236
25656,9215731,9215989,258
25657,9215989,9216049,60
25658,9216049,9216139,90
25659,9216139,9216268,129
25660,9216268,9216441,173
25661,9216441,9216687,246
25662,9216687,9217021,334
25663,9217021,9217217,196
25664,9217217,9217538,321
25665,9217538,9218107,569
25666,9218107,9218145,38
25667,9218145,9218317,172
25668,9218317,9218494,177
25669,9218494,9218506,12
25670,9218506,9218521,15
25671,9218521,9218699,178
25672,9218699,9219500,801
25673,9219500,9219577,77
25674,9219577,9219722,145
25675,9219722,9220272,550
25676,9220272,9220366,94
25677,9220366,9220414,48
25678,9220414,9220609,195
25679,9220609,9220699,90
25680,9220699,9221305,606
25681,9221305,9221346,41
25682,9221346,9221470,124
25683,9221470,9221485,15
25684,9221485,9221597,112
25685,9221597,9221670,73
25686,9221670,9221680,10
25687,9221680,9223008,1328
25688,9223008,9223032,24
25689,9223032,9223040,8
25690,9223040,9223502,462
25691,9223502,9224321,819
25692,9224321,9224527,206
25693,9224527,9224970,443
25694,9224970,9225517,547
25695,9225517,9225628,111
25696,9225628,9225731,103
25697,9225731,9225877,146
25698,9225877,9225920,43
25699,9225920,9226524,604
25700,9226524,9226594,70
25701,9226594,9226897,303
25702,9226897,9227234,337
25703,9227234,9227725,491
25704,9227725,9228145,420
25705,9228145,9228278,133
25706,9228278,9228333,55
25707,9228333,9228585,252
25708,9228585,9229242,657
25709,9229242,9229590,348
25710,9229590,9229600,10
25711,9229600,9229627,27
25712,9229627,9229672,45
25713,9229672,9229761,89
25714,9229761,9229812,51
25715,9229812,9229831,19
25716,9229831,9230193,362
25717,9230193,9230367,174
25718,9230367,9230669,302
25719,9230669,9231385,716
25720,9231385,9231587,202
25721,9231587,9231664,77
25722,9231664,9231783,119
25723,9231783,9232225,442
25724,9232225,9232339,114
25725,9232339,9232550,211
25726,9232550,9232818,268
25727,9232818,9233213,395
25728,9233213,9233340,127
25729,9233340,9233352,12
25730,9233352,9233484,132
25731,9233484,9233928,444
25732,9233928,9234033,105
25733,9234033,9234081,48
25734,9234081,9234149,68
25735,9234149,9234219,70
25736,9234219,9234302,83
25737,9234302,9234399,97
25738,9234399,9234449,50
25739,9234449,9234536,87
25740,9234536,9234626,90
25741,9234626,9234846,220
25742,9234846,9234863,17
25743,9234863,9234871,8
25744,9234871,9234936,65
25745,9234936,9235694,758
25746,9235694,9235862,168
25747,9235862,9235893,31
25748,9235893,9236056,163
25749,9236056,9236133,77
25750,9236133,9236137,4
25751,9236137,9236489,352
25752,9236489,9236917,428
25753,9236917,9237136,219
25754,9237136,9237504,368
25755,9237504,9237966,462
25756,9237966,9238173,207
25757,9238173,9238237,64
25758,9238237,9238276,39
25759,9238276,9238454,178
25760,9238454,9238475,21
25761,9238475,9238695,220
25762,9238695,9238811,116
25763,9238811,9239329,518
25764,9239329,9239390,61
25765,9239390,9239452,62
25766,9239452,9239768,316
25767,9239768,9240212,444
25768,9240212,9240254,42
25769,9240254,9240267,13
25770,9240267,9240390,123
25771,9240390,9240797,407
25772,9240797,9240948,151
25773,9240948,9241041,93
25774,9241041,9241319,278
25775,9241319,9241706,387
25776,9241706,9241832,126
25777,9241832,9241901,69
25778,9241901,9242022,121
25779,9242022,9242045,23
25780,9242045,9242057,12
25781,9242057,9242942,885
25782,9242942,9243806,864
25783,9243806,9243944,138
25784,9243944,9244109,165
25785,9244109,9244139,30
25786,9244139,9244185,46
25787,9244185,9244352,167
25788,9244352,9244492,140
25789,9244492,9244592,100
25790,9244592,9244601,9
25791,9244601,9244727,126
25792,9244727,9244924,197
25793,9244924,9245588,664
25794,9245588,9245819,231
25795,9245819,9245952,133
25796,9245952,9246011,59
25797,9246011,9246108,97
25798,9246108,9246343,235
25799,9246343,9246438,95
25800,9246438,9246620,182
25801,9246620,9246703,83
25802,9246703,9246919,216
25803,9246919,9246980,61
25804,9246980,9246998,18
25805,9246998,9247004,6
25806,9247004,9247020,16
25807,9247020,9248087,1067
25808,9248087,9248507,420
25809,9248507,9248634,127
25810,9248634,9248664,30
25811,9248664,9248686,22
25812,9248686,9248711,25
25813,9248711,9248763,52
25814,9248763,9248781,18
25815,9248781,9248805,24
25816,9248805,9248817,12
25817,9248817,9248901,84
25818,9248901,9248933,32
25819,9248933,9248946,13
25820,9248946,9248991,45
25821,9248991,9249096,105
25822,9249096,9249102,6
25823,9249102,9249132,30
25824,9249132,9249334,202
25825,9249334,9249616,282
25826,9249616,9249683,67
25827,9249683,9250247,564
25828,9250247,9250464,217
25829,9250464,9250504,40
25830,9250504,9250520,16
25831,9250520,9250659,139
25832,9250659,9250666,7
25833,9250666,9250712,46
25834,9250712,9251047,335
25835,9251047,9251086,39
25836,9251086,9251121,35
25837,9251121,9251127,6
25838,9251127,9251703,576
25839,9251703,9251760,57
25840,9251760,9252114,354
25841,9252114,9252307,193
25842,9252307,9252363,56
25843,9252363,9252380,17
25844,9252380,9252589,209
25845,9252589,9252927,338
25846,9252927,9252957,30
25847,9252957,9253183,226
25848,9253183,9253379,196
25849,9253379,9253654,275
25850,9253654,9253795,141
25851,9253795,9254111,316
25852,9254111,9254141,30
25853,9254141,9254163,22
25854,9254163,9254171,8
25855,9254171,9255113,942
25856,9255113,9255657,544
25857,9255657,9256448,791
25858,9256448,9256961,513
25859,9256961,9257186,225
25860,9257186,9257513,327
25861,9257513,9257638,125
25862,9257638,9257648,10
25863,9257648,9257701,53
25864,9257701,9257968,267
25865,9257968,9258101,133
25866,9258101,9258319,218
25867,9258319,9258746,427
25868,9258746,9259039,293
25869,9259039,9259107,68
25870,9259107,9259291,184
25871,9259291,9259352,61
25872,9259352,9259538,186
25873,9259538,9259630,92
25874,9259630,9259635,5
25875,9259635,9259661,26
25876,9259661,9260136,475
25877,9260136,9260274,138
25878,9260274,9260663,389
25879,9260663,9260792,129
25880,9260792,9261119,327
25881,9261119,9261260,141
25882,9261260,9261340,80
25883,9261340,9261495,155
25884,9261495,9261618,123
25885,9261618,9261684,66
25886,9261684,9261770,86
25887,9261770,9261955,185
25888,9261955,9261971,16
25889,9261971,9262159,188
25890,9262159,9262189,30
25891,9262189,9262206,17
25892,9262206,9262273,67
25893,9262273,9262879,606
25894,9262879,9263690,811
25895,9263690,9263861,171
25896,9263861,9263894,33
25897,9263894,9264056,162
25898,9264056,9264273,217
25899,9264273,9264636,363
25900,9264636,9264705,69
25901,9264705,9264762,57
25902,9264762,9264776,14
25903,9264776,9265122,346
25904,9265122,9265473,351
25905,9265473,9265774,301
25906,9265774,9265902,128
25907,9265902,9266069,167
25908,9266069,9266073,4
25909,9266073,9266637,564
25910,9266637,9266752,115
25911,9266752,9267365,613
25912,9267365,9267463,98
25913,9267463,9267963,500
25914,9267963,9268307,344
25915,9268307,9269465,1158
25916,9269465,9269546,81
25917,9269546,9269686,140
25918,9269686,9270227,541
25919,9270227,9270581,354
25920,9270581,9271271,690
25921,9271271,9271290,19
25922,9271290,9271412,122
25923,9271412,9272554,1142
25924,9272554,9272635,81
25925,9272635,9272775,140
25926,9272775,9273219,444
25927,9273219,9273564,345
25928,9273564,9273851,287
25929,9273851,9274121,270
25930,9274121,9274160,39
25931,9274160,9274386,226
25932,9274386,9274509,123
25933,9274509,9274790,281
25934,9274790,9274961,171
25935,9274961,9275030,69
25936,9275030,9275111,81
25937,9275111,9275204,93
25938,9275204,9275221,17
25939,9275221,9275265,44
25940,9275265,9276034,769
25941,9276034,9276412,378
25942,9276412,9276948,536
25943,9276948,9277071,123
25944,9277071,9277487,416
25945,9277487,9278160,673
25946,9278160,9278367,207
25947,9278367,9278433,66
25948,9278433,9278454,21
25949,9278454,9278639,185
25950,9278639,9278675,36
25951,9278675,9278847,172
25952,9278847,9278856,9
25953,9278856,9279052,196
25954,9279052,9279136,84
25955,9279136,9279237,101
25956,9279237,9279397,160
25957,9279397,9279525,128
25958,9279525,9279529,4
25959,9279529,9279798,269
25960,9279798,9279973,175
25961,9279973,9279984,11
25962,9279984,9280135,151
25963,9280135,9280381,246
25964,9280381,9280399,18
25965,9280399,9280528,129
25966,9280528,9280792,264
25967,9280792,9280818,26
25968,9280818,9280942,124
25969,9280942,9281040,98
25970,9281040,9281319,279
25971,9281319,9281472,153
25972,9281472,9281495,23
25973,9281495,9281512,17
25974,9281512,9281545,33
25975,9281545,9281554,9
25976,9281554,9281672,118
25977,9281672,9281811,139
25978,9281811,9282893,1082
25979,9282893,9283033,140
25980,9283033,9285163,2130
25981,9285163,9285476,313
25982,9285476,9285681,205
25983,9285681,9285895,214
25984,9285895,9286721,826
25985,9286721,9286999,278
25986,9286999,9287130,131
25987,9287130,9287167,37
25988,9287167,9287247,80
25989,9287247,9287287,40
25990,9287287,9287754,467
25991,9287754,9288540,786
25992,9288540,9288696,156
25993,9288696,9288701,5
25994,9288701,9288743,42
25995,9288743,9289278,535
25996,9289278,9289383,105
25997,9289383,9289472,89
25998,9289472,9289493,21
25999,9289493,9290261,768
26000,9290261,9290760,499
26001,9290760,9291195,435
26002,9291195,9291701,506
26003,9291701,9292005,304
26004,9292005,9292256,251
26005,9292256,9292881,625
26006,9292881,9293482,601
26007,9293482,9294031,549
26008,9294031,9294425,394
26009,9294425,9294587,162
26010,9294587,9294596,9
26011,9294596,9294676,80
26012,9294676,9294698,22
26013,9294698,9295177,479
26014,9295177,9295706,529
26015,9295706,9295761,55
26016,9295761,9296373,612
26017,9296373,9296577,204
26018,9296577,9297053,476
26019,9297053,9297315,262
26020,9297315,9297376,61
26021,9297376,9297600,224
26022,9297600,9297746,146
26023,9297746,9298351,605
26024,9298351,9299494,1143
26025,9299494,9300310,816
26026,9300310,9300434,124
26027,9300434,9300654,220
26028,9300654,9302005,1351
26029,9302005,9302313,308
26030,9302313,9302635,322
26031,9302635,9302679,44
26032,9302679,9302841,162
26033,9302841,9302879,38
26034,9302879,9302890,11
26035,9302890,9303008,118
26036,9303008,9303795,787
26037,9303795,9304046,251
26038,9304046,9304069,23
26039,9304069,9304398,329
26040,9304398,9304411,13
26041,9304411,9304613,202
26042,9304613,9304777,164
26043,9304777,9304789,12
26044,9304789,9304907,118
26045,9304907,9306308,1401
26046,9306308,9306561,253
26047,9306561,9306605,44
26048,9306605,9309856,3251
26049,9309856,9309864,8
26050,9309864,9309893,29
26051,9309893,9311721,1828
26052,9311721,9312067,346
26053,9312067,9312939,872
26054,9312939,9313146,207
26055,9313146,9313690,544
26056,9313690,9313842,152
26057,9313842,9314157,315
26058,9314157,9314364,207
26059,9314364,9314376,12
26060,9314376,9315263,887
26061,9315263,9316872,1609
26062,9316872,9316928,56
26063,9316928,9316991,63
26064,9316991,9317107,116
26065,9317107,9317490,383
26066,9317490,9317965,475
26067,9317965,9318364,399
26068,9318364,9318419,55
26069,9318419,9318582,163
26070,9318582,9319055,473
26071,9319055,9319075,20
26072,9319075,9319091,16
26073,9319091,9319593,502
26074,9319593,9319656,63
26075,9319656,9319718,62
26076,9319718,9319749,31
26077,9319749,9319845,96
26078,9319845,9320290,445
26079,9320290,9320338,48
26080,9320338,9320694,356
26081,9320694,9320844,150
26082,9320844,9321142,298
26083,9321142,9321218,76
26084,9321218,9321474,256
26085,9321474,9321612,138
26086,9321612,9321909,297
26087,9321909,9321940,31
26088,9321940,9321951,11
26089,9321951,9322208,257
26090,9322208,9322392,184
26091,9322392,9322809,417
26092,9322809,9322823,14
26093,9322823,9323031,208
26094,9323031,9323111,80
26095,9323111,9323135,24
26096,9323135,9323202,67
26097,9323202,9323363,161
26098,9323363,9323420,57
26099,9323420,9323565,145
26100,9323565,9323649,84
26101,9323649,9323701,52
26102,9323701,9323851,150
26103,9323851,9324116,265
26104,9324116,9324334,218
26105,9324334,9324945,611
26106,9324945,9325017,72
26107,9325017,9325138,121
26108,9325138,9325158,20
26109,9325158,9325201,43
26110,9325201,9325239,38
26111,9325239,9325243,4
26112,9325243,9325370,127
26113,9325370,9325426,56
26114,9325426,9326074,648
26115,9326074,9326437,363
26116,9326437,9326611,174
26117,9326611,9326665,54
26118,9326665,9327267,602
26119,9327267,9327501,234
26120,9327501,9328102,601
26121,9328102,9328591,489
26122,9328591,9328767,176
26123,9328767,9328805,38
26124,9328805,9328810,5
26125,9328810,9329240,430
26126,9329240,9329305,65
26127,9329305,9329413,108
26128,9329413,9329622,209
26129,9329622,9329907,285
26130,9329907,9330131,224
26131,9330131,9330241,110
26132,9330241,9330248,7
26133,9330248,9330642,394
26134,9330642,9331008,366
26135,9331008,9331013,5
26136,9331013,9331071,58
26137,9331071,9331251,180
26138,9331251,9332313,1062
26139,9332313,9332615,302
26140,9332615,9332688,73
26141,9332688,9333635,947
26142,9333635,9333693,58
26143,9333693,9333726,33
26144,9333726,9334097,371
26145,9334097,9334715,618
26146,9337179,9337201,22
26147,9337201,9337263,62
26148,9337263,9338215,952
26149,9338215,9338250,35
26150,9338250,9338386,136
26151,9338386,9338530,144
26152,9338530,9338576,46
26153,9338576,9340339,1763
26154,9340339,9341089,750
26155,9341089,9341538,449
26156,9341538,9345694,4156
26157,9345694,9346405,711
26158,9346405,9346447,42
26159,9346447,9347513,1066
26160,9347513,9347766,253
26161,9347766,9347984,218
26162,9347984,9349882,1898
26163,9349882,9350117,235
26164,9350117,9350413,296
26165,9350413,9351038,625
26166,9355043,9355771,728
26167,9355771,9356764,993
26168,9356764,9357112,348
26169,9357112,9357218,106
26170,9357218,9357543,325
26171,9357543,9357925,382
26172,9357925,9358300,375
26173,9358300,9359021,721
26174,9359021,9359952,931
26175,9359952,9359988,36
26176,9359988,9360375,387
26177,9360375,9360442,67
26178,9360442,9360626,184
26179,9360626,9360912,286
26180,9360912,9361473,561
26181,9361473,9361500,27
26182,9361500,9361590,90
26183,9361590,9361642,52
26184,9361642,9361697,55
26185,9361697,9361777,80
26186,9361777,9361942,165
26187,9361942,9361979,37
26188,9361979,9362020,41
26189,9362020,9362053,33
26190,9362053,9362113,60
26191,9362113,9362523,410
26192,9362523,9362605,82
26193,9362605,9362688,83
26194,9362688,9362850,162
26195,9362850,9363161,311
26196,9363161,9363475,314
26197,9363475,9363568,93
26198,9363568,9363676,108
26199,9363676,9363700,24
26200,9363700,9364193,493
26201,9364193,9364306,113
26202,9364306,9364354,48
26203,9364354,9364525,171
26204,9364525,9364807,282
26205,9364807,9364877,70
26206,9364877,9364892,15
26207,9364892,9365117,225
26208,9365117,9365193,76
26209,9365193,9365369,176
26210,9365369,9365523,154
26211,9365523,9365701,178
26212,9365701,9365714,13
26213,9365714,9365941,227
26214,9365941,9365979,38
26215,9365979,9366144,165
26216,9366144,9366432,288
26217,9366432,9366519,87
26218,9366519,9366739,220
26219,9366739,9366771,32
26220,9366771,9366882,111
26221,9366882,9366972,90
26222,9366972,9366977,5
26223,9366977,9366985,8
26224,9366985,9367062,77
26225,9367062,9367173,111
26226,9367173,9367249,76
26227,9367249,9367503,254
26228,9367503,9367677,174
26229,9367677,9367899,222
26230,9367899,9368007,108
26231,9368007,9368101,94
26232,9368101,9368322,221
26233,9368322,9368342,20
26234,9368342,9368389,47
26235,9368389,9368491,102
26236,9368491,9368521,30
26237,9368521,9368542,21
26238,9368542,9368674,132
26239,9368674,9368691,17
26240,9368691,9368739,48
26241,9368739,9368769,30
26242,9368769,9368845,76
26243,9368845,9368856,11
26244,9368856,9368884,28
26245,9368884,9369043,159
26246,9369043,9369069,26
26247,9369069,9369372,303
26248,9369372,9369456,84
26249,9369456,9369608,152
26250,9369608,9369937,329
26251,9369937,9369952,15
26252,9369952,9370024,72
26253,9370024,9370047,23
26254,9370047,9370242,195
26255,9370242,9370255,13
26256,9370255,9370368,113
26257,9370368,9370533,165
26258,9370533,9370576,43
26259,9370576,9370924,348
26260,9370924,9370953,29
26261,9370953,9371142,189
26262,9371142,9371501,359
26263,9371501,9371522,21
26264,9371522,9371593,71
26265,9371593,9371603,10
26266,9371603,9371759,156
26267,9371759,9371901,142
26268,9371901,9371949,48
26269,9371949,9372185,236
26270,9372185,9372215,30
26271,9372215,9372534,319
26272,9372534,9372570,36
26273,9372570,9372770,200
26274,9372770,9373231,461
26275,9373231,9373307,76
26276,9373307,9373319,12
26277,9373319,9373389,70
26278,9373389,9373481,92
26279,9373481,9373661,180
26280,9373661,9373759,98
26281,9373759,9374462,703
26282,9374462,9375637,1175
26283,9375637,9375941,304
26284,9375941,9377107,1166
26285,9377107,9377943,836
26286,9380608,9380870,262
26287,9380870,9382122,1252
26288,9382122,9382646,524
26289,9382646,9382789,143
26290,9382789,9382968,179
26291,9385354,9385729,375
26292,9385729,9385940,211
26293,9385940,9386419,479
26294,9386419,9386880,461
26295,9386880,9387055,175
26296,9387055,9388215,1160
26297,9388215,9388674,459
26298,9388674,9389117,443
26299,9389117,9389761,644
26300,9389761,9389770,9
26301,9389770,9390221,451
26302,9390221,9390228,7
26303,9390228,9390286,58
26304,9390286,9390462,176
26305,9390462,9390602,140
26306,9390602,9391576,974
26307,9391576,9391991,415
26308,9391991,9392261,270
26309,9392261,9393154,893
26310,9393154,9393471,317
26311,9393471,9394014,543
26312,9394014,9396476,2462
26313,9396476,9397201,725
26314,9397201,9397813,612
26315,9397813,9398048,235
26316,9398048,9399896,1848
26317,9402594,9402732,138
26318,9406853,9408305,1452
26319,9408305,9409363,1058
26320,9409363,9409922,559
26321,9409922,9410119,197
26322,9412809,9412833,24
26323,9412833,9414213,1380
26324,9414213,9416833,2620
26325,9416833,9417217,384
26326,9417217,9418042,825
26327,9419938,9420632,694
26328,9420632,9422494,1862
26329,9422494,9422879,385
26330,9422879,9423236,357
26331,9423236,9423615,379
26332,9423615,9424387,772
26333,9424387,9424736,349
26334,9427988,9428878,890
26335,9428878,9428885,7
26336,9428885,9429104,219
26337,9429104,9429823,719
26338,9429823,9429887,64
26339,9429887,9430332,445
26340,9430332,9431652,1320
26341,9431652,9433207,1555
26342,9433207,9433347,140
26343,9433347,9434223,876
26344,9436311,9436831,520
26345,9436831,9437716,885
26346,9437716,9439057,1341
26347,9439057,9439260,203
26348,9442846,9443072,226
26349,9445641,9445647,6
26350,9445647,9446734,1087
26351,9446734,9446747,13
26352,9446747,9446759,12
26353,9446759,9446847,88
26354,9446847,9447669,822
26355,9447669,9447953,284
26356,9447953,9451224,3271
26357,9451224,9452359,1135
26358,9452359,9453594,1235
26359,9453594,9454685,1091
26360,9454685,9454695,10
26361,9454695,9455217,522
26362,9455217,9456264,1047
26363,9456264,9456632,368
26364,9456632,9457589,957
26365,9457589,9457763,174
26366,9460726,9461702,976
26367,9461702,9462062,360
26368,9462062,9462115,53
26369,9462115,9462459,344
26370,9462459,9462526,67
26371,9462526,9463079,553
26372,9463079,9464642,1563
26373,9464642,9465008,366
26374,9465008,9465223,215
26375,9465223,9466640,1417
26376,9466640,9466987,347
26377,9466987,9467589,602
26378,9467589,9467607,18
26379,9467607,9468688,1081
26380,9468688,9469916,1228
26381,9469916,9471705,1789
26382,9471705,9472003,298
26383,9472003,9472163,160
26384,9472163,9472268,105
26385,9472268,9473307,1039
26386,9473307,9473881,574
26387,9473881,9473933,52
26388,9473933,9475352,1419
26389,9475352,9475409,57
26390,9475409,9476549,1140
26391,9476549,9477194,645
26392,9477194,9478136,942
26393,9478136,9478148,12
26394,9478148,9479152,1004
26395,9479152,9479710,558
26396,9479710,9480566,856
26397,9480566,9482396,1830
26398,9482396,9483059,663
26399,9483059,9483412,353
26400,9483412,9484441,1029
26401,9484441,9486613,2172
26402,9486613,9486979,366
26403,9486979,9487008,29
26404,9487008,9487765,757
26405,9487765,9488251,486
26406,9488251,9488460,209
26407,9488460,9488846,386
26408,9488846,9490649,1803
26409,9490649,9491393,744
26410,9491393,9492148,755
26411,9492148,9492771,623
26412,9492771,9493094,323
26413,9493094,9493227,133
26414,9493227,9493950,723
26415,9493950,9494133,183
26416,9494133,9494780,647
26417,9494780,9496970,2190
26418,9496970,9496982,12
26419,9496982,9497052,70
26420,9497052,9497670,618
26421,9497670,9497963,293
26422,9497963,9497998,35
26423,9497998,9498161,163
26424,9498161,9498248,87
26425,9498248,9498401,153
26426,9498401,9499858,1457
26427,9499858,9500055,197
26428,9500055,9501981,1926
26429,9501981,9503950,1969
26430,9503950,9505315,1365
26431,9505315,9505604,289
26432,9507215,9507960,745
26433,9507960,9508240,280
26434,9508240,9508876,636
26435,9508876,9509122,246
26436,9509122,9509128,6
26437,9509128,9509551,423
26438,9509551,9509587,36
26439,9509587,9509863,276
26440,9509863,9509916,53
26441,9509916,9510508,592
26442,9510508,9510575,67
26443,9510575,9511224,649
26444,9511224,9511590,366
26445,9511590,9511698,108
26446,9511698,9511820,122
26447,9511820,9512110,290
26448,9512110,9513595,1485
26449,9513595,9515568,1973
26450,9515568,9515928,360
26451,9515928,9516606,678
26452,9516606,9516652,46
26453,9516652,9516994,342
26454,9516994,9518567,1573
26455,9523353,9523360,7
26456,9523360,9525992,2632
26457,9525992,9527533,1541
26458,9532937,9533394,457
26459,9533394,9533515,121
26460,9533515,9534178,663
26461,9534178,9535130,952
26462,9535130,9538535,3405
26463,9538535,9539582,1047
26464,9539582,9540291,709
26465,9540291,9540904,613
26466,9540904,9541321,417
26467,9541321,9542989,1668
26468,9542989,9544254,1265
26469,9547007,9547504,497
26470,9547504,9547678,174
26471,9547678,9547981,303
26472,9547981,9547987,6
26473,9547987,9549408,1421
26474,9551426,9551750,324
26475,9551750,9551763,13
26476,9551763,9551846,83
26477,9551846,9552136,290
26478,9552136,9552384,248
26479,9552384,9552520,136
26480,9552520,9552588,68
26481,9552588,9553077,489
26482,9553077,9553150,73
26483,9553150,9553634,484
26484,9553634,9553783,149
26485,9553783,9553917,134
26486,9553917,9554701,784
26487,9554701,9555452,751
26488,9555452,9555867,415
26489,9555867,9556112,245
26490,9556112,9556457,345
26491,9556457,9556576,119
26492,9556576,9557032,456
26493,9557032,9557380,348
26494,9557380,9557547,167
26495,9557547,9557951,404
26496,9557951,9558090,139
26497,9558090,9558638,548
26498,9558638,9558820,182
26499,9558820,9559243,423
26500,9559243,9559350,107
26501,9559350,9559880,530
26502,9559880,9560279,399
26503,9560279,9560368,89
26504,9560368,9560382,14
26505,9560382,9560438,56
26506,9560438,9560444,6
26507,9560444,9560490,46
26508,9560490,9560501,11
26509,9560501,9560885,384
26510,9560885,9560957,72
26511,9560957,9561160,203
26512,9561160,9561454,294
26513,9561454,9561593,139
26514,9561593,9562479,886
26515,9562479,9562566,87
26516,9562566,9562807,241
26517,9562807,9562870,63
26518,9562870,9562983,113
26519,9562983,9563209,226
26520,9563209,9563245,36
26521,9563245,9563278,33
26522,9563278,9563386,108
26523,9563386,9563684,298
26524,9563684,9563728,44
26525,9563728,9563803,75
26526,9563803,9563898,95
26527,9563898,9564003,105
26528,9564003,9564063,60
26529,9564063,9564135,72
26530,9564135,9564178,43
26531,9564178,9564185,7
26532,9564185,9564189,4
26533,9564189,9564351,162
26534,9564351,9564420,69
26535,9564420,9564495,75
26536,9564495,9564744,249
26537,9564744,9565110,366
26538,9565110,9565340,230
26539,9565340,9565347,7
26540,9565347,9565548,201
26541,9565548,9565602,54
26542,9565602,9565621,19
26543,9565621,9565702,81
26544,9565702,9565934,232
26545,9565934,9566107,173
26546,9566107,9566120,13
26547,9566120,9566156,36
26548,9566156,9566674,518
26549,9566674,9566735,61
26550,9566735,9566808,73
26551,9566808,9566963,155
26552,9566963,9566984,21
26553,9566984,9567157,173
26554,9567157,9567274,117
26555,9567274,9567367,93
26556,9567367,9567449,82
26557,9567449,9567601,152
26558,9567601,9567779,178
26559,9567779,9567803,24
26560,9567803,9567944,141
26561,9567944,9568003,59
26562,9568003,9568008,5
26563,9568008,9568182,174
26564,9568182,9568255,73
26565,9568255,9568478,223
26566,9568478,9568568,90
26567,9568568,9568767,199
26568,9568767,9568846,79
26569,9568846,9568878,32
26570,9568878,9568991,113
26571,9568991,9569236,245
26572,9569236,9569287,51
26573,9569287,9569563,276
26574,9569563,9570008,445
26575,9570008,9570153,145
26576,9570153,9570463,310
26577,9570463,9570566,103
26578,9570566,9570625,59
26579,9570625,9570811,186
26580,9570811,9570834,23
26581,9570834,9570945,111
26582,9570945,9571382,437
26583,9571382,9571428,46
26584,9571428,9571658,230
26585,9571658,9571944,286
26586,9571944,9572069,125
26587,9572069,9572099,30
26588,9572099,9572106,7
26589,9572106,9572299,193
26590,9572299,9572390,91
26591,9572390,9572400,10
26592,9572400,9572450,50
26593,9572450,9572475,25
26594,9572475,9572731,256
26595,9572731,9572737,6
26596,9572737,9573002,265
26597,9573002,9573132,130
26598,9573132,9573432,300
26599,9573432,9573497,65
26600,9573497,9573580,83
26601,9573580,9573607,27
26602,9573607,9573622,15
26603,9573622,9573887,265
26604,9573887,9574217,330
26605,9574217,9574520,303
26606,9574520,9574569,49
26607,9574569,9574609,40
26608,9574609,9574778,169
26609,9574778,9574931,153
26610,9574931,9575043,112
26611,9575043,9575177,134
26612,9575177,9575299,122
26613,9575299,9575448,149
26614,9575448,9575637,189
26615,9575637,9576047,410
26616,9576047,9576365,318
26617,9576365,9576373,8
26618,9576373,9576606,233
26619,9576606,9576888,282
26620,9576888,9577356,468
26621,9577356,9577512,156
26622,9577512,9578747,1235
26623,9578747,9579205,458
26624,9579205,9579326,121
26625,9579326,9579359,33
26626,9579359,9579916,557
26627,9579916,9580095,179
26628,9580095,9580219,124
26629,9580219,9580462,243
26630,9580462,9580655,193
26631,9580655,9582643,1988
26632,9582643,9582816,173
26633,9582816,9583102,286
26634,9583102,9583239,137
26635,9583239,9583548,309
26636,9583548,9584270,722
26637,9584270,9584733,463
26638,9584733,9585563,830
26639,9585563,9586114,551
26640,9586114,9586221,107
26641,9586221,9586644,423
26642,9586644,9586686,42
26643,9586686,9586792,106
26644,9586792,9586812,20
26645,9586812,9587030,218
26646,9587030,9587105,75
26647,9587105,9587184,79
26648,9587184,9587207,23
26649,9587207,9587271,64
26650,9587271,9587624,353
26651,9587624,9587717,93
26652,9587717,9587729,12
26653,9587729,9587751,22
26654,9587751,9587866,115
26655,9587866,9588231,365
26656,9588231,9588310,79
26657,9588310,9589351,1041
26658,9589351,9589382,31
26659,9589382,9590366,984
26660,9590366,9590401,35
26661,9590401,9590522,121
26662,9590522,9590694,172
26663,9590694,9590831,137
26664,9590831,9591738,907
26665,9591738,9592187,449
26666,9592187,9592541,354
26667,9592541,9593448,907
26668,9593448,9593602,154
26669,9593602,9593834,232
26670,9593834,9594149,315
26671,9594149,9594701,552
26672,9594701,9594786,85
26673,9594786,9594949,163
26674,9594949,9594985,36
26675,9594985,9595014,29
26676,9595014,9595114,100
26677,9595114,9595118,4
26678,9595118,9595373,255
26679,9595373,9595502,129
26680,9595502,9595742,240
26681,9595742,9596080,338
26682,9596080,9596092,12
26683,9596092,9596403,311
26684,9596403,9596613,210
26685,9596613,9596640,27
26686,9596640,9596838,198
26687,9596838,9596946,108
26688,9596946,9598247,1301
26689,9598247,9598295,48
26690,9598295,9598812,517
26691,9598812,9598917,105
26692,9598917,9598923,6
26693,9598923,9599021,98
26694,9599021,9600221,1200
26695,9600221,9601373,1152
26696,9601373,9601631,258
26697,9601631,9602217,586
26698,9602217,9602391,174
26699,9602391,9602473,82
26700,9602473,9602554,81
26701,9602554,9603255,701
26702,9603255,9603271,16
26703,9603271,9603295,24
26704,9603295,9603306,11
26705,9603306,9603625,319
26706,9603625,9603956,331
26707,9603956,9603962,6
26708,9603962,9604519,557
26709,9604519,9604889,370
26710,9604889,9605224,335
26711,9605224,9605405,181
26712,9605405,9605462,57
26713,9605462,9605501,39
26714,9605501,9605515,14
26715,9605515,9605597,82
26716,9605597,9605851,254
26717,9605851,9606657,806
26718,9606657,9606801,144
26719,9606801,9606910,109
26720,9606910,9607123,213
26721,9607123,9607219,96
26722,9607219,9607360,141
26723,9607360,9607374,14
26724,9607374,9607434,60
26725,9607434,9607492,58
26726,9607492,9607516,24
26727,9607516,9607536,20
26728,9607536,9607564,28
26729,9607564,9607637,73
26730,9607637,9607675,38
26731,9607675,9607766,91
26732,9607766,9607936,170
26733,9607936,9608098,162
26734,9608098,9608168,70
26735,9608168,9609025,857
26736,9609025,9609375,350
26737,9609375,9609462,87
26738,9609462,9610275,813
26739,9610275,9610304,29
26740,9610304,9610551,247
26741,9610551,9611014,463
26742,9611014,9611024,10
26743,9611024,9611321,297
26744,9611321,9611672,351
26745,9611672,9611708,36
26746,9611708,9611780,72
26747,9611780,9611807,27
26748,9611807,9611837,30
26749,9611837,9611927,90
26750,9611927,9612316,389
26751,9612316,9612454,138
26752,9612454,9612479,25
26753,9612479,9612499,20
26754,9612499,9613758,1259
26755,9613758,9613798,40
26756,9613798,9613876,78
26757,9613876,9614187,311
26758,9614187,9614977,790
26759,9614977,9615351,374
26760,9615351,9615510,159
26761,9615510,9615931,421
26762,9615931,9616521,590
26763,9616521,9616622,101
26764,9616622,9617102,480
26765,9617102,9617214,112
26766,9617214,9617267,53
26767,9617267,9617411,144
26768,9617411,9617490,79
26769,9617490,9617735,245
26770,9617735,9618295,560
26771,9618295,9619042,747
26772,9619042,9619172,130
26773,9619172,9619197,25
26774,9619197,9619637,440
26775,9619637,9619897,260
26776,9619897,9620023,126
26777,9620023,9620054,31
26778,9620054,9620357,303
26779,9620357,9620398,41
26780,9620398,9621049,651
26781,9621049,9621243,194
26782,9621243,9621378,135
26783,9621378,9621494,116
26784,9621494,9622300,806
26785,9622300,9622422,122
26786,9622422,9622754,332
26787,9622754,9623251,497
26788,9623251,9623371,120
26789,9623371,9626193,2822
26790,9626193,9626232,39
26791,9626232,9626453,221
26792,9626453,9626707,254
26793,9626707,9626711,4
26794,9626711,9626715,4
26795,9626715,9626719,4
26796,9626719,9627101,382
26797,9627101,9627140,39
26798,9627140,9627145,5
26799,9627145,9627377,232
26800,9627377,9627756,379
26801,9627756,9628309,553
26802,9628309,9628934,625
26803,9628934,9629143,209
26804,9629143,9629212,69
26805,9629212,9629249,37
26806,9629249,9629856,607
26807,9629856,9630070,214
26808,9630070,9630293,223
26809,9630293,9630308,15
26810,9630308,9630646,338
26811,9630646,9630784,138
26812,9630784,9630802,18
26813,9630802,9630808,6
26814,9630808,9630896,88
26815,9630896,9631020,124
26816,9631020,9631059,39
26817,9631059,9631102,43
26818,9631102,9632073,971
26819,9632073,9633446,1373
26820,9633446,9633740,294
26821,9633740,9635392,1652
26822,9635392,9635493,101
26823,9635493,9636006,513
26824,9636006,9636124,118
26825,9636124,9636706,582
26826,9636706,9636726,20
26827,9636726,9637836,1110
26828,9637836,9638554,718
26829,9638554,9640347,1793
26830,9640347,9640391,44
26831,9640391,9640999,608
26832,9640999,9641945,946
26833,9641945,9642842,897
26834,9642842,9643485,643
26835,9643485,9643592,107
26836,9643592,9643643,51
26837,9643643,9644009,366
26838,9644009,9644040,31
26839,9644040,9644345,305
26840,9644345,9644528,183
26841,9644528,9644748,220
26842,9644748,9644772,24
26843,9644772,9644800,28
26844,9644800,9644881,81
26845,9644881,9644918,37
26846,9644918,9645339,421
26847,9645339,9645697,358
26848,9645697,9645870,173
26849,9645870,9645973,103
26850,9645973,9646388,415
26851,9646388,9646880,492
26852,9646880,9646901,21
26853,9646901,9647056,155
26854,9647056,9647490,434
26855,9647490,9647942,452
26856,9647942,9648014,72
26857,9648014,9648095,81
26858,9648095,9648102,7
26859,9648102,9648236,134
26860,9648236,9648262,26
26861,9648262,9648649,387
26862,9648649,9649798,1149
26863,9649798,9651219,1421
26864,9651219,9651225,6
26865,9651225,9652114,889
26866,9652114,9652300,186
26867,9652300,9652347,47
26868,9652347,9652752,405
26869,9652752,9653610,858
26870,9653610,9654101,491
26871,9654101,9654371,270
26872,9657362,9658002,640
26873,9658002,9658728,726
26874,9658728,9659430,702
26875,9659430,9659475,45
26876,9659475,9659713,238
26877,9659713,9659773,60
26878,9659773,9659932,159
26879,9659932,9659997,65
26880,9659997,9660006,9
26881,9660006,9660076,70
26882,9660076,9660085,9
26883,9660085,9660318,233
26884,9660318,9660647,329
26885,9660647,9660792,145
26886,9660792,9660935,143
26887,9660935,9661211,276
26888,9661211,9661925,714
26889,9661925,9661938,13
26890,9661938,9662041,103
26891,9662041,9662292,251
26892,9662292,9662419,127
26893,9662419,9662446,27
26894,9662446,9662609,163
26895,9662609,9662692,83
26896,9662692,9662706,14
26897,9662706,9662760,54
26898,9662760,9662769,9
26899,9662769,9663056,287
26900,9663056,9663317,261
26901,9663317,9663787,470
26902,9663787,9663819,32
26903,9663819,9664133,314
26904,9664133,9664732,599
26905,9664732,9664768,36
26906,9664768,9664854,86
26907,9664854,9665236,382
26908,9665236,9665308,72
26909,9665308,9665365,57
26910,9665365,9665500,135
26911,9665500,9666319,819
26912,9666319,9666323,4
26913,9666323,9666767,444
26914,9666767,9666931,164
26915,9666931,9666959,28
26916,9666959,9667358,399
26917,9667358,9667362,4
26918,9667362,9668096,734
26919,9668096,9668721,625
26920,9668721,9668801,80
26921,9668801,9669195,394
26922,9669195,9670362,1167
26923,9670362,9671231,869
26924,9671231,9671243,12
26925,9671243,9671668,425
26926,9671668,9672158,490
26927,9672158,9672697,539
26928,9672697,9672787,90
26929,9672787,9673053,266
26930,9673053,9673071,18
26931,9673071,9673077,6
26932,9673077,9673132,55
26933,9673132,9673255,123
26934,9673255,9673439,184
26935,9673439,9673689,250
26936,9673689,9673969,280
26937,9673969,9674402,433
26938,9674402,9674426,24
26939,9674426,9674829,403
26940,9674829,9675533,704
26941,9675533,9675632,99
26942,9675632,9675670,38
26943,9675670,9675777,107
26944,9675777,9675907,130
26945,9675907,9676107,200
26946,9676107,9676431,324
26947,9676431,9676470,39
26948,9676470,9676478,8
26949,9676478,9676498,20
26950,9676498,9676638,140
26951,9676638,9676729,91
26952,9676729,9676848,119
26953,9676848,9676947,99
26954,9676947,9677302,355
26955,9677302,9677340,38
26956,9677340,9677376,36
26957,9677376,9677388,12
26958,9677388,9677788,400
26959,9677788,9678229,441
26960,9678229,9679173,944
26961,9679173,9679204,31
26962,9679204,9679295,91
26963,9679295,9679349,54
26964,9679349,9680655,1306
26965,9680655,9680986,331
26966,9680986,9681252,266
26967,9681252,9681517,265
26968,9681517,9682038,521
26969,9682038,9682267,229
26970,9682267,9682554,287
26971,9682554,9682593,39
26972,9682593,9682747,154
26973,9682747,9683018,271
26974,9683018,9683262,244
26975,9683262,9683328,66
26976,9683328,9683338,10
26977,9683338,9683380,42
26978,9686100,9686280,180
26979,9686280,9686799,519
26980,9686799,9686894,95
26981,9686894,9686988,94
26982,9686988,9688315,1327
26983,9688315,9688449,134
26984,9688449,9688710,261
26985,9688710,9688852,142
26986,9688852,9689039,187
26987,9689039,9689111,72
26988,9689111,9689151,40
26989,9689151,9689621,470
26990,9689621,9689879,258
26991,9689879,9689887,8
26992,9689887,9690051,164
26993,9690051,9690231,180
26994,9690231,9690563,332
26995,9690563,9690666,103
26996,9690666,9690691,25
26997,9690691,9690902,211
26998,9690902,9691163,261
26999,9691163,9691169,6
27000,9691169,9691285,116
27001,9691285,9691392,107
27002,9691392,9691408,16
27003,9691408,9691464,56
27004,9691464,9691479,15
27005,9691479,9691494,15
27006,9691494,9693025,1531
27007,9693025,9694320,1295
27008,9694320,9694625,305
27009,9694625,9694675,50
27010,9694675,9695253,578
27011,9695253,9695484,231
27012,9695484,9695506,22
27013,9695506,9695545,39
27014,9695545,9695556,11
27015,9695556,9695597,41
27016,9695597,9696232,635
27017,9696232,9696321,89
27018,9696321,9696553,232
27019,9696553,9696757,204
27020,9696757,9697056,299
27021,9697056,9697627,571
27022,9697627,9697684,57
27023,9697684,9697724,40
27024,9697724,9697757,33
27025,9697757,9698091,334
27026,9698091,9698109,18
27027,9698109,9698206,97
27028,9698206,9698456,250
27029,9698456,9698466,10
27030,9698466,9698502,36
27031,9698502,9699660,1158
27032,9699660,9699801,141
27033,9699801,9699973,172
27034,9699973,9700161,188
27035,9700161,9700279,118
27036,9700279,9700556,277
27037,9700556,9700607,51
27038,9700607,9700688,81
27039,9700688,9702352,1664
27040,9702352,9702651,299
27041,9702651,9702658,7
27042,9702658,9702691,33
27043,9702691,9704353,1662
27044,9704353,9704363,10
27045,9704363,9704618,255
27046,9704618,9704700,82
27047,9704700,9704807,107
27048,9704807,9706354,1547
27049,9706354,9706819,465
27050,9706819,9707359,540
27051,9707359,9707469,110
27052,9707469,9707757,288
27053,9707757,9707842,85
27054,9707842,9707973,131
27055,9707973,9708301,328
27056,9708301,9708596,295
27057,9708596,9708698,102
27058,9708698,9708713,15
27059,9708713,9708738,25
27060,9708738,9709205,467
27061,9709205,9709299,94
27062,9709299,9710163,864
27063,9710163,9710684,521
27064,9710684,9711135,451
27065,9711135,9711493,358
27066,9711493,9711820,327
27067,9711820,9712770,950
27068,9712770,9713690,920
27069,9713690,9715176,1486
27070,9715176,9715970,794
27071,9715970,9716026,56
27072,9716026,9717204,1178
27073,9717204,9717475,271
27074,9717475,9717725,250
27075,9717725,9717852,127
27076,9717852,9719300,1448
27077,9719300,9719606,306
27078,9719606,9719614,8
27079,9719614,9719824,210
27080,9719824,9719865,41
27081,9719865,9720057,192
27082,9720057,9721226,1169
27083,9721226,9722316,1090
27084,9722316,9722573,257
27085,9722573,9722623,50
27086,9722623,9722971,348
27087,9722971,9723143,172
27088,9723143,9723366,223
27089,9723366,9723372,6
27090,9723372,9723398,26
27091,9723398,9723598,200
27092,9723598,9724511,913
27093,9724511,9724703,192
27094,9724703,9724863,160
27095,9724863,9724869,6
27096,9724869,9724972,103
27097,9724972,9725605,633
27098,9728417,9729215,798
27099,9729215,9729668,453
27100,9729668,9730298,630
27101,9730298,9730603,305
27102,9730603,9731975,1372
27103,9731975,9732072,97
27104,9732072,9732086,14
27105,9732086,9732122,36
27106,9732122,9732159,37
27107,9732159,9732305,146
27108,9732305,9732829,524
27109,9732829,9733215,386
27110,9733215,9733325,110
27111,9733325,9733447,122
27112,9733447,9733520,73
27113,9733520,9733571,51
27114,9733571,9733695,124
27115,9733695,9733781,86
27116,9733781,9734396,615
27117,9734396,9735788,1392
27118,9735788,9735808,20
27119,9735808,9735961,153
27120,9737661,9737842,181
27121,9740736,9740883,147
27122,9740883,9741127,244
27123,9741127,9741499,372
27124,9741499,9741867,368
27125,9741867,9741874,7
27126,9741874,9742874,1000
27127,9742874,9743894,1020
27128,9743894,9743965,71
27129,9743965,9744075,110
27130,9744075,9744207,132
27131,9744207,9744215,8
27132,9744215,9744660,445
27133,9744660,9744912,252
27134,9744912,9744957,45
27135,9744957,9745135,178
27136,9745135,9745307,172
27137,9745307,9745401,94
27138,9745401,9745454,53
27139,9745454,9745535,81
27140,9745535,9745610,75
27141,9745610,9745640,30
27142,9745640,9745812,172
27143,9745812,9747746,1934
27144,9747746,9748096,350
27145,9748096,9749186,1090
27146,9749186,9749361,175
27147,9749361,9749392,31
27148,9749392,9749417,25
27149,9749417,9749512,95
27150,9749512,9749998,486
27151,9749998,9750564,566
27152,9750564,9750929,365
27153,9750929,9750938,9
27154,9750938,9751062,124
27155,9751062,9751243,181
27156,9751243,9751249,6
27157,9751249,9751774,525
27158,9751774,9751792,18
27159,9751792,9751983,191
27160,9751983,9751998,15
27161,9751998,9753000,1002
27162,9753000,9753148,148
27163,9753148,9753250,102
27164,9753250,9753344,94
27165,9753344,9753472,128
27166,9753472,9753623,151
27167,9753623,9753875,252
27168,9753875,9753971,96
27169,9753971,9754169,198
27170,9754169,9754733,564
27171,9754733,9754760,27
27172,9754760,9755227,467
27173,9755227,9755270,43
27174,9755270,9756055,785
27175,9756055,9756834,779
27176,9756834,9757803,969
27177,9757803,9757838,35
27178,9757838,9758041,203
27179,9758041,9758955,914
27180,9758955,9759066,111
27181,9759066,9759324,258
27182,9759324,9759801,477
27183,9759801,9760008,207
27184,9760008,9760067,59
27185,9760067,9760502,435
27186,9760502,9760950,448
27187,9760950,9761887,937
27188,9761887,9762183,296
27189,9762183,9762228,45
27190,9762228,9762834,606
27191,9762834,9763277,443
27192,9763277,9764232,955
27193,9764232,9764236,4
27194,9764236,9764245,9
27195,9764245,9764291,46
27196,9764291,9764366,75
27197,9764366,9764698,332
27198,9764698,9766436,1738
27199,9766436,9766666,230
27200,9766666,9766950,284
27201,9766950,9767534,584
27202,9767534,9767772,238
27203,9767772,9768757,985
27204,9768757,9769106,349
27205,9769106,9770076,970
27206,9770076,9770337,261
27207,9770337,9770373,36
27208,9770373,9770509,136
27209,9770509,9770520,11
27210,9770520,9770805,285
27211,9770805,9770973,168
27212,9770973,9771884,911
27213,9771884,9772911,1027
27214,9772911,9773332,421
27215,9773332,9773610,278
27216,9773610,9773691,81
27217,9773691,9774761,1070
27218,9774761,9775166,405
27219,9775166,9775804,638
27220,9775804,9775897,93
27221,9775897,9776150,253
27222,9776150,9776188,38
27223,9776188,9776222,34
27224,9776222,9776290,68
27225,9776290,9776585,295
27226,9776585,9777567,982
27227,9777567,9777612,45
27228,9777612,9777887,275
27229,9777887,9777901,14
27230,9777901,9777961,60
27231,9777961,9777992,31
27232,9777992,9778101,109
27233,9778101,9778109,8
27234,9778109,9778213,104
27235,9778213,9778305,92
27236,9778305,9779050,745
27237,9779050,9779102,52
27238,9779102,9779352,250
27239,9779352,9779551,199
27240,9779551,9779690,139
27241,9779690,9779909,219
27242,9779909,9780649,740
27243,9780649,9780682,33
27244,9780682,9780694,12
27245,9780694,9780702,8
27246,9780702,9780847,145
27247,9780847,9781265,418
27248,9781265,9781277,12
27249,9781277,9781290,13
27250,9781290,9781409,119
27251,9781409,9781742,333
27252,9781742,9781778,36
27253,9781778,9782032,254
27254,9782032,9782412,380
27255,9782412,9783451,1039
27256,9783451,9783578,127
27257,9783578,9783913,335
27258,9783913,9784696,783
27259,9784696,9784734,38
27260,9786407,9786960,553
27261,9786960,9788116,1156
27262,9788116,9788136,20
27263,9788136,9788648,512
27264,9788648,9788652,4
27265,9788652,9788832,180
27266,9788832,9788877,45
27267,9788877,9791289,2412
27268,9791289,9791303,14
27269,9791303,9791951,648
27270,9791951,9794558,2607
27271,9794558,9795896,1338
27272,9795896,9797075,1179
27273,9797075,9797319,244
27274,9797319,9797901,582
27275,9797901,9798351,450
27276,9798351,9798497,146
27277,9798497,9798693,196
27278,9798693,9799195,502
27279,9799195,9800049,854
27280,9800049,9800179,130
27281,9800179,9800374,195
27282,9800374,9801476,1102
27283,9801476,9801956,480
27284,9801956,9802670,714
27285,9802670,9802674,4
27286,9802674,9803090,416
27287,9803090,9803135,45
27288,9803135,9803222,87
27289,9803222,9803460,238
27290,9803460,9803476,16
27291,9803476,9804237,761
27292,9804237,9804552,315
27293,9804552,9804682,130
27294,9804682,9805274,592
27295,9805274,9805842,568
27296,9805842,9806315,473
27297,9806315,9806365,50
27298,9806365,9807043,678
27299,9807043,9809160,2117
27300,9809160,9809519,359
27301,9809519,9809871,352
27302,9809871,9810747,876
27303,9810747,9810889,142
27304,9810889,9811846,957
27305,9811846,9812316,470
27306,9812316,9812876,560
27307,9812876,9813225,349
27308,9813225,9815308,2083
27309,9815308,9816963,1655
27310,9816963,9817453,490
27311,9817453,9817543,90
27312,9820631,9821069,438
27313,9821069,9822406,1337
27314,9822406,9823621,1215
27315,9823621,9823812,191
27316,9823812,9824910,1098
27317,9824910,9825269,359
27318,9825269,9825804,535
27319,9825804,9826258,454
27320,9826258,9827789,1531
27321,9827789,9828179,390
27322,9828179,9830350,2171
27323,9830350,9832410,2060
27324,9832410,9832558,148
27325,9832558,9833518,960
27326,9833518,9834212,694
27327,9834212,9834219,7
27328,9834219,9834498,279
27329,9834498,9834695,197
27330,9834695,9835257,562
27331,9835257,9835590,333
27332,9835590,9836264,674
27333,9836264,9836411,147
27334,9836411,9836604,193
27335,9836604,9836730,126
27336,9836730,9836765,35
27337,9836765,9837210,445
27338,9837210,9838618,1408
27339,9838618,9839114,496
27340,9839114,9839534,420
27341,9839534,9839643,109
27342,9839643,9840116,473
27343,9842672,9843751,1079
27344,9843751,9844016,265
27345,9844016,9845279,1263
27346,9845279,9845964,685
27347,9845964,9845997,33
27348,9845997,9846078,81
27349,9846078,9846100,22
27350,9846100,9847355,1255
27351,9847355,9848057,702
27352,9848057,9848189,132
27353,9848189,9848839,650
27354,9848839,9848868,29
27355,9848868,9849105,237
27356,9849105,9849452,347
27357,9849452,9849949,497
27358,9849949,9851565,1616
27359,9851565,9851827,262
27360,9851827,9852355,528
27361,9854826,9855654,828
27362,9855654,9856606,952
27363,9856606,9857469,863
27364,9857469,9857607,138
27365,9857607,9858297,690
27366,9858297,9859706,1409
27367,9859706,9860947,1241
27368,9860947,9862062,1115
27369,9862062,9863064,1002
27370,9863064,9863613,549
27371,9863613,9864493,880
27372,9864493,9864776,283
27373,9864776,9865098,322
27374,9865098,9865103,5
27375,9865103,9865203,100
27376,9865203,9865214,11
27377,9865214,9865601,387
27378,9865601,9865701,100
27379,9865701,9866018,317
27380,9866018,9866355,337
27381,9866355,9866424,69
27382,9866424,9866636,212
27383,9866636,9866673,37
27384,9866673,9867316,643
27385,9867316,9868223,907
27386,9868223,9868232,9
27387,9868232,9868323,91
27388,9868323,9868365,42
27389,9868365,9868855,490
27390,9868855,9868995,140
27391,9868995,9869038,43
27392,9869038,9869347,309
27393,9869347,9869635,288
27394,9869635,9869725,90
27395,9869725,9869756,31
27396,9869756,9869814,58
27397,9869814,9871214,1400
27398,9871214,9871389,175
27399,9871389,9871441,52
27400,9871441,9871477,36
27401,9871477,9872047,570
27402,9872047,9872780,733
27403,9872780,9872938,158
27404,9872938,9873200,262
27405,9873200,9873267,67
27406,9873267,9873569,302
27407,9873569,9873715,146
27408,9873715,9873753,38
27409,9873753,9873877,124
27410,9873877,9873956,79
27411,9873956,9874720,764
27412,9874720,9874774,54
27413,9874774,9874866,92
27414,9874866,9875293,427
27415,9875293,9875573,280
27416,9875573,9875620,47
27417,9875620,9875633,13
27418,9875633,9875734,101
27419,9875734,9875856,122
27420,9875856,9875882,26
27421,9875882,9875939,57
27422,9875939,9875981,42
27423,9875981,9876311,330
27424,9876311,9876527,216
27425,9876527,9876619,92
27426,9876619,9876629,10
27427,9876629,9876845,216
27428,9876845,9876883,38
27429,9876883,9877103,220
27430,9877103,9877272,169
27431,9877272,9877708,436
27432,9877708,9877721,13
27433,9877721,9878450,729
27434,9878450,9878563,113
27435,9878563,9878569,6
27436,9878569,9878577,8
27437,9878577,9878677,100
27438,9878677,9879070,393
27439,9879070,9879079,9
27440,9879079,9879088,9
27441,9879088,9879097,9
27442,9879097,9879209,112
27443,9879209,9879218,9
27444,9879218,9879965,747
27445,9879965,9880249,284
27446,9880249,9880258,9
27447,9880258,9880318,60
27448,9880318,9881250,932
27449,9881250,9882013,763
27450,9882013,9882118,105
27451,9882118,9882257,139
27452,9882257,9882450,193
27453,9882450,9882507,57
27454,9882507,9882841,334
27455,9882841,9883141,300
27456,9883141,9883189,48
27457,9883189,9883345,156
27458,9883345,9883647,302
27459,9883647,9884220,573
27460,9884220,9884327,107
27461,9884327,9884421,94
27462,9884421,9884435,14
27463,9884435,9884464,29
27464,9884464,9884527,63
27465,9884527,9884692,165
27466,9884692,9884857,165
27467,9884857,9884884,27
27468,9884884,9885011,127
27469,9885011,9885091,80
27470,9885091,9885098,7
27471,9885098,9885276,178
27472,9885276,9885561,285
27473,9885561,9885589,28
27474,9885589,9885618,29
27475,9885618,9885748,130
27476,9885748,9886209,461
27477,9886209,9886344,135
27478,9886344,9886352,8
27479,9886352,9886418,66
27480,9886418,9887556,1138
27481,9887556,9887868,312
27482,9887868,9888657,789
27483,9888657,9888842,185
27484,9888842,9889068,226
27485,9889068,9889240,172
27486,9889240,9889709,469
27487,9889709,9891651,1942
27488,9891651,9892702,1051
27489,9892702,9893094,392
27490,9893094,9893921,827
27491,9893921,9894303,382
27492,9894303,9895341,1038
27493,9895341,9896853,1512
27494,9896853,9897340,487
27495,9897340,9898674,1334
27496,9898674,9899439,765
27497,9899439,9900353,914
27498,9900353,9900370,17
27499,9900370,9901238,868
27500,9901238,9901298,60
27501,9901298,9901620,322
27502,9901620,9901744,124
27503,9901744,9901898,154
27504,9901898,9903182,1284
27505,9903182,9904337,1155
27506,9904337,9904806,469
27507,9904806,9905033,227
27508,9905033,9905698,665
27509,9905698,9905795,97
27510,9905795,9905945,150
27511,9905945,9907402,1457
27512,9907402,9909454,2052
27513,9909454,9909775,321
27514,9909775,9909797,22
27515,9909797,9909829,32
27516,9909829,9910100,271
27517,9910100,9910157,57
27518,9910157,9910170,13
27519,9910170,9910515,345
27520,9910515,9910557,42
27521,9910557,9910631,74
27522,9910631,9911073,442
27523,9911073,9911172,99
27524,9911172,9911190,18
27525,9911190,9911274,84
27526,9911274,9911614,340
27527,9911614,9911774,160
27528,9911774,9911821,47
27529,9911821,9912404,583
27530,9912404,9912599,195
27531,9912599,9912810,211
27532,9914460,9915854,1394
27533,9915854,9916240,386
27534,9916240,9917413,1173
27535,9917413,9917426,13
27536,9917426,9917443,17
27537,9920211,9920457,246
27538,9920457,9921013,556
27539,9921013,9922776,1763
27540,9922776,9923943,1167
27541,9923943,9924833,890
27542,9924833,9925422,589
27543,9925422,9926142,720
27544,9926142,9926596,454
27545,9926596,9927200,604
27546,9927200,9928487,1287
27547,9928487,9928556,69
27548,9928556,9928637,81
27549,9928637,9928944,307
27550,9928944,9929300,356
27551,9929300,9929313,13
27552,9929313,9929393,80
27553,9929393,9929501,108
27554,9929501,9929600,99
27555,9929600,9929705,105
27556,9929705,9929715,10
27557,9929715,9930106,391
27558,9930106,9930401,295
27559,9930401,9930434,33
27560,9930434,9930856,422
27561,9930856,9930957,101
27562,9930957,9931110,153
27563,9931110,9931270,160
27564,9931270,9931602,332
27565,9931602,9931772,170
27566,9931772,9932645,873
27567,9932645,9932742,97
27568,9932742,9932747,5
27569,9934872,9935070,198
27570,9935070,9935216,146
27571,9935216,9935256,40
27572,9935256,9935485,229
27573,9935485,9935591,106
27574,9935591,9936008,417
27575,9936008,9936289,281
27576,9936289,9936947,658
27577,9936947,9937214,267
27578,9937214,9937632,418
27579,9937632,9938309,677
27580,9938309,9938456,147
27581,9938456,9940624,2168
27582,9940624,9941538,914
27583,9941538,9941845,307
27584,9941845,9941865,20
27585,9941865,9943068,1203
27586,9943068,9943354,286
27587,9943354,9944525,1171
27588,9944525,9944779,254
27589,9944779,9945321,542
27590,9945321,9946740,1419
27591,9946740,9947721,981
27592,9947721,9947939,218
27593,9947939,9947945,6
27594,9947945,9948198,253
27595,9948198,9949852,1654
27596,9954719,9956408,1689
27597,9956408,9956788,380
27598,9956788,9956812,24
27599,9956812,9957083,271
27600,9957083,9958149,1066
27601,9958149,9959600,1451
27602,9959600,9961231,1631
27603,9961231,9961274,43
27604,9961274,9961807,533
27605,9961807,9962488,681
27606,9962488,9963803,1315
27607,9963803,9963920,117
27608,9963920,9964110,190
27609,9964110,9964185,75
27610,9964185,9964966,781
27611,9964966,9964983,17
27612,9964983,9965093,110
27613,9965093,9965160,67
27614,9965160,9965260,100
27615,9965260,9965415,155
27616,9965415,9965702,287
27617,9965702,9965975,273
27618,9965975,9966064,89
27619,9966064,9966197,133
27620,9966197,9966778,581
27621,9966778,9966786,8
27622,9966786,9967139,353
27623,9967139,9967238,99
27624,9967238,9967643,405
27625,9967643,9967801,158
27626,9967801,9967895,94
27627,9967895,9967912,17
27628,9967912,9968139,227
27629,9968139,9968278,139
27630,9968278,9968335,57
27631,9968335,9968634,299
27632,9968634,9968638,4
27633,9968638,9968801,163
27634,9968801,9969065,264
27635,9969065,9970378,1313
27636,9970378,9971376,998
27637,9971376,9971385,9
27638,9971385,9971939,554
27639,9971939,9972069,130
27640,9972069,9972272,203
27641,9972272,9972282,10
27642,9972282,9972472,190
27643,9972472,9972671,199
27644,9972671,9972768,97
27645,9972768,9972780,12
27646,9972780,9973347,567
27647,9973347,9973720,373
27648,9973720,9973736,16
27649,9973736,9974115,379
27650,9974115,9975538,1423
27651,9975538,9975803,265
27652,9975803,9977662,1859
27653,9977662,9978007,345
27654,9978007,9978235,228
27655,9978235,9978245,10
27656,9978245,9978540,295
27657,9978540,9978590,50
27658,9978590,9978676,86
27659,9978676,9978938,262
27660,9978938,9979515,577
27661,9979515,9979569,54
27662,9979569,9979889,320
27663,9979889,9980053,164
27664,9980053,9980062,9
27665,9980062,9980143,81
27666,9980143,9980203,60
27667,9980203,9980390,187
27668,9980390,9980472,82
27669,9980472,9980480,8
27670,9980480,9980545,65
27671,9980545,9980602,57
27672,9980602,9980620,18
27673,9980620,9980668,48
27674,9980668,9980732,64
27675,9980732,9981431,699
27676,9981431,9981622,191
27677,9981622,9981683,61
27678,9981683,9982148,465
27679,9982148,9982560,412
27680,9982560,9982896,336
27681,9982896,9984122,1226
27682,9984122,9984909,787
27683,9984909,9985079,170
27684,9985079,9986087,1008
27685,9986087,9986477,390
27686,9986477,9988170,1693
27687,9988170,9988185,15
27688,9988185,9988189,4
27689,9988189,9988227,38
27690,9988227,9989760,1533
27691,9989760,9989767,7
27692,9989767,9989775,8
27693,9989775,9989783,8
27694,9989783,9991031,1248
27695,9991031,9991038,7
27696,9991038,9991071,33
27697,9991071,9991796,725
27698,9991796,9992000,204
27699,9992000,9993083,1083
27700,9993083,9993297,214
27701,9993297,9993551,254
27702,9993551,9993921,370
27703,9993921,9993933,12
27704,9993933,9994210,277
27705,9994210,9994223,13
27706,9994223,9994434,211
27707,9994434,9994569,135
27708,9994569,9995665,1096
27709,9995665,9996943,1278
27710,9996943,9997195,252
27711,9997195,9997586,391
27712,9997586,9998697,1111
27713,9998697,9999116,419
27714,9999116,9999243,127
27715,9999243,9999545,302
27716,9999545,9999557,12
27717,9999557,9999633,76
27718,9999633,9999729,96
27719,9999729,10000155,426
27720,10000155,10000338,183
27721,10000338,10000864,526
27722,10000864,10001026,162
27723,10001026,10002101,1075
27724,10002101,10002805,704
27725,10002805,10003052,247
27726,10003052,10003807,755
27727,10003807,10003930,123
27728,10003930,10003977,47
27729,10003977,10004411,434
27730,10004411,10004664,253
27731,10004664,10004696,32
27732,10004696,10004736,40
27733,10004736,10004745,9
27734,10004745,10005110,365
27735,10005110,10005731,621
27736,10005731,10005813,82
27737,10005813,10005990,177
27738,10005990,10007174,1184
27739,10007174,10007381,207
27740,10007381,10007669,288
27741,10007669,10008081,412
27742,10008081,10008211,130
27743,10008211,10009137,926
27744,10009137,10009428,291
27745,10009428,10009639,211
27746,10009639,10009645,6
27747,10009645,10010044,399
27748,10010044,10010246,202
27749,10010246,10010864,618
27750,10010864,10010954,90
27751,10010954,10011332,378
27752,10011332,10011353,21
27753,10011353,10011541,188
27754,10011541,10011719,178
27755,10011719,10011740,21
27756,10011740,10011791,51
27757,10011791,10012181,390
27758,10012181,10012193,12
27759,10012193,10012235,42
27760,10012235,10012360,125
27761,10012360,10012378,18
27762,10012378,10012557,179
27763,10012557,10012653,96
27764,10012653,10012773,120
27765,10012773,10013071,298
27766,10013071,10013099,28
27767,10013099,10013677,578
27768,10013677,10013772,95
27769,10013772,10013782,10
27770,10013782,10015853,2071
27771,10015853,10017387,1534
27772,10017387,10018024,637
27773,10018024,10018069,45
27774,10018069,10018379,310
27775,10018379,10018398,19
27776,10018398,10018544,146
27777,10018544,10018632,88
27778,10018632,10018652,20
27779,10018652,10018750,98
27780,10018750,10019507,757
27781,10019507,10019814,307
27782,10019814,10020183,369
27783,10020183,10020988,805
27784,10020988,10021684,696
27785,10021684,10022218,534
27786,10022218,10022531,313
27787,10022531,10022914,383
27788,10022914,10023289,375
27789,10023289,10024812,1523
27790,10024812,10024835,23
27791,10024835,10024842,7
27792,10024842,10025123,281
27793,10025123,10026002,879
27794,10026002,10026286,284
27795,10026286,10026572,286
27796,10026572,10027311,739
27797,10027311,10027332,21
27798,10027332,10027688,356
27799,10027688,10029476,1788
27800,10029476,10030129,653
27801,10030129,10030134,5
27802,10030134,10030141,7
27803,10030141,10030206,65
27804,10030206,10030960,754
27805,10030960,10031347,387
27806,10031347,10031387,40
27807,10031387,10031400,13
27808,10031400,10031561,161
27809,10031561,10031938,377
27810,10031938,10032097,159
27811,10032097,10032156,59
27812,10032156,10032418,262
27813,10032418,10032645,227
27814,10032645,10032736,91
27815,10032736,10032810,74
27816,10032810,10032866,56
27817,10032866,10033081,215
27818,10033081,10033116,35
27819,10033116,10033495,379
27820,10033495,10035707,2212
27821,10035707,10035718,11
27822,10035718,10036534,816
27823,10036534,10036931,397
27824,10036931,10036954,23
27825,10036954,10037641,687
27826,10037641,10037746,105
27827,10037746,10038166,420
27828,10038166,10039463,1297
27829,10039463,10039467,4
27830,10039467,10039614,147
27831,10039614,10039702,88
27832,10039702,10040121,419
27833,10040121,10040139,18
27834,10040139,10041279,1140
27835,10041279,10041393,114
27836,10041393,10041473,80
27837,10041473,10041480,7
27838,10041480,10041720,240
27839,10041720,10041771,51
27840,10041771,10041781,10
27841,10041781,10041801,20
27842,10041801,10042168,367
27843,10042168,10042520,352
27844,10042520,10042863,343
27845,10042863,10043159,296
27846,10043159,10043207,48
27847,10043207,10043328,121
27848,10043328,10043616,288
27849,10043616,10043769,153
27850,10043769,10043793,24
27851,10043793,10043868,75
27852,10043868,10045554,1686
27853,10045554,10046367,813
27854,10046367,10047575,1208
27855,10047575,10048913,1338
27856,10048913,10049659,746
27857,10049659,10049901,242
27858,10049901,10049975,74
27859,10049975,10050196,221
27860,10050196,10050207,11
27861,10050207,10050394,187
27862,10050394,10051150,756
27863,10051150,10051169,19
27864,10051169,10051183,14
27865,10051183,10051326,143
27866,10051326,10051651,325
27867,10051651,10051822,171
27868,10051822,10052182,360
27869,10052182,10052218,36
27870,10052218,10052333,115
27871,10052333,10052491,158
27872,10052491,10052738,247
27873,10052738,10053199,461
27874,10053199,10053512,313
27875,10053512,10053536,24
27876,10053536,10054037,501
27877,10054037,10054226,189
27878,10054226,10054325,99
27879,10054325,10054509,184
27880,10054509,10054610,101
27881,10054610,10054682,72
27882,10054682,10054694,12
27883,10054694,10054839,145
27884,10054839,10054850,11
27885,10054850,10055175,325
27886,10055175,10055546,371
27887,10055546,10055800,254
27888,10055800,10056114,314
27889,10056114,10056457,343
27890,10056457,10056595,138
27891,10056595,10056727,132
27892,10056727,10056796,69
27893,10056796,10057172,376
27894,10057172,10057176,4
27895,10057176,10057227,51
27896,10057227,10057606,379
27897,10059672,10059739,67
27898,10059739,10059798,59
27899,10059798,10059837,39
27900,10059837,10060254,417
27901,10060254,10060390,136
27902,10060390,10060684,294
27903,10060684,10060689,5
27904,10060689,10061322,633
27905,10061322,10061605,283
27906,10061605,10061745,140
27907,10061745,10061859,114
27908,10061859,10061967,108
27909,10061967,10062112,145
27910,10062112,10062282,170
27911,10062282,10062522,240
27912,10062522,10062578,56
27913,10062578,10062588,10
27914,10062588,10062599,11
27915,10062599,10063952,1353
27916,10063952,10064577,625
27917,10064577,10065356,779
27918,10065356,10065630,274
27919,10065630,10066092,462
27920,10069009,10069935,926
27921,10072042,10072291,249
27922,10072291,10074037,1746
27923,10074037,10074209,172
27924,10074209,10075000,791
27925,10075000,10075349,349
27926,10075349,10075393,44
27927,10075393,10075521,128
27928,10075521,10076521,1000
27929,10076521,10076600,79
27930,10076600,10076666,66
27931,10076666,10076690,24
27932,10076690,10076975,285
27933,10076975,10077079,104
27934,10077079,10077163,84
27935,10077163,10077224,61
27936,10077224,10077303,79
27937,10077303,10077310,7
27938,10077310,10077382,72
27939,10077382,10077733,351
27940,10077733,10078603,870
27941,10078603,10079109,506
27942,10079109,10079320,211
27943,10079320,10079341,21
27944,10079341,10079404,63
27945,10079404,10079803,399
27946,10079803,10080147,344
27947,10080147,10080154,7
27948,10080154,10080169,15
27949,10080169,10080199,30
27950,10080199,10080388,189
27951,10080388,10080442,54
27952,10080442,10080454,12
27953,10080454,10080793,339
27954,10080793,10081036,243
27955,10081036,10081147,111
27956,10081147,10081646,499
27957,10081646,10081902,256
27958,10081902,10082722,820
27959,10082722,10083267,545
27960,10083267,10083560,293
27961,10083560,10083564,4
27962,10083564,10083575,11
27963,10083575,10083618,43
27964,10083618,10084103,485
27965,10084103,10084256,153
27966,10084256,10084493,237
27967,10084493,10084506,13
27968,10084506,10084566,60
27969,10084566,10084686,120
27970,10084686,10085563,877
27971,10085563,10085848,285
27972,10085848,10086425,577
27973,10086425,10086548,123
27974,10086548,10086555,7
27975,10086555,10088309,1754
27976,10088309,10089046,737
27977,10089046,10089306,260
27978,10089306,10089444,138
27979,10089444,10089655,211
27980,10089655,10090589,934
27981,10090589,10092573,1984
27982,10092573,10093163,590
27983,10093163,10093187,24
27984,10093187,10095511,2324
27985,10095511,10096102,591
27986,10096102,10096232,130
27987,10096232,10096547,315
27988,10096547,10097308,761
27989,10097308,10097324,16
27990,10097324,10097562,238
27991,10097562,10097649,87
27992,10097649,10097694,45
27993,10097694,10098110,416
27994,10098110,10098114,4
27995,10098114,10098828,714
27996,10098828,10099308,480
27997,10099308,10100470,1162
27998,10100470,10100972,502
27999,10100972,10101317,345
28000,10101317,10102041,724
28001,10102041,10102547,506
28002,10102547,10102971,424
28003,10102971,10105701,2730
28004,10105701,10107309,1608
28005,10107309,10108363,1054
28006,10108363,10108379,16
28007,10108379,10110756,2377
28008,10110756,10111384,628
28009,10111384,10111584,200
28010,10111584,10111623,39
28011,10111623,10112427,804
28012,10112427,10112673,246
28013,10112673,10113387,714
28014,10113387,10113621,234
28015,10113621,10114285,664
28016,10114285,10114375,90
28017,10114375,10115711,1336
28018,10115711,10116432,721
28019,10116432,10118102,1670
28020,10118102,10118602,500
28021,10118602,10119467,865
28022,10119467,10120353,886
28023,10120353,10121457,1104
28024,10121457,10121510,53
28025,10121510,10121594,84
28026,10121594,10122436,842
28027,10122436,10122445,9
28028,10122445,10122457,12
28029,10122457,10122805,348
28030,10122805,10123052,247
28031,10123052,10123058,6
28032,10123058,10124890,1832
28033,10124890,10125529,639
28034,10125529,10125555,26
28035,10125555,10126081,526
28036,10126081,10126915,834
28037,10126915,10127235,320
28038,10127235,10127619,384
28039,10127619,10128124,505
28040,10128124,10129068,944
28041,10129068,10129892,824
28042,10129892,10130433,541
28043,10132911,10132954,43
28044,10132954,10134427,1473
28045,10134427,10134849,422
28046,10134849,10135311,462
28047,10135311,10136330,1019
28048,10136330,10137502,1172
28049,10137502,10137834,332
28050,10137834,10138395,561
28051,10138395,10139888,1493
28052,10139888,10140073,185
28053,10140073,10140085,12
28054,10140085,10140134,49
28055,10140134,10140207,73
28056,10140207,10140430,223
28057,10140430,10140439,9
28058,10140439,10140597,158
28059,10140597,10141413,816
28060,10141413,10141864,451
28061,10141864,10143774,1910
28062,10143774,10143804,30
28063,10143804,10144023,219
28064,10144023,10144549,526
28065,10144549,10145355,806
28066,10145355,10146490,1135
28067,10146490,10146643,153
28068,10146643,10148039,1396
28069,10148039,10148478,439
28070,10148478,10148574,96
28071,10148574,10150150,1576
28072,10150150,10151372,1222
28073,10151372,10152313,941
28074,10152313,10152661,348
28075,10152661,10153650,989
28076,10153650,10153662,12
28077,10153662,10153767,105
28078,10153767,10153905,138
28079,10153905,10154462,557
28080,10154462,10154541,79
28081,10154541,10155662,1121
28082,10155662,10157139,1477
28083,10157139,10157523,384
28084,10157523,10157649,126
28085,10157649,10157931,282
28086,10157931,10158959,1028
28087,10158959,10159071,112
28088,10159071,10159552,481
28089,10163143,10163586,443
28090,10163586,10163944,358
28091,10163944,10164395,451
28092,10164395,10164658,263
28093,10164658,10166170,1512
28094,10166170,10166208,38
28095,10166208,10166239,31
28096,10166239,10166293,54
28097,10166293,10166362,69
28098,10166362,10166481,119
28099,10166481,10167303,822
28100,10167303,10169231,1928
28101,10169231,10169381,150
28102,10169381,10169677,296
28103,10171260,10172306,1046
28104,10172306,10172554,248
28105,10172554,10173190,636
28106,10173190,10173255,65
28107,10173255,10173721,466
28108,10173721,10173789,68
28109,10173789,10176177,2388
28110,10176177,10176849,672
28111,10176849,10177685,836
28112,10177685,10178342,657
28113,10180936,10182099,1163
28114,10182099,10183115,1016
28115,10183115,10183204,89
28116,10183204,10183864,660
28117,10183864,10186032,2168
28118,10186032,10188399,2367
28119,10188399,10189251,852
28120,10189251,10189917,666
28121,10189917,10191324,1407
28122,10191324,10191343,19
28123,10191343,10191352,9
28124,10191352,10191449,97
28125,10191449,10191548,99
28126,10191548,10191563,15
28127,10191563,10192358,795
28128,10192358,10192706,348
28129,10192706,10192847,141
28130,10192847,10194155,1308
28131,10194155,10195486,1331
28132,10195486,10195754,268
28133,10195754,10196290,536
28134,10196290,10196926,636
28135,10196926,10198852,1926
28136,10198852,10200151,1299
28137,10200151,10201443,1292
28138,10201443,10201939,496
28139,10201939,10201954,15
28140,10201954,10202137,183
28141,10202137,10203035,898
28142,10203035,10203075,40
28143,10203075,10203685,610
28144,10203685,10204640,955
28145,10204640,10204722,82
28146,10204722,10204842,120
28147,10204842,10204959,117
28148,10204959,10205676,717
28149,10205676,10206826,1150
28150,10206826,10206875,49
28151,10206875,10206991,116
28152,10206991,10207251,260
28153,10207251,10208201,950
28154,10208201,10208258,57
28155,10208258,10208911,653
28156,10208911,10209084,173
28157,10209084,10209873,789
28158,10209873,10211310,1437
28159,10211310,10211543,233
28160,10211543,10211548,5
28161,10211548,10212499,951
28162,10212499,10212702,203
28163,10212702,10213023,321
28164,10213023,10213109,86
28165,10213109,10213142,33
28166,10213142,10213446,304
28167,10213446,10213493,47
28168,10213493,10214082,589
28169,10214082,10214235,153
28170,10214235,10214306,71
28171,10214306,10215362,1056
28172,10215362,10215464,102
28173,10215464,10215728,264
28174,10215728,10215734,6
28175,10215734,10215842,108
28176,10215842,10215920,78
28177,10215920,10216280,360
28178,10216280,10216287,7
28179,10216287,10216641,354
28180,10216641,10216972,331
28181,10216972,10217485,513
28182,10217485,10217741,256
28183,10217741,10217817,76
28184,10217817,10217850,33
28185,10217850,10218353,503
28186,10218353,10218449,96
28187,10218449,10218868,419
28188,10218868,10219137,269
28189,10219137,10219157,20
28190,10219157,10219318,161
28191,10219318,10219408,90
28192,10219408,10220387,979
28193,10220387,10220404,17
28194,10220404,10220476,72
28195,10220476,10220485,9
28196,10220485,10220512,27
28197,10220512,10221382,870
28198,10221382,10221424,42
28199,10221424,10221484,60
28200,10221484,10221535,51
28201,10221535,10221951,416
28202,10221951,10222001,50
28203,10222001,10222041,40
28204,10222041,10222179,138
28205,10222179,10222533,354
28206,10222533,10222590,57
28207,10222590,10223731,1141
28208,10223731,10223778,47
28209,10223778,10223943,165
28210,10223943,10224365,422
28211,10224365,10224418,53
28212,10224418,10224430,12
28213,10224430,10224532,102
28214,10224532,10224656,124
28215,10224656,10224732,76
28216,10224732,10224910,178
28217,10224910,10225247,337
28218,10225247,10225282,35
28219,10225282,10225362,80
28220,10225362,10226260,898
28221,10226260,10226566,306
28222,10226566,10226585,19
28223,10226585,10227433,848
28224,10227433,10227488,55
28225,10227488,10227935,447
28226,10227935,10228543,608
28227,10228543,10228549,6
28228,10228549,10228734,185
28229,10228734,10228888,154
28230,10228888,10229007,119
28231,10229007,10229253,246
28232,10229253,10229327,74
28233,10229327,10229646,319
28234,10229646,10229661,15
28235,10229661,10229806,145
28236,10229806,10230060,254
28237,10230060,10230341,281
28238,10230341,10230659,318
28239,10230659,10231425,766
28240,10231425,10231471,46
28241,10231471,10231505,34
28242,10231505,10231555,50
28243,10231555,10231659,104
28244,10231659,10231792,133
28245,10231792,10231826,34
28246,10231826,10231904,78
28247,10231904,10231954,50
28248,10231954,10232398,444
28249,10232398,10232409,11
28250,10232409,10232618,209
28251,10232618,10233200,582
28252,10233200,10233711,511
28253,10233711,10233807,96
28254,10233807,10235150,1343
28255,10235150,10235255,105
28256,10235255,10235830,575
28257,10235830,10235972,142
28258,10235972,10236382,410
28259,10236382,10236480,98
28260,10236480,10236621,141
28261,10236621,10236748,127
28262,10236748,10236798,50
28263,10236798,10236803,5
28264,10236803,10236813,10
28265,10236813,10236823,10
28266,10236823,10236952,129
28267,10236952,10237035,83
28268,10237035,10237691,656
28269,10237691,10237882,191
28270,10237882,10237886,4
28271,10237886,10238200,314
28272,10238200,10238338,138
28273,10238338,10238613,275
28274,10238613,10238664,51
28275,10238664,10238772,108
28276,10238772,10238791,19
28277,10238791,10238836,45
28278,10238836,10239464,628
28279,10239464,10239855,391
28280,10239855,10240356,501
28281,10240356,10240689,333
28282,10240689,10240815,126
28283,10240815,10240938,123
28284,10240938,10241131,193
28285,10241131,10241491,360
28286,10241491,10241684,193
28287,10241684,10241725,41
28288,10241725,10243493,1768
28289,10243493,10244695,1202
28290,10244695,10245305,610
28291,10245305,10245829,524
28292,10245829,10248049,2220
28293,10248049,10248252,203
28294,10248252,10249813,1561
28295,10249813,10252025,2212
28296,10252025,10252418,393
28297,10252418,10253693,1275
28298,10253693,10254109,416
28299,10254109,10254390,281
28300,10254390,10254464,74
28301,10254464,10254722,258
28302,10254722,10254810,88
28303,10254810,10254814,4
28304,10254814,10255030,216
28305,10255030,10255548,518
28306,10255548,10255676,128
28307,10255676,10256857,1181
28308,10256857,10257788,931
28309,10257788,10257920,132
28310,10257920,10258689,769
28311,10258689,10259024,335
28312,10259024,10259137,113
28313,10259137,10259728,591
28314,10262989,10263099,110
28315,10263099,10263662,563
28316,10263662,10264625,963
28317,10264625,10265149,524
28318,10265149,10265974,825
28319,10265974,10266138,164
28320,10266138,10266804,666
28321,10266804,10266981,177
28322,10266981,10267317,336
28323,10267317,10267604,287
28324,10267604,10268334,730
28325,10268334,10268832,498
28326,10268832,10268914,82
28327,10268914,10269476,562
28328,10269476,10269645,169
28329,10269645,10269832,187
28330,10269832,10270551,719
28331,10270551,10270668,117
28332,10270668,10271379,711
28333,10271379,10271503,124
28334,10271503,10271626,123
28335,10271626,10271686,60
28336,10271686,10271708,22
28337,10271708,10272012,304
28338,10272012,10272093,81
28339,10272093,10272585,492
28340,10272585,10273107,522
28341,10273107,10273338,231
28342,10273338,10274229,891
28343,10274229,10274388,159
28344,10274388,10274433,45
28345,10274433,10275000,567
28346,10275000,10275013,13
28347,10275013,10276268,1255
28348,10276268,10276892,624
28349,10276892,10276947,55
28350,10276947,10277455,508
28351,10277455,10277618,163
28352,10277618,10277986,368
28353,10277986,10278036,50
28354,10278036,10278277,241
28355,10278277,10278343,66
28356,10278343,10278639,296
28357,10278639,10278893,254
28358,10278893,10278999,106
28359,10278999,10279082,83
28360,10279082,10279090,8
28361,10281954,10282239,285
28362,10282239,10283264,1025
28363,10283264,10283824,560
28364,10283824,10284023,199
28365,10284023,10284037,14
28366,10284037,10284708,671
28367,10284708,10285889,1181
28368,10285889,10286817,928
28369,10286817,10286898,81
28370,10286898,10286931,33
28371,10286931,10287995,1064
28372,10287995,10288005,10
28373,10288005,10288241,236
28374,10288241,10292397,4156
28375,10292397,10295178,2781
28376,10295178,10295488,310
28377,10295488,10295665,177
28378,10295665,10295941,276
28379,10295941,10297427,1486
28380,10297427,10298587,1160
28381,10301158,10302500,1342
28382,10302500,10302632,132
28383,10302632,10303195,563
28384,10303195,10303466,271
28385,10303466,10303796,330
28386,10303796,10304086,290
28387,10307939,10308308,369
28388,10308308,10309069,761
28389,10309069,10309891,822
28390,10309891,10310553,662
28391,10310553,10311221,668
28392,10311221,10312303,1082
28393,10312303,10312524,221
28394,10312524,10312961,437
28395,10312961,10313761,800
28396,10313761,10314221,460
28397,10314221,10314240,19
28398,10314240,10314513,273
28399,10314513,10316616,2103
28400,10316616,10316657,41
28401,10316657,10318161,1504
28402,10318161,10319528,1367
28403,10319528,10320579,1051
28404,10320579,10321078,499
28405,10321078,10321904,826
28406,10321904,10322052,148
28407,10322052,10322111,59
28408,10322111,10322115,4
28409,10322115,10322484,369
28410,10322484,10322764,280
28411,10322764,10322855,91
28412,10322855,10323517,662
28413,10323517,10323621,104
28414,10323621,10323771,150
28415,10323771,10323783,12
28416,10323783,10323927,144
28417,10323927,10323945,18
28418,10323945,10323997,52
28419,10323997,10324044,47
28420,10324044,10324183,139
28421,10324183,10325085,902
28422,10325085,10325284,199
28423,10325284,10325924,640
28424,10325924,10325929,5
28425,10325929,10326007,78
28426,10326007,10326289,282
28427,10326289,10326295,6
28428,10326295,10326641,346
28429,10326641,10327039,398
28430,10327039,10327355,316
28431,10327355,10327568,213
28432,10327568,10327879,311
28433,10327879,10327908,29
28434,10327908,10327991,83
28435,10327991,10328299,308
28436,10328299,10328355,56
28437,10328355,10329042,687
28438,10329042,10329141,99
28439,10329141,10329221,80
28440,10329221,10329339,118
28441,10329339,10329372,33
28442,10329372,10329551,179
28443,10329551,10329651,100
28444,10329651,10329702,51
28445,10329702,10330999,1297
28446,10330999,10331022,23
28447,10331022,10331156,134
28448,10331156,10331279,123
28449,10333807,10334260,453
28450,10334260,10334777,517
28451,10334777,10334786,9
28452,10334786,10335623,837
28453,10335623,10337473,1850
28454,10337473,10337489,16
28455,10337489,10338188,699
28456,10338188,10340334,2146
28457,10340334,10340664,330
28458,10340664,10340717,53
28459,10340717,10341537,820
28460,10341537,10342243,706
28461,10342243,10343895,1652
28462,10343895,10343940,45
28463,10343940,10344156,216
28464,10344156,10344453,297
28465,10344453,10346854,2401
28466,10346854,10347083,229
28467,10347083,10347198,115
28468,10347198,10347239,41
28469,10347239,10347324,85
28470,10347324,10347400,76
28471,10347400,10348141,741
28472,10348141,10348297,156
28473,10348297,10348875,578
28474,10348875,10350141,1266
28475,10350141,10350464,323
28476,10350464,10351279,815
28477,10351279,10351486,207
28478,10351486,10351691,205
28479,10351691,10352045,354
28480,10352045,10352209,164
28481,10352209,10352702,493
28482,10352702,10352773,71
28483,10352773,10352903,130
28484,10352903,10353127,224
28485,10353127,10353241,114
28486,10353241,10353323,82
28487,10353323,10354082,759
28488,10354082,10354091,9
28489,10354091,10354255,164
28490,10354255,10355130,875
28491,10355130,10355475,345
28492,10355475,10355486,11
28493,10355486,10355979,493
28494,10355979,10357226,1247
28495,10357226,10357537,311
28496,10357537,10357630,93
28497,10357630,10357703,73
28498,10357703,10358273,570
28499,10358273,10358792,519
28500,10358792,10359651,859
28501,10359651,10359713,62
28502,10359713,10360082,369
28503,10360082,10361552,1470
28504,10361552,10361573,21
28505,10361573,10361784,211
28506,10361784,10362054,270
28507,10362054,10362387,333
28508,10362387,10362410,23
28509,10362410,10362729,319
28510,10362729,10362985,256
28511,10362985,10363614,629
28512,10363614,10363684,70
28513,10363684,10363755,71
28514,10363755,10364608,853
28515,10364608,10366169,1561
28516,10366169,10366364,195
28517,10366364,10366888,524
28518,10366888,10367104,216
28519,10367104,10367376,272
28520,10367376,10367450,74
28521,10367450,10368144,694
28522,10368144,10368323,179
28523,10368323,10368959,636
28524,10368959,10369772,813
28525,10369772,10370118,346
28526,10370118,10370210,92
28527,10370210,10370412,202
28528,10370412,10371257,845
28529,10371257,10371841,584
28530,10371841,10372507,666
28531,10372507,10372511,4
28532,10372511,10372616,105
28533,10372616,10372676,60
28534,10372676,10372721,45
28535,10372721,10372735,14
28536,10372735,10372995,260
28537,10372995,10373537,542
28538,10373537,10373573,36
28539,10373573,10373606,33
28540,10373606,10373988,382
28541,10373988,10374274,286
28542,10374274,10374413,139
28543,10374413,10374426,13
28544,10374426,10374471,45
28545,10374471,10374569,98
28546,10374569,10374589,20
28547,10374589,10374666,77
28548,10374666,10375229,563
28549,10375229,10375733,504
28550,10375733,10375797,64
28551,10375797,10375859,62
28552,10375859,10375878,19
28553,10375878,10375899,21
28554,10375899,10375940,41
28555,10375940,10375968,28
28556,10375968,10376031,63
28557,10376031,10376330,299
28558,10376330,10376443,113
28559,10376443,10376662,219
28560,10376662,10377369,707
28561,10377369,10377445,76
28562,10377445,10377556,111
28563,10377556,10377577,21
28564,10377577,10377834,257
28565,10377834,10378065,231
28566,10378065,10378357,292
28567,10378357,10378509,152
28568,10378509,10378702,193
28569,10378702,10378915,213
28570,10378915,10378959,44
28571,10378959,10379630,671
28572,10379630,10379995,365
28573,10379995,10380472,477
28574,10380472,10381021,549
28575,10381021,10381170,149
28576,10381170,10381234,64
28577,10381234,10381835,601
28578,10381835,10381973,138
28579,10381973,10382525,552
28580,10382525,10382738,213
28581,10382738,10383370,632
28582,10383370,10384338,968
28583,10384338,10384648,310
28584,10384648,10385537,889
28585,10385537,10385556,19
28586,10385556,10385610,54
28587,10385610,10386072,462
28588,10386072,10386116,44
28589,10386116,10386127,11
28590,10386127,10386140,13
28591,10386140,10386523,383
28592,10386523,10386959,436
28593,10386959,10387203,244
28594,10387203,10387305,102
28595,10387305,10387934,629
28596,10387934,10388102,168
28597,10388102,10388366,264
28598,10388366,10388592,226
28599,10388592,10388604,12
28600,10388604,10388610,6
28601,10388610,10388649,39
28602,10388649,10388660,11
28603,10388660,10388672,12
28604,10388672,10388758,86
28605,10388758,10388873,115
28606,10388873,10388895,22
28607,10388895,10391227,2332
28608,10391227,10391233,6
28609,10391233,10391490,257
28610,10391490,10392189,699
28611,10392189,10393107,918
28612,10396999,10397098,99
28613,10397098,10397252,154
28614,10397252,10397786,534
28615,10397786,10398312,526
28616,10398312,10398524,212
28617,10398524,10400003,1479
28618,10400003,10400331,328
28619,10400331,10401145,814
28620,10401145,10402245,1100
28621,10402245,10404178,1933
28622,10404178,10405359,1181
28623,10405359,10406428,1069
28624,10406428,10406473,45
28625,10406473,10406579,106
28626,10406579,10406629,50
28627,10406629,10406861,232
28628,10406861,10406892,31
28629,10406892,10406912,20
28630,10406912,10406964,52
28631,10406964,10406979,15
28632,10406979,10407015,36
28633,10407015,10407086,71
28634,10407086,10407364,278
28635,10407364,10407912,548
28636,10407912,10408963,1051
28637,10408963,10409057,94
28638,10409057,10409424,367
28639,10409424,10409975,551
28640,10409975,10410682,707
28641,10410682,10410952,270
28642,10410952,10410964,12
28643,10410964,10411322,358
28644,10411322,10411869,547
28645,10411869,10412633,764
28646,10412633,10412670,37
28647,10412670,10412919,249
28648,10412919,10412978,59
28649,10412978,10413075,97
28650,10413075,10413177,102
28651,10413177,10413612,435
28652,10413612,10413657,45
28653,10413657,10413734,77
28654,10417864,10418025,161
28655,10418025,10418105,80
28656,10418105,10418221,116
28657,10418221,10418641,420
28658,10418641,10419229,588
28659,10419229,10420972,1743
28660,10420972,10421164,192
28661,10421164,10421183,19
28662,10421183,10421289,106
28663,10421289,10421747,458
28664,10421747,10421771,24
28665,10421771,10422319,548
28666,10422319,10422364,45
28667,10422364,10422369,5
28668,10422369,10422394,25
28669,10422394,10422434,40
28670,10422434,10422479,45
28671,10422479,10422590,111
28672,10422590,10422686,96
28673,10422686,10422789,103
28674,10422789,10423206,417
28675,10423206,10423830,624
28676,10423830,10423853,23
28677,10423853,10424357,504
28678,10424357,10424791,434
28679,10424791,10426362,1571
28680,10426362,10427371,1009
28681,10427371,10427514,143
28682,10427514,10428583,1069
28683,10428583,10430545,1962
28684,10430545,10430876,331
28685,10430876,10431651,775
28686,10431651,10432475,824
28687,10432475,10433603,1128
28688,10433603,10433613,10
28689,10433613,10435088,1475
28690,10435088,10436381,1293
28691,10436381,10436761,380
28692,10436761,10439119,2358
28693,10439119,10439704,585
28694,10439704,10440128,424
28695,10440128,10440571,443
28696,10440571,10442363,1792
28697,10442363,10442518,155
28698,10442518,10443455,937
28699,10443455,10443719,264
28700,10443719,10443744,25
28701,10443744,10444728,984
28702,10444728,10444940,212
28703,10444940,10445468,528
28704,10445468,10445491,23
28705,10445491,10445739,248
28706,10445739,10445775,36
28707,10445775,10445788,13
28708,10445788,10445794,6
28709,10445794,10445842,48
28710,10445842,10445965,123
28711,10448603,10448759,156
28712,10448759,10449582,823
28713,10449582,10449591,9
28714,10449591,10450203,612
28715,10450203,10451131,928
28716,10451131,10451194,63
28717,10451194,10451566,372
28718,10451566,10452258,692
28719,10452258,10452313,55
28720,10452313,10452324,11
28721,10452324,10453224,900
28722,10453224,10453790,566
28723,10453790,10453851,61
28724,10453851,10454751,900
28725,10454751,10454771,20
28726,10454771,10455865,1094
28727,10458668,10458696,28
28728,10458696,10458729,33
28729,10458729,10458758,29
28730,10458758,10458765,7
28731,10458765,10458846,81
28732,10458846,10458864,18
28733,10458864,10459073,209
28734,10459073,10459367,294
28735,10459367,10459633,266
28736,10459633,10461116,1483
28737,10461116,10461208,92
28738,10461208,10461233,25
28739,10461233,10461324,91
28740,10461324,10461383,59
28741,10461383,10461687,304
28742,10461687,10462735,1048
28743,10462735,10462762,27
28744,10462762,10463312,550
28745,10463312,10464417,1105
28746,10464417,10464534,117
28747,10464534,10465060,526
28748,10465060,10465525,465
28749,10465525,10466447,922
28750,10466447,10466806,359
28751,10466806,10466824,18
28752,10466824,10467287,463
28753,10467287,10467416,129
28754,10467416,10467829,413
28755,10467829,10468129,300
28756,10468129,10468144,15
28757,10468144,10468156,12
28758,10468156,10468489,333
28759,10468489,10468501,12
28760,10468501,10468715,214
28761,10468715,10468818,103
28762,10468818,10469051,233
28763,10469051,10469057,6
28764,10469057,10469063,6
28765,10469063,10469867,804
28766,10469867,10469897,30
28767,10469897,10469954,57
28768,10469954,10469971,17
28769,10469971,10470259,288
28770,10470259,10470430,171
28771,10470430,10470704,274
28772,10470704,10470922,218
28773,10470922,10470946,24
28774,10470946,10471132,186
28775,10471132,10471144,12
28776,10471144,10471165,21
28777,10471165,10471414,249
28778,10471414,10471495,81
28779,10471495,10471808,313
28780,10471808,10471823,15
28781,10471823,10471833,10
28782,10471833,10471845,12
28783,10471845,10471851,6
28784,10471851,10471979,128
28785,10471979,10472098,119
28786,10472098,10472304,206
28787,10472304,10472333,29
28788,10472333,10472681,348
28789,10472681,10473649,968
28790,10473649,10474855,1206
28791,10474855,10475200,345
28792,10475200,10475503,303
28793,10475503,10475748,245
28794,10475748,10475784,36
28795,10475784,10476357,573
28796,10476357,10476380,23
28797,10476380,10476417,37
28798,10476417,10477268,851
28799,10477268,10477342,74
28800,10477342,10477350,8
28801,10477350,10477392,42
28802,10477392,10477769,377
28803,10477769,10477865,96
28804,10477865,10478235,370
28805,10478235,10478291,56
28806,10478291,10479423,1132
28807,10479423,10479464,41
28808,10479464,10479490,26
28809,10479490,10479535,45
28810,10479535,10479554,19
28811,10479554,10479571,17
28812,10479571,10479679,108
28813,10479679,10479960,281
28814,10479960,10480097,137
28815,10480097,10480292,195
28816,10480292,10480324,32
28817,10480324,10480450,126
28818,10480450,10480484,34
28819,10480484,10480976,492
28820,10480976,10481183,207
28821,10481183,10481453,270
28822,10481453,10481470,17
28823,10481470,10481634,164
28824,10481634,10481706,72
28825,10481706,10481965,259
28826,10481965,10482633,668
28827,10482633,10482771,138
28828,10482771,10482920,149
28829,10482920,10483271,351
28830,10483271,10483455,184
28831,10483455,10484030,575
28832,10484030,10484461,431
28833,10484461,10484852,391
28834,10484852,10484926,74
28835,10484926,10485493,567
28836,10485493,10485689,196
28837,10485689,10485745,56
28838,10485745,10486017,272
28839,10486017,10486146,129
28840,10486146,10486250,104
28841,10486250,10486296,46
28842,10486296,10486315,19
28843,10486315,10486320,5
28844,10486320,10486331,11
28845,10486331,10486589,258
28846,10486589,10486647,58
28847,10486647,10487299,652
28848,10487299,10487589,290
28849,10487589,10487666,77
28850,10487666,10487679,13
28851,10487679,10487982,303
28852,10487982,10488044,62
28853,10488044,10488402,358
28854,10488402,10488425,23
28855,10488425,10488608,183
28856,10488608,10488732,124
28857,10488732,10488753,21
28858,10488753,10488922,169
28859,10488922,10489282,360
28860,10489282,10489414,132
28861,10489414,10489855,441
28862,10489855,10490392,537
28863,10490392,10490850,458
28864,10490850,10490862,12
28865,10490862,10491076,214
28866,10491076,10491099,23
28867,10491099,10491233,134
28868,10491233,10491272,39
28869,10491272,10491512,240
28870,10491512,10491649,137
28871,10491649,10491963,314
28872,10491963,10492248,285
28873,10492248,10492457,209
28874,10492457,10492763,306
28875,10492763,10493259,496
28876,10493259,10493324,65
28877,10493324,10493414,90
28878,10493414,10493488,74
28879,10493488,10493633,145
28880,10493633,10493641,8
28881,10493641,10493851,210
28882,10493851,10494814,963
28883,10494814,10494836,22
28884,10494836,10495536,700
28885,10495536,10495815,279
28886,10495815,10496027,212
28887,10496027,10496395,368
28888,10496395,10496523,128
28889,10496523,10496801,278
28890,10496801,10497252,451
28891,10497252,10497402,150
28892,10497402,10497575,173
28893,10497575,10497692,117
28894,10497692,10497724,32
28895,10497724,10498228,504
28896,10498228,10498300,72
28897,10498300,10498309,9
28898,10498309,10498340,31
28899,10498340,10498548,208
28900,10498548,10498795,247
28901,10498795,10498888,93
28902,10498888,10498936,48
28903,10498936,10499308,372
28904,10499308,10499508,200
28905,10499508,10499874,366
28906,10499874,10501681,1807
28907,10501681,10501686,5
28908,10501686,10502264,578
28909,10502264,10502488,224
28910,10502488,10503352,864
28911,10503352,10504078,726
28912,10504078,10505283,1205
28913,10505283,10505936,653
28914,10505936,10506563,627
28915,10506563,10507092,529
28916,10507092,10507501,409
28917,10507501,10508090,589
28918,10508090,10509516,1426
28919,10509516,10510436,920
28920,10510436,10510754,318
28921,10510754,10512035,1281
28922,10512035,10512332,297
28923,10512332,10513449,1117
28924,10513449,10514007,558
28925,10514007,10514713,706
28926,10514713,10515031,318
28927,10515031,10516827,1796
28928,10516827,10517607,780
28929,10517607,10519252,1645
28930,10519252,10519460,208
28931,10519460,10519555,95
28932,10519555,10520427,872
28933,10520427,10522018,1591
28934,10522018,10522917,899
28935,10522917,10522945,28
28936,10522945,10523374,429
28937,10523374,10524718,1344
28938,10524718,10524724,6
28939,10524724,10525419,695
28940,10525419,10526012,593
28941,10526012,10526142,130
28942,10526142,10526457,315
28943,10526457,10527218,761
28944,10527218,10527234,16
28945,10527234,10527472,238
28946,10527472,10527559,87
28947,10527559,10527604,45
28948,10527604,10528020,416
28949,10528020,10528024,4
28950,10528024,10528738,714
28951,10528738,10529218,480
28952,10529218,10530320,1102
28953,10530320,10530515,195
28954,10530515,10530645,130
28955,10530645,10531499,854
28956,10531499,10532001,502
28957,10532001,10533201,1200
28958,10533201,10533964,763
28959,10533964,10534429,465
28960,10534429,10535221,792
28961,10535221,10535225,4
28962,10535225,10535299,74
28963,10535299,10536703,1404
28964,10536703,10536854,151
28965,10536854,10536956,102
28966,10536956,10537064,108
28967,10537064,10537476,412
28968,10537476,10537480,4
28969,10537480,10537484,4
28970,10537484,10537488,4
28971,10537488,10537614,126
28972,10537614,10537762,148
28973,10537762,10537831,69
28974,10537831,10537839,8
28975,10537839,10537854,15
28976,10537854,10538299,445
28977,10538299,10538364,65
28978,10538364,10538425,61
28979,10538425,10538840,415
28980,10538840,10540129,1289
28981,10540129,10541191,1062
28982,10541191,10542328,1137
28983,10542328,10542627,299
28984,10542627,10545449,2822
28985,10545449,10546113,664
28986,10546113,10546989,876
28987,10546989,10547635,646
28988,10547635,10547665,30
28989,10547665,10547868,203
28990,10547868,10549102,1234
28991,10549102,10550799,1697
28992,10550799,10551795,996
28993,10551795,10552108,313
28994,10552108,10552792,684
28995,10552792,10552921,129
28996,10552921,10553184,263
28997,10553184,10553526,342
28998,10553526,10553585,59
28999,10553585,10554551,966
29000,10554551,10554659,108
29001,10554659,10555510,851
29002,10555510,10555577,67
29003,10555577,10555627,50
29004,10555627,10556071,444
29005,10556071,10556107,36
29006,10556107,10556195,88
29007,10556195,10556200,5
29008,10556200,10556251,51
29009,10556251,10556645,394
29010,10556645,10556684,39
29011,10556684,10556942,258
29012,10556942,10557151,209
29013,10557151,10557228,77
29014,10557228,10557234,6
29015,10557234,10557471,237
29016,10557471,10557527,56
29017,10557527,10557543,16
29018,10557543,10557894,351
29019,10557894,10558942,1048
29020,10558942,10560911,1969
29021,10560911,10561583,672
29022,10561583,10561594,11
29023,10561594,10562556,962
29024,10562556,10562787,231
29025,10562787,10563517,730
29026,10563517,10563732,215
29027,10563732,10563746,14
29028,10566069,10566310,241
29029,10566310,10566374,64
29030,10566374,10566379,5
29031,10566379,10567978,1599
29032,10567978,10568386,408
29033,10568386,10569582,1196
29034,10569582,10569853,271
29035,10569853,10570342,489
29036,10572640,10572677,37
29037,10572677,10572718,41
29038,10572718,10572722,4
29039,10572722,10572797,75
29040,10572797,10572914,117
29041,10572914,10573260,346
29042,10573260,10573755,495
29043,10573755,10574594,839
29044,10574594,10574697,103
29045,10574697,10574866,169
29046,10574866,10575260,394
29047,10575260,10575791,531
29048,10575791,10575817,26
29049,10575817,10576103,286
29050,10576103,10576110,7
29051,10576110,10576274,164
29052,10576274,10576510,236
29053,10576510,10576860,350
29054,10576860,10576965,105
29055,10576965,10577217,252
29056,10577217,10577440,223
29057,10577440,10577534,94
29058,10577534,10577662,128
29059,10577662,10578200,538
29060,10578200,10578558,358
29061,10578558,10578666,108
29062,10578666,10578683,17
29063,10578683,10578757,74
29064,10578757,10579687,930
29065,10579687,10579838,151
29066,10579838,10580166,328
29067,10580166,10580334,168
29068,10580334,10580339,5
29069,10580339,10580343,4
29070,10580343,10580482,139
29071,10580482,10580850,368
29072,10580850,10580986,136
29073,10580986,10581236,250
29074,10581236,10581339,103
29075,10581339,10581751,412
29076,10581751,10581824,73
29077,10581824,10582212,388
29078,10582212,10582320,108
29079,10582320,10582454,134
29080,10582454,10582663,209
29081,10582663,10582681,18
29082,10582681,10582687,6
29083,10582687,10582915,228
29084,10582915,10582929,14
29085,10582929,10583104,175
29086,10583104,10583179,75
29087,10583179,10583214,35
29088,10583214,10583394,180
29089,10583394,10583512,118
29090,10583512,10583538,26
29091,10583538,10584757,1219
29092,10584757,10584885,128
29093,10584885,10584978,93
29094,10584978,10584986,8
29095,10584986,10585219,233
29096,10585219,10585276,57
29097,10585276,10585457,181
29098,10585457,10585860,403
29099,10585860,10585976,116
29100,10585976,10586776,800
29101,10586776,10587068,292
29102,10587068,10587201,133
29103,10587201,10587388,187
29104,10587388,10588369,981
29105,10588369,10588374,5
29106,10588374,10588863,489
29107,10588863,10589556,693
29108,10589556,10589796,240
29109,10589796,10591232,1436
29110,10591232,10591257,25
29111,10591257,10591433,176
29112,10591433,10591440,7
29113,10591440,10592015,575
29114,10592015,10592774,759
29115,10592774,10592814,40
29116,10592814,10593421,607
29117,10593421,10594004,583
29118,10594004,10594548,544
29119,10594548,10595135,587
29120,10595135,10595215,80
29121,10595215,10595395,180
29122,10595395,10596314,919
29123,10596314,10596483,169
29124,10596483,10596539,56
29125,10596539,10596619,80
29126,10596619,10596945,326
29127,10596945,10597176,231
29128,10597176,10597482,306
29129,10597482,10597671,189
29130,10597671,10597704,33
29131,10597704,10597733,29
29132,10597733,10597742,9
29133,10597742,10597785,43
29134,10597785,10597980,195
29135,10597980,10598314,334
29136,10598314,10598483,169
29137,10598483,10598579,96
29138,10598579,10598616,37
29139,10598616,10598888,272
29140,10598888,10598926,38
29141,10598926,10599016,90
29142,10599016,10599431,415
29143,10599431,10599612,181
29144,10599612,10599962,350
29145,10599962,10600053,91
29146,10600053,10600096,43
29147,10600096,10600276,180
29148,10600276,10600340,64
29149,10600340,10600359,19
29150,10600359,10600364,5
29151,10600364,10600466,102
29152,10600466,10600585,119
29153,10600585,10600867,282
29154,10600867,10601151,284
29155,10601151,10601494,343
29156,10601494,10601511,17
29157,10601511,10601646,135
29158,10601646,10602054,408
29159,10602054,10602058,4
29160,10602058,10602162,104
29161,10602162,10602189,27
29162,10602189,10602232,43
29163,10602232,10602424,192
29164,10602424,10602831,407
29165,10602831,10602838,7
29166,10602838,10603209,371
29167,10603209,10603301,92
29168,10603301,10603367,66
29169,10603367,10604351,984
29170,10604351,10604405,54
29171,10604405,10604426,21
29172,10604426,10604579,153
29173,10604579,10604675,96
29174,10604675,10604894,219
29175,10604894,10604980,86
29176,10604980,10605008,28
29177,10605008,10605017,9
29178,10605017,10605183,166
29179,10605183,10605660,477
29180,10605660,10606011,351
29181,10606011,10606099,88
29182,10606099,10606368,269
29183,10606368,10607037,669
29184,10607037,10607173,136
29185,10607173,10607511,338
29186,10607511,10607694,183
29187,10607694,10607811,117
29188,10607811,10608124,313
29189,10608124,10608175,51
29190,10608175,10608196,21
29191,10608196,10608245,49
29192,10608245,10608463,218
29193,10608463,10608672,209
29194,10608672,10608781,109
29195,10608781,10609023,242
29196,10609023,10609164,141
29197,10609164,10609627,463
29198,10609627,10610268,641
29199,10610268,10610296,28
29200,10610296,10610406,110
29201,10610406,10610611,205
29202,10610611,10610898,287
29203,10610898,10610928,30
29204,10610928,10611064,136
29205,10611064,10611118,54
29206,10611118,10611235,117
29207,10611235,10611423,188
29208,10611423,10611477,54
29209,10611477,10611994,517
29210,10611994,10612151,157
29211,10612151,10612157,6
29212,10612157,10612324,167
29213,10612324,10613801,1477
29214,10613801,10614449,648
29215,10614449,10614722,273
29216,10614722,10615192,470
29217,10615192,10616046,854
29218,10616046,10616545,499
29219,10616545,10616658,113
29220,10616658,10616881,223
29221,10616881,10617190,309
29222,10617190,10617691,501
29223,10617691,10617832,141
29224,10617832,10617841,9
29225,10617841,10618215,374
29226,10618215,10619388,1173
29227,10619388,10620034,646
29228,10620034,10622084,2050
29229,10622084,10622539,455
29230,10622539,10622779,240
29231,10622779,10623555,776
29232,10623555,10624049,494
29233,10624049,10624293,244
29234,10624293,10624398,105
29235,10624398,10624505,107
29236,10624505,10624580,75
29237,10624580,10624608,28
29238,10624608,10625079,471
29239,10625079,10625125,46
29240,10625125,10625621,496
29241,10625621,10626213,592
29242,10626213,10626303,90
29243,10626303,10626310,7
29244,10626310,10627132,822
29245,10627132,10627166,34
29246,10627166,10627311,145
29247,10627311,10629255,1944
29248,10629255,10629626,371
29249,10629626,10630033,407
29250,10630033,10630423,390
29251,10630423,10630757,334
29252,10630757,10631288,531
29253,10631288,10631296,8
29254,10631296,10632026,730
29255,10632026,10633743,1717
29256,10633743,10635110,1367
29257,10635110,10635269,159
29258,10635269,10635636,367
29259,10635636,10636610,974
29260,10636610,10637116,506
29261,10637116,10637919,803
29262,10637919,10638412,493
29263,10638412,10638658,246
29264,10638658,10639114,456
29265,10639114,10640463,1349
29266,10640463,10641487,1024
29267,10641487,10641546,59
29268,10641546,10641651,105
29269,10641651,10642710,1059
29270,10642710,10642959,249
29271,10642959,10643164,205
29272,10643164,10643864,700
29273,10643864,10644359,495
29274,10644359,10645290,931
29275,10645290,10645610,320
29276,10648718,10648727,9
29277,10648727,10648987,260
29278,10648987,10649557,570
29279,10652926,10653351,425
29280,10653351,10653978,627
29281,10653978,10654849,871
29282,10654849,10655879,1030
29283,10655879,10656364,485
29284,10656364,10657279,915
29285,10657279,10657813,534
29286,10657813,10657856,43
29287,10657856,10657863,7
29288,10657863,10657872,9
29289,10657872,10658117,245
29290,10658117,10658201,84
29291,10658201,10658227,26
29292,10658227,10658436,209
29293,10658436,10658477,41
29294,10658477,10658575,98
29295,10658575,10658607,32
29296,10658607,10658719,112
29297,10658719,10658805,86
29298,10658805,10658944,139
29299,10658944,10659133,189
29300,10659133,10659195,62
29301,10659195,10659571,376
29302,10659571,10659625,54
29303,10659625,10659818,193
29304,10659818,10660511,693
29305,10660511,10660550,39
29306,10660550,10660778,228
29307,10660778,10661139,361
29308,10661139,10661379,240
29309,10661379,10662206,827
29310,10662206,10662790,584
29311,10662790,10663657,867
29312,10663657,10664224,567
29313,10664224,10664505,281
29314,10664505,10664978,473
29315,10664978,10665418,440
29316,10665418,10666109,691
29317,10666109,10667730,1621
29318,10667730,10668011,281
29319,10668011,10668180,169
29320,10670375,10670593,218
29321,10670593,10671132,539
29322,10671132,10672410,1278
29323,10672410,10672610,200
29324,10672610,10672952,342
29325,10672952,10672971,19
29326,10672971,10673151,180
29327,10673151,10673292,141
29328,10673292,10674291,999
29329,10674291,10674804,513
29330,10674804,10675065,261
29331,10677838,10678784,946
29332,10678784,10679206,422
29333,10679206,10679624,418
29334,10679624,10680464,840
29335,10680464,10680469,5
29336,10680469,10680600,131
29337,10680600,10681227,627
29338,10681227,10682427,1200
29339,10682427,10682638,211
29340,10685319,10685406,87
29341,10685406,10685868,462
29342,10685868,10685935,67
29343,10685935,10686078,143
29344,10686078,10686352,274
29345,10686352,10687321,969
29346,10687321,10687843,522
29347,10687843,10688074,231
29348,10688074,10688965,891
29349,10688965,10689124,159
29350,10689124,10689169,45
29351,10689169,10689736,567
29352,10689736,10689749,13
29353,10689749,10691003,1254
29354,10693942,10694127,185
29355,10694127,10694640,513
29356,10694640,10694798,158
29357,10694798,10695222,424
29358,10695222,10696667,1445
29359,10696667,10696697,30
29360,10696697,10697152,455
29361,10697152,10697215,63
29362,10697215,10697247,32
29363,10697247,10697826,579
29364,10697826,10698297,471
29365,10698297,10699013,716
29366,10699013,10699562,549
29367,10699562,10699605,43
29368,10699605,10699610,5
29369,10699610,10700787,1177
29370,10700787,10701048,261
29371,10701048,10701066,18
29372,10701066,10701072,6
29373,10701072,10701099,27
29374,10701099,10701802,703
29375,10701802,10702413,611
29376,10702413,10703710,1297
29377,10703710,10704085,375
29378,10704085,10704602,517
29379,10704602,10704644,42
29380,10704644,10704670,26
29381,10704670,10705110,440
29382,10705110,10705178,68
29383,10705178,10705247,69
29384,10705247,10705322,75
29385,10705322,10705351,29
29386,10705351,10705604,253
29387,10705604,10705719,115
29388,10705719,10705812,93
29389,10705812,10705818,6
29390,10705818,10705830,12
29391,10705830,10705842,12
29392,10705842,10705854,12
29393,10705854,10706309,455
29394,10706309,10706748,439
29395,10706748,10706803,55
29396,10706803,10707129,326
29397,10707129,10707142,13
29398,10707142,10707169,27
29399,10707169,10707205,36
29400,10707205,10707224,19
29401,10707224,10707241,17
29402,10707241,10707506,265
29403,10707506,10707515,9
29404,10707515,10707988,473
29405,10707988,10708102,114
29406,10708102,10708125,23
29407,10708125,10708155,30
29408,10708155,10708165,10
29409,10708165,10708290,125
29410,10708290,10708396,106
29411,10708396,10708449,53
29412,10708449,10708470,21
29413,10708470,10708542,72
29414,10708542,10708650,108
29415,10708650,10708779,129
29416,10708779,10708894,115
29417,10708894,10709002,108
29418,10709002,10709384,382
29419,10709384,10709401,17
29420,10709401,10709988,587
29421,10709988,10710825,837
29422,10710825,10710829,4
29423,10710829,10711693,864
29424,10711693,10711708,15
29425,10711708,10711765,57
29426,10711765,10712136,371
29427,10712136,10712454,318
29428,10712454,10712948,494
29429,10712948,10713218,270
29430,10713218,10713672,454
29431,10713672,10714261,589
29432,10714261,10714796,535
29433,10714796,10715212,416
29434,10715212,10715254,42
29435,10715254,10715269,15
29436,10715269,10715281,12
29437,10715281,10715293,12
29438,10715293,10715360,67
29439,10715360,10715376,16
29440,10715376,10715414,38
29441,10715414,10715460,46
29442,10715460,10715490,30
29443,10715490,10715503,13
29444,10715503,10715607,104
29445,10715607,10716190,583
29446,10716190,10716196,6
29447,10716196,10716299,103
29448,10716299,10716514,215
29449,10716514,10716520,6
29450,10716520,10716620,100
29451,10716620,10716943,323
29452,10716943,10717419,476
29453,10717419,10718429,1010
29454,10718429,10718438,9
29455,10718438,10718978,540
29456,10718978,10719068,90
29457,10719068,10719922,854
29458,10719922,10720667,745
29459,10720667,10720691,24
29460,10720691,10721027,336
29461,10721027,10721654,627
29462,10721654,10721676,22
29463,10721676,10722325,649
29464,10722325,10722365,40
29465,10722365,10723062,697
29466,10723062,10725219,2157
29467,10725219,10726035,816
29468,10726035,10726046,11
29469,10726046,10726377,331
29470,10726377,10726951,574
29471,10726951,10726977,26
29472,10726977,10727108,131
29473,10727108,10727149,41
29474,10727149,10727870,721
29475,10727870,10728533,663
29476,10728533,10728800,267
29477,10728800,10728972,172
29478,10728972,10729522,550
29479,10729522,10731329,1807
29480,10731329,10731384,55
29481,10731384,10733524,2140
29482,10733524,10733631,107
29483,10733631,10733732,101
29484,10733732,10734612,880
29485,10734612,10735022,410
29486,10735022,10735405,383
29487,10735405,10735441,36
29488,10735441,10735601,160
29489,10735601,10735662,61
29490,10735662,10736051,389
29491,10736051,10736297,246
29492,10736297,10737188,891
29493,10737188,10738588,1400
29494,10738588,10738787,199
29495,10738787,10739157,370
29496,10739157,10739327,170
29497,10739327,10739350,23
29498,10739350,10740551,1201
29499,10740551,10741075,524
29500,10741075,10741090,15
29501,10741090,10742903,1813
29502,10742903,10743662,759
29503,10743662,10743827,165
29504,10743827,10743858,31
29505,10743858,10743942,84
29506,10743942,10745561,1619
29507,10745561,10745588,27
29508,10745588,10745723,135
29509,10745723,10745992,269
29510,10745992,10746124,132
29511,10746124,10746919,795
29512,10746919,10747019,100
29513,10747019,10747657,638
29514,10747657,10748103,446
29515,10748103,10748309,206
29516,10748309,10748350,41
29517,10748350,10748591,241
29518,10748591,10749517,926
29519,10749517,10749737,220
29520,10749737,10749758,21
29521,10749758,10749774,16
29522,10749774,10749840,66
29523,10749840,10749939,99
29524,10749939,10750168,229
29525,10750168,10751185,1017
29526,10751185,10751269,84
29527,10751269,10751346,77
29528,10751346,10751711,365
29529,10751711,10752034,323
29530,10752034,10752099,65
29531,10752099,10753220,1121
29532,10753220,10753525,305
29533,10753525,10753597,72
29534,10753597,10754800,1203
29535,10754800,10755674,874
29536,10755674,10756141,467
29537,10756141,10758420,2279
29538,10758420,10760456,2036
29539,10760456,10760471,15
29540,10760471,10760650,179
29541,10760650,10760820,170
29542,10760820,10760860,40
29543,10760860,10760869,9
29544,10760869,10760890,21
29545,10760890,10760905,15
29546,10760905,10761348,443
29547,10761348,10761906,558
29548,10761906,10762709,803
29549,10762709,10764142,1433
29550,10764142,10765053,911
29551,10765053,10765101,48
29552,10765101,10765283,182
29553,10765283,10766399,1116
29554,10766399,10766499,100
29555,10766499,10768007,1508
29556,10768007,10768798,791
29557,10768798,10768807,9
29558,10768807,10769113,306
29559,10769113,10769239,126
29560,10769239,10769400,161
29561,10769400,10769533,133
29562,10769533,10769784,251
29563,10769784,10769872,88
29564,10769872,10769999,127
29565,10769999,10770269,270
29566,10770269,10770336,67
29567,10770336,10770561,225
29568,10770561,10770707,146
29569,10770707,10771075,368
29570,10771075,10771323,248
29571,10771323,10771512,189
29572,10771512,10771583,71
29573,10771583,10771867,284
29574,10771867,10771976,109
29575,10771976,10772815,839
29576,10772815,10773284,469
29577,10773284,10773812,528
29578,10773812,10773972,160
29579,10773972,10774107,135
29580,10774107,10775096,989
29581,10775096,10775630,534
29582,10775630,10775704,74
29583,10775704,10775708,4
29584,10775708,10776113,405
29585,10776113,10776301,188
29586,10776301,10776411,110
29587,10776411,10776479,68
29588,10776479,10776541,62
29589,10776541,10776812,271
29590,10776812,10776894,82
29591,10776894,10776901,7
29592,10776901,10777255,354
29593,10777255,10777725,470
29594,10777725,10777731,6
29595,10777731,10778064,333
29596,10778064,10778158,94
29597,10778158,10778215,57
29598,10778215,10778429,214
29599,10778429,10778474,45
29600,10778474,10778849,375
29601,10778849,10779182,333
29602,10779182,10779622,440
29603,10779622,10779643,21
29604,10779643,10780342,699
29605,10780342,10780352,10
29606,10780352,10780637,285
29607,10780637,10780934,297
29608,10780934,10781104,170
29609,10781104,10781159,55
29610,10781159,10781452,293
29611,10781452,10781635,183
29612,10781635,10782025,390
29613,10784670,10785623,953
29614,10785623,10786369,746
29615,10786369,10786993,624
29616,10786993,10788794,1801
29617,10788794,10788883,89
29618,10788883,10789042,159
29619,10789042,10789174,132
29620,10789174,10789230,56
29621,10790986,10791278,292
29622,10791278,10791734,456
29623,10791734,10793247,1513
29624,10793247,10793342,95
29625,10793342,10793754,412
29626,10793754,10793854,100
29627,10793854,10794755,901
29628,10794755,10795269,514
29629,10795269,10795662,393
29630,10795662,10796063,401
29631,10796063,10796655,592
29632,10796655,10797594,939
29633,10797594,10797919,325
29634,10797919,10798305,386
29635,10798305,10798438,133
29636,10798438,10798462,24
29637,10798462,10798701,239
29638,10798701,10798723,22
29639,10798723,10798776,53
29640,10798776,10799225,449
29641,10799225,10799420,195
29642,10799420,10799539,119
29643,10799539,10799673,134
29644,10799673,10799802,129
29645,10799802,10800454,652
29646,10800454,10800700,246
29647,10800700,10801076,376
29648,10801076,10801513,437
29649,10801513,10801680,167
29650,10801680,10803446,1766
29651,10803446,10804960,1514
29652,10804960,10804996,36
29653,10804996,10805064,68
29654,10805064,10805266,202
29655,10805266,10805466,200
29656,10805466,10805807,341
29657,10805807,10806049,242
29658,10806049,10807113,1064
29659,10807113,10807322,209
29660,10807322,10807327,5
29661,10807327,10807809,482
29662,10807809,10808043,234
29663,10808043,10808048,5
29664,10808048,10808054,6
29665,10808054,10808060,6
29666,10808060,10808124,64
29667,10808124,10808133,9
29668,10808133,10808142,9
29669,10808142,10808206,64
29670,10808206,10808393,187
29671,10808393,10809899,1506
29672,10809899,10809971,72
29673,10809971,10810070,99
29674,10810070,10810152,82
29675,10810152,10810269,117
29676,10810269,10810278,9
29677,10810278,10810844,566
29678,10810844,10810852,8
29679,10810852,10810896,44
29680,10810896,10810909,13
29681,10810909,10811551,642
29682,10811551,10811693,142
29683,10811693,10811903,210
29684,10811903,10811918,15
29685,10811918,10811951,33
29686,10811951,10812072,121
29687,10812072,10812100,28
29688,10812100,10812108,8
29689,10812108,10812124,16
29690,10812124,10812132,8
29691,10812132,10812140,8
29692,10812140,10812326,186
29693,10812326,10812610,284
29694,10812610,10812617,7
29695,10812617,10812677,60
29696,10812677,10812885,208
29697,10812885,10813068,183
29698,10813068,10813188,120
29699,10813188,10813200,12
29700,10813200,10813279,79
29701,10813279,10813291,12
29702,10813291,10813298,7
29703,10813298,10813309,11
29704,10813309,10813342,33
29705,10813342,10813445,103
29706,10813445,10813449,4
29707,10813449,10813637,188
29708,10813637,10814204,567
29709,10814204,10814418,214
29710,10814418,10816103,1685
29711,10816103,10816297,194
29712,10816297,10816498,201
29713,10816498,10816805,307
29714,10816805,10820061,3256
29715,10820061,10820668,607
29716,10820668,10821124,456
29717,10821124,10821166,42
29718,10821166,10821416,250
29719,10821416,10821530,114
29720,10821530,10821563,33
29721,10821563,10822769,1206
29722,10822769,10823090,321
29723,10823090,10823269,179
29724,10823269,10823286,17
29725,10823286,10823308,22
29726,10823308,10824286,978
29727,10824286,10824751,465
29728,10824751,10824879,128
29729,10824879,10824938,59
29730,10824938,10825412,474
29731,10825412,10825535,123
29732,10825535,10825789,254
29733,10825789,10826662,873
29734,10826662,10826767,105
29735,10826767,10826807,40
29736,10826807,10826814,7
29737,10826814,10826842,28
29738,10826842,10827080,238
29739,10827080,10827312,232
29740,10827312,10827664,352
29741,10827664,10828842,1178
29742,10828842,10828848,6
29743,10828848,10828856,8
29744,10828856,10829168,312
29745,10829168,10829292,124
29746,10829292,10829301,9
29747,10829301,10829306,5
29748,10829306,10829346,40
29749,10829346,10829354,8
29750,10829354,10829362,8
29751,10829362,10829369,7
29752,10829369,10829592,223
29753,10829592,10829601,9
29754,10829601,10829610,9
29755,10829610,10829619,9
29756,10829619,10829864,245
29757,10829864,10830018,154
29758,10830018,10830065,47
29759,10830065,10830130,65
29760,10830130,10830593,463
29761,10830593,10830953,360
29762,10830953,10831313,360
29763,10831313,10832990,1677
29764,10832990,10833026,36
29765,10833026,10833243,217
29766,10833243,10833294,51
29767,10833294,10833666,372
29768,10833666,10833685,19
29769,10833685,10833822,137
29770,10833822,10833965,143
29771,10833965,10834012,47
29772,10834012,10834660,648
29773,10834660,10834791,131
29774,10834791,10835206,415
29775,10835206,10836244,1038
29776,10836244,10836493,249
29777,10836493,10836880,387
29778,10836880,10836886,6
29779,10836886,10836907,21
29780,10836907,10837382,475
29781,10837382,10838020,638
29782,10838020,10838073,53
29783,10838073,10838498,425
29784,10838498,10838649,151
29785,10838649,10838866,217
29786,10838866,10840242,1376
29787,10840242,10840408,166
29788,10840408,10840692,284
29789,10840692,10841632,940
29790,10841632,10842179,547
29791,10842179,10842183,4
29792,10842183,10842289,106
29793,10842289,10842551,262
29794,10842551,10842560,9
29795,10842560,10843134,574
29796,10843134,10843265,131
29797,10843265,10843554,289
29798,10843554,10843708,154
29799,10843708,10843976,268
29800,10843976,10844231,255
29801,10844231,10844673,442
29802,10844673,10844789,116
29803,10844789,10844868,79
29804,10844868,10844886,18
29805,10844886,10845679,793
29806,10845679,10846170,491
29807,10846170,10846397,227
29808,10846397,10846415,18
29809,10846415,10846890,475
29810,10846890,10847488,598
29811,10847488,10847571,83
29812,10847571,10847643,72
29813,10847643,10847720,77
29814,10847720,10848020,300
29815,10848020,10848029,9
29816,10848029,10848160,131
29817,10848160,10848181,21
29818,10848181,10848376,195
29819,10848376,10848872,496
29820,10848872,10849320,448
29821,10849320,10849587,267
29822,10849587,10849635,48
29823,10849635,10849959,324
29824,10849959,10850953,994
29825,10850953,10851132,179
29826,10851132,10851436,304
29827,10851436,10852292,856
29828,10852292,10852612,320
29829,10852612,10852803,191
29830,10852803,10853383,580
29831,10853383,10853541,158
29832,10853541,10853548,7
29833,10853548,10853613,65
29834,10853613,10853682,69
29835,10853682,10853698,16
29836,10853698,10853872,174
29837,10853872,10853979,107
29838,10853979,10854099,120
29839,10854099,10854159,60
29840,10854159,10854232,73
29841,10854232,10854258,26
29842,10854258,10854406,148
29843,10854406,10854537,131
29844,10854537,10854565,28
29845,10854565,10855397,832
29846,10855397,10855571,174
29847,10855571,10855835,264
29848,10855835,10856067,232
29849,10856067,10856071,4
29850,10856071,10856154,83
29851,10856154,10856358,204
29852,10856358,10856374,16
29853,10856374,10856583,209
29854,10856583,10856775,192
29855,10856775,10856835,60
29856,10856835,10856908,73
29857,10856908,10856977,69
29858,10856977,10857117,140
29859,10857117,10857141,24
29860,10857141,10857480,339
29861,10857480,10857784,304
29862,10857784,10857793,9
29863,10857793,10858662,869
29864,10858662,10858977,315
29865,10858977,10859038,61
29866,10859038,10860624,1586
29867,10860624,10860636,12
29868,10860636,10860648,12
29869,10860648,10860714,66
29870,10860714,10860769,55
29871,10860769,10861261,492
29872,10861261,10861425,164
29873,10861425,10861596,171
29874,10861596,10861723,127
29875,10861723,10861773,50
29876,10861773,10861884,111
29877,10861884,10861951,67
29878,10861951,10862013,62
29879,10862013,10862120,107
29880,10862120,10862211,91
29881,10862211,10862333,122
29882,10862333,10862385,52
29883,10862385,10862531,146
29884,10862531,10862567,36
29885,10862567,10862646,79
29886,10862646,10862659,13
29887,10862659,10862742,83
29888,10862742,10863667,925
29889,10863667,10863938,271
29890,10863938,10864101,163
29891,10864101,10864884,783
29892,10864884,10864925,41
29893,10864925,10865027,102
29894,10865027,10865127,100
29895,10865127,10865161,34
29896,10865161,10866747,1586
29897,10866747,10867136,389
29898,10867136,10868167,1031
29899,10868167,10868515,348
29900,10868515,10868844,329
29901,10868844,10868853,9
29902,10868853,10868881,28
29903,10868881,10868920,39
29904,10868920,10869005,85
29905,10869005,10869408,403
29906,10869408,10869847,439
29907,10869847,10870215,368
29908,10870215,10870236,21
29909,10870236,10870257,21
29910,10870257,10870278,21
29911,10870278,10870494,216
29912,10870494,10870564,70
29913,10870564,10870739,175
29914,10870739,10870984,245
29915,10870984,10871092,108
29916,10871092,10871124,32
29917,10871124,10871245,121
29918,10871245,10871587,342
29919,10871587,10871856,269
29920,10871856,10872360,504
29921,10872360,10872620,260
29922,10872620,10872877,257
29923,10872877,10872913,36
29924,10872913,10872922,9
29925,10872922,10872984,62
29926,10872984,10873010,26
29927,10873010,10873350,340
29928,10873350,10873379,29
29929,10873379,10873823,444
29930,10873823,10874024,201
29931,10874024,10874057,33
29932,10874057,10874342,285
29933,10874342,10874678,336
29934,10874678,10874709,31
29935,10874709,10874950,241
29936,10874950,10874997,47
29937,10874997,10875099,102
29938,10875099,10875188,89
29939,10875188,10875299,111
29940,10875299,10875651,352
29941,10875651,10875777,126
29942,10875777,10875939,162
29943,10875939,10876503,564
29944,10876503,10876998,495
29945,10876998,10877193,195
29946,10877193,10877402,209
29947,10877402,10878144,742
29948,10878144,10878184,40
29949,10878184,10878540,356
29950,10878540,10878590,50
29951,10878590,10878599,9
29952,10878599,10878993,394
29953,10878993,10879102,109
29954,10879102,10879124,22
29955,10879124,10879288,164
29956,10879288,10879443,155
29957,10879443,10879791,348
29958,10879791,10879852,61
29959,10879852,10880054,202
29960,10880054,10880222,168
29961,10880222,10880377,155
29962,10880377,10880515,138
29963,10880515,10881080,565
29964,10881080,10881677,597
29965,10881677,10881756,79
29966,10881756,10881795,39
29967,10881795,10881804,9
29968,10881804,10882085,281
29969,10882085,10882154,69
29970,10882154,10882304,150
29971,10882304,10882310,6
29972,10882310,10882466,156
29973,10882466,10882653,187
29974,10882653,10882745,92
29975,10882745,10882752,7
29976,10882752,10882892,140
29977,10882892,10882987,95
29978,10882987,10883114,127
29979,10883114,10883181,67
29980,10883181,10883458,277
29981,10883458,10883651,193
29982,10883651,10883943,292
29983,10883943,10883950,7
29984,10883950,10884062,112
29985,10884062,10884096,34
29986,10884096,10884313,217
29987,10884313,10884322,9
29988,10884322,10884330,8
29989,10884330,10884814,484
29990,10884814,10884849,35
29991,10884849,10885226,377
29992,10885226,10885459,233
29993,10885459,10885879,420
29994,10885879,10885894,15
29995,10885894,10885908,14
29996,10885908,10886114,206
29997,10886114,10886216,102
29998,10886216,10886256,40
29999,10886256,10886324,68
30000,10886324,10886707,383
30001,10886707,10886783,76
30002,10886783,10886797,14
30003,10886797,10887046,249
30004,10887046,10887156,110
30005,10887156,10887781,625
30006,10887781,10887877,96
30007,10887877,10888271,394
30008,10888271,10888414,143
30009,10888414,10888636,222
30010,10888636,10888751,115
30011,10888751,10888773,22
30012,10888773,10888784,11
30013,10888784,10888792,8
30014,10888792,10888807,15
30015,10888807,10889324,517
30016,10889324,10889764,440
30017,10889764,10889856,92
30018,10889856,10890298,442
30019,10890298,10890373,75
30020,10890373,10890600,227
30021,10890600,10890640,40
30022,10890640,10890800,160
30023,10890800,10890887,87
30024,10890887,10891283,396
30025,10891283,10891343,60
30026,10891343,10891527,184
30027,10891527,10891649,122
30028,10891649,10891745,96
30029,10891745,10892176,431
30030,10892176,10892223,47
30031,10892223,10892262,39
30032,10892262,10892583,321
30033,10892583,10892664,81
30034,10892664,10892749,85
30035,10892749,10892821,72
30036,10892821,10892890,69
30037,10892890,10892897,7
30038,10892897,10892993,96
30039,10892993,10893102,109
30040,10893102,10893186,84
30041,10893186,10893273,87
30042,10893273,10893545,272
30043,10893545,10893557,12
30044,10893557,10893922,365
30045,10893922,10893981,59
30046,10893981,10894015,34
30047,10894015,10894031,16
30048,10894031,10894482,451
30049,10894482,10894745,263
30050,10894745,10895047,302
30051,10895047,10895091,44
30052,10895091,10895119,28
30053,10895119,10895163,44
30054,10895163,10895421,258
30055,10895421,10895478,57
30056,10895478,10895697,219
30057,10895697,10895747,50
30058,10895747,10895933,186
30059,10895933,10896063,130
30060,10896063,10896143,80
30061,10896143,10896312,169
30062,10896312,10896567,255
30063,10896567,10896611,44
30064,10896611,10896711,100
30065,10896711,10896801,90
30066,10896801,10896980,179
30067,10896980,10897243,263
30068,10897243,10897302,59
30069,10897302,10897354,52
30070,10897354,10897436,82
30071,10897436,10897465,29
30072,10897465,10897733,268
30073,10897733,10897938,205
30074,10897938,10898365,427
30075,10898365,10898782,417
30076,10898782,10898851,69
30077,10898851,10898896,45
30078,10898896,10899703,807
30079,10899703,10900022,319
30080,10900022,10900324,302
30081,10900324,10900686,362
30082,10900686,10900971,285
30083,10900971,10901034,63
30084,10901034,10901047,13
30085,10901047,10901055,8
30086,10901055,10901141,86
30087,10901141,10901350,209
30088,10901350,10901412,62
30089,10901412,10901651,239
30090,10901651,10902022,371
30091,10902022,10902034,12
30092,10902034,10902672,638
30093,10902672,10903013,341
30094,10903013,10903331,318
30095,10903331,10903498,167
30096,10903498,10903663,165
30097,10903663,10903710,47
30098,10903710,10903975,265
30099,10903975,10903989,14
30100,10903989,10904000,11
30101,10904000,10904318,318
30102,10904318,10904480,162
30103,10904480,10904486,6
30104,10904486,10904498,12
30105,10904498,10904659,161
30106,10904659,10904945,286
30107,10904945,10905433,488
30108,10905433,10906079,646
30109,10906079,10906150,71
30110,10906150,10907721,1571
30111,10907721,10908221,500
30112,10908221,10908729,508
30113,10908729,10909138,409
30114,10909138,10909155,17
30115,10909155,10909165,10
30116,10909165,10909483,318
30117,10909483,10910912,1429
30118,10910912,10911211,299
30119,10911211,10911215,4
30120,10911215,10911725,510
30121,10911725,10912300,575
30122,10912300,10914396,2096
30123,10914396,10914813,417
30124,10914813,10914828,15
30125,10914828,10915030,202
30126,10915030,10915247,217
30127,10915247,10915478,231
30128,10915478,10915496,18
30129,10915496,10915500,4
30130,10915500,10915643,143
30131,10915643,10915806,163
30132,10915806,10915844,38
30133,10915844,10916088,244
30134,10916088,10916133,45
30135,10916133,10916290,157
30136,10916290,10916338,48
30137,10916338,10916361,23
30138,10916361,10916373,12
30139,10916373,10916379,6
30140,10916379,10916603,224
30141,10916603,10916746,143
30142,10916746,10916945,199
30143,10916945,10916964,19
30144,10916964,10917263,299
30145,10917263,10917431,168
30146,10917431,10917796,365
30147,10917796,10918180,384
30148,10918180,10918466,286
30149,10918466,10919004,538
30150,10919004,10919364,360
30151,10919364,10919702,338
30152,10919702,10919724,22
30153,10919724,10920267,543
30154,10920267,10920541,274
30155,10920541,10920725,184
30156,10920725,10920988,263
30157,10920988,10921736,748
30158,10921736,10921740,4
30159,10921740,10921855,115
30160,10921855,10921932,77
30161,10921932,10923293,1361
30162,10923293,10923882,589
30163,10923882,10923969,87
30164,10923969,10924005,36
30165,10924005,10924010,5
30166,10924010,10924089,79
30167,10924089,10924130,41
30168,10924130,10924369,239
30169,10924369,10924645,276
30170,10924645,10924757,112
30171,10924757,10924856,99
30172,10924856,10924970,114
30173,10924970,10925006,36
30174,10925006,10925047,41
30175,10925047,10925243,196
30176,10925243,10925266,23
30177,10925266,10925329,63
30178,10925329,10925356,27
30179,10925356,10925405,49
30180,10925405,10925426,21
30181,10925426,10925503,77
30182,10925503,10926162,659
30183,10926162,10926276,114
30184,10926276,10926829,553
30185,10926829,10927269,440
30186,10927269,10927418,149
30187,10927418,10927427,9
30188,10927427,10927692,265
30189,10927692,10927733,41
30190,10927733,10927743,10
30191,10927743,10927972,229
30192,10927972,10928139,167
30193,10928139,10928389,250
30194,10928389,10928530,141
30195,10928530,10928687,157
30196,10928687,10928766,79
30197,10928766,10928875,109
30198,10928875,10929047,172
30199,10929047,10929065,18
30200,10929065,10929115,50
30201,10929115,10929272,157
30202,10929272,10929408,136
30203,10929408,10929517,109
30204,10929517,10930486,969
30205,10930486,10930641,155
30206,10930641,10930793,152
30207,10930793,10931532,739
30208,10931532,10931558,26
30209,10931558,10931696,138
30210,10931696,10932068,372
30211,10932068,10932129,61
30212,10932129,10932209,80
30213,10932209,10932218,9
30214,10932218,10932277,59
30215,10932277,10932347,70
30216,10932347,10933263,916
30217,10933263,10933270,7
30218,10933270,10934355,1085
30219,10934355,10935042,687
30220,10935042,10935193,151
30221,10935193,10935549,356
30222,10935549,10937580,2031
30223,10937580,10937626,46
30224,10937626,10938000,374
30225,10938000,10938264,264
30226,10938264,10938554,290
30227,10938554,10938653,99
30228,10938653,10938668,15
30229,10938668,10940086,1418
30230,10940086,10940139,53
30231,10940139,10940204,65
30232,10940204,10940595,391
30233,10940595,10940867,272
30234,10940867,10941026,159
30235,10941026,10941230,204
30236,10941230,10941238,8
30237,10941238,10941389,151
30238,10941389,10941487,98
30239,10941487,10941773,286
30240,10941773,10941815,42
30241,10941815,10941898,83
30242,10941898,10941978,80
30243,10941978,10942134,156
30244,10942134,10942162,28
30245,10942162,10942395,233
30246,10942395,10942642,247
30247,10942642,10942754,112
30248,10942754,10942828,74
30249,10942828,10943062,234
30250,10943062,10943138,76
30251,10943138,10943203,65
30252,10943203,10943614,411
30253,10943614,10944060,446
30254,10944060,10944065,5
30255,10944065,10944230,165
30256,10944230,10944413,183
30257,10944413,10945088,675
30258,10945088,10945296,208
30259,10945296,10945323,27
30260,10945323,10945433,110
30261,10945433,10945518,85
30262,10945518,10945673,155
30263,10945673,10945688,15
30264,10945688,10945740,52
30265,10945740,10945883,143
30266,10945883,10945961,78
30267,10945961,10946090,129
30268,10946090,10946206,116
30269,10946206,10946314,108
30270,10946314,10946462,148
30271,10946462,10946489,27
30272,10946489,10946725,236
30273,10946725,10946908,183
30274,10946908,10946918,10
30275,10946918,10947009,91
30276,10947009,10947172,163
30277,10947172,10947466,294
30278,10947466,10947552,86
30279,10947552,10947578,26
30280,10947578,10947608,30
30281,10947608,10948014,406
30282,10948014,10948269,255
30283,10948269,10948468,199
30284,10948468,10949216,748
30285,10949216,10949483,267
30286,10949483,10949884,401
30287,10949884,10950344,460
30288,10950344,10950584,240
30289,10950584,10951809,1225
30290,10951809,10952046,237
30291,10952046,10952239,193
30292,10952239,10953606,1367
30293,10953606,10954676,1070
30294,10954676,10954766,90
30295,10954766,10954828,62
30296,10954828,10954995,167
30297,10954995,10955545,550
30298,10955545,10955769,224
30299,10955769,10955811,42
30300,10955811,10956042,231
30301,10956042,10956126,84
30302,10956126,10956136,10
30303,10956136,10956142,6
30304,10956142,10956153,11
30305,10956153,10956571,418
30306,10956571,10956620,49
30307,10956620,10956635,15
30308,10956635,10956990,355
30309,10956990,10957201,211
30310,10957201,10957348,147
30311,10957348,10957425,77
30312,10957425,10957550,125
30313,10957550,10957673,123
30314,10957673,10957728,55
30315,10957728,10958621,893
30316,10958621,10959688,1067
30317,10959688,10960406,718
30318,10960406,10960446,40
30319,10960446,10960581,135
30320,10960581,10960728,147
30321,10960728,10960877,149
30322,10960877,10961457,580
30323,10961457,10961605,148
30324,10961605,10961749,144
30325,10961749,10962284,535
30326,10962284,10962424,140
30327,10962424,10962661,237
30328,10962661,10962672,11
30329,10962672,10962860,188
30330,10962860,10962889,29
30331,10962889,10962931,42
30332,10962931,10963130,199
30333,10963130,10963172,42
30334,10963172,10963364,192
30335,10963364,10963394,30
30336,10963394,10963433,39
30337,10963433,10963769,336
30338,10963769,10964229,460
30339,10964229,10966254,2025
30340,10966254,10966690,436
30341,10966690,10966704,14
30342,10966704,10967117,413
30343,10967117,10967503,386
30344,10967503,10967638,135
30345,10967638,10967752,114
30346,10967752,10967830,78
30347,10967830,10968120,290
30348,10968120,10968127,7
30349,10968127,10968303,176
30350,10968303,10968537,234
30351,10968537,10969256,719
30352,10969256,10969291,35
30353,10969291,10969760,469
30354,10972465,10973316,851
30355,10973316,10973861,545
30356,10973861,10974305,444
30357,10974305,10974922,617
30358,10974922,10976329,1407
30359,10976329,10977060,731
30360,10977060,10977719,659
30361,10977719,10978229,510
30362,10978229,10978517,288
30363,10978517,10978682,165
30364,10978682,10978899,217
30365,10978899,10978969,70
30366,10978969,10979010,41
30367,10979010,10979510,500
30368,10979510,10979515,5
30369,10979515,10980185,670
30370,10982762,10982906,144
30371,10982906,10982981,75
30372,10982981,10983444,463
30373,10983444,10983802,358
30374,10983802,10985192,1390
30375,10985192,10985300,108
30376,10985300,10985453,153
30377,10985453,10986211,758
30378,10986211,10986232,21
30379,10986232,10986369,137
30380,10986369,10988127,1758
30381,10988127,10989699,1572
30382,10989699,10990253,554
30383,10990253,10990613,360
30384,10990613,10990974,361
30385,10990974,10991334,360
30386,10991334,10991453,119
30387,10991453,10991467,14
30388,10991467,10992345,878
30389,10992345,10992682,337
30390,10992682,10992938,256
30391,10992938,10993222,284
30392,10993222,10993400,178
30393,10993400,10993418,18
30394,10993418,10994778,1360
30395,10994778,10996054,1276
30396,10996054,10996969,915
30397,10996969,10997461,492
30398,10999742,11000851,1109
30399,11000851,11001651,800
30400,11001651,11001727,76
30401,11001727,11002694,967
30402,11002694,11002956,262
30403,11002956,11003230,274
30404,11003230,11004235,1005
30405,11004235,11004797,562
30406,11004797,11005243,446
30407,11005243,11006438,1195
30408,11006438,11006509,71
30409,11006509,11006821,312
30410,11006821,11007415,594
30411,11009671,11010269,598
30412,11010269,11011755,1486
30413,11011755,11012089,334
30414,11012089,11012107,18
30415,11012107,11013279,1172
30416,11013279,11013690,411
30417,11013690,11014011,321
30418,11014011,11014998,987
30419,11014998,11015067,69
30420,11015067,11016952,1885
30421,11016952,11017179,227
30422,11017179,11020514,3335
30423,11020514,11020603,89
30424,11020603,11020690,87
30425,11020690,11020708,18
30426,11020708,11021496,788
30427,11021496,11023028,1532
30428,11023028,11024064,1036
30429,11024064,11024865,801
30430,11024865,11025916,1051
30431,11025916,11026883,967
30432,11026883,11027298,415
30433,11027298,11028680,1382
30434,11028680,11029279,599
30435,11029279,11029752,473
30436,11029752,11030386,634
30437,11030386,11031021,635
30438,11031021,11031067,46
30439,11031067,11032503,1436
30440,11032503,11033013,510
30441,11033013,11033505,492
30442,11033505,11034374,869
30443,11034374,11034400,26
30444,11034400,11035385,985
30445,11035385,11035435,50
30446,11035435,11036141,706
30447,11036141,11037045,904
30448,11037045,11037483,438
30449,11037483,11037555,72
30450,11037555,11037730,175
30451,11037730,11038927,1197
30452,11038927,11039202,275
30453,11039202,11039744,542
30454,11039744,11040903,1159
30455,11040903,11041261,358
30456,11041261,11041527,266
30457,11041527,11042428,901
30458,11042428,11043169,741
30459,11043169,11043873,704
30460,11043873,11044231,358
30461,11044231,11045460,1229
30462,11045460,11045929,469
30463,11045929,11046459,530
30464,11046459,11046533,74
30465,11046533,11047450,917
30466,11047450,11047493,43
30467,11047493,11047538,45
30468,11047538,11047723,185
30469,11047723,11047754,31
30470,11047754,11047774,20
30471,11047774,11047942,168
30472,11047942,11048050,108
30473,11048050,11048192,142
30474,11048192,11048250,58
30475,11048250,11048267,17
30476,11048267,11048530,263
30477,11048530,11048724,194
30478,11048724,11048728,4
30479,11048728,11048925,197
30480,11048925,11049110,185
30481,11049110,11049153,43
30482,11049153,11049257,104
30483,11049257,11049346,89
30484,11049346,11051037,1691
30485,11051037,11051105,68
30486,11051105,11052450,1345
30487,11052450,11052665,215
30488,11052665,11052680,15
30489,11052680,11053464,784
30490,11053464,11053783,319
30491,11053783,11053992,209
30492,11053992,11054029,37
30493,11054029,11055100,1071
30494,11055100,11056022,922
30495,11056022,11056225,203
30496,11056225,11057296,1071
30497,11057296,11057771,475
30498,11057771,11058441,670
30499,11058441,11059225,784
30500,11059225,11060164,939
30501,11060164,11060791,627
30502,11060791,11060909,118
30503,11060909,11060934,25
30504,11060934,11060976,42
30505,11060976,11062911,1935
30506,11062911,11062976,65
30507,11062976,11063280,304
30508,11063280,11064131,851
30509,11064131,11065258,1127
30510,11065258,11065332,74
30511,11065332,11066559,1227
30512,11066559,11066809,250
30513,11066809,11066911,102
30514,11066911,11067036,125
30515,11069990,11071983,1993
30516,11071983,11072205,222
30517,11072205,11072387,182
30518,11072387,11072803,416
30519,11072803,11073266,463
30520,11073266,11073441,175
30521,11073441,11073488,47
30522,11073488,11073836,348
30523,11073836,11073857,21
30524,11073857,11073867,10
30525,11073867,11074022,155
30526,11074022,11074098,76
30527,11074098,11074425,327
30528,11074425,11074439,14
30529,11074439,11074519,80
30530,11074519,11074577,58
30531,11074577,11074889,312
30532,11074889,11075000,111
30533,11075000,11075023,23
30534,11075023,11075055,32
30535,11075055,11075107,52
30536,11075107,11075130,23
30537,11075130,11075261,131
30538,11075261,11075326,65
30539,11075326,11075538,212
30540,11075538,11075839,301
30541,11075839,11076274,435
30542,11076274,11076360,86
30543,11076360,11076501,141
30544,11076501,11076561,60
30545,11076561,11076591,30
30546,11076591,11077114,523
30547,11077114,11077285,171
30548,11077285,11077510,225
30549,11077510,11077528,18
30550,11077528,11077545,17
30551,11077545,11077626,81
30552,11077626,11077797,171
30553,11077797,11078001,204
30554,11078001,11078081,80
30555,11078081,11078160,79
30556,11078160,11078744,584
30557,11078744,11078765,21
30558,11078765,11079056,291
30559,11079056,11079435,379
30560,11079435,11079466,31
30561,11079466,11079549,83
30562,11079549,11079612,63
30563,11079612,11079726,114
30564,11079726,11079937,211
30565,11079937,11080152,215
30566,11080152,11081957,1805
30567,11081957,11082903,946
30568,11082903,11083002,99
30569,11083002,11083527,525
30570,11083527,11083533,6
30571,11083533,11083539,6
30572,11083539,11083545,6
30573,11083545,11083745,200
30574,11083745,11083765,20
30575,11083765,11083798,33
30576,11083798,11083878,80
30577,11083878,11084014,136
30578,11084014,11084135,121
30579,11084135,11085132,997
30580,11085132,11085155,23
30581,11085155,11085773,618
30582,11085773,11086225,452
30583,11086225,11086237,12
30584,11086237,11086284,47
30585,11086284,11086507,223
30586,11086507,11086524,17
30587,11086524,11086649,125
30588,11086649,11086656,7
30589,11086656,11086783,127
30590,11086783,11087224,441
30591,11087224,11087823,599
30592,11087823,11088416,593
30593,11088416,11088422,6
30594,11088422,11088798,376
30595,11088798,11089074,276
30596,11089074,11089156,82
30597,11089156,11089336,180
30598,11089336,11089417,81
30599,11089417,11089606,189
30600,11089606,11089699,93
30601,11089699,11089892,193
30602,11089892,11089920,28
30603,11089920,11090034,114
30604,11090034,11090242,208
30605,11090242,11090628,386
30606,11090628,11091072,444
30607,11091072,11091415,343
30608,11091415,11091499,84
30609,11091499,11091843,344
30610,11091843,11091929,86
30611,11091929,11092082,153
30612,11092082,11092227,145
30613,11092227,11092345,118
30614,11092345,11093023,678
30615,11093023,11093206,183
30616,11093206,11093275,69
30617,11093275,11093293,18
30618,11093293,11093592,299
30619,11093592,11093881,289
30620,11093881,11093967,86
30621,11093967,11094196,229
30622,11094196,11094250,54
30623,11094250,11094496,246
30624,11094496,11094525,29
30625,11094525,11094896,371
30626,11094896,11094968,72
30627,11094968,11095427,459
30628,11095427,11095476,49
30629,11095476,11095625,149
30630,11095625,11096280,655
30631,11096280,11096550,270
30632,11096550,11097313,763
30633,11097313,11097857,544
30634,11097857,11098332,475
30635,11098332,11099771,1439
30636,11099771,11100195,424
30637,11100195,11100962,767
30638,11100962,11102076,1114
30639,11102076,11102461,385
30640,11102461,11103059,598
30641,11103059,11103311,252
30642,11103311,11103316,5
30643,11103316,11103624,308
30644,11103624,11103634,10
30645,11103634,11103727,93
30646,11103727,11103810,83
30647,11103810,11104133,323
30648,11104133,11104260,127
30649,11104260,11104374,114
30650,11104374,11104397,23
30651,11104397,11104500,103
30652,11104500,11104508,8
30653,11104508,11104532,24
30654,11104532,11104581,49
30655,11104581,11104697,116
30656,11104697,11104743,46
30657,11104743,11104817,74
30658,11104817,11105191,374
30659,11105191,11105234,43
30660,11105234,11105332,98
30661,11105332,11105519,187
30662,11105519,11106043,524
30663,11106043,11106376,333
30664,11106376,11106389,13
30665,11106389,11106429,40
30666,11106429,11106493,64
30667,11106493,11106629,136
30668,11106629,11106692,63
30669,11106692,11107759,1067
30670,11107759,11107912,153
30671,11110213,11110417,204
30672,11110417,11110528,111
30673,11110528,11110562,34
30674,11110562,11110685,123
30675,11110685,11110777,92
30676,11110777,11110903,126
30677,11110903,11111015,112
30678,11111015,11111074,59
30679,11111074,11111146,72
30680,11111146,11111158,12
30681,11111158,11111282,124
30682,11111282,11111405,123
30683,11111405,11111629,224
30684,11111629,11111648,19
30685,11111648,11111734,86
30686,11111734,11112372,638
30687,11112372,11112612,240
30688,11112612,11112618,6
30689,11112618,11112630,12
30690,11112630,11112636,6
30691,11112636,11112642,6
30692,11112642,11112648,6
30693,11112648,11112706,58
30694,11112706,11112958,252
30695,11112958,11113954,996
30696,11113954,11114077,123
30697,11114077,11114089,12
30698,11114089,11114460,371
30699,11114460,11114545,85
30700,11114545,11114584,39
30701,11114584,11114692,108
30702,11114692,11114895,203
30703,11114895,11114943,48
30704,11114943,11115896,953
30705,11115896,11116345,449
30706,11116345,11116597,252
30707,11116597,11116639,42
30708,11116639,11116771,132
30709,11116771,11116777,6
30710,11116777,11116789,12
30711,11116789,11116853,64
30712,11116853,11116999,146
30713,11116999,11117546,547
30714,11117546,11117569,23
30715,11117569,11117917,348
30716,11117917,11118085,168
30717,11118085,11118778,693
30718,11118778,11119033,255
30719,11119033,11119091,58
30720,11119091,11119225,134
30721,11119225,11119832,607
30722,11119832,11119960,128
30723,11119960,11120364,404
30724,11120364,11120425,61
30725,11120425,11120625,200
30726,11120625,11121188,563
30727,11121188,11121382,194
30728,11121382,11121911,529
30729,11121911,11122091,180
30730,11122091,11122142,51
30731,11122142,11122203,61
30732,11122203,11122313,110
30733,11122313,11122494,181
30734,11122494,11122916,422
30735,11122916,11123025,109
30736,11123025,11123367,342
30737,11123367,11123402,35
30738,11123402,11123859,457
30739,11123859,11124160,301
30740,11124160,11124850,690
30741,11124850,11125186,336
30742,11125186,11125485,299
30743,11125485,11125532,47
30744,11125532,11125717,185
30745,11125717,11125786,69
30746,11125786,11125956,170
30747,11125956,11126017,61
30748,11126017,11126226,209
30749,11126226,11126272,46
30750,11126272,11126326,54
30751,11126326,11126349,23
30752,11126349,11126380,31
30753,11126380,11126410,30
30754,11126410,11126437,27
30755,11126437,11126535,98
30756,11126535,11126823,288
30757,11126823,11126960,137
30758,11126960,11127252,292
30759,11127252,11127535,283
30760,11127535,11127559,24
30761,11127559,11127574,15
30762,11127574,11128200,626
30763,11128200,11128236,36
30764,11128236,11128354,118
30765,11128354,11128584,230
30766,11128584,11128681,97
30767,11128681,11128989,308
30768,11128989,11131361,2372
30769,11131361,11131471,110
30770,11131471,11131566,95
30771,11131566,11131686,120
30772,11131686,11131850,164
30773,11131850,11132033,183
30774,11132033,11132142,109
30775,11132142,11132228,86
30776,11132228,11132760,532
30777,11132760,11132831,71
30778,11132831,11132886,55
30779,11132886,11133062,176
30780,11133062,11133104,42
30781,11133104,11133129,25
30782,11133129,11133353,224
30783,11133353,11133381,28
30784,11133381,11133608,227
30785,11133608,11134336,728
30786,11134336,11135022,686
30787,11135022,11135079,57
30788,11135079,11135183,104
30789,11135183,11135287,104
30790,11135287,11135412,125
30791,11135412,11135583,171
30792,11135583,11135835,252
30793,11135835,11135880,45
30794,11135880,11135916,36
30795,11135916,11135960,44
30796,11135960,11136465,505
30797,11136465,11136942,477
30798,11136942,11138219,1277
30799,11138219,11138240,21
30800,11138240,11138962,722
30801,11138962,11139036,74
30802,11139036,11139887,851
30803,11139887,11140095,208
30804,11140095,11140259,164
30805,11140259,11140267,8
30806,11140267,11140338,71
30807,11140338,11140545,207
30808,11140545,11140588,43
30809,11140588,11140602,14
30810,11140602,11140769,167
30811,11140769,11141777,1008
30812,11141777,11141792,15
30813,11141792,11142292,500
30814,11142292,11142739,447
30815,11142739,11143034,295
30816,11143034,11143297,263
30817,11143297,11143744,447
30818,11143744,11143884,140
30819,11143884,11143907,23
30820,11143907,11143946,39
30821,11143946,11144168,222
30822,11144168,11144264,96
30823,11144264,11144501,237
30824,11144501,11144565,64
30825,11144565,11144647,82
30826,11144647,11145348,701
30827,11145348,11145408,60
30828,11145408,11145412,4
30829,11145412,11145708,296
30830,11145708,11145785,77
30831,11145785,11145992,207
30832,11145992,11146055,63
30833,11146055,11146224,169
30834,11146224,11147176,952
30835,11147176,11147403,227
30836,11147403,11149046,1643
30837,11149046,11149536,490
30838,11149536,11149819,283
30839,11149819,11150635,816
30840,11150635,11150688,53
30841,11150688,11150826,138
30842,11150826,11150833,7
30843,11150833,11151015,182
30844,11151015,11151360,345
30845,11151360,11151379,19
30846,11151379,11152019,640
30847,11152019,11152712,693
30848,11152712,11152773,61
30849,11152773,11153022,249
30850,11153022,11153126,104
30851,11153126,11153214,88
30852,11153214,11153329,115
30853,11153329,11154058,729
30854,11154058,11154574,516
30855,11154574,11155351,777
30856,11155351,11156473,1122
30857,11156473,11156911,438
30858,11156911,11156953,42
30859,11156953,11156998,45
30860,11156998,11157025,27
30861,11157025,11157150,125
30862,11157150,11157445,295
30863,11157445,11157452,7
30864,11157452,11157468,16
30865,11157468,11158410,942
30866,11158410,11158764,354
30867,11158764,11159017,253
30868,11159017,11159154,137
30869,11159154,11159764,610
30870,11159764,11161187,1423
30871,11161187,11161293,106
30872,11161293,11161352,59
30873,11161352,11161474,122
30874,11161474,11161586,112
30875,11161586,11161592,6
30876,11161592,11161633,41
30877,11161633,11161752,119
30878,11161752,11162336,584
30879,11162336,11162380,44
30880,11162380,11162518,138
30881,11162518,11162728,210
30882,11162728,11162940,212
30883,11162940,11162966,26
30884,11162966,11163059,93
30885,11163059,11163622,563
30886,11163622,11163843,221
30887,11163843,11164038,195
30888,11164038,11164068,30
30889,11164068,11164518,450
30890,11164518,11165002,484
30891,11165002,11165170,168
30892,11165170,11166001,831
30893,11166001,11167141,1140
30894,11167141,11168224,1083
30895,11168224,11168307,83
30896,11168307,11168341,34
30897,11168341,11168795,454
30898,11168795,11168905,110
30899,11168905,11168953,48
30900,11168953,11168970,17
30901,11168970,11169077,107
30902,11169077,11170001,924
30903,11170001,11170363,362
30904,11170363,11170655,292
30905,11170655,11171445,790
30906,11171445,11172475,1030
30907,11172475,11173629,1154
30908,11173629,11173676,47
30909,11173676,11175390,1714
30910,11175390,11175493,103
30911,11175493,11175854,361
30912,11175854,11176014,160
30913,11176014,11176040,26
30914,11176040,11176511,471
30915,11176511,11177683,1172
30916,11177683,11177696,13
30917,11177696,11178712,1016
30918,11178712,11178775,63
30919,11178775,11179075,300
30920,11179075,11180523,1448
30921,11180523,11181522,999
30922,11181522,11181529,7
30923,11181529,11182437,908
30924,11182437,11182887,450
30925,11182887,11183167,280
30926,11183167,11183292,125
30927,11183292,11184462,1170
30928,11184462,11184588,126
30929,11184588,11184816,228
30930,11184816,11184978,162
30931,11184978,11185060,82
30932,11185060,11185440,380
30933,11185440,11185755,315
30934,11185755,11186236,481
30935,11186236,11187569,1333
30936,11187569,11187771,202
30937,11187771,11188157,386
30938,11188157,11188455,298
30939,11188455,11189210,755
30940,11189210,11189425,215
30941,11192069,11192183,114
30942,11194604,11196012,1408
30943,11196012,11196232,220
30944,11196232,11196412,180
30945,11196412,11197115,703
30946,11197115,11197274,159
30947,11197274,11197648,374
30948,11197648,11197685,37
30949,11197685,11197779,94
30950,11197779,11198018,239
30951,11198018,11198601,583
30952,11198601,11198803,202
30953,11198803,11198849,46
30954,11198849,11198928,79
30955,11198928,11200228,1300
30956,11200228,11200236,8
30957,11200236,11200335,99
30958,11200335,11200873,538
30959,11200873,11201538,665
30960,11201538,11202197,659
30961,11202197,11202271,74
30962,11202271,11202667,396
30963,11202667,11202691,24
30964,11202691,11203141,450
30965,11203141,11203353,212
30966,11203353,11203479,126
30967,11203479,11204320,841
30968,11204320,11204590,270
30969,11204590,11204653,63
30970,11204653,11204992,339
30971,11204992,11206650,1658
30972,11206650,11206996,346
30973,11206996,11207444,448
30974,11207444,11208827,1383
30975,11208827,11208937,110
30976,11208937,11209933,996
30977,11209933,11211123,1190
30978,11211123,11211438,315
30979,11211438,11211700,262
30980,11211700,11212660,960
30981,11212660,11213195,535
30982,11213195,11213211,16
30983,11213211,11213702,491
30984,11213702,11213797,95
30985,11213797,11214800,1003
30986,11214800,11216508,1708
30987,11216508,11217595,1087
30988,11217595,11217758,163
30989,11217758,11218410,652
30990,11218410,11219021,611
30991,11219021,11219109,88
30992,11219109,11219204,95
30993,11219204,11219640,436
30994,11219640,11219764,124
30995,11219764,11220620,856
30996,11220620,11220629,9
30997,11220629,11220679,50
30998,11223512,11223777,265
30999,11223777,11223888,111
31000,11223888,11224223,335
31001,11224223,11224304,81
31002,11224304,11224678,374
31003,11224678,11224690,12
31004,11224690,11224744,54
31005,11224744,11225489,745
31006,11225489,11225871,382
31007,11225871,11225892,21
31008,11225892,11227486,1594
31009,11227486,11228732,1246
31010,11228732,11230596,1864
31011,11230596,11231752,1156
31012,11231752,11232226,474
31013,11232226,11232674,448
31014,11232674,11232680,6
31015,11232680,11234103,1423
31016,11234103,11235817,1714
31017,11235817,11236368,551
31018,11236368,11236398,30
31019,11236398,11236404,6
31020,11236404,11236410,6
31021,11236410,11236653,243
31022,11236653,11236725,72
31023,11236725,11237510,785
31024,11237510,11240845,3335
31025,11240845,11241246,401
31026,11241246,11241576,330
31027,11241576,11242193,617
31028,11242193,11243898,1705
31029,11243898,11244078,180
31030,11244078,11245281,1203
31031,11245281,11246789,1508
31032,11246789,11247111,322
31033,11247111,11247336,225
31034,11247336,11247547,211
31035,11247547,11247745,198
31036,11247745,11247879,134
31037,11247879,11248567,688
31038,11248567,11248687,120
31039,11248687,11248798,111
31040,11248798,11248930,132
31041,11248930,11249158,228
31042,11249158,11249515,357
31043,11249515,11249872,357
31044,11249872,11250377,505
31045,11250377,11250606,229
31046,11250606,11252391,1785
31047,11252391,11252399,8
31048,11252399,11252780,381
31049,11252780,11252907,127
31050,11252907,11254355,1448
31051,11254355,11254533,178
31052,11254533,11256083,1550
31053,11261494,11262256,762
31054,11262256,11262504,248
31055,11262504,11262694,190
31056,11262694,11263578,884
31057,11263578,11263864,286
31058,11263864,11264038,174
31059,11264038,11266369,2331
31060,11266369,11267889,1520
31061,11267889,11268978,1089
31062,11268978,11269077,99
31063,11273171,11273644,473
31064,11273644,11274806,1162
31065,11274806,11275137,331
31066,11275137,11275232,95
31067,11275232,11275262,30
31068,11277591,11277737,146
31069,11277737,11278661,924
31070,11278661,11279446,785
31071,11279446,11279954,508
31072,11279954,11280424,470
31073,11280424,11281568,1144
31074,11281568,11282256,688
31075,11282256,11282723,467
31076,11282723,11283667,944
31077,11283667,11284614,947
31078,11284614,11288183,3569
31079,11288183,11288693,510
31080,11288693,11289607,914
31081,11289607,11290184,577
31082,11290184,11290460,276
31083,11290460,11290648,188
31084,11290648,11292655,2007
31085,11292655,11293459,804
31086,11293459,11294397,938
31087,11297328,11297876,548
31088,11297876,11297915,39
31089,11297915,11297935,20
31090,11297935,11299506,1571
31091,11299506,11300526,1020
31092,11300526,11300620,94
31093,11300620,11300695,75
31094,11300695,11300715,20
31095,11300715,11300911,196
31096,11300911,11301259,348
31097,11301259,11301486,227
31098,11301486,11301570,84
31099,11301570,11303136,1566
31100,11303136,11303306,170
31101,11303306,11303429,123
31102,11303429,11303459,30
31103,11303459,11303909,450
31104,11303909,11304422,513
31105,11304422,11304768,346
31106,11304768,11305636,868
31107,11305636,11305698,62
31108,11305698,11306434,736
31109,11306434,11307033,599
31110,11307033,11308633,1600
31111,11308633,11308969,336
31112,11308969,11309004,35
31113,11309004,11309545,541
31114,11309545,11309977,432
31115,11309977,11310730,753
31116,11310730,11310737,7
31117,11310737,11310841,104
31118,11310841,11310853,12
31119,11310853,11310925,72
31120,11310925,11310967,42
31121,11310967,11311069,102
31122,11311069,11311474,405
31123,11311474,11312368,894
31124,11312368,11312391,23
31125,11312391,11312783,392
31126,11312783,11313837,1054
31127,11313837,11313870,33
31128,11313870,11313879,9
31129,11313879,11313979,100
31130,11313979,11314012,33
31131,11314012,11314086,74
31132,11314086,11314485,399
31133,11314485,11315352,867
31134,11315352,11315955,603
31135,11315955,11315996,41
31136,11315996,11316228,232
31137,11319233,11319256,23
31138,11319256,11320097,841
31139,11320097,11321344,1247
31140,11321344,11321530,186
31141,11321530,11321685,155
31142,11321685,11321903,218
31143,11321903,11321988,85
31144,11321988,11322000,12
31145,11322000,11322158,158
31146,11322158,11322472,314
31147,11322472,11322620,148
31148,11322620,11322916,296
31149,11322916,11322996,80
31150,11322996,11324711,1715
31151,11324711,11324917,206
31152,11324917,11324948,31
31153,11324948,11325131,183
31154,11325131,11325739,608
31155,11325739,11326500,761
31156,11326500,11326776,276
31157,11326776,11327290,514
31158,11327290,11327316,26
31159,11327316,11327322,6
31160,11327322,11328077,755
31161,11328077,11328320,243
31162,11328320,11328326,6
31163,11328326,11328493,167
31164,11328493,11328553,60
31165,11328553,11328856,303
31166,11328856,11328862,6
31167,11328862,11329113,251
31168,11329113,11329177,64
31169,11329177,11329741,564
31170,11329741,11329819,78
31171,11329819,11329846,27
31172,11329846,11330354,508
31173,11330354,11330638,284
31174,11330638,11330645,7
31175,11330645,11330827,182
31176,11330827,11330833,6
31177,11330833,11331274,441
31178,11331274,11331455,181
31179,11331455,11331638,183
31180,11331638,11331695,57
31181,11331695,11331805,110
31182,11331805,11331835,30
31183,11331835,11331847,12
31184,11331847,11331859,12
31185,11331859,11331871,12
31186,11331871,11331883,12
31187,11331883,11332039,156
31188,11332039,11332187,148
31189,11332187,11332426,239
31190,11332426,11332480,54
31191,11332480,11332565,85
31192,11332565,11332629,64
31193,11332629,11332856,227
31194,11332856,11333282,426
31195,11333282,11333484,202
31196,11333484,11333735,251
31197,11333735,11333975,240
31198,11333975,11334913,938
31199,11334913,11335098,185
31200,11335098,11335140,42
31201,11335140,11335164,24
31202,11335164,11335402,238
31203,11335402,11335428,26
31204,11335428,11335462,34
31205,11335462,11335516,54
31206,11335516,11335564,48
31207,11335564,11335726,162
31208,11335726,11335827,101
31209,11335827,11335926,99
31210,11335926,11336013,87
31211,11336013,11336200,187
31212,11336200,11336268,68
31213,11336268,11336391,123
31214,11336391,11336536,145
31215,11336536,11336559,23
31216,11336559,11336563,4
31217,11336563,11336586,23
31218,11336586,11336701,115
31219,11336701,11336713,12
31220,11336713,11336968,255
31221,11336968,11337055,87
31222,11337055,11337203,148
31223,11337203,11337377,174
31224,11337377,11337516,139
31225,11337516,11337567,51
31226,11337567,11337609,42
31227,11337609,11337774,165
31228,11337774,11337813,39
31229,11337813,11338450,637
31230,11338450,11338478,28
31231,11338478,11338683,205
31232,11338683,11338771,88
31233,11338771,11338856,85
31234,11338856,11339190,334
31235,11339190,11339421,231
31236,11339421,11339986,565
31237,11339986,11340617,631
31238,11340617,11340862,245
31239,11340862,11341258,396
31240,11341258,11341389,131
31241,11341389,11341575,186
31242,11341575,11343044,1469
31243,11343044,11343273,229
31244,11343273,11343335,62
31245,11343335,11343356,21
31246,11343356,11343473,117
31247,11343473,11343482,9
31248,11343482,11343489,7
31249,11343489,11343639,150
31250,11343639,11343897,258
31251,11343897,11343993,96
31252,11343993,11343998,5
31253,11343998,11344047,49
31254,11344047,11344093,46
31255,11344093,11344100,7
31256,11344100,11344264,164
31257,11344264,11344706,442
31258,11344706,11345181,475
31259,11345181,11345263,82
31260,11345263,11345464,201
31261,11345464,11345541,77
31262,11345541,11345576,35
31263,11345576,11345625,49
31264,11345625,11345634,9
31265,11345634,11345670,36
31266,11345670,11346526,856
31267,11346526,11346759,233
31268,11346759,11347362,603
31269,11347362,11347369,7
31270,11347369,11347521,152
31271,11347521,11347575,54
31272,11347575,11347617,42
31273,11347617,11347720,103
31274,11347720,11347823,103
31275,11347823,11347968,145
31276,11347968,11347987,19
31277,11347987,11348130,143
31278,11348130,11348439,309
31279,11348439,11348461,22
31280,11348461,11348471,10
31281,11348471,11348864,393
31282,11348864,11349410,546
31283,11349410,11349428,18
31284,11349428,11349464,36
31285,11349464,11349672,208
31286,11349672,11350148,476
31287,11350148,11350195,47
31288,11350195,11350213,18
31289,11350213,11350755,542
31290,11350755,11351603,848
31291,11351603,11352124,521
31292,11352124,11352223,99
31293,11352223,11352227,4
31294,11352227,11352718,491
31295,11352718,11352890,172
31296,11352890,11353009,119
31297,11353009,11353168,159
31298,11353168,11353376,208
31299,11353376,11353557,181
31300,11353557,11353563,6
31301,11353563,11353569,6
31302,11353569,11354030,461
31303,11354030,11354250,220
31304,11354250,11354358,108
31305,11354358,11354465,107
31306,11354465,11354484,19
31307,11354484,11354495,11
31308,11354495,11355250,755
31309,11355250,11356293,1043
31310,11356293,11356433,140
31311,11356433,11356914,481
31312,11356914,11357255,341
31313,11357255,11357430,175
31314,11357430,11357540,110
31315,11357540,11357579,39
31316,11357579,11357586,7
31317,11357586,11357696,110
31318,11357696,11357972,276
31319,11357972,11358010,38
31320,11358010,11358077,67
31321,11358077,11358189,112
31322,11358189,11358461,272
31323,11358461,11358491,30
31324,11358491,11358538,47
31325,11358538,11358543,5
31326,11358543,11358548,5
31327,11358548,11359482,934
31328,11359482,11359785,303
31329,11359785,11359810,25
31330,11359810,11360332,522
31331,11360332,11360521,189
31332,11360521,11360656,135
31333,11360656,11361097,441
31334,11361097,11361196,99
31335,11361196,11361570,374
31336,11361570,11362117,547
31337,11362117,11362517,400
31338,11362517,11362830,313
31339,11362830,11363168,338
31340,11363168,11363239,71
31341,11363239,11363297,58
31342,11363297,11363318,21
31343,11363318,11363402,84
31344,11363402,11363503,101
31345,11363503,11363545,42
31346,11363545,11363652,107
31347,11363652,11363724,72
31348,11363724,11363746,22
31349,11363746,11363790,44
31350,11363790,11363991,201
31351,11363991,11364027,36
31352,11364027,11364126,99
31353,11364126,11364219,93
31354,11364219,11364367,148
31355,11364367,11364498,131
31356,11364498,11364517,19
31357,11364517,11364648,131
31358,11364648,11364751,103
31359,11364751,11364783,32
31360,11364783,11364841,58
31361,11364841,11365072,231
31362,11365072,11365213,141
31363,11365213,11365933,720
31364,11365933,11366091,158
31365,11366091,11366124,33
31366,11366124,11366581,457
31367,11366581,11366888,307
31368,11366888,11366906,18
31369,11366906,11367042,136
31370,11367042,11367143,101
31371,11367143,11367252,109
31372,11367252,11367570,318
31373,11367570,11367842,272
31374,11367842,11367919,77
31375,11367919,11367987,68
31376,11367987,11368720,733
31377,11368720,11368910,190
31378,11368910,11369301,391
31379,11369301,11369664,363
31380,11369664,11369902,238
31381,11369902,11370992,1090
31382,11370992,11371003,11
31383,11371003,11371422,419
31384,11371422,11371964,542
31385,11371964,11372131,167
31386,11372131,11372179,48
31387,11372179,11372191,12
31388,11372191,11372320,129
31389,11372320,11373209,889
31390,11373209,11373322,113
31391,11373322,11373586,264
31392,11373586,11373870,284
31393,11373870,11374722,852
31394,11374722,11374908,186
31395,11374908,11375847,939
31396,11375847,11376168,321
31397,11376168,11376246,78
31398,11376246,11376491,245
31399,11376491,11376583,92
31400,11376583,11376653,70
31401,11376653,11376677,24
31402,11376677,11376799,122
31403,11376799,11376900,101
31404,11376900,11377284,384
31405,11377284,11378543,1259
31406,11380795,11380877,82
31407,11380877,11381988,1111
31408,11381988,11381997,9
31409,11381997,11382117,120
31410,11382117,11382370,253
31411,11382370,11382660,290
31412,11382660,11383033,373
31413,11383033,11383105,72
31414,11383105,11383146,41
31415,11383146,11383476,330
31416,11386520,11387074,554
31417,11387074,11387238,164
31418,11387238,11387395,157
31419,11387395,11387741,346
31420,11387741,11387904,163
31421,11387904,11389550,1646
31422,11389550,11389626,76
31423,11389626,11389912,286
31424,11389912,11390125,213
31425,11390125,11390786,661
31426,11390786,11391402,616
31427,11391402,11391684,282
31428,11391684,11391692,8
31429,11391692,11392014,322
31430,11392014,11392031,17
31431,11392031,11392084,53
31432,11392084,11392369,285
31433,11392369,11392423,54
31434,11392423,11393894,1471
31435,11393894,11394265,371
31436,11394265,11394422,157
31437,11394422,11394568,146
31438,11394568,11394898,330
31439,11394898,11394937,39
31440,11394937,11395220,283
31441,11395220,11395227,7
31442,11395227,11395558,331
31443,11395558,11395617,59
31444,11395617,11395909,292
31445,11395909,11395930,21
31446,11395930,11396547,617
31447,11396547,11396668,121
31448,11396668,11397294,626
31449,11397294,11397313,19
31450,11397313,11397321,8
31451,11397321,11397385,64
31452,11397385,11397923,538
31453,11397923,11398084,161
31454,11398084,11398354,270
31455,11398354,11398387,33
31456,11398387,11398419,32
31457,11398419,11398731,312
31458,11398731,11399107,376
31459,11399107,11399601,494
31460,11399601,11399606,5
31461,11399606,11399720,114
31462,11399720,11400024,304
31463,11400024,11400610,586
31464,11400610,11400842,232
31465,11400842,11400847,5
31466,11400847,11401192,345
31467,11401192,11401473,281
31468,11401473,11401543,70
31469,11401543,11401559,16
31470,11401559,11401689,130
31471,11401689,11401824,135
31472,11401824,11402755,931
31473,11402755,11403653,898
31474,11403653,11403658,5
31475,11403658,11403816,158
31476,11403816,11404102,286
31477,11404102,11404170,68
31478,11404170,11404513,343
31479,11404513,11404577,64
31480,11404577,11405055,478
31481,11405055,11405065,10
31482,11405065,11405185,120
31483,11405185,11405362,177
31484,11405362,11406857,1495
31485,11406857,11407247,390
31486,11407247,11407292,45
31487,11407292,11407566,274
31488,11407566,11407903,337
31489,11407903,11409307,1404
31490,11409307,11409352,45
31491,11409352,11409357,5
31492,11409357,11409864,507
31493,11409864,11410088,224
31494,11410088,11410217,129
31495,11410217,11410373,156
31496,11410373,11410407,34
31497,11410407,11410679,272
31498,11410679,11410859,180
31499,11410859,11410867,8
31500,11410867,11410987,120
31501,11410987,11411198,211
31502,11411198,11411357,159
31503,11411357,11411411,54
31504,11411411,11411810,399
31505,11411810,11411968,158
31506,11411968,11412032,64
31507,11412032,11413522,1490
31508,11413522,11413588,66
31509,11413588,11414042,454
31510,11414042,11414240,198
31511,11414240,11414402,162
31512,11414402,11414594,192
31513,11414594,11414753,159
31514,11414753,11414794,41
31515,11414794,11414801,7
31516,11414801,11414836,35
31517,11414836,11414907,71
31518,11414907,11414949,42
31519,11414949,11415014,65
31520,11415014,11415092,78
31521,11415092,11415110,18
31522,11415110,11415325,215
31523,11415325,11415467,142
31524,11415467,11415485,18
31525,11415485,11416101,616
31526,11416101,11416223,122
31527,11416223,11416433,210
31528,11416433,11416486,53
31529,11416486,11416538,52
31530,11416538,11416851,313
31531,11416851,11416929,78
31532,11416929,11417060,131
31533,11417060,11417102,42
31534,11417102,11417272,170
31535,11417272,11417369,97
31536,11417369,11417639,270
31537,11417639,11418318,679
31538,11418318,11418355,37
31539,11418355,11418775,420
31540,11418775,11418813,38
31541,11418813,11419046,233
31542,11419046,11419424,378
31543,11419424,11419466,42
31544,11419466,11419651,185
31545,11419651,11419680,29
31546,11419680,11420210,530
31547,11420210,11420582,372
31548,11420582,11420600,18
31549,11420600,11420641,41
31550,11420641,11420730,89
31551,11420730,11421013,283
31552,11421013,11421183,170
31553,11421183,11422030,847
31554,11422030,11422776,746
31555,11422776,11422783,7
31556,11422783,11422790,7
31557,11422790,11422812,22
31558,11422812,11422827,15
31559,11422827,11422873,46
31560,11422873,11423175,302
31561,11423175,11423675,500
31562,11423675,11424108,433
31563,11424108,11424214,106
31564,11424214,11424281,67
31565,11424281,11424320,39
31566,11424320,11424327,7
31567,11424327,11424383,56
31568,11424383,11424417,34
31569,11424417,11424491,74
31570,11424491,11424673,182
31571,11424673,11424867,194
31572,11424867,11425008,141
31573,11425008,11425068,60
31574,11425068,11425421,353
31575,11425421,11425438,17
31576,11425438,11425558,120
31577,11425558,11426241,683
31578,11426241,11427037,796
31579,11427037,11427091,54
31580,11427091,11427098,7
31581,11427098,11428174,1076
31582,11428174,11428576,402
31583,11428576,11429122,546
31584,11429122,11429191,69
31585,11429191,11429253,62
31586,11429253,11429403,150
31587,11429403,11429553,150
31588,11429553,11429577,24
31589,11429577,11429701,124
31590,11429701,11429709,8
31591,11429709,11429733,24
31592,11429733,11430783,1050
31593,11430783,11430978,195
31594,11430978,11431776,798
31595,11431776,11433260,1484
31596,11433260,11433265,5
31597,11433265,11433320,55
31598,11433320,11433333,13
31599,11433333,11433348,15
31600,11433348,11433357,9
31601,11433357,11433528,171
31602,11433528,11433655,127
31603,11433655,11434103,448
31604,11434103,11434693,590
31605,11434693,11435198,505
31606,11435198,11435365,167
31607,11435365,11435655,290
31608,11435655,11436110,455
31609,11436110,11436258,148
31610,11436258,11436263,5
31611,11436263,11437098,835
31612,11437098,11437249,151
31613,11437249,11437805,556
31614,11437805,11437900,95
31615,11437900,11437922,22
31616,11437922,11438099,177
31617,11438099,11438469,370
31618,11438469,11438641,172
31619,11438641,11438782,141
31620,11438782,11438919,137
31621,11438919,11438926,7
31622,11438926,11439016,90
31623,11439016,11439022,6
31624,11439022,11439028,6
31625,11439028,11439577,549
31626,11439577,11440180,603
31627,11440180,11441669,1489
31628,11441669,11441753,84
31629,11441753,11442099,346
31630,11442099,11442573,474
31631,11442573,11442585,12
31632,11442585,11442595,10
31633,11442595,11442604,9
31634,11442604,11442682,78
31635,11442682,11443854,1172
31636,11443854,11443874,20
31637,11443874,11443880,6
31638,11443880,11443897,17
31639,11443897,11444301,404
31640,11444301,11444309,8
31641,11444309,11444358,49
31642,11444358,11444719,361
31643,11444719,11444765,46
31644,11444765,11444916,151
31645,11444916,11444985,69
31646,11444985,11445076,91
31647,11445076,11445110,34
31648,11445110,11445200,90
31649,11445200,11445314,114
31650,11445314,11445399,85
31651,11445399,11445527,128
31652,11445527,11445642,115
31653,11445642,11446167,525
31654,11446167,11447044,877
31655,11447044,11447544,500
31656,11450603,11451741,1138
31657,11451741,11451868,127
31658,11451868,11451949,81
31659,11451949,11452076,127
31660,11452076,11452381,305
31661,11452381,11452636,255
31662,11452636,11453995,1359
31663,11453995,11454010,15
31664,11454010,11454660,650
31665,11454660,11455364,704
31666,11455364,11455604,240
31667,11455604,11455723,119
31668,11455723,11455957,234
31669,11455957,11455997,40
31670,11455997,11456681,684
31671,11456681,11456813,132
31672,11456813,11456926,113
31673,11456926,11457363,437
31674,11457363,11457562,199
31675,11457562,11457592,30
31676,11457592,11457683,91
31677,11457683,11457718,35
31678,11457718,11457777,59
31679,11457777,11458354,577
31680,11458354,11458476,122
31681,11458476,11458897,421
31682,11458897,11459649,752
31683,11459649,11460525,876
31684,11460525,11461774,1249
31685,11461774,11462165,391
31686,11462165,11462557,392
31687,11462557,11464056,1499
31688,11464056,11464061,5
31689,11464061,11464567,506
31690,11464567,11464603,36
31691,11464603,11464633,30
31692,11464633,11466184,1551
31693,11466184,11466237,53
31694,11466237,11466316,79
31695,11466316,11468183,1867
31696,11468183,11468638,455
31697,11468638,11470292,1654
31698,11470292,11470437,145
31699,11470437,11470459,22
31700,11470459,11471450,991
31701,11471450,11471510,60
31702,11471510,11472098,588
31703,11472098,11473125,1027
31704,11476046,11476223,177
31705,11476223,11476626,403
31706,11476626,11476751,125
31707,11476751,11476838,87
31708,11476838,11477159,321
31709,11477159,11477169,10
31710,11477169,11477242,73
31711,11477242,11477327,85
31712,11477327,11477337,10
31713,11477337,11477347,10
31714,11477347,11477352,5
31715,11477352,11477357,5
31716,11477357,11477362,5
31717,11477362,11477401,39
31718,11477401,11477405,4
31719,11477405,11477441,36
31720,11477441,11477503,62
31721,11477503,11477578,75
31722,11477578,11478351,773
31723,11478351,11478441,90
31724,11478441,11478472,31
31725,11478472,11478570,98
31726,11478570,11478676,106
31727,11478676,11478976,300
31728,11478976,11479025,49
31729,11479025,11479352,327
31730,11479352,11479770,418
31731,11479770,11479838,68
31732,11479838,11480066,228
31733,11480066,11481102,1036
31734,11481102,11481318,216
31735,11481318,11481333,15
31736,11481333,11481339,6
31737,11481339,11481723,384
31738,11481723,11481764,41
31739,11481764,11481868,104
31740,11481868,11482068,200
31741,11482068,11482150,82
31742,11482150,11482380,230
31743,11482380,11482402,22
31744,11482402,11482513,111
31745,11482513,11482645,132
31746,11482645,11482725,80
31747,11482725,11483682,957
31748,11483682,11483692,10
31749,11483692,11483764,72
31750,11483764,11483773,9
31751,11483773,11484124,351
31752,11484124,11484235,111
31753,11484235,11484289,54
31754,11484289,11484732,443
31755,11484732,11485585,853
31756,11485585,11485638,53
31757,11485638,11486013,375
31758,11486013,11489029,3016
31759,11489029,11489731,702
31760,11489731,11489905,174
31761,11489905,11490127,222
31762,11490127,11491399,1272
31763,11491399,11491834,435
31764,11491834,11491996,162
31765,11491996,11492050,54
31766,11492050,11492163,113
31767,11492163,11492487,324
31768,11492487,11493806,1319
31769,11493806,11493922,116
31770,11493922,11493966,44
31771,11493966,11494306,340
31772,11494306,11494333,27
31773,11494333,11494432,99
31774,11494432,11494468,36
31775,11494468,11495928,1460
31776,11495928,11496052,124
31777,11496052,11498392,2340
31778,11498392,11500206,1814
31779,11500206,11500273,67
31780,11500273,11500332,59
31781,11500332,11500669,337
31782,11500669,11502217,1548
31783,11502217,11502495,278
31784,11502495,11502561,66
31785,11502561,11502662,101
31786,11502662,11502701,39
31787,11505673,11505985,312
31788,11505985,11506219,234
31789,11506219,11506362,143
31790,11506362,11506733,371
31791,11506733,11506763,30
31792,11506763,11507130,367
31793,11507130,11508199,1069
31794,11508199,11508204,5
31795,11508204,11508208,4
31796,11508208,11508242,34
31797,11508242,11508265,23
31798,11508265,11508360,95
31799,11508360,11508367,7
31800,11508367,11508376,9
31801,11508376,11508607,231
31802,11508607,11509078,471
31803,11509078,11509380,302
31804,11509380,11509384,4
31805,11509384,11509388,4
31806,11509388,11509392,4
31807,11509392,11509900,508
31808,11509900,11510141,241
31809,11510141,11510478,337
31810,11510478,11510850,372
31811,11510850,11510855,5
31812,11510855,11510875,20
31813,11510875,11511201,326
31814,11511201,11511296,95
31815,11511296,11511513,217
31816,11511513,11511531,18
31817,11511531,11511537,6
31818,11511537,11511549,12
31819,11511549,11511567,18
31820,11511567,11511573,6
31821,11511573,11513704,2131
31822,11513704,11513829,125
31823,11513829,11514021,192
31824,11514021,11514484,463
31825,11514484,11514725,241
31826,11514725,11514871,146
31827,11514871,11514876,5
31828,11514876,11514881,5
31829,11514881,11514891,10
31830,11514891,11515070,179
31831,11515070,11515257,187
31832,11515257,11515779,522
31833,11515779,11515936,157
31834,11515936,11516144,208
31835,11516144,11516871,727
31836,11516871,11518032,1161
31837,11518032,11518057,25
31838,11518057,11518153,96
31839,11518153,11518444,291
31840,11520512,11520546,34
31841,11520546,11520551,5
31842,11520551,11520641,90
31843,11520641,11521018,377
31844,11521018,11522966,1948
31845,11522966,11523135,169
31846,11523135,11523902,767
31847,11523902,11524473,571
31848,11527248,11527346,98
31849,11527346,11527409,63
31850,11527409,11527565,156
31851,11527565,11527591,26
31852,11527591,11527844,253
31853,11527844,11528013,169
31854,11528013,11528017,4
31855,11528017,11528640,623
31856,11528640,11529653,1013
31857,11529653,11529932,279
31858,11529932,11530058,126
31859,11530058,11530634,576
31860,11530634,11530898,264
31861,11530898,11531037,139
31862,11531037,11532232,1195
31863,11532232,11532584,352
31864,11532584,11532683,99
31865,11532683,11534464,1781
31866,11534464,11535303,839
31867,11535303,11535435,132
31868,11535435,11535533,98
31869,11535533,11535599,66
31870,11535599,11535815,216
31871,11535815,11536649,834
31872,11536649,11537806,1157
31873,11537806,11538240,434
31874,11538240,11539491,1251
31875,11539491,11539600,109
31876,11539600,11539865,265
31877,11539865,11539902,37
31878,11539902,11540353,451
31879,11540353,11540392,39
31880,11540392,11540770,378
31881,11540770,11541165,395
31882,11541165,11541440,275
31883,11541440,11541796,356
31884,11541796,11541930,134
31885,11541930,11542082,152
31886,11542082,11542858,776
31887,11542858,11543621,763
31888,11543621,11543828,207
31889,11543828,11544791,963
31890,11544791,11545425,634
31891,11545425,11545817,392
31892,11545817,11546048,231
31893,11546048,11546081,33
31894,11546081,11546407,326
31895,11546407,11547288,881
31896,11547288,11547293,5
31897,11547293,11547304,11
31898,11547304,11547317,13
31899,11547317,11547433,116
31900,11547433,11547570,137
31901,11547570,11548131,561
31902,11548131,11548266,135
31903,11548266,11548975,709
31904,11548975,11549343,368
31905,11549343,11549734,391
31906,11549734,11549783,49
31907,11549783,11549798,15
31908,11549798,11549988,190
31909,11549988,11550387,399
31910,11550387,11550581,194
31911,11550581,11550593,12
31912,11550593,11550785,192
31913,11550785,11550870,85
31914,11550870,11551053,183
31915,11551053,11551772,719
31916,11551772,11551799,27
31917,11551799,11552692,893
31918,11552692,11552933,241
31919,11552933,11553133,200
31920,11553133,11553183,50
31921,11553183,11553320,137
31922,11553320,11554315,995
31923,11554315,11554390,75
31924,11554390,11554640,250
31925,11554640,11555172,532
31926,11555172,11555631,459
31927,11555631,11555759,128
31928,11555759,11555928,169
31929,11555928,11556032,104
31930,11556032,11556108,76
31931,11556108,11556706,598
31932,11556706,11556732,26
31933,11556732,11556989,257
31934,11556989,11557280,291
31935,11557280,11557567,287
31936,11557567,11558524,957
31937,11558524,11559248,724
31938,11559248,11559607,359
31939,11559607,11560456,849
31940,11560456,11560843,387
31941,11560843,11561706,863
31942,11561706,11561815,109
31943,11561815,11561823,8
31944,11561823,11561868,45
31945,11561868,11561891,23
31946,11561891,11561952,61
31947,11561952,11561991,39
31948,11561991,11562326,335
31949,11562326,11562344,18
31950,11562344,11562556,212
31951,11562556,11562609,53
31952,11562609,11562627,18
31953,11562627,11562666,39
31954,11562666,11562947,281
31955,11562947,11563426,479
31956,11563426,11563470,44
31957,11563470,11563728,258
31958,11563728,11563833,105
31959,11563833,11563854,21
31960,11563854,11564810,956
31961,11564810,11564979,169
31962,11564979,11565361,382
31963,11565361,11565544,183
31964,11565544,11565600,56
31965,11565600,11565634,34
31966,11565634,11565717,83
31967,11565717,11565759,42
31968,11565759,11565786,27
31969,11565786,11566245,459
31970,11566245,11566297,52
31971,11566297,11566317,20
31972,11566317,11566348,31
31973,11566348,11566366,18
31974,11566366,11566440,74
31975,11566440,11566455,15
31976,11566455,11566510,55
31977,11566510,11567285,775
31978,11567285,11567305,20
31979,11567305,11567363,58
31980,11567363,11567439,76
31981,11567439,11567474,35
31982,11567474,11567528,54
31983,11567528,11567606,78
31984,11567606,11567618,12
31985,11567618,11567816,198
31986,11567816,11568020,204
31987,11568020,11568028,8
31988,11568028,11568106,78
31989,11568106,11568190,84
31990,11568190,11568262,72
31991,11568262,11568280,18
31992,11568280,11568482,202
31993,11568482,11568644,162
31994,11568644,11568673,29
31995,11568673,11568749,76
31996,11568749,11568799,50
31997,11568799,11568818,19
31998,11568818,11568868,50
31999,11568868,11568895,27
32000,11568895,11568940,45
32001,11568940,11568992,52
32002,11568992,11569001,9
32003,11569001,11569201,200
32004,11569201,11569315,114
32005,11569315,11569378,63
32006,11569378,11569672,294
32007,11569672,11569856,184
32008,11569856,11570656,800
32009,11570656,11570987,331
32010,11570987,11571416,429
32011,11571416,11571827,411
32012,11571827,11571856,29
32013,11571856,11571970,114
32014,11571970,11572123,153
32015,11572123,11572277,154
32016,11572277,11572292,15
32017,11572292,11572307,15
32018,11572307,11572458,151
32019,11572458,11572812,354
32020,11572812,11572875,63
32021,11572875,11572906,31
32022,11572906,11573064,158
32023,11573064,11573084,20
32024,11573084,11573200,116
32025,11573200,11573260,60
32026,11573260,11573374,114
32027,11573374,11573387,13
32028,11573387,11573958,571
32029,11573958,11574114,156
32030,11574114,11574292,178
32031,11574292,11574424,132
32032,11574424,11574534,110
32033,11574534,11574610,76
32034,11574610,11574865,255
32035,11574865,11574976,111
32036,11574976,11575664,688
32037,11575664,11575724,60
32038,11575724,11576298,574
32039,11576298,11576418,120
32040,11576418,11576453,35
32041,11576453,11577021,568
32042,11577021,11577308,287
32043,11577308,11577326,18
32044,11577326,11577371,45
32045,11577371,11577579,208
32046,11577579,11577801,222
32047,11577801,11577882,81
32048,11577882,11577973,91
32049,11577973,11578070,97
32050,11578070,11579204,1134
32051,11579204,11579547,343
32052,11579547,11579721,174
32053,11579721,11580177,456
32054,11580177,11580210,33
32055,11580210,11580507,297
32056,11580507,11580773,266
32057,11580773,11581116,343
32058,11581116,11581137,21
32059,11581137,11581187,50
32060,11581187,11581343,156
32061,11581343,11581485,142
32062,11581485,11581507,22
32063,11581507,11581591,84
32064,11581591,11581667,76
32065,11581667,11581732,65
32066,11581732,11581921,189
32067,11581921,11582097,176
32068,11582097,11582223,126
32069,11582223,11582291,68
32070,11582291,11582635,344
32071,11582635,11582675,40
32072,11582675,11582814,139
32073,11582814,11582926,112
32074,11582926,11583109,183
32075,11583109,11583181,72
32076,11583181,11583493,312
32077,11583493,11583604,111
32078,11583604,11583625,21
32079,11583625,11583769,144
32080,11583769,11583842,73
32081,11583842,11584033,191
32082,11584033,11584078,45
32083,11584078,11584114,36
32084,11584114,11584188,74
32085,11584188,11584529,341
32086,11584529,11585231,702
32087,11585231,11585347,116
32088,11585347,11585844,497
32089,11585844,11585999,155
32090,11585999,11586604,605
32091,11586604,11586708,104
32092,11586708,11587934,1226
32093,11587934,11587950,16
32094,11587950,11588093,143
32095,11588093,11588697,604
32096,11588697,11588801,104
32097,11588801,11590027,1226
32098,11590027,11590043,16
32099,11590043,11590186,143
32100,11590186,11590790,604
32101,11590790,11590894,104
32102,11590894,11592120,1226
32103,11592120,11592136,16
32104,11592136,11592279,143
32105,11592279,11592883,604
32106,11592883,11592987,104
32107,11592987,11594213,1226
32108,11594213,11594229,16
32109,11594229,11594372,143
32110,11594372,11594976,604
32111,11594976,11595080,104
32112,11595080,11596306,1226
32113,11596306,11596322,16
32114,11596322,11596465,143
32115,11596465,11597069,604
32116,11597069,11597173,104
32117,11597173,11598399,1226
32118,11598399,11598415,16
32119,11598415,11598558,143
32120,11598558,11599162,604
32121,11599162,11599266,104
32122,11599266,11600201,935
32123,11600201,11600293,92
32124,11600293,11600393,100
32125,11600393,11600721,328
32126,11600721,11600936,215
32127,11600936,11601028,92
32128,11601028,11602835,1807
32129,11602835,11603122,287
32130,11603122,11603473,351
32131,11603473,11604334,861
32132,11604334,11604361,27
32133,11604361,11604409,48
32134,11604409,11604425,16
32135,11604425,11604739,314
32136,11604739,11604754,15
32137,11604754,11604897,143
32138,11604897,11605047,150
32139,11605047,11605242,195
32140,11605242,11605298,56
32141,11605298,11605902,604
32142,11605902,11606039,137
32143,11606039,11606089,50
32144,11606089,11606249,160
32145,11606249,11606370,121
32146,11606370,11606498,128
32147,11606498,11607019,521
32148,11607019,11607142,123
32149,11607142,11607322,180
32150,11607322,11607910,588
32151,11607910,11607951,41
32152,11607951,11608112,161
32153,11608112,11608255,143
32154,11608255,11608432,177
32155,11608432,11609051,619
32156,11609051,11609258,207
32157,11609258,11609336,78
32158,11609336,11609893,557
32159,11609893,11610299,406
32160,11610299,11610536,237
32161,11610536,11610909,373
32162,11610909,11611212,303
32163,11611212,11611228,16
32164,11611228,11611781,553
32165,11611781,11612093,312
32166,11612093,11612354,261
32167,11612354,11612774,420
32168,11612774,11613235,461
32169,11613235,11613341,106
32170,11613341,11613839,498
32171,11613839,11613898,59
32172,11613898,11613943,45
32173,11613943,11613956,13
32174,11613956,11614033,77
32175,11614033,11614340,307
32176,11614340,11614475,135
32177,11614475,11614619,144
32178,11614619,11614771,152
32179,11614771,11614798,27
32180,11614798,11614835,37
32181,11614835,11614843,8
32182,11614843,11615476,633
32183,11615476,11615607,131
32184,11615607,11615650,43
32185,11615650,11615738,88
32186,11615738,11616904,1166
32187,11616904,11616922,18
32188,11616922,11616928,6
32189,11616928,11616934,6
32190,11616934,11616940,6
32191,11616940,11616963,23
32192,11616963,11617215,252
32193,11617215,11617379,164
32194,11617379,11617395,16
32195,11617395,11617401,6
32196,11617401,11617530,129
32197,11617530,11617605,75
32198,11617605,11617683,78
32199,11617683,11617760,77
32200,11617760,11618118,358
32201,11618118,11618900,782
32202,11618900,11619000,100
32203,11619000,11619484,484
32204,11619484,11619585,101
32205,11619585,11619590,5
32206,11619590,11619714,124
32207,11619714,11619816,102
32208,11619816,11619848,32
32209,11619848,11620479,631
32210,11620479,11621533,1054
32211,11621533,11622646,1113
32212,11622646,11622807,161
32213,11622807,11622880,73
32214,11622880,11623305,425
32215,11623305,11623711,406
32216,11623711,11623751,40
32217,11623751,11624721,970
32218,11624721,11625284,563
32219,11625284,11625810,526
32220,11625810,11626359,549
32221,11626359,11626463,104
32222,11626463,11626585,122
32223,11626585,11626799,214
32224,11626799,11626830,31
32225,11626830,11627684,854
32226,11627684,11627973,289
32227,11627973,11628009,36
32228,11628009,11628662,653
32229,11628662,11628880,218
32230,11628880,11630728,1848
32231,11630728,11630929,201
32232,11630929,11631239,310
32233,11631239,11632067,828
32234,11632067,11633210,1143
32235,11633210,11633374,164
32236,11633374,11633587,213
32237,11633587,11634089,502
32238,11634089,11634943,854
32239,11634943,11635073,130
32240,11635073,11635268,195
32241,11635268,11636370,1102
32242,11636370,11636850,480
32243,11636850,11637564,714
32244,11637564,11637568,4
32245,11637568,11637984,416
32246,11637984,11638029,45
32247,11638029,11638116,87
32248,11638116,11638354,238
32249,11638354,11638370,16
32250,11638370,11639131,761
32251,11639131,11639446,315
32252,11639446,11639576,130
32253,11639576,11640170,594
32254,11640170,11640813,643
32255,11640813,11641058,245
32256,11641058,11641917,859
32257,11641917,11642732,815
32258,11642732,11643374,642
32259,11643374,11643716,342
32260,11648461,11649057,596
32261,11649057,11650304,1247
32262,11650304,11650507,203
32263,11654973,11655202,229
32264,11658020,11658592,572
32265,11658592,11658818,226
32266,11658818,11658835,17
32267,11658835,11659687,852
32268,11659687,11660986,1299
32269,11660986,11663433,2447
32270,11663433,11663636,203
32271,11663636,11664744,1108
32272,11664744,11665244,500
32273,11665244,11665522,278
32274,11665522,11665997,475
32275,11665997,11666009,12
32276,11666009,11666702,693
32277,11666702,11666797,95
32278,11666797,11667233,436
32279,11667233,11667568,335
32280,11667568,11668488,920
32281,11668488,11668740,252
32282,11668740,11668857,117
32283,11668857,11668876,19
32284,11668876,11669032,156
32285,11669032,11669310,278
32286,11669310,11669467,157
32287,11669467,11669910,443
32288,11669910,11670209,299
32289,11670209,11670681,472
32290,11670681,11670715,34
32291,11670715,11670817,102
32292,11670817,11670876,59
32293,11670876,11670981,105
32294,11670981,11671158,177
32295,11671158,11671293,135
32296,11671293,11671492,199
32297,11671492,11671521,29
32298,11671521,11671624,103
32299,11671624,11671649,25
32300,11671649,11671698,49
32301,11671698,11671894,196
32302,11671894,11671904,10
32303,11671904,11671931,27
32304,11671931,11672248,317
32305,11672248,11672433,185
32306,11672433,11672527,94
32307,11672527,11672548,21
32308,11672548,11672599,51
32309,11672599,11673116,517
32310,11673116,11673197,81
32311,11673197,11673214,17
32312,11673214,11673798,584
32313,11673798,11674055,257
32314,11674055,11674279,224
32315,11674279,11674288,9
32316,11674288,11674400,112
32317,11674400,11674539,139
32318,11674539,11674736,197
32319,11674736,11674761,25
32320,11674761,11675059,298
32321,11675059,11675537,478
32322,11675537,11675622,85
32323,11675622,11675979,357
32324,11675979,11676333,354
32325,11676333,11676568,235
32326,11676568,11677269,701
32327,11677269,11677306,37
32328,11677306,11677422,116
32329,11677422,11677564,142
32330,11677564,11677862,298
32331,11677862,11677979,117
32332,11677979,11678087,108
32333,11678087,11678410,323
32334,11678410,11678852,442
32335,11678852,11679229,377
32336,11679229,11680919,1690
32337,11680919,11681766,847
32338,11681766,11681915,149
32339,11681915,11682071,156
32340,11682071,11682427,356
32341,11682427,11682481,54
32342,11682481,11682767,286
32343,11682767,11682796,29
32344,11682796,11682836,40
32345,11682836,11683056,220
32346,11683056,11683153,97
32347,11683153,11683269,116
32348,11683269,11683279,10
32349,11683279,11683522,243
32350,11683522,11683579,57
32351,11683579,11683697,118
32352,11683697,11683821,124
32353,11683821,11683887,66
32354,11683887,11683955,68
32355,11683955,11683979,24
32356,11683979,11684117,138
32357,11684117,11684646,529
32358,11684646,11684902,256
32359,11684902,11684920,18
32360,11684920,11684927,7
32361,11684927,11685064,137
32362,11685064,11685193,129
32363,11685193,11685252,59
32364,11685252,11685261,9
32365,11685261,11685274,13
32366,11685274,11685338,64
32367,11685338,11685376,38
32368,11685376,11685422,46
32369,11685422,11685436,14
32370,11685436,11685655,219
32371,11685655,11686985,1330
32372,11686985,11687491,506
32373,11687491,11687589,98
32374,11687589,11687676,87
32375,11687676,11687685,9
32376,11687685,11688145,460
32377,11688145,11689165,1020
32378,11689165,11689172,7
32379,11689172,11689272,100
32380,11689272,11689287,15
32381,11689287,11689433,146
32382,11689433,11689935,502
32383,11689935,11689977,42
32384,11689977,11690490,513
32385,11690490,11690650,160
32386,11690650,11692262,1612
32387,11692262,11692906,644
32388,11692906,11693333,427
32389,11693333,11693344,11
32390,11693344,11693766,422
32391,11693766,11694035,269
32392,11694035,11694213,178
32393,11694213,11694534,321
32394,11694534,11694539,5
32395,11694539,11694979,440
32396,11694979,11695806,827
32397,11695806,11695893,87
32398,11695893,11696193,300
32399,11696193,11696321,128
32400,11696321,11696469,148
32401,11696469,11696565,96
32402,11696565,11696614,49
32403,11696614,11696683,69
32404,11696683,11696905,222
32405,11696905,11696999,94
32406,11696999,11697128,129
32407,11697128,11697312,184
32408,11697312,11697495,183
32409,11697495,11697542,47
32410,11697542,11697659,117
32411,11697659,11697720,61
32412,11697720,11698052,332
32413,11698052,11698501,449
32414,11698501,11698510,9
32415,11698510,11698537,27
32416,11698537,11698800,263
32417,11698800,11699096,296
32418,11699096,11699113,17
32419,11699113,11699396,283
32420,11699396,11699666,270
32421,11699666,11699830,164
32422,11699830,11699877,47
32423,11699877,11700373,496
32424,11700373,11700614,241
32425,11700614,11700632,18
32426,11700632,11701151,519
32427,11701151,11701310,159
32428,11701310,11701748,438
32429,11701748,11701760,12
32430,11701760,11701776,16
32431,11701776,11702085,309
32432,11702085,11702235,150
32433,11702235,11703013,778
32434,11703013,11703187,174
32435,11703187,11703191,4
32436,11703191,11703418,227
32437,11703418,11703707,289
32438,11703707,11704669,962
32439,11704669,11704703,34
32440,11704703,11704978,275
32441,11704978,11705298,320
32442,11705298,11705761,463
32443,11705761,11705776,15
32444,11705776,11705952,176
32445,11705952,11706259,307
32446,11706259,11706390,131
32447,11706390,11706895,505
32448,11706895,11706959,64
32449,11706959,11706963,4
32450,11706963,11707166,203
32451,11707166,11707343,177
32452,11707343,11707377,34
32453,11707377,11707439,62
32454,11707439,11707449,10
32455,11707449,11707858,409
32456,11707858,11708529,671
32457,11708529,11708600,71
32458,11708600,11708621,21
32459,11708621,11708663,42
32460,11708663,11708917,254
32461,11708917,11709366,449
32462,11709366,11709521,155
32463,11709521,11709533,12
32464,11709533,11709637,104
32465,11709637,11709658,21
32466,11709658,11709773,115
32467,11709773,11709822,49
32468,11709822,11710241,419
32469,11710241,11710310,69
32470,11710310,11710915,605
32471,11710915,11711036,121
32472,11711036,11711118,82
32473,11711118,11711124,6
32474,11711124,11711142,18
32475,11711142,11711147,5
32476,11711147,11711449,302
32477,11711449,11711532,83
32478,11711532,11711944,412
32479,11711944,11712193,249
32480,11712193,11712749,556
32481,11712749,11712887,138
32482,11712887,11712927,40
32483,11712927,11713084,157
32484,11713084,11713204,120
32485,11713204,11713419,215
32486,11713419,11713429,10
32487,11713429,11713667,238
32488,11713667,11713981,314
32489,11713981,11714850,869
32490,11714850,11715189,339
32491,11715189,11715781,592
32492,11715781,11715984,203
32493,11715984,11716213,229
32494,11716213,11716267,54
32495,11716267,11716306,39
32496,11716306,11716945,639
32497,11716945,11717048,103
32498,11717048,11717808,760
32499,11717808,11717859,51
32500,11717859,11717920,61
32501,11717920,11718415,495
32502,11718415,11718442,27
32503,11718442,11718626,184
32504,11718626,11718899,273
32505,11718899,11718968,69
32506,11718968,11719011,43
32507,11719011,11719527,516
32508,11719527,11720197,670
32509,11720197,11720253,56
32510,11720253,11720367,114
32511,11720367,11720964,597
32512,11720964,11721049,85
32513,11721049,11721150,101
32514,11721150,11721177,27
32515,11721177,11721200,23
32516,11721200,11721227,27
32517,11721227,11721383,156
32518,11721383,11721524,141
32519,11721524,11721528,4
32520,11721528,11721633,105
32521,11721633,11721747,114
32522,11721747,11721854,107
32523,11721854,11721924,70
32524,11721924,11722002,78
32525,11722002,11722112,110
32526,11722112,11722249,137
32527,11722249,11722532,283
32528,11722532,11722544,12
32529,11722544,11722972,428
32530,11722972,11723006,34
32531,11723006,11723379,373
32532,11723379,11723411,32
32533,11723411,11724008,597
32534,11724008,11724033,25
32535,11724033,11724058,25
32536,11724058,11724250,192
32537,11724250,11724425,175
32538,11724425,11724489,64
32539,11724489,11724571,82
32540,11724571,11725423,852
32541,11725423,11725720,297
32542,11725720,11725741,21
32543,11725741,11725755,14
32544,11725755,11725762,7
32545,11725762,11726061,299
32546,11726061,11726433,372
32547,11726433,11726511,78
32548,11726511,11726540,29
32549,11726540,11726708,168
32550,11726708,11727040,332
32551,11728823,11729301,478
32552,11729301,11731100,1799
32553,11731100,11731340,240
32554,11731340,11731346,6
32555,11731346,11731506,160
32556,11731506,11732158,652
32557,11732158,11732412,254
32558,11732412,11732593,181
32559,11732593,11732794,201
32560,11732794,11733012,218
32561,11733012,11733753,741
32562,11733753,11733774,21
32563,11733774,11734371,597
32564,11734371,11734559,188
32565,11734559,11734645,86
32566,11734645,11734652,7
32567,11734652,11734697,45
32568,11734697,11735004,307
32569,11735004,11735357,353
32570,11735357,11735384,27
32571,11735384,11735393,9
32572,11735393,11735523,130
32573,11735523,11735571,48
32574,11735571,11735749,178
32575,11735749,11735754,5
32576,11735754,11736642,888
32577,11736642,11736847,205
32578,11736847,11737092,245
32579,11737092,11737108,16
32580,11737108,11737354,246
32581,11737354,11737609,255
32582,11737609,11738790,1181
32583,11738790,11739936,1146
32584,11739936,11739992,56
32585,11739992,11740064,72
32586,11740064,11740516,452
32587,11740516,11741058,542
32588,11741058,11741065,7
32589,11741065,11741071,6
32590,11741071,11741078,7
32591,11741078,11741503,425
32592,11741503,11742002,499
32593,11742002,11742933,931
32594,11742933,11742997,64
32595,11742997,11743455,458
32596,11743455,11743798,343
32597,11743798,11745062,1264
32598,11745062,11745075,13
32599,11745075,11745642,567
32600,11745642,11745687,45
32601,11745687,11745846,159
32602,11745846,11746737,891
32603,11746737,11746968,231
32604,11746968,11747490,522
32605,11747490,11747982,492
32606,11747982,11748063,81
32607,11748063,11748367,304
32608,11748367,11748389,22
32609,11748389,11748449,60
32610,11748449,11748572,123
32611,11748572,11748696,124
32612,11748696,11749407,711
32613,11749407,11749524,117
32614,11749524,11749826,302
32615,11749826,11749908,82
32616,11749908,11750406,498
32617,11750406,11750877,471
32618,11750877,11752058,1181
32619,11752058,11753204,1146
32620,11753204,11753260,56
32621,11753260,11753332,72
32622,11753332,11753784,452
32623,11753784,11754326,542
32624,11754326,11754333,7
32625,11754333,11754339,6
32626,11754339,11754346,7
32627,11754346,11754771,425
32628,11754771,11755270,499
32629,11755270,11756201,931
32630,11756201,11756265,64
32631,11756265,11756723,458
32632,11756723,11757146,423
32633,11757146,11759612,2466
32634,11759612,11759617,5
32635,11759617,11759711,94
32636,11759711,11759834,123
32637,11759834,11759849,15
32638,11759849,11761028,1179
32639,11761028,11761127,99
32640,11761127,11761339,212
32641,11761339,11761583,244
32642,11761583,11761636,53
32643,11761636,11761645,9
32644,11761645,11761661,16
32645,11761661,11761697,36
32646,11761697,11761829,132
32647,11761829,11761933,104
32648,11761933,11762555,622
32649,11762555,11762563,8
32650,11762563,11762619,56
32651,11762619,11762693,74
32652,11762693,11762747,54
32653,11762747,11763174,427
32654,11763174,11763179,5
32655,11763179,11763387,208
32656,11763387,11763428,41
32657,11763428,11763573,145
32658,11763573,11763790,217
32659,11763790,11764019,229
32660,11764019,11764153,134
32661,11764153,11764247,94
32662,11764247,11764265,18
32663,11764265,11764474,209
32664,11764474,11764564,90
32665,11764564,11764600,36
32666,11764600,11764618,18
32667,11764618,11764643,25
32668,11764643,11764793,150
32669,11764793,11765408,615
32670,11765408,11765482,74
32671,11765482,11765493,11
32672,11765493,11765502,9
32673,11765502,11765566,64
32674,11765566,11765739,173
32675,11765739,11765749,10
32676,11765749,11765885,136
32677,11765885,11766131,246
32678,11766131,11766419,288
32679,11766419,11766563,144
32680,11766563,11766650,87
32681,11766650,11766771,121
32682,11766771,11766867,96
32683,11766867,11766968,101
32684,11766968,11767157,189
32685,11767157,11767211,54
32686,11767211,11767224,13
32687,11767224,11767269,45
32688,11767269,11767317,48
32689,11767317,11767411,94
32690,11767411,11767451,40
32691,11767451,11767552,101
32692,11767552,11767618,66
32693,11767618,11767651,33
32694,11767651,11767762,111
32695,11767762,11767771,9
32696,11767771,11767789,18
32697,11767789,11768011,222
32698,11768011,11768158,147
32699,11768158,11768358,200
32700,11768358,11768381,23
32701,11768381,11768585,204
32702,11768585,11768595,10
32703,11768595,11768805,210
32704,11768805,11768855,50
32705,11768855,11770255,1400
32706,11770255,11770848,593
32707,11770848,11770982,134
32708,11770982,11771184,202
32709,11771184,11771231,47
32710,11771231,11771303,72
32711,11771303,11771328,25
32712,11771328,11771544,216
32713,11771544,11771646,102
32714,11771646,11771811,165
32715,11771811,11771963,152
32716,11771963,11771996,33
32717,11771996,11772020,24
32718,11772020,11772349,329
32719,11772349,11772923,574
32720,11772923,11773395,472
32721,11773395,11773567,172
32722,11773567,11773688,121
32723,11773688,11773951,263
32724,11773951,11774086,135
32725,11774086,11774274,188
32726,11777592,11777892,300
32727,11777892,11777943,51
32728,11777943,11778009,66
32729,11778009,11778380,371
32730,11778380,11778454,74
32731,11778454,11778710,256
32732,11778710,11778714,4
32733,11782026,11782123,97
32734,11782123,11782239,116
32735,11782239,11782452,213
32736,11784085,11784095,10
32737,11784095,11784115,20
32738,11784115,11784322,207
32739,11784322,11784330,8
32740,11784330,11784334,4
32741,11784334,11784699,365
32742,11784699,11784771,72
32743,11784771,11784781,10
32744,11784781,11785230,449
32745,11785230,11785327,97
32746,11785327,11785485,158
32747,11785485,11785562,77
32748,11785562,11785660,98
32749,11785660,11786083,423
32750,11786083,11786264,181
32751,11786264,11786786,522
32752,11786786,11786807,21
32753,11786807,11787219,412
32754,11787219,11787242,23
32755,11787242,11787826,584
32756,11787826,11787847,21
32757,11787847,11788659,812
32758,11788659,11788721,62
32759,11788721,11788869,148
32760,11788869,11788894,25
32761,11788894,11788946,52
32762,11788946,11788963,17
32763,11788963,11789443,480
32764,11789443,11790588,1145
32765,11790588,11790748,160
32766,11790748,11790986,238
32767,11790986,11791093,107
32768,11791093,11791293,200
32769,11791293,11791499,206
32770,11791499,11791602,103
32771,11791602,11792656,1054
32772,11792656,11792995,339
32773,11792995,11793767,772
32774,11793767,11793880,113
32775,11793880,11794088,208
32776,11794088,11794176,88
32777,11794176,11794183,7
32778,11794183,11794497,314
32779,11794497,11794542,45
32780,11794542,11794687,145
32781,11794687,11795087,400
32782,11795087,11795322,235
32783,11795322,11795465,143
32784,11795465,11795562,97
32785,11795562,11795575,13
32786,11795575,11796548,973
32787,11796548,11796656,108
32788,11796656,11796918,262
32789,11796918,11797086,168
32790,11797086,11797610,524
32791,11797610,11797759,149
32792,11797759,11798317,558
32793,11798317,11798333,16
32794,11798333,11798355,22
32795,11798355,11798658,303
32796,11798658,11798781,123
32797,11798781,11799489,708
32798,11799489,11799947,458
32799,11799947,11799952,5
32800,11799952,11799979,27
32801,11799979,11800225,246
32802,11800225,11800325,100
32803,11800325,11800431,106
32804,11800431,11801279,848
32805,11801279,11802443,1164
32806,11802443,11802553,110
32807,11802553,11802629,76
32808,11802629,11802716,87
32809,11802716,11802746,30
32810,11802746,11802777,31
32811,11802777,11802855,78
32812,11802855,11802957,102
32813,11802957,11802965,8
32814,11802965,11803011,46
32815,11803011,11803074,63
32816,11803074,11803133,59
32817,11803133,11803583,450
32818,11803583,11803790,207
32819,11803790,11803805,15
32820,11803805,11804148,343
32821,11804148,11804283,135
32822,11804283,11804411,128
32823,11804411,11804424,13
32824,11804424,11804744,320
32825,11804744,11804831,87
32826,11804831,11804925,94
32827,11804925,11805027,102
32828,11805027,11805312,285
32829,11805312,11806450,1138
32830,11806450,11806972,522
32831,11806972,11808341,1369
32832,11808341,11809307,966
32833,11809307,11809469,162
32834,11809469,11809767,298
32835,11809767,11810064,297
32836,11810064,11810110,46
32837,11810110,11810133,23
32838,11810133,11810539,406
32839,11810539,11810825,286
32840,11810825,11810904,79
32841,11810904,11811044,140
32842,11811044,11811216,172
32843,11811216,11811248,32
32844,11811248,11811257,9
32845,11811257,11811585,328
32846,11811585,11812236,651
32847,11812236,11812269,33
32848,11812269,11812398,129
32849,11812398,11812575,177
32850,11812575,11812841,266
32851,11812841,11813317,476
32852,11813317,11813343,26
32853,11813343,11813582,239
32854,11813582,11813715,133
32855,11813715,11814325,610
32856,11814325,11814722,397
32857,11814722,11814923,201
32858,11814923,11815063,140
32859,11815063,11815152,89
32860,11815152,11815767,615
32861,11815767,11816405,638
32862,11816405,11819425,3020
32863,11819425,11820314,889
32864,11820314,11820521,207
32865,11820521,11821337,816
32866,11821337,11821564,227
32867,11821564,11823141,1577
32868,11823141,11823350,209
32869,11823350,11823673,323
32870,11823673,11823762,89
32871,11823762,11823766,4
32872,11823766,11823770,4
32873,11823770,11823831,61
32874,11823831,11823845,14
32875,11823845,11823885,40
32876,11823885,11824240,355
32877,11824240,11824337,97
32878,11824337,11824378,41
32879,11824378,11824598,220
32880,11824598,11824789,191
32881,11824789,11825229,440
32882,11825229,11825316,87
32883,11825316,11825627,311
32884,11825627,11825755,128
32885,11825755,11825767,12
32886,11825767,11826063,296
32887,11826063,11826245,182
32888,11826245,11826295,50
32889,11826295,11826340,45
32890,11826340,11826381,41
32891,11826381,11826657,276
32892,11826657,11826778,121
32893,11826778,11826893,115
32894,11826893,11827148,255
32895,11827148,11827193,45
32896,11827193,11827284,91
32897,11827284,11827452,168
32898,11827452,11828069,617
32899,11828069,11828102,33
32900,11828102,11828197,95
32901,11828197,11829207,1010
32902,11829207,11829296,89
32903,11829296,11829525,229
32904,11829525,11829549,24
32905,11829549,11829585,36
32906,11829585,11829678,93
32907,11829678,11829699,21
32908,11829699,11829834,135
32909,11829834,11829848,14
32910,11829848,11829917,69
32911,11829917,11829975,58
32912,11829975,11830008,33
32913,11830008,11830557,549
32914,11830557,11830688,131
32915,11830688,11830940,252
32916,11830940,11830982,42
32917,11830982,11831120,138
32918,11831120,11831279,159
32919,11831279,11832044,765
32920,11832044,11832211,167
32921,11832211,11832347,136
32922,11832347,11832471,124
32923,11832471,11832635,164
32924,11832635,11832723,88
32925,11832723,11833077,354
32926,11833077,11833760,683
32927,11833760,11834183,423
32928,11834183,11834729,546
32929,11834729,11834839,110
32930,11834839,11834915,76
32931,11834915,11835233,318
32932,11835233,11835762,529
32933,11835762,11835767,5
32934,11835767,11836603,836
32935,11836603,11837562,959
32936,11837562,11837986,424
32937,11837986,11838214,228
32938,11838214,11838229,15
32939,11838229,11838518,289
32940,11838518,11838540,22
32941,11838540,11838634,94
32942,11838634,11838951,317
32943,11838951,11839062,111
32944,11839062,11839279,217
32945,11839279,11839331,52
32946,11839331,11839443,112
32947,11839443,11839521,78
32948,11839521,11839538,17
32949,11839538,11839616,78
32950,11839616,11839653,37
32951,11839653,11839944,291
32952,11839944,11840011,67
32953,11840011,11840143,132
32954,11840143,11840185,42
32955,11840185,11840468,283
32956,11840468,11840576,108
32957,11840576,11840801,225
32958,11840801,11840819,18
32959,11840819,11841052,233
32960,11841052,11841058,6
32961,11841058,11841277,219
32962,11841277,11841285,8
32963,11841285,11841361,76
32964,11841361,11841401,40
32965,11841401,11841551,150
32966,11841551,11842310,759
32967,11842310,11842449,139
32968,11842449,11842471,22
32969,11842471,11843094,623
32970,11843094,11843205,111
32971,11843205,11843225,20
32972,11843225,11843574,349
32973,11843574,11844300,726
32974,11844300,11844720,420
32975,11844720,11844896,176
32976,11844896,11845671,775
32977,11845671,11845743,72
32978,11845743,11845995,252
32979,11845995,11846089,94
32980,11846089,11846172,83
32981,11846172,11846560,388
32982,11846560,11846566,6
32983,11846566,11846627,61
32984,11846627,11847536,909
32985,11847536,11847670,134
32986,11847670,11848275,605
32987,11848275,11849064,789
32988,11849064,11849333,269
32989,11849333,11849340,7
32990,11849340,11849966,626
32991,11849966,11849974,8
32992,11849974,11849978,4
32993,11849978,11850541,563
32994,11850541,11850573,32
32995,11850573,11851096,523
32996,11851096,11851605,509
32997,11851605,11851623,18
32998,11851623,11851707,84
32999,11851707,11851763,56
33000,11851763,11851944,181
33001,11851944,11852069,125
33002,11852069,11852148,79
33003,11852148,11852186,38
33004,11852186,11852898,712
33005,11852898,11853080,182
33006,11853080,11853448,368
33007,11853448,11853808,360
33008,11853808,11854045,237
33009,11854045,11854094,49
33010,11854094,11854262,168
33011,11854262,11854339,77
33012,11854339,11854396,57
33013,11854396,11854462,66
33014,11854462,11854531,69
33015,11854531,11854630,99
33016,11854630,11855519,889
33017,11855519,11855534,15
33018,11855534,11855603,69
33019,11855603,11855762,159
33020,11855762,11855777,15
33021,11855777,11855841,64
33022,11855841,11856046,205
33023,11856046,11856253,207
33024,11856253,11856560,307
33025,11856560,11856586,26
33026,11856586,11857713,1127
33027,11857713,11857939,226
33028,11857939,11858981,1042
33029,11858981,11858985,4
33030,11858985,11859029,44
33031,11859029,11859272,243
33032,11859272,11859603,331
33033,11859603,11860474,871
33034,11860474,11860814,340
33035,11860814,11861114,300
33036,11861114,11861147,33
33037,11861147,11861195,48
33038,11861195,11861264,69
33039,11861264,11861557,293
33040,11861557,11861703,146
33041,11861703,11861768,65
33042,11861768,11861957,189
33043,11861957,11862192,235
33044,11862192,11862228,36
33045,11862228,11862394,166
33046,11862394,11862399,5
33047,11862399,11862574,175
33048,11862574,11862612,38
33049,11862612,11863143,531
33050,11863143,11863605,462
33051,11863605,11863637,32
33052,11863637,11863882,245
33053,11863882,11864137,255
33054,11864137,11864796,659
33055,11864796,11865140,344
33056,11865140,11865193,53
33057,11865193,11865292,99
33058,11865292,11865548,256
33059,11865548,11865598,50
33060,11865598,11865623,25
33061,11865623,11865686,63
33062,11865686,11865937,251
33063,11865937,11865992,55
33064,11865992,11866097,105
33065,11866097,11866265,168
33066,11866265,11866396,131
33067,11866396,11866838,442
33068,11866838,11867804,966
33069,11867804,11867923,119
33070,11867923,11868188,265
33071,11868188,11868442,254
33072,11868442,11868632,190
33073,11868632,11868784,152
33074,11868784,11869290,506
33075,11869290,11869705,415
33076,11869705,11869883,178
33077,11869883,11870170,287
33078,11870170,11870194,24
33079,11870194,11870225,31
33080,11870225,11870375,150
33081,11870375,11870402,27
33082,11870402,11871492,1090
33083,11871492,11871619,127
33084,11871619,11871763,144
33085,11871763,11871868,105
33086,11871868,11872194,326
33087,11872194,11872294,100
33088,11872294,11872457,163
33089,11872457,11872495,38
33090,11872495,11872551,56
33091,11872551,11873063,512
33092,11873063,11873459,396
33093,11873459,11873554,95
33094,11873554,11874108,554
33095,11874108,11874557,449
33096,11874557,11874680,123
33097,11874680,11874730,50
33098,11874730,11874839,109
33099,11874839,11874944,105
33100,11874944,11875023,79
33101,11875023,11875126,103
33102,11875126,11875254,128
33103,11875254,11875851,597
33104,11875851,11876165,314
33105,11876165,11876353,188
33106,11876353,11876802,449
33107,11876802,11876905,103
33108,11876905,11876973,68
33109,11876973,11877252,279
33110,11877252,11877322,70
33111,11877322,11877332,10
33112,11877332,11877353,21
33113,11877353,11877732,379
33114,11877732,11878191,459
33115,11878191,11878206,15
33116,11878206,11878210,4
33117,11878210,11878402,192
33118,11878402,11878449,47
33119,11878449,11878611,162
33120,11878611,11878619,8
33121,11878619,11878707,88
33122,11878707,11878775,68
33123,11878775,11879123,348
33124,11879123,11879264,141
33125,11879264,11880142,878
33126,11880142,11880334,192
33127,11880334,11880423,89
33128,11880423,11880736,313
33129,11880736,11880774,38
33130,11880774,11881029,255
33131,11881029,11881065,36
33132,11881065,11881112,47
33133,11881112,11881132,20
33134,11881132,11881249,117
33135,11881249,11881255,6
33136,11881255,11881315,60
33137,11881315,11881646,331
33138,11881646,11881728,82
33139,11881728,11881803,75
33140,11881803,11881919,116
33141,11881919,11882009,90
33142,11882009,11882129,120
33143,11882129,11882315,186
33144,11882315,11882468,153
33145,11882468,11882653,185
33146,11882653,11882683,30
33147,11882683,11882863,180
33148,11882863,11882957,94
33149,11882957,11883229,272
33150,11883229,11883300,71
33151,11883300,11883456,156
33152,11883456,11883496,40
33153,11883496,11883861,365
33154,11883861,11883919,58
33155,11883919,11884129,210
33156,11884129,11884472,343
33157,11884472,11884536,64
33158,11884536,11884651,115
33159,11884651,11884688,37
33160,11884688,11884873,185
33161,11884873,11884877,4
33162,11884877,11884884,7
33163,11884884,11884910,26
33164,11884910,11884919,9
33165,11884919,11884928,9
33166,11884928,11884955,27
33167,11884955,11885572,617
33168,11887764,11887770,6
33169,11887770,11887798,28
33170,11887798,11888440,642
33171,11888440,11888507,67
33172,11888507,11888538,31
33173,11888538,11889466,928
33174,11889466,11889826,360
33175,11889826,11890186,360
33176,11890186,11890546,360
33177,11890546,11890906,360
33178,11890906,11891266,360
33179,11891266,11891409,143
33180,11891409,11891630,221
33181,11891630,11891978,348
33182,11891978,11892268,290
33183,11892268,11892386,118
33184,11892386,11892811,425
33185,11892811,11893032,221
33186,11893032,11893084,52
33187,11893084,11893292,208
33188,11893292,11893816,524
33189,11893816,11893823,7
33190,11893823,11894084,261
33191,11894084,11894795,711
33192,11894795,11894902,107
33193,11894902,11895717,815
33194,11895717,11895729,12
33195,11895729,11896204,475
33196,11896204,11896386,182
33197,11896386,11896399,13
33198,11896399,11896457,58
33199,11896457,11896660,203
33200,11896660,11897215,555
33201,11897215,11897402,187
33202,11897402,11897481,79
33203,11897481,11897704,223
33204,11897704,11897717,13
33205,11897717,11897990,273
33206,11897990,11898126,136
33207,11898126,11898245,119
33208,11898245,11898263,18
33209,11898263,11898303,40
33210,11898303,11898683,380
33211,11898683,11898864,181
33212,11898864,11898870,6
33213,11898870,11898974,104
33214,11898974,11898979,5
33215,11898979,11899153,174
33216,11899153,11899172,19
33217,11899172,11899221,49
33218,11899221,11899240,19
33219,11899240,11900127,887
33220,11900127,11900176,49
33221,11900176,11900182,6
33222,11900182,11900263,81
33223,11900263,11900341,78
33224,11900341,11900531,190
33225,11900531,11900930,399
33226,11900930,11901705,775
33227,11901705,11902204,499
33228,11902204,11902299,95
33229,11902299,11902378,79
33230,11902378,11902440,62
33231,11902440,11902446,6
33232,11902446,11902718,272
33233,11902718,11902747,29
33234,11902747,11902919,172
33235,11902919,11902932,13
33236,11902932,11903001,69
33237,11903001,11903007,6
33238,11903007,11903304,297
33239,11903304,11903321,17
33240,11903321,11903618,297
33241,11903618,11903654,36
33242,11903654,11903787,133
33243,11903787,11904080,293
33244,11904080,11904132,52
33245,11904132,11904527,395
33246,11904527,11904617,90
33247,11904617,11904626,9
33248,11904626,11904757,131
33249,11904757,11904962,205
33250,11904962,11904973,11
33251,11904973,11905059,86
33252,11905059,11906262,1203
33253,11906262,11906284,22
33254,11906284,11906840,556
33255,11906840,11907288,448
33256,11907288,11907679,391
33257,11907679,11908014,335
33258,11908014,11908019,5
33259,11908019,11908572,553
33260,11908572,11908763,191
33261,11908763,11908903,140
33262,11908903,11909012,109
33263,11909012,11909110,98
33264,11909110,11909186,76
33265,11909186,11909212,26
33266,11909212,11909330,118
33267,11909330,11909364,34
33268,11909364,11909418,54
33269,11909418,11909487,69
33270,11909487,11909507,20
33271,11909507,11909634,127
33272,11909634,11909691,57
33273,11909691,11909849,158
33274,11909849,11910090,241
33275,11910090,11910326,236
33276,11910326,11910365,39
33277,11910365,11910572,207
33278,11910572,11910646,74
33279,11910646,11910657,11
33280,11910657,11910666,9
33281,11910666,11910765,99
33282,11910765,11910822,57
33283,11910822,11910829,7
33284,11910829,11910948,119
33285,11910948,11911002,54
33286,11911002,11911135,133
33287,11911135,11911241,106
33288,11911241,11911368,127
33289,11911368,11911401,33
33290,11911401,11911416,15
33291,11911416,11911796,380
33292,11911796,11911829,33
33293,11911829,11912220,391
33294,11912220,11912703,483
33295,11912703,11913554,851
33296,11913554,11914172,618
33297,11914172,11915076,904
33298,11915076,11916022,946
33299,11916022,11916241,219
33300,11916241,11916284,43
33301,11916284,11916345,61
33302,11916345,11916679,334
33303,11916679,11916688,9
33304,11916688,11917180,492
33305,11917180,11917281,101
33306,11917281,11917459,178
33307,11917459,11917676,217
33308,11917676,11918746,1070
33309,11918746,11918762,16
33310,11918762,11918781,19
33311,11918781,11918994,213
33312,11918994,11919667,673
33313,11919667,11919683,16
33314,11919683,11919702,19
33315,11919702,11919928,226
33316,11919928,11920568,640
33317,11920568,11920607,39
33318,11920607,11921336,729
33319,11921336,11921436,100
33320,11921436,11921806,370
33321,11921806,11921880,74
33322,11921880,11922162,282
33323,11922162,11922302,140
33324,11922302,11922370,68
33325,11922370,11922667,297
33326,11922667,11922686,19
33327,11922686,11922929,243
33328,11922929,11924221,1292
33329,11924221,11924277,56
33330,11924277,11924307,30
33331,11924307,11924355,48
33332,11924355,11924992,637
33333,11924992,11925314,322
33334,11925314,11925389,75
33335,11925389,11925694,305
33336,11925694,11925872,178
33337,11925872,11926110,238
33338,11926110,11926171,61
33339,11926171,11926559,388
33340,11926559,11926726,167
33341,11926726,11926833,107
33342,11926833,11926951,118
33343,11926951,11927092,141
33344,11927092,11927135,43
33345,11927135,11927465,330
33346,11927465,11927514,49
33347,11927514,11927575,61
33348,11927575,11927916,341
33349,11927916,11928163,247
33350,11928163,11928261,98
33351,11928261,11928318,57
33352,11928318,11928599,281
33353,11928599,11928725,126
33354,11928725,11928909,184
33355,11928909,11929344,435
33356,11929344,11929356,12
33357,11929356,11929416,60
33358,11929416,11929427,11
33359,11929427,11929725,298
33360,11929725,11930441,716
33361,11930441,11930459,18
33362,11930459,11930471,12
33363,11930471,11930567,96
33364,11930567,11930946,379
33365,11930946,11931149,203
33366,11931149,11931751,602
33367,11931751,11932131,380
33368,11932131,11932143,12
33369,11932143,11932192,49
33370,11932192,11932215,23
33371,11932215,11932326,111
33372,11932326,11932859,533
33373,11932859,11933015,156
33374,11933015,11933518,503
33375,11933518,11934161,643
33376,11934161,11934395,234
33377,11934395,11934846,451
33378,11934846,11934852,6
33379,11934852,11934959,107
33380,11934959,11935142,183
33381,11935142,11935245,103
33382,11935245,11935326,81
33383,11935326,11935619,293
33384,11935619,11935815,196
33385,11935815,11935950,135
33386,11935950,11936002,52
33387,11936002,11936007,5
33388,11936007,11936024,17
33389,11936024,11936285,261
33390,11936285,11936318,33
33391,11936318,11936357,39
33392,11936357,11936363,6
33393,11936363,11936375,12
33394,11936375,11936381,6
33395,11936381,11936399,18
33396,11936399,11936441,42
33397,11936441,11936674,233
33398,11936674,11937630,956
33399,11937630,11938485,855
33400,11938485,11938492,7
33401,11938492,11938754,262
33402,11938754,11938985,231
33403,11938985,11938991,6
33404,11938991,11939197,206
33405,11939197,11939451,254
33406,11939451,11939511,60
33407,11939511,11939596,85
33408,11939596,11939831,235
33409,11939831,11939932,101
33410,11939932,11940951,1019
33411,11940951,11941713,762
33412,11941713,11941729,16
33413,11941729,11941954,225
33414,11941954,11942321,367
33415,11942321,11942364,43
33416,11942364,11942532,168
33417,11942532,11943183,651
33418,11943183,11943319,136
33419,11943319,11943485,166
33420,11943485,11943632,147
33421,11943632,11943708,76
33422,11943708,11943809,101
33423,11943809,11943820,11
33424,11943820,11943965,145
33425,11943965,11945336,1371
33426,11945336,11945762,426
33427,11945762,11945796,34
33428,11945796,11946682,886
33429,11946682,11947293,611
33430,11947293,11947332,39
33431,11947332,11947406,74
33432,11947406,11947479,73
33433,11947479,11947489,10
33434,11947489,11948731,1242
33435,11948731,11949204,473
33436,11949204,11949336,132
33437,11949336,11949578,242
33438,11949578,11949885,307
33439,11949885,11950055,170
33440,11950055,11951608,1553
33441,11951608,11951803,195
33442,11951803,11951955,152
33443,11951955,11952110,155
33444,11952110,11952464,354
33445,11952464,11953305,841
33446,11953305,11953732,427
33447,11953732,11953958,226
33448,11953958,11954480,522
33449,11954480,11954501,21
33450,11954501,11954974,473
33451,11954974,11955597,623
33452,11955597,11955941,344
33453,11955941,11956167,226
33454,11956167,11956220,53
33455,11956220,11956543,323
33456,11956543,11956693,150
33457,11956693,11957206,513
33458,11957206,11957340,134
33459,11957340,11957344,4
33460,11957344,11957562,218
33461,11957562,11957714,152
33462,11957714,11957967,253
33463,11957967,11958118,151
33464,11958118,11958579,461
33465,11958579,11958728,149
33466,11958728,11958809,81
33467,11958809,11959055,246
33468,11959055,11959110,55
33469,11959110,11959250,140
33470,11959250,11959355,105
33471,11959355,11959921,566
33472,11959921,11960348,427
33473,11960348,11960371,23
33474,11960371,11960613,242
33475,11960613,11960621,8
33476,11960621,11960656,35
33477,11960656,11961565,909
33478,11961565,11962112,547
33479,11962112,11962247,135
33480,11962247,11962480,233
33481,11962480,11963067,587
33482,11963067,11963487,420
33483,11963487,11964195,708
33484,11964195,11964303,108
33485,11964303,11964307,4
33486,11964307,11964319,12
33487,11964319,11964586,267
33488,11964586,11965610,1024
33489,11965610,11966393,783
33490,11966393,11966576,183
33491,11966576,11967341,765
33492,11967341,11967500,159
33493,11967500,11968075,575
33494,11968075,11968450,375
33495,11968450,11969113,663
33496,11969113,11969361,248
33497,11969361,11969432,71
33498,11969432,11970121,689
33499,11970121,11970138,17
33500,11970138,11970211,73
33501,11970211,11971306,1095
33502,11971306,11971312,6
33503,11971312,11971691,379
33504,11971691,11971695,4
33505,11971695,11971829,134
33506,11971829,11972121,292
33507,11972121,11972163,42
33508,11972163,11972455,292
33509,11972455,11972626,171
33510,11972626,11972754,128
33511,11972754,11973410,656
33512,11973410,11973541,131
33513,11973541,11973943,402
33514,11973943,11974403,460
33515,11974403,11975443,1040
33516,11975443,11975728,285
33517,11975728,11975755,27
33518,11975755,11976220,465
33519,11976220,11976249,29
33520,11976249,11976391,142
33521,11976391,11976549,158
33522,11976549,11976556,7
33523,11976556,11976563,7
33524,11976563,11976567,4
33525,11976567,11976891,324
33526,11976891,11977068,177
33527,11977068,11977581,513
33528,11977581,11977627,46
33529,11977627,11977890,263
33530,11977890,11978267,377
33531,11978267,11979098,831
33532,11979098,11979399,301
33533,11979399,11979477,78
33534,11979477,11979707,230
33535,11979707,11979830,123
33536,11979830,11981032,1202
33537,11981032,11981562,530
33538,11981562,11981938,376
33539,11981938,11983379,1441
33540,11983379,11984433,1054
33541,11984433,11984616,183
33542,11984616,11985018,402
33543,11985018,11985513,495
33544,11985513,11985800,287
33545,11985800,11986174,374
33546,11986174,11986335,161
33547,11986335,11986523,188
33548,11986523,11986718,195
33549,11986718,11986729,11
33550,11986729,11986917,188
33551,11986917,11987007,90
33552,11987007,11987116,109
33553,11987116,11987275,159
33554,11987275,11987286,11
33555,11987286,11987349,63
33556,11987349,11987608,259
33557,11987608,11987656,48
33558,11987656,11987662,6
33559,11987662,11987758,96
33560,11987758,11987864,106
33561,11987864,11987961,97
33562,11987961,11988093,132
33563,11988093,11988204,111
33564,11988204,11988233,29
33565,11988233,11988284,51
33566,11988284,11988447,163
33567,11988447,11988814,367
33568,11988814,11988921,107
33569,11988921,11989138,217
33570,11989138,11989510,372
33571,11989510,11989553,43
33572,11989553,11990892,1339
33573,11990892,11991085,193
33574,11991085,11991101,16
33575,11991101,11991160,59
33576,11991160,11991305,145
33577,11991305,11991457,152
33578,11991457,11991788,331
33579,11991788,11991841,53
33580,11991841,11991868,27
33581,11991868,11992336,468
33582,11992336,11992465,129
33583,11992465,11993103,638
33584,11993103,11993491,388
33585,11993491,11993615,124
33586,11993615,11994038,423
33587,11994038,11994050,12
33588,11994050,11994068,18
33589,11994068,11994237,169
33590,11994237,11994446,209
33591,11994446,11994509,63
33592,11994509,11994979,470
33593,11994979,11995057,78
33594,11995057,11995452,395
33595,11995452,11995543,91
33596,11995543,11995559,16
33597,11995559,11995711,152
33598,11995711,11995868,157
33599,11995868,11996036,168
33600,11996036,11996191,155
33601,11996191,11996328,137
33602,11996328,11996804,476
33603,11996804,11997210,406
33604,11997210,11997390,180
33605,11997390,11997415,25
33606,11997415,11997423,8
33607,11997423,11997964,541
33608,11997964,11998350,386
33609,11998350,11998435,85
33610,11998435,11999870,1435
33611,11999870,11999905,35
33612,11999905,12000121,216
33613,12000121,12000225,104
33614,12000225,12001407,1182
33615,12001407,12001769,362
33616,12001769,12002422,653
33617,12002422,12003071,649
33618,12003071,12003352,281
33619,12003352,12004053,701
33620,12004053,12004501,448
33621,12004501,12004678,177
33622,12004678,12004869,191
33623,12004869,12004874,5
33624,12004874,12004948,74
33625,12004948,12005524,576
33626,12005524,12006389,865
33627,12006389,12006828,439
33628,12006828,12006981,153
33629,12006981,12007216,235
33630,12007216,12007462,246
33631,12007462,12007537,75
33632,12007537,12007637,100
33633,12007637,12008010,373
33634,12008010,12008581,571
33635,12008581,12008623,42
33636,12008623,12008816,193
33637,12008816,12008867,51
33638,12008867,12009146,279
33639,12009146,12009282,136
33640,12009282,12009290,8
33641,12009290,12009371,81
33642,12009371,12009655,284
33643,12009655,12010506,851
33644,12010506,12011132,626
33645,12011132,12011240,108
33646,12011240,12011254,14
33647,12011254,12011294,40
33648,12011294,12011366,72
33649,12011366,12011403,37
33650,12011403,12011575,172
33651,12011575,12011888,313
33652,12011888,12013631,1743
33653,12013631,12014409,778
33654,12014409,12016157,1748
33655,12016157,12016244,87
33656,12016244,12016347,103
33657,12016347,12016454,107
33658,12016454,12016626,172
33659,12016626,12016746,120
33660,12016746,12016799,53
33661,12016799,12016887,88
33662,12016887,12017133,246
33663,12017133,12017161,28
33664,12017161,12017260,99
33665,12017260,12017405,145
33666,12017405,12017573,168
33667,12017573,12017588,15
33668,12017588,12017759,171
33669,12017759,12017789,30
33670,12017789,12018390,601
33671,12018390,12018810,420
33672,12018810,12018837,27
33673,12018837,12018848,11
33674,12018848,12019102,254
33675,12019102,12019235,133
33676,12019235,12019297,62
33677,12019297,12019422,125
33678,12019422,12019633,211
33679,12019633,12019703,70
33680,12019703,12019731,28
33681,12019731,12020041,310
33682,12020041,12020533,492
33683,12020533,12020640,107
33684,12020640,12021228,588
33685,12021228,12021403,175
33686,12021403,12021794,391
33687,12021794,12021802,8
33688,12021802,12021808,6
33689,12021808,12021920,112
33690,12021920,12021941,21
33691,12021941,12022153,212
33692,12022153,12022532,379
33693,12022532,12022640,108
33694,12022640,12023026,386
33695,12023026,12023965,939
33696,12023965,12024375,410
33697,12024375,12024429,54
33698,12024429,12024924,495
33699,12024924,12025041,117
33700,12025041,12025190,149
33701,12025190,12025229,39
33702,12025229,12025302,73
33703,12025302,12025322,20
33704,12025322,12025409,87
33705,12025409,12025541,132
33706,12025541,12025607,66
33707,12025607,12025744,137
33708,12025744,12025916,172
33709,12025916,12026036,120
33710,12026036,12026054,18
33711,12026054,12026096,42
33712,12026096,12026160,64
33713,12026160,12026193,33
33714,12026193,12026369,176
33715,12026369,12026402,33
33716,12026402,12026415,13
33717,12026415,12026435,20
33718,12026435,12027452,1017
33719,12027452,12027471,19
33720,12027471,12027578,107
33721,12027578,12027801,223
33722,12027801,12027848,47
33723,12027848,12027915,67
33724,12027915,12028395,480
33725,12028395,12029162,767
33726,12029162,12030045,883
33727,12030045,12030196,151
33728,12030196,12030237,41
33729,12030237,12030429,192
33730,12030429,12030558,129
33731,12030558,12030605,47
33732,12030605,12030633,28
33733,12030633,12030660,27
33734,12030660,12030719,59
33735,12030719,12031093,374
33736,12031093,12031183,90
33737,12031183,12031237,54
33738,12031237,12031265,28
33739,12031265,12031381,116
33740,12031381,12031399,18
33741,12031399,12031456,57
33742,12031456,12031781,325
33743,12031781,12031793,12
33744,12031793,12031978,185
33745,12031978,12032755,777
33746,12032755,12032926,171
33747,12032926,12033130,204
33748,12033130,12034275,1145
33749,12034275,12034317,42
33750,12034317,12034756,439
33751,12034756,12034774,18
33752,12034774,12034817,43
33753,12034817,12034843,26
33754,12034843,12034889,46
33755,12034889,12035655,766
33756,12035655,12036213,558
33757,12036213,12036360,147
33758,12036360,12037247,887
33759,12037247,12037810,563
33760,12037810,12037978,168
33761,12037978,12038575,597
33762,12038575,12038587,12
33763,12038587,12038824,237
33764,12041454,12041475,21
33765,12041475,12041642,167
33766,12041642,12041719,77
33767,12041719,12042196,477
33768,12042196,12042232,36
33769,12042232,12043279,1047
33770,12043279,12043540,261
33771,12043540,12043660,120
33772,12043660,12043800,140
33773,12043800,12043982,182
33774,12043982,12044914,932
33775,12044914,12046620,1706
33776,12046620,12047046,426
33777,12047046,12047403,357
33778,12050844,12051769,925
33779,12051769,12051940,171
33780,12051940,12052094,154
33781,12052094,12053105,1011
33782,12053105,12053949,844
33783,12053949,12055431,1482
33784,12055431,12055485,54
33785,12055485,12055552,67
33786,12055552,12055701,149
33787,12055701,12055715,14
33788,12055715,12055729,14
33789,12055729,12055772,43
33790,12055772,12055798,26
33791,12055798,12055829,31
33792,12055829,12056072,243
33793,12056072,12056113,41
33794,12056113,12056119,6
33795,12056119,12056428,309
33796,12056428,12057257,829
33797,12057257,12058003,746
33798,12058003,12058674,671
33799,12058674,12058961,287
33800,12058961,12059032,71
33801,12059032,12059523,491
33802,12059523,12059581,58
33803,12059581,12059731,150
33804,12059731,12059858,127
33805,12059858,12059922,64
33806,12059922,12060210,288
33807,12060210,12060323,113
33808,12060323,12060683,360
33809,12060683,12061005,322
33810,12061005,12061050,45
33811,12061050,12061183,133
33812,12061183,12061249,66
33813,12061249,12061282,33
33814,12061282,12061348,66
33815,12061348,12061381,33
33816,12061381,12061447,66
33817,12061447,12061480,33
33818,12061480,12061546,66
33819,12061546,12061579,33
33820,12061579,12061645,66
33821,12061645,12061678,33
33822,12061678,12061744,66
33823,12061744,12061777,33
33824,12061777,12061843,66
33825,12061843,12061876,33
33826,12061876,12061942,66
33827,12061942,12062041,99
33828,12062041,12062074,33
33829,12062074,12062140,66
33830,12062140,12062173,33
33831,12062173,12062239,66
33832,12062239,12062272,33
33833,12062272,12062338,66
33834,12062338,12062371,33
33835,12062371,12062437,66
33836,12062437,12062470,33
33837,12062470,12062536,66
33838,12062536,12062569,33
33839,12062569,12062635,66
33840,12062635,12062701,66
33841,12062701,12062734,33
33842,12062734,12062800,66
33843,12062800,12062833,33
33844,12062833,12062899,66
33845,12062899,12062932,33
33846,12062932,12062998,66
33847,12062998,12063064,66
33848,12063064,12063097,33
33849,12063097,12063163,66
33850,12063163,12063196,33
33851,12063196,12063262,66
33852,12063262,12063328,66
33853,12063328,12063361,33
33854,12063361,12063427,66
33855,12063427,12063460,33
33856,12063460,12063526,66
33857,12063526,12063592,66
33858,12063592,12063625,33
33859,12063625,12063643,18
33860,12063643,12064081,438
33861,12064081,12064566,485
33862,12064566,12064779,213
33863,12064779,12064784,5
33864,12064784,12065201,417
33865,12065201,12065621,420
33866,12065621,12065827,206
33867,12065827,12066271,444
33868,12066271,12066378,107
33869,12066378,12067618,1240
33870,12067618,12067748,130
33871,12067748,12068225,477
33872,12068225,12068711,486
33873,12068711,12068879,168
33874,12068879,12068974,95
33875,12068974,12069753,779
33876,12069753,12070162,409
33877,12070162,12070167,5
33878,12070167,12070520,353
33879,12070520,12070983,463
33880,12070983,12070992,9
33881,12070992,12071006,14
33882,12071006,12071216,210
33883,12071216,12071396,180
33884,12071396,12072289,893
33885,12072289,12072658,369
33886,12072658,12072826,168
33887,12072826,12072839,13
33888,12072839,12073898,1059
33889,12073898,12074362,464
33890,12074362,12074962,600
33891,12074962,12075160,198
33892,12075160,12075275,115
33893,12075275,12075624,349
33894,12075624,12076958,1334
33895,12076958,12076971,13
33896,12076971,12077658,687
33897,12077658,12078424,766
33898,12078424,12078664,240
33899,12078664,12078899,235
33900,12078899,12079821,922
33901,12079821,12079874,53
33902,12079874,12079900,26
33903,12079900,12080287,387
33904,12080287,12080588,301
33905,12080588,12081284,696
33906,12081284,12081385,101
33907,12081385,12083353,1968
33908,12086408,12086645,237
33909,12086645,12086660,15
33910,12086660,12087113,453
33911,12087113,12088455,1342
33912,12088455,12090838,2383
33913,12090838,12091166,328
33914,12091166,12091182,16
33915,12091182,12091894,712
33916,12091894,12092040,146
33917,12092040,12092284,244
33918,12092284,12092484,200
33919,12092484,12092925,441
33920,12092925,12093537,612
33921,12093537,12093898,361
33922,12093898,12094116,218
33923,12094116,12094718,602
33924,12094718,12094728,10
33925,12094728,12095500,772
33926,12095500,12095679,179
33927,12095679,12096093,414
33928,12096093,12097089,996
33929,12097089,12098534,1445
33930,12098534,12099061,527
33931,12099061,12099274,213
33932,12099274,12099553,279
33933,12099553,12099754,201
33934,12099754,12100450,696
33935,12100450,12100762,312
33936,12100762,12101205,443
33937,12101205,12102042,837
33938,12102042,12102534,492
33939,12102534,12102541,7
33940,12102541,12102773,232
33941,12102773,12103028,255
33942,12103028,12103200,172
33943,12103200,12103464,264
33944,12103464,12103476,12
33945,12103476,12103705,229
33946,12103705,12104229,524
33947,12106234,12106304,70
33948,12106304,12107905,1601
33949,12107905,12108025,120
33950,12108025,12108077,52
33951,12108077,12108343,266
33952,12108343,12108533,190
33953,12108533,12108625,92
33954,12108625,12108818,193
33955,12108818,12109090,272
33956,12109090,12109103,13
33957,12109103,12109175,72
33958,12109175,12109226,51
33959,12109226,12109687,461
33960,12109687,12109813,126
33961,12109813,12110033,220
33962,12110033,12110267,234
33963,12110267,12110341,74
33964,12110341,12110516,175
33965,12110516,12111224,708
33966,12111224,12111296,72
33967,12111296,12111362,66
33968,12111362,12111592,230
33969,12111592,12112109,517
33970,12112109,12112648,539
33971,12112648,12112738,90
33972,12112738,12112806,68
33973,12112806,12113114,308
33974,12113114,12114766,1652
33975,12114766,12116715,1949
33976,12116715,12117096,381
33977,12117096,12117110,14
33978,12119093,12119181,88
33979,12119181,12119963,782
33980,12119963,12119967,4
33981,12119967,12122047,2080
33982,12122047,12122793,746
33983,12122793,12123778,985
33984,12123778,12124333,555
33985,12124333,12124847,514
33986,12124847,12124977,130
33987,12124977,12125051,74
33988,12125051,12125337,286
33989,12127735,12128964,1229
33990,12128964,12128999,35
33991,12128999,12130600,1601
33992,12130600,12130878,278
33993,12130878,12132168,1290
33994,12132168,12132589,421
33995,12132589,12132952,363
33996,12132952,12133739,787
33997,12133739,12134103,364
33998,12134103,12135363,1260
33999,12135363,12135760,397
34000,12135760,12136386,626
34001,12136386,12136895,509
34002,12136895,12137065,170
34003,12137065,12137758,693
34004,12137758,12138022,264
34005,12138022,12138198,176
34006,12138198,12138556,358
34007,12138556,12139595,1039
34008,12139595,12141802,2207
34009,12141802,12142162,360
34010,12142162,12142371,209
34011,12142371,12142390,19
34012,12142390,12142398,8
34013,12142398,12142859,461
34014,12142859,12144418,1559
34015,12144418,12144593,175
34016,12144593,12145367,774
34017,12145367,12145665,298
34018,12145665,12145803,138
34019,12145803,12147124,1321
34020,12147124,12148003,879
34021,12148003,12149420,1417
34022,12149420,12149427,7
34023,12149427,12150309,882
34024,12150309,12150548,239
34025,12150548,12152527,1979
34026,12152527,12153326,799
34027,12153326,12155264,1938
34028,12155264,12156969,1705
34029,12156969,12157309,340
34030,12157309,12157566,257
34031,12157566,12158301,735
34032,12158301,12158338,37
34033,12158338,12159573,1235
34034,12161937,12162791,854
34035,12162791,12162797,6
34036,12162797,12163635,838
34037,12163635,12163697,62
34038,12163697,12164249,552
34039,12164249,12165062,813
34040,12165062,12166878,1816
34041,12170323,12171102,779
34042,12171102,12171469,367
34043,12171469,12172823,1354
34044,12172823,12172906,83
34045,12172906,12173624,718
34046,12173624,12174673,1049
34047,12174673,12174801,128
34048,12174801,12175284,483
34049,12175284,12176368,1084
34050,12176368,12176723,355
34051,12176723,12176769,46
34052,12176769,12176781,12
34053,12176781,12177088,307
34054,12177088,12177262,174
34055,12177262,12177335,73
34056,12177335,12177421,86
34057,12177421,12177488,67
34058,12177488,12177637,149
34059,12177637,12177719,82
34060,12177719,12177770,51
34061,12177770,12177830,60
34062,12177830,12178252,422
34063,12178252,12178313,61
34064,12178313,12178418,105
34065,12178418,12178507,89
34066,12178507,12179273,766
34067,12179273,12181272,1999
34068,12181272,12181338,66
34069,12181338,12181763,425
34070,12181763,12182503,740
34071,12182503,12183461,958
34072,12183461,12184105,644
34073,12184105,12184594,489
34074,12184594,12184990,396
34075,12184990,12185022,32
34076,12185022,12185406,384
34077,12185406,12185581,175
34078,12185581,12186678,1097
34079,12186678,12186702,24
34080,12186702,12187359,657
34081,12187359,12187471,112
34082,12187471,12187855,384
34083,12187855,12187985,130
34084,12187985,12188128,143
34085,12188128,12188202,74
34086,12188202,12188488,286
34087,12188488,12188848,360
34088,12188848,12188922,74
34089,12188922,12189065,143
34090,12189065,12189208,143
34091,12189208,12189282,74
34092,12189282,12189425,143
34093,12189425,12190194,769
34094,12190194,12190428,234
34095,12190428,12190776,348
34096,12190776,12192055,1279
34097,12192055,12192545,490
34098,12192545,12193297,752
34099,12193297,12193347,50
34100,12193347,12193728,381
34101,12193728,12193986,258
34102,12193986,12195549,1563
34103,12195549,12195818,269
34104,12195818,12196425,607
34105,12196425,12197214,789
34106,12197214,12198021,807
34107,12198021,12198311,290
34108,12198311,12199259,948
34109,12199259,12199475,216
34110,12199475,12200251,776
34111,12200251,12200365,114
34112,12200365,12200458,93
34113,12200458,12200506,48
34114,12200506,12200781,275
34115,12200781,12201015,234
34116,12201015,12201223,208
34117,12201223,12201382,159
34118,12201382,12201974,592
34119,12201974,12202084,110
34120,12205763,12205849,86
34121,12205849,12206316,467
34122,12206316,12207525,1209
34123,12207525,12208662,1137
34124,12208662,12210651,1989
34125,12210651,12211134,483
34126,12211134,12211146,12
34127,12211146,12212247,1101
34128,12212247,12213575,1328
34129,12213575,12214570,995
34130,12214570,12215254,684
34131,12215254,12215655,401
34132,12215655,12215697,42
34133,12215697,12216959,1262
34134,12216959,12217529,570
34135,12217529,12218839,1310
34136,12218839,12219987,1148
34137,12219987,12221314,1327
34138,12221314,12221332,18
34139,12221332,12221383,51
34140,12221383,12221400,17
34141,12221400,12221409,9
34142,12221409,12221457,48
34143,12221457,12221821,364
34144,12221821,12221881,60
34145,12221881,12221940,59
34146,12221940,12221965,25
34147,12221965,12221970,5
34148,12221970,12222220,250
34149,12222220,12223152,932
34150,12223152,12224398,1246
34151,12224398,12224613,215
34152,12224613,12224792,179
34153,12224792,12225056,264
34154,12225056,12225093,37
34155,12225093,12225139,46
34156,12225139,12225232,93
34157,12225232,12225423,191
34158,12225423,12225752,329
34159,12225752,12225900,148
34160,12225900,12227442,1542
34161,12227442,12228638,1196
34162,12228638,12229459,821
34163,12229459,12229664,205
34164,12229664,12229900,236
34165,12229900,12230006,106
34166,12230006,12230634,628
34167,12230634,12232743,2109
34168,12232743,12233086,343
34169,12233086,12234433,1347
34170,12234433,12234533,100
34171,12234533,12234597,64
34172,12234597,12234861,264
34173,12234861,12234867,6
34174,12234867,12235022,155
34175,12235022,12235317,295
34176,12235317,12235553,236
34177,12235553,12235682,129
34178,12235682,12236011,329
34179,12236011,12236051,40
34180,12236051,12236632,581
34181,12236632,12236640,8
34182,12236640,12236647,7
34183,12236647,12237916,1269
34184,12240216,12241296,1080
34185,12241296,12241649,353
34186,12241649,12242049,400
34187,12242049,12242913,864
34188,12242913,12242917,4
34189,12242917,12243348,431
34190,12243348,12244385,1037
34191,12244385,12244975,590
34192,12244975,12246992,2017
34193,12246992,12247094,102
34194,12247094,12247107,13
34195,12247107,12247196,89
34196,12247196,12249073,1877
34197,12249073,12249097,24
34198,12249097,12249108,11
34199,12249108,12249114,6
34200,12249114,12249185,71
34201,12249185,12250654,1469
34202,12250654,12250791,137
34203,12250791,12252339,1548
34204,12252339,12253067,728
34205,12253067,12253182,115
34206,12253182,12253985,803
34207,12253985,12254254,269
34208,12254254,12254628,374
34209,12254628,12254799,171
34210,12254799,12254870,71
34211,12254870,12255995,1125
34212,12255995,12257207,1212
34213,12259977,12260260,283
34214,12260260,12260674,414
34215,12260674,12260726,52
34216,12260726,12260889,163
34217,12260889,12260949,60
34218,12260949,12261474,525
34219,12261474,12263042,1568
34220,12263042,12263496,454
34221,12263496,12263784,288
34222,12263784,12263792,8
34223,12263792,12264816,1024
34224,12264816,12265315,499
34225,12267419,12267730,311
34226,12267730,12268030,300
34227,12270012,12271930,1918
34228,12271930,12274007,2077
34229,12274007,12274749,742
34230,12274749,12274795,46
34231,12274795,12274848,53
34232,12274848,12274928,80
34233,12274928,12275103,175
34234,12275103,12275154,51
34235,12275154,12276125,971
34236,12276125,12276940,815
34237,12276940,12277241,301
34238,12277241,12280188,2947
34239,12280188,12280411,223
34240,12280411,12281066,655
34241,12281066,12281972,906
34242,12281972,12282300,328
34243,12282300,12283541,1241
34244,12283541,12284291,750
34245,12284291,12285574,1283
34246,12285574,12285661,87
34247,12285661,12285768,107
34248,12285768,12285817,49
34249,12285817,12286315,498
34250,12286315,12286448,133
34251,12286448,12287047,599
34252,12287047,12287859,812
34253,12287859,12288899,1040
34254,12288899,12288976,77
34255,12288976,12289059,83
34256,12289059,12289114,55
34257,12289114,12289783,669
34258,12289783,12290334,551
34259,12290334,12292744,2410
34260,12292744,12294951,2207
34261,12294951,12295448,497
34262,12295448,12295556,108
34263,12295556,12295630,74
34264,12295630,12296008,378
34265,12296008,12296640,632
34266,12296640,12296904,264
34267,12296904,12296911,7
34268,12296911,12297199,288
34269,12297199,12297203,4
34270,12297203,12297208,5
34271,12297208,12297645,437
34272,12297645,12297898,253
34273,12297898,12298355,457
34274,12298355,12298363,8
34275,12298363,12298515,152
34276,12298515,12298845,330
34277,12298845,12298995,150
34278,12298995,12299612,617
34279,12299612,12299691,79
34280,12299691,12300505,814
34281,12300505,12300713,208
34282,12300713,12302230,1517
34283,12302230,12302243,13
34284,12302243,12302284,41
34285,12302284,12302466,182
34286,12302466,12302535,69
34287,12302535,12302669,134
34288,12302669,12303158,489
34289,12303158,12303738,580
34290,12303738,12303745,7
34291,12303745,12303847,102
34292,12303847,12304874,1027
34293,12304874,12305013,139
34294,12305013,12306060,1047
34295,12306060,12306088,28
34296,12306088,12306397,309
34297,12311280,12311568,288
34298,12311568,12311690,122
34299,12311690,12312864,1174
34300,12312864,12314639,1775
34301,12314639,12316509,1870
34302,12316509,12316862,353
34303,12316862,12317251,389
34304,12317251,12317303,52
34305,12317303,12317335,32
34306,12317335,12318041,706
34307,12318041,12318228,187
34308,12318228,12318771,543
34309,12318771,12318788,17
34310,12318788,12318822,34
34311,12318822,12318840,18
34312,12318840,12318957,117
34313,12318957,12319002,45
34314,12319002,12319144,142
34315,12319144,12319164,20
34316,12319164,12319199,35
34317,12319199,12319472,273
34318,12319472,12321913,2441
34319,12321913,12322201,288
34320,12322201,12322452,251
34321,12322452,12322528,76
34322,12322528,12323938,1410
34323,12323938,12324504,566
34324,12324504,12324732,228
34325,12324732,12325382,650
34326,12325382,12325696,314
34327,12325696,12326752,1056
34328,12326752,12327290,538
34329,12327290,12327421,131
34330,12327421,12327571,150
34331,12327571,12327585,14
34332,12327585,12327591,6
34333,12327591,12327642,51
34334,12327642,12327686,44
34335,12327686,12327765,79
34336,12327765,12327855,90
34337,12327855,12327899,44
34338,12327899,12328213,314
34339,12328213,12328260,47
34340,12328260,12328279,19
34341,12328279,12328342,63
34342,12328342,12328488,146
34343,12328488,12328689,201
34344,12328689,12328890,201
34345,12328890,12329020,130
34346,12329020,12329217,197
34347,12329217,12329569,352
34348,12329569,12329767,198
34349,12329767,12329908,141
34350,12329908,12329953,45
34351,12329953,12330052,99
34352,12330052,12330157,105
34353,12330157,12330374,217
34354,12330374,12330648,274
34355,12330648,12330960,312
34356,12330960,12331039,79
34357,12331039,12331124,85
34358,12331124,12331132,8
34359,12331132,12331905,773
34360,12331905,12331914,9
34361,12331914,12332199,285
34362,12332199,12332690,491
34363,12332690,12332696,6
34364,12332696,12332737,41
34365,12332737,12333092,355
34366,12333092,12333096,4
34367,12333096,12335331,2235
34368,12335331,12335399,68
34369,12335399,12335475,76
34370,12335475,12336296,821
34371,12336296,12336508,212
34372,12336508,12336869,361
34373,12336869,12337230,361
34374,12337230,12337766,536
34375,12337766,12338127,361
34376,12338127,12338488,361
34377,12338488,12338617,129
34378,12338617,12338943,326
34379,12338943,12339796,853
34380,12339796,12339816,20
34381,12339816,12340481,665
34382,12340481,12340638,157
34383,12340638,12340785,147
34384,12340785,12341355,570
34385,12344330,12344538,208
34386,12344538,12344978,440
34387,12344978,12345646,668
34388,12345646,12345836,190
34389,12345836,12346691,855
34390,12346691,12346724,33
34391,12346724,12347678,954
34392,12347678,12348543,865
34393,12348543,12349321,778
34394,12349321,12349487,166
34395,12349487,12350156,669
34396,12350156,12351944,1788
34397,12351944,12352335,391
34398,12352335,12352405,70
34399,12352405,12352707,302
34400,12352707,12353196,489
34401,12353196,12354116,920
34402,12354116,12354175,59
34403,12354175,12354514,339
34404,12354514,12354965,451
34405,12354965,12355051,86
34406,12355051,12355453,402
34407,12355453,12355614,161
34408,12355614,12355747,133
34409,12355747,12356364,617
34410,12356364,12356372,8
34411,12356372,12356982,610
34412,12356982,12357590,608
34413,12357590,12358191,601
34414,12358191,12359396,1205
34415,12359396,12359927,531
34416,12359927,12360154,227
34417,12360154,12361467,1313
34418,12361467,12361594,127
34419,12361594,12362246,652
34420,12362246,12363700,1454
34421,12363700,12366106,2406
34422,12366106,12367238,1132
34423,12367238,12367242,4
34424,12367242,12367678,436
34425,12367678,12368048,370
34426,12368048,12368353,305
34427,12368353,12369514,1161
34428,12369514,12370065,551
34429,12370065,12370196,131
34430,12370196,12370621,425
34431,12370621,12370789,168
34432,12370789,12371143,354
34433,12371143,12371429,286
34434,12371429,12371789,360
34435,12371789,12372118,329
34436,12372118,12372714,596
34437,12372714,12372962,248
34438,12372962,12373309,347
34439,12373309,12373320,11
34440,12373320,12373514,194
34441,12373514,12373893,379
34442,12373893,12373963,70
34443,12373963,12374242,279
34444,12374242,12374591,349
34445,12374591,12375733,1142
34446,12375733,12375753,20
34447,12375753,12375841,88
34448,12375841,12375849,8
34449,12375849,12375910,61
34450,12375910,12375979,69
34451,12375979,12376140,161
34452,12376140,12376278,138
34453,12376278,12376314,36
34454,12376314,12376321,7
34455,12376321,12376346,25
34456,12376346,12376384,38
34457,12376384,12376393,9
34458,12376393,12376455,62
34459,12376455,12376686,231
34460,12376686,12376757,71
34461,12376757,12376778,21
34462,12376778,12376817,39
34463,12376817,12376836,19
34464,12376836,12376944,108
34465,12376944,12377098,154
34466,12377098,12377422,324
34467,12377422,12377479,57
34468,12377479,12377503,24
34469,12377503,12378102,599
34470,12378102,12379472,1370
34471,12379472,12380210,738
34472,12380210,12380539,329
34473,12380539,12381181,642
34474,12381181,12381186,5
34475,12381186,12381862,676
34476,12381862,12381875,13
34477,12381875,12381879,4
34478,12381879,12382086,207
34479,12382086,12382212,126
34480,12382212,12382440,228
34481,12382440,12382602,162
34482,12382602,12382684,82
34483,12382684,12383064,380
34484,12383064,12384011,947
34485,12384011,12384213,202
34486,12384213,12384599,386
34487,12384599,12384897,298
34488,12384897,12385656,759
34489,12385656,12385973,317
34490,12385973,12387145,1172
34491,12387145,12387375,230
34492,12387375,12387704,329
34493,12387704,12388245,541
34494,12388245,12389476,1231
34495,12389476,12389873,397
34496,12392711,12393775,1064
34497,12393775,12393880,105
34498,12393880,12394483,603
34499,12394483,12396636,2153
34500,12396636,12398290,1654
34501,12398290,12398782,492
34502,12398782,12399052,270
34503,12399052,12399749,697
34504,12399749,12400120,371
34505,12400120,12400521,401
34506,12400521,12400700,179
34507,12400700,12402289,1589
34508,12402289,12402295,6
34509,12402295,12404089,1794
34510,12404089,12404545,456
34511,12404545,12405605,1060
34512,12405605,12405916,311
34513,12405916,12406235,319
34514,12406235,12406656,421
34515,12406656,12406820,164
34516,12406820,12406891,71
34517,12406891,12407090,199
34518,12407090,12407360,270
34519,12407360,12407462,102
34520,12407462,12407604,142
34521,12407604,12407690,86
34522,12407690,12408079,389
34523,12408079,12408246,167
34524,12408246,12408419,173
34525,12408419,12408857,438
34526,12408857,12408963,106
34527,12408963,12409221,258
34528,12409221,12409554,333
34529,12409554,12409578,24
34530,12409578,12409683,105
34531,12409683,12410623,940
34532,12410623,12410996,373
34533,12410996,12411135,139
34534,12411135,12411158,23
34535,12411158,12411177,19
34536,12411177,12411411,234
34537,12411411,12411446,35
34538,12411446,12411688,242
34539,12411688,12412270,582
34540,12412270,12412966,696
34541,12412966,12412971,5
34542,12412971,12413282,311
34543,12413282,12413951,669
34544,12413951,12414011,60
34545,12414011,12414788,777
34546,12417006,12417145,139
34547,12417145,12418255,1110
34548,12418255,12419156,901
34549,12419156,12421155,1999
34550,12421155,12422137,982
34551,12422137,12422466,329
34552,12424589,12424756,167
34553,12424756,12425341,585
34554,12425341,12425431,90
34555,12425431,12425521,90
34556,12425521,12428637,3116
34557,12431871,12431931,60
34558,12431931,12432091,160
34559,12432091,12432112,21
34560,12432112,12432178,66
34561,12432178,12433128,950
34562,12433128,12433280,152
34563,12433280,12433811,531
34564,12433811,12434631,820
34565,12434631,12434813,182
34566,12434813,12434890,77
34567,12434890,12435193,303
34568,12435193,12435242,49
34569,12435242,12435327,85
34570,12435327,12435987,660
34571,12435987,12436096,109
34572,12436096,12436114,18
34573,12436114,12436180,66
34574,12436180,12436340,160
34575,12436340,12436877,537
34576,12436877,12437727,850
34577,12437727,12438085,358
34578,12438085,12438392,307
34579,12438392,12439031,639
34580,12439031,12439977,946
34581,12439977,12440117,140
34582,12440117,12440682,565
34583,12440682,12441244,562
34584,12441244,12442336,1092
34585,12442336,12442726,390
34586,12442726,12443300,574
34587,12443300,12443312,12
34588,12443312,12443387,75
34589,12443387,12443884,497
34590,12443884,12443938,54
34591,12443938,12444325,387
34592,12444325,12444429,104
34593,12444429,12444446,17
34594,12444446,12444481,35
34595,12444481,12444494,13
34596,12444494,12444537,43
34597,12444537,12444778,241
34598,12444778,12445056,278
34599,12445056,12446145,1089
34600,12446145,12446475,330
34601,12446475,12446737,262
34602,12446737,12447313,576
34603,12447313,12447327,14
34604,12447327,12447333,6
34605,12447333,12447423,90
34606,12447423,12447559,136
34607,12447559,12447826,267
34608,12447826,12448041,215
34609,12448041,12448249,208
34610,12448249,12448317,68
34611,12448317,12448391,74
34612,12448391,12449247,856
34613,12449247,12450741,1494
34614,12450741,12450752,11
34615,12450752,12450935,183
34616,12450935,12451063,128
34617,12451063,12451787,724
34618,12451787,12451814,27
34619,12451814,12451905,91
34620,12451905,12451921,16
34621,12451921,12452095,174
34622,12452095,12452127,32
34623,12452127,12452146,19
34624,12452146,12452164,18
34625,12452164,12452258,94
34626,12452258,12452443,185
34627,12452443,12452979,536
34628,12452979,12452999,20
34629,12452999,12453168,169
34630,12453168,12453234,66
34631,12453234,12453955,721
34632,12453955,12454829,874
34633,12454829,12455033,204
34634,12455033,12455037,4
34635,12455037,12455158,121
34636,12455158,12455387,229
34637,12455387,12455595,208
34638,12455595,12456094,499
34639,12456094,12456280,186
34640,12456280,12456523,243
34641,12456523,12456746,223
34642,12456746,12456774,28
34643,12456774,12457395,621
34644,12457395,12457447,52
34645,12457447,12457506,59
34646,12457506,12458119,613
34647,12458119,12458376,257
34648,12458376,12458505,129
34649,12458505,12459085,580
34650,12459085,12459141,56
34651,12459141,12459667,526
34652,12459667,12460363,696
34653,12460363,12460371,8
34654,12460371,12460521,150
34655,12460521,12461403,882
34656,12461403,12461478,75
34657,12461478,12461560,82
34658,12461560,12461768,208
34659,12463603,12463620,17
34660,12463620,12464536,916
34661,12464536,12465124,588
34662,12465124,12466252,1128
34663,12466252,12467450,1198
34664,12467450,12468043,593
34665,12468043,12468255,212
34666,12468255,12468411,156
34667,12468411,12469506,1095
34668,12469506,12469615,109
34669,12469615,12469921,306
34670,12469921,12470034,113
34671,12470034,12471050,1016
34672,12471050,12471860,810
34673,12471860,12472307,447
34674,12472307,12473454,1147
34675,12473454,12473527,73
34676,12473527,12473555,28
34677,12473555,12474632,1077
34678,12474632,12474646,14
34679,12474646,12474667,21
34680,12474667,12474890,223
34681,12474890,12475028,138
34682,12475028,12475096,68
34683,12475096,12475638,542
34684,12475638,12475786,148
34685,12475786,12475826,40
34686,12475826,12475954,128
34687,12475954,12475989,35
34688,12475989,12476010,21
34689,12476010,12476019,9
34690,12476019,12476025,6
34691,12476025,12476119,94
34692,12476119,12476240,121
34693,12476240,12477638,1398
34694,12477638,12478638,1000
34695,12478638,12478699,61
34696,12478699,12479125,426
34697,12479125,12479473,348
34698,12479473,12479479,6
34699,12479479,12479557,78
34700,12479557,12480088,531
34701,12480088,12480206,118
34702,12480206,12480632,426
34703,12480632,12480856,224
34704,12480856,12480999,143
34705,12480999,12481287,288
34706,12481287,12481621,334
34707,12481621,12481708,87
34708,12481708,12481882,174
34709,12481882,12482800,918
34710,12482800,12482804,4
34711,12482804,12482808,4
34712,12482808,12482816,8
34713,12482816,12482866,50
34714,12482866,12483415,549
34715,12483415,12483420,5
34716,12483420,12483504,84
34717,12483504,12484628,1124
34718,12484628,12484659,31
34719,12484659,12484842,183
34720,12484842,12484942,100
34721,12484942,12484954,12
34722,12484954,12485172,218
34723,12485172,12486081,909
34724,12486081,12486089,8
34725,12486089,12486102,13
34726,12486102,12486144,42
34727,12486144,12486627,483
34728,12486627,12486634,7
34729,12486634,12487169,535
34730,12487169,12487762,593
34731,12487762,12487828,66
34732,12487828,12487880,52
34733,12487880,12488168,288
34734,12488168,12488479,311
34735,12488479,12488681,202
34736,12488681,12488744,63
34737,12488744,12488751,7
34738,12488751,12489146,395
34739,12489146,12489444,298
34740,12489444,12490204,760
34741,12490204,12490211,7
34742,12490211,12490312,101
34743,12490312,12490330,18
34744,12490330,12490504,174
34745,12490504,12490523,19
34746,12490523,12490665,142
34747,12490665,12490886,221
34748,12490886,12490934,48
34749,12490934,12491358,424
34750,12491358,12491406,48
34751,12491406,12491490,84
34752,12491490,12491603,113
34753,12491603,12491619,16
34754,12491619,12491630,11
34755,12491630,12491714,84
34756,12491714,12491786,72
34757,12491786,12491790,4
34758,12491790,12491816,26
34759,12491816,12491973,157
34760,12491973,12492002,29
34761,12492002,12492120,118
34762,12492120,12492329,209
34763,12492329,12492407,78
34764,12492407,12492447,40
34765,12492447,12492549,102
34766,12492549,12492679,130
34767,12492679,12492726,47
34768,12492726,12492899,173
34769,12492899,12492928,29
34770,12492928,12493018,90
34771,12493018,12493211,193
34772,12493211,12493363,152
34773,12493363,12493722,359
34774,12493722,12494530,808
34775,12494530,12494609,79
34776,12494609,12494688,79
34777,12494688,12494998,310
34778,12494998,12495024,26
34779,12495024,12495372,348
34780,12495372,12495520,148
34781,12495520,12495540,20
34782,12495540,12495594,54
34783,12495594,12495633,39
34784,12495633,12495891,258
34785,12495891,12496125,234
34786,12496125,12496191,66
34787,12496191,12496388,197
34788,12496388,12496497,109
34789,12496497,12497449,952
34790,12497449,12497637,188
34791,12497637,12498396,759
34792,12498396,12498451,55
34793,12498451,12498661,210
34794,12498661,12499196,535
34795,12499196,12499322,126
34796,12499322,12499369,47
34797,12499369,12499552,183
34798,12499552,12499943,391
34799,12499943,12500458,515
34800,12500458,12500756,298
34801,12500756,12501882,1126
34802,12501882,12501886,4
34803,12501886,12502214,328
34804,12502214,12502221,7
34805,12502221,12502485,264
34806,12502485,12502519,34
34807,12502519,12502542,23
34808,12502542,12503077,535
34809,12503077,12503620,543
34810,12503620,12503713,93
34811,12503713,12503843,130
34812,12503843,12503848,5
34813,12503848,12503853,5
34814,12503853,12503858,5
34815,12503858,12503868,10
34816,12506425,12506825,400
34817,12506825,12507260,435
34818,12507260,12507290,30
34819,12507290,12507662,372
34820,12507662,12508412,750
34821,12508412,12509004,592
34822,12509004,12509683,679
34823,12509683,12509719,36
34824,12509719,12509724,5
34825,12509724,12509799,75
34826,12509799,12509864,65
34827,12509864,12510368,504
34828,12510368,12510383,15
34829,12510383,12510703,320
34830,12510703,12510733,30
34831,12510733,12510751,18
34832,12510751,12511004,253
34833,12511004,12511565,561
34834,12511565,12511581,16
34835,12511581,12514016,2435
34836,12514016,12514033,17
34837,12514033,12514196,163
34838,12514196,12514276,80
34839,12514276,12514489,213
34840,12514489,12514515,26
34841,12514515,12514581,66
34842,12514581,12514663,82
34843,12514663,12514681,18
34844,12514681,12514881,200
34845,12514881,12515001,120
34846,12515001,12515208,207
34847,12515208,12515434,226
34848,12515434,12515475,41
34849,12515475,12515954,479
34850,12515954,12516013,59
34851,12516013,12516049,36
34852,12516049,12516189,140
34853,12516189,12516879,690
34854,12516879,12517893,1014
34855,12517893,12517898,5
34856,12517898,12517903,5
34857,12517903,12517908,5
34858,12517908,12517930,22
34859,12517930,12517935,5
34860,12517935,12517940,5
34861,12517940,12517945,5
34862,12517945,12517950,5
34863,12517950,12517965,15
34864,12517965,12518517,552
34865,12518517,12519005,488
34866,12519005,12519062,57
34867,12519062,12519207,145
34868,12519207,12519281,74
34869,12519281,12519436,155
34870,12519436,12519505,69
34871,12519505,12519752,247
34872,12519752,12519817,65
34873,12519817,12519913,96
34874,12519913,12519933,20
34875,12519933,12519957,24
34876,12519957,12519963,6
34877,12519963,12520776,813
34878,12520776,12520800,24
34879,12520800,12520954,154
34880,12520954,12521032,78
34881,12521032,12521407,375
34882,12521407,12521422,15
34883,12521422,12521468,46
34884,12521468,12521698,230
34885,12521698,12522213,515
34886,12522213,12522474,261
34887,12522474,12523267,793
34888,12523267,12523784,517
34889,12523784,12524508,724
34890,12529555,12529757,202
34891,12529757,12530983,1226
34892,12533718,12534422,704
34893,12534422,12535566,1144
34894,12535566,12536462,896
34895,12536462,12537242,780
34896,12537242,12539445,2203
34897,12539445,12539529,84
34898,12539529,12540967,1438
34899,12540967,12542426,1459
34900,12542426,12542934,508
34901,12542934,12543155,221
34902,12543155,12544648,1493
34903,12544648,12544654,6
34904,12544654,12545160,506
34905,12545160,12545519,359
34906,12545519,12546057,538
34907,12546057,12549197,3140
34908,12549197,12551241,2044
34909,12551241,12551736,495
34910,12551736,12551934,198
34911,12551934,12552069,135
34912,12552069,12552375,306
34913,12552375,12552409,34
34914,12552409,12552611,202
34915,12552611,12553149,538
34916,12553149,12553218,69
34917,12553218,12553686,468
34918,12553686,12553704,18
34919,12553704,12553922,218
34920,12553922,12554037,115
34921,12554037,12554052,15
34922,12554052,12555029,977
34923,12555029,12555952,923
34924,12555952,12557603,1651
34925,12557603,12558730,1127
34926,12558730,12558822,92
34927,12558822,12560092,1270
34928,12560092,12560769,677
34929,12560769,12561247,478
34930,12564329,12564415,86
34931,12564415,12564499,84
34932,12564499,12565033,534
34933,12565033,12565900,867
34934,12565900,12566732,832
34935,12569082,12569440,358
34936,12569440,12569839,399
34937,12569839,12569935,96
34938,12569935,12570249,314
34939,12572536,12572589,53
34940,12572589,12572710,121
34941,12572710,12572748,38
34942,12572748,12573060,312
34943,12573060,12573378,318
34944,12573378,12573780,402
34945,12573780,12573930,150
34946,12573930,12574342,412
34947,12574342,12576561,2219
34948,12576561,12577694,1133
34949,12577694,12578127,433
34950,12578127,12578141,14
34951,12578141,12578397,256
34952,12578397,12580860,2463
34953,12580860,12581255,395
34954,12581255,12581260,5
34955,12581260,12581393,133
34956,12581393,12581549,156
34957,12581549,12581721,172
34958,12581721,12582426,705
34959,12582426,12582481,55
34960,12582481,12582639,158
34961,12582639,12583123,484
34962,12583123,12584692,1569
34963,12584692,12584788,96
34964,12584788,12585242,454
34965,12585242,12585613,371
34966,12585613,12586029,416
34967,12586029,12586141,112
34968,12586141,12586368,227
34969,12586368,12587284,916
34970,12587284,12587683,399
34971,12587683,12587695,12
34972,12587695,12587761,66
34973,12587761,12587875,114
34974,12587875,12587897,22
34975,12587897,12588150,253
34976,12588150,12588241,91
34977,12588241,12588373,132
34978,12588373,12588380,7
34979,12588380,12588640,260
34980,12588640,12588703,63
34981,12588703,12589021,318
34982,12589021,12589076,55
34983,12589076,12589710,634
34984,12589710,12589723,13
34985,12589723,12589962,239
34986,12589962,12590383,421
34987,12590383,12590471,88
34988,12590471,12590995,524
34989,12590995,12591196,201
34990,12591196,12593023,1827
34991,12593023,12593541,518
34992,12593541,12593877,336
34993,12593877,12594028,151
34994,12594028,12594050,22
34995,12594050,12594065,15
34996,12594065,12594299,234
34997,12594299,12594645,346
34998,12594645,12594792,147
34999,12594792,12594952,160
35000,12594952,12594979,27
35001,12594979,12595105,126
35002,12595105,12595440,335
35003,12595440,12595747,307
35004,12595747,12597344,1597
35005,12597344,12597544,200
35006,12597544,12598217,673
35007,12598217,12598576,359
35008,12598576,12598663,87
35009,12598663,12598939,276
35010,12598939,12599242,303
35011,12599242,12599485,243
35012,12599485,12599536,51
35013,12599536,12599557,21
35014,12599557,12599722,165
35015,12599722,12599783,61
35016,12599783,12599812,29
35017,12599812,12599818,6
35018,12599818,12599830,12
35019,12599830,12600005,175
35020,12600005,12600127,122
35021,12600127,12600255,128
35022,12600255,12600852,597
35023,12600852,12601390,538
35024,12601390,12601642,252
35025,12601642,12601700,58
35026,12601700,12601752,52
35027,12601752,12601812,60
35028,12601812,12602104,292
35029,12602104,12602149,45
35030,12602149,12602357,208
35031,12602357,12602769,412
35032,12602769,12602929,160
35033,12602929,12602997,68
35034,12602997,12603306,309
35035,12603306,12603330,24
35036,12603330,12603480,150
35037,12603480,12603552,72
35038,12603552,12603588,36
35039,12603588,12603909,321
35040,12603909,12603956,47
35041,12603956,12603969,13
35042,12603969,12604057,88
35043,12604057,12604107,50
35044,12604107,12604379,272
35045,12604379,12604394,15
35046,12604394,12604411,17
35047,12604411,12604422,11
35048,12604422,12604478,56
35049,12604478,12604680,202
35050,12604680,12604780,100
35051,12604780,12604929,149
35052,12604929,12605034,105
35053,12605034,12605136,102
35054,12605136,12605169,33
35055,12605169,12605196,27
35056,12605196,12605313,117
35057,12605313,12605617,304
35058,12605617,12605679,62
35059,12605679,12606460,781
35060,12606460,12606696,236
35061,12606696,12606714,18
35062,12606714,12606723,9
35063,12606723,12607221,498
35064,12607221,12607228,7
35065,12607228,12607296,68
35066,12607296,12607784,488
35067,12607784,12607871,87
35068,12607871,12608073,202
35069,12608073,12608191,118
35070,12608191,12608311,120
35071,12608311,12609264,953
35072,12609264,12609605,341
35073,12609605,12610066,461
35074,12610066,12610202,136
35075,12610202,12610249,47
35076,12610249,12610724,475
35077,12610724,12610931,207
35078,12610931,12610952,21
35079,12610952,12611225,273
35080,12611225,12611330,105
35081,12611330,12611367,37
35082,12611367,12612319,952
35083,12612319,12612530,211
35084,12612530,12612644,114
35085,12612644,12613443,799
35086,12613443,12614191,748
35087,12614191,12614206,15
35088,12614206,12614444,238
35089,12614444,12614558,114
35090,12614558,12614695,137
35091,12614695,12614934,239
35092,12614934,12615105,171
35093,12615105,12615298,193
35094,12615298,12615310,12
35095,12615310,12616413,1103
35096,12616413,12616490,77
35097,12616490,12616617,127
35098,12616617,12616665,48
35099,12616665,12616706,41
35100,12616706,12617728,1022
35101,12617728,12617845,117
35102,12617845,12619692,1847
35103,12619692,12619696,4
35104,12619696,12619834,138
35105,12619834,12619956,122
35106,12619956,12619987,31
35107,12619987,12620142,155
35108,12620142,12620222,80
35109,12620222,12620425,203
35110,12620425,12620601,176
35111,12620601,12621012,411
35112,12621012,12621245,233
35113,12621245,12621400,155
35114,12621400,12621404,4
35115,12621404,12621417,13
35116,12621417,12621701,284
35117,12621701,12622112,411
35118,12622112,12622274,162
35119,12622274,12623501,1227
35120,12623501,12624134,633
35121,12624134,12624252,118
35122,12624252,12624491,239
35123,12624491,12624640,149
35124,12624640,12624672,32
35125,12624672,12624681,9
35126,12624681,12624840,159
35127,12624840,12626010,1170
35128,12626010,12626150,140
35129,12626150,12627308,1158
35130,12627308,12627366,58
35131,12627366,12627458,92
35132,12627458,12627650,192
35133,12627650,12627675,25
35134,12627675,12627744,69
35135,12627744,12627823,79
35136,12627823,12627975,152
35137,12627975,12628089,114
35138,12628089,12629335,1246
35139,12629335,12629363,28
35140,12629363,12629480,117
35141,12629480,12629484,4
35142,12629484,12630003,519
35143,12630003,12630084,81
35144,12630084,12630182,98
35145,12630182,12630288,106
35146,12630288,12630342,54
35147,12630342,12630354,12
35148,12630354,12630503,149
35149,12630503,12630645,142
35150,12630645,12630857,212
35151,12630857,12631727,870
35152,12631727,12631732,5
35153,12633860,12635697,1837
35154,12635697,12636262,565
35155,12636262,12636512,250
35156,12636512,12636583,71
35157,12636583,12637476,893
35158,12637476,12638202,726
35159,12638202,12638690,488
35160,12638690,12638696,6
35161,12638696,12638756,60
35162,12638756,12639415,659
35163,12639415,12639446,31
35164,12639446,12639960,514
35165,12639960,12640740,780
35166,12640740,12640758,18
35167,12640758,12640819,61
35168,12640819,12640833,14
35169,12640833,12641068,235
35170,12641068,12641743,675
35171,12641743,12641793,50
35172,12641793,12642140,347
35173,12642140,12642203,63
35174,12642203,12642274,71
35175,12642274,12642478,204
35176,12642478,12642620,142
35177,12642620,12643605,985
35178,12643605,12643859,254
35179,12643859,12644026,167
35180,12644026,12644189,163
35181,12644189,12644592,403
35182,12644592,12644789,197
35183,12644789,12645149,360
35184,12645149,12645159,10
35185,12645159,12645225,66
35186,12645225,12646158,933
35187,12646158,12646337,179
35188,12646337,12646472,135
35189,12646472,12646498,26
35190,12646498,12647243,745
35191,12647243,12647564,321
35192,12647564,12647588,24
35193,12647588,12647602,14
35194,12647602,12647975,373
35195,12647975,12648535,560
35196,12648535,12648701,166
35197,12648701,12648710,9
35198,12648710,12648753,43
35199,12648753,12648959,206
35200,12648959,12649996,1037
35201,12649996,12650239,243
35202,12650239,12650712,473
35203,12650712,12651133,421
35204,12651133,12651139,6
35205,12651139,12651234,95
35206,12651234,12651502,268
35207,12651502,12651542,40
35208,12651542,12651594,52
35209,12651594,12651625,31
35210,12651625,12651866,241
35211,12651866,12651991,125
35212,12651991,12652445,454
35213,12652445,12652474,29
35214,12652474,12652847,373
35215,12652847,12652870,23
35216,12652870,12652881,11
35217,12652881,12652902,21
35218,12652902,12652973,71
35219,12652973,12653046,73
35220,12653046,12653866,820
35221,12653866,12654014,148
35222,12654014,12654216,202
35223,12654216,12654675,459
35224,12654675,12655006,331
35225,12655006,12655302,296
35226,12655302,12655383,81
35227,12655383,12655601,218
35228,12655601,12655666,65
35229,12655666,12655771,105
35230,12655771,12655802,31
35231,12655802,12655873,71
35232,12655873,12656011,138
35233,12656011,12656480,469
35234,12656480,12656784,304
35235,12656784,12657965,1181
35236,12657965,12658360,395
35237,12658360,12658708,348
35238,12658708,12659451,743
35239,12659451,12659617,166
35240,12659617,12660093,476
35241,12660093,12661675,1582
35242,12661675,12661801,126
35243,12661801,12661890,89
35244,12663562,12663686,124
35245,12663686,12663894,208
35246,12663894,12663899,5
35247,12663899,12664021,122
35248,12664021,12664697,676
35249,12664697,12665757,1060
35250,12665757,12666120,363
35251,12666120,12666457,337
35252,12666457,12666517,60
35253,12666517,12666885,368
35254,12666885,12666928,43
35255,12666928,12666949,21
35256,12666949,12667246,297
35257,12667246,12667382,136
35258,12667382,12667397,15
35259,12667397,12667414,17
35260,12667414,12668591,1177
35261,12668591,12668601,10
35262,12668601,12668617,16
35263,12668617,12668994,377
35264,12668994,12669000,6
35265,12669000,12669006,6
35266,12669006,12669373,367
35267,12669373,12669771,398
35268,12669771,12671151,1380
35269,12671151,12671650,499
35270,12671650,12671734,84
35271,12671734,12671783,49
35272,12671783,12671793,10
35273,12671793,12671800,7
35274,12671800,12672127,327
35275,12672127,12672275,148
35276,12672275,12672314,39
35277,12672314,12672565,251
35278,12672565,12673042,477
35279,12673042,12673210,168
35280,12673210,12674002,792
35281,12674002,12674838,836
35282,12674838,12675920,1082
35283,12675920,12677742,1822
35284,12677742,12677817,75
35285,12677817,12678773,956
35286,12678773,12678797,24
35287,12678797,12678966,169
35288,12678966,12679082,116
35289,12679082,12679510,428
35290,12679510,12679661,151
35291,12679661,12680193,532
35292,12680193,12680370,177
35293,12680370,12680567,197
35294,12680567,12680785,218
35295,12680785,12681057,272
35296,12681057,12682155,1098
35297,12682155,12683113,958
35298,12683113,12683687,574
35299,12683687,12683819,132
35300,12683819,12684313,494
35301,12684313,12684831,518
35302,12684831,12684845,14
35303,12684845,12684956,111
35304,12684956,12686095,1139
35305,12686095,12686646,551
35306,12686646,12687851,1205
35307,12687851,12688098,247
35308,12688098,12688356,258
35309,12688356,12688564,208
35310,12688564,12688716,152
35311,12688716,12688761,45
35312,12688761,12688852,91
35313,12688852,12688881,29
35314,12688881,12688926,45
35315,12688926,12688957,31
35316,12688957,12688998,41
35317,12688998,12689022,24
35318,12689022,12689114,92
35319,12689114,12689138,24
35320,12689138,12689303,165
35321,12689303,12689392,89
35322,12689392,12689477,85
35323,12689477,12689573,96
35324,12689573,12689702,129
35325,12689702,12689813,111
35326,12689813,12689828,15
35327,12689828,12689914,86
35328,12689914,12690302,388
35329,12690302,12690607,305
35330,12690607,12691472,865
35331,12691472,12691495,23
35332,12691495,12691516,21
35333,12691516,12691807,291
35334,12691807,12692150,343
35335,12692150,12692713,563
35336,12692713,12692765,52
35337,12692765,12692968,203
35338,12692968,12693077,109
35339,12693077,12693161,84
35340,12693161,12693224,63
35341,12693224,12693577,353
35342,12693577,12694907,1330
35343,12694907,12695094,187
35344,12695094,12695899,805
35345,12695899,12696370,471
35346,12701623,12702689,1066
35347,12702689,12702706,17
35348,12702706,12702723,17
35349,12702723,12703372,649
35350,12703372,12704605,1233
35351,12704605,12705657,1052
35352,12705657,12706623,966
35353,12706623,12706668,45
35354,12706668,12706838,170
35355,12706838,12706970,132
35356,12706970,12707503,533
35357,12707503,12707750,247
35358,12707750,12708004,254
35359,12708004,12708010,6
35360,12708010,12708419,409
35361,12708419,12708540,121
35362,12708540,12709407,867
35363,12709407,12710099,692
35364,12710099,12710385,286
35365,12710385,12710578,193
35366,12710578,12711034,456
35367,12711034,12711426,392
35368,12711426,12711673,247
35369,12711673,12712338,665
35370,12712338,12712544,206
35371,12712544,12712591,47
35372,12712591,12712602,11
35373,12712602,12712773,171
35374,12712773,12713032,259
35375,12713032,12713085,53
35376,12713085,12713203,118
35377,12713203,12713238,35
35378,12713238,12713688,450
35379,12713688,12713829,141
35380,12713829,12714021,192
35381,12714021,12714546,525
35382,12714546,12715615,1069
35383,12715615,12715891,276
35384,12715891,12715986,95
35385,12715986,12716265,279
35386,12718581,12719504,923
35387,12719504,12720241,737
35388,12720241,12720340,99
35389,12720340,12721946,1606
35390,12721946,12722312,366
35391,12722312,12722345,33
35392,12722345,12722521,176
35393,12722521,12722685,164
35394,12722685,12722692,7
35395,12722692,12724183,1491
35396,12724183,12724190,7
35397,12724190,12724709,519
35398,12724709,12724853,144
35399,12724853,12725039,186
35400,12725039,12725989,950
35401,12725989,12725998,9
35402,12725998,12728480,2482
35403,12728480,12729535,1055
35404,12731876,12732787,911
35405,12732787,12732877,90
35406,12732877,12733687,810
35407,12733687,12735268,1581
35408,12735268,12735393,125
35409,12735393,12735792,399
35410,12735792,12736696,904
35411,12736696,12737048,352
35412,12737048,12738898,1850
35413,12738898,12739432,534
35414,12739432,12739905,473
35415,12739905,12740865,960
35416,12740865,12740912,47
35417,12740912,12742671,1759
35418,12742671,12743749,1078
35419,12743749,12743862,113
35420,12743862,12745174,1312
35421,12745174,12745374,200
35422,12745374,12745453,79
35423,12745453,12745545,92
35424,12745545,12745699,154
35425,12745699,12745873,174
35426,12745873,12745939,66
35427,12745939,12746489,550
35428,12746489,12746732,243
35429,12746732,12746751,19
35430,12746751,12746970,219
35431,12746970,12746994,24
35432,12746994,12747290,296
35433,12747290,12747333,43
35434,12747333,12747356,23
35435,12747356,12747525,169
35436,12747525,12747918,393
35437,12751587,12753726,2139
35438,12753726,12753823,97
35439,12753823,12754046,223
35440,12754046,12754904,858
35441,12754904,12754990,86
35442,12754990,12755564,574
35443,12755564,12755574,10
35444,12755574,12757917,2343
35445,12757917,12757939,22
35446,12757939,12757950,11
35447,12757950,12757967,17
35448,12757967,12758337,370
35449,12758337,12758360,23
35450,12758360,12758463,103
35451,12758463,12758536,73
35452,12758536,12758762,226
35453,12758762,12758923,161
35454,12758923,12758982,59
35455,12758982,12759315,333
35456,12759315,12759404,89
35457,12759404,12759642,238
35458,12759642,12759757,115
35459,12759757,12759777,20
35460,12759777,12759813,36
35461,12759813,12759855,42
35462,12759855,12760259,404
35463,12760259,12760686,427
35464,12760686,12761036,350
35465,12761036,12761042,6
35466,12761042,12761234,192
35467,12761234,12762159,925
35468,12762159,12762483,324
35469,12762483,12762539,56
35470,12762539,12762763,224
35471,12762763,12763109,346
35472,12763109,12763135,26
35473,12763135,12763234,99
35474,12763234,12763253,19
35475,12763253,12763336,83
35476,12763336,12763389,53
35477,12763389,12763492,103
35478,12763492,12764052,560
35479,12764052,12765069,1017
35480,12765069,12765448,379
35481,12765448,12766530,1082
35482,12766530,12766974,444
35483,12766974,12767116,142
35484,12767116,12767123,7
35485,12767123,12767165,42
35486,12767165,12767300,135
35487,12767300,12768457,1157
35488,12768457,12768481,24
35489,12768481,12769324,843
35490,12769324,12769592,268
35491,12769592,12770027,435
35492,12770027,12770183,156
35493,12770183,12771385,1202
35494,12771385,12772085,700
35495,12772085,12772666,581
35496,12772666,12773098,432
35497,12773098,12773422,324
35498,12773422,12774157,735
35499,12774157,12774247,90
35500,12774247,12774468,221
35501,12774468,12774567,99
35502,12774567,12774695,128
35503,12774695,12774739,44
35504,12774739,12775111,372
35505,12775111,12775570,459
35506,12775570,12775970,400
35507,12775970,12776227,257
35508,12776227,12776457,230
35509,12776457,12776642,185
35510,12776642,12776894,252
35511,12776894,12777084,190
35512,12777084,12777353,269
35513,12777353,12778613,1260
35514,12781033,12781864,831
35515,12781864,12782138,274
35516,12782138,12782266,128
35517,12782266,12782515,249
35518,12782515,12783033,518
35519,12783033,12783784,751
35520,12783784,12784059,275
35521,12784059,12785299,1240
35522,12785299,12786333,1034
35523,12786333,12786347,14
35524,12786347,12786424,77
35525,12786424,12786429,5
35526,12786429,12786606,177
35527,12786606,12786774,168
35528,12786774,12786853,79
35529,12786853,12786893,40
35530,12786893,12787649,756
35531,12787649,12787662,13
35532,12787662,12788028,366
35533,12788028,12788173,145
35534,12788173,12788438,265
35535,12788438,12788622,184
35536,12788622,12788632,10
35537,12788632,12788720,88
35538,12788720,12789496,776
35539,12789496,12791064,1568
35540,12791064,12792058,994
35541,12792058,12792331,273
35542,12792331,12792678,347
35543,12792678,12792734,56
35544,12792734,12792849,115
35545,12792849,12793720,871
35546,12793720,12793727,7
35547,12793727,12793784,57
35548,12793784,12794236,452
35549,12794236,12794372,136
35550,12794372,12794378,6
35551,12799761,12800172,411
35552,12800172,12800735,563
35553,12800735,12801727,992
35554,12801727,12801745,18
35555,12801745,12801912,167
35556,12801912,12802134,222
35557,12802134,12802229,95
35558,12802229,12802237,8
35559,12802237,12802265,28
35560,12802265,12802516,251
35561,12802516,12802616,100
35562,12802616,12802841,225
35563,12802841,12802964,123
35564,12802964,12803099,135
35565,12807102,12807165,63
35566,12807165,12807576,411
35567,12807576,12807710,134
35568,12807710,12807824,114
35569,12807824,12807963,139
35570,12807963,12808470,507
35571,12808470,12809601,1131
35572,12809601,12810716,1115
35573,12810716,12811976,1260
35574,12811976,12812544,568
35575,12812544,12812725,181
35576,12812725,12813219,494
35577,12813219,12813757,538
35578,12813757,12813860,103
35579,12813860,12815234,1374
35580,12815234,12815937,703
35581,12815937,12816116,179
35582,12816116,12817592,1476
35583,12817592,12817930,338
35584,12817930,12818285,355
35585,12818285,12819671,1386
35586,12819671,12819814,143
35587,12819814,12820299,485
35588,12820299,12821135,836
35589,12821135,12821598,463
35590,12821598,12823537,1939
35591,12823537,12823917,380
35592,12823917,12825686,1769
35593,12827831,12828123,292
35594,12828123,12828876,753
35595,12828876,12829698,822
35596,12829698,12829800,102
35597,12829800,12830460,660
35598,12830460,12830483,23
35599,12830483,12830789,306
35600,12830789,12830804,15
35601,12830804,12830957,153
35602,12830957,12830964,7
35603,12830964,12830982,18
35604,12830982,12831270,288
35605,12831270,12832820,1550
35606,12832820,12833455,635
35607,12833455,12833684,229
35608,12833684,12833691,7
35609,12835043,12836127,1084
35610,12836127,12836483,356
35611,12836483,12837453,970
35612,12837453,12837744,291
35613,12837744,12838275,531
35614,12838275,12840478,2203
35615,12840478,12841097,619
35616,12841097,12841102,5
35617,12841102,12841107,5
35618,12841107,12842853,1746
35619,12842853,12844037,1184
35620,12844037,12844653,616
35621,12844653,12845632,979
35622,12845632,12845776,144
35623,12850041,12850457,416
35624,12850457,12852395,1938
35625,12854107,12854678,571
35626,12854678,12855135,457
35627,12855135,12855922,787
35628,12855922,12855976,54
35629,12855976,12856191,215
35630,12856191,12856816,625
35631,12856816,12857027,211
35632,12857027,12857119,92
35633,12857119,12857130,11
35634,12857130,12857187,57
35635,12857187,12857229,42
35636,12857229,12857782,553
35637,12857782,12857833,51
35638,12857833,12858795,962
35639,12862424,12862582,158
35640,12862582,12863898,1316
35641,12863898,12864062,164
35642,12864062,12865018,956
35643,12865018,12865804,786
35644,12865804,12866216,412
35645,12866216,12866230,14
35646,12866230,12866313,83
35647,12866313,12866752,439
35648,12866752,12867612,860
35649,12867612,12868262,650
35650,12868262,12868311,49
35651,12870458,12871138,680
35652,12871138,12871686,548
35653,12871686,12872261,575
35654,12872261,12872581,320
35655,12874918,12875943,1025
35656,12875943,12876668,725
35657,12876668,12877507,839
35658,12877507,12878764,1257
35659,12878764,12879017,253
35660,12879017,12879053,36
35661,12879053,12879271,218
35662,12879271,12879602,331
35663,12879602,12882175,2573
35664,12882175,12882326,151
35665,12882326,12882775,449
35666,12882775,12883425,650
35667,12883425,12883916,491
35668,12883916,12885077,1161
35669,12885077,12885239,162
35670,12885239,12887203,1964
35671,12887203,12887977,774
35672,12887977,12888790,813
35673,12888790,12888820,30
35674,12888820,12888967,147
35675,12888967,12889067,100
35676,12889067,12889189,122
35677,12889189,12889348,159
35678,12889348,12889515,167
35679,12889515,12889909,394
35680,12889909,12890365,456
35681,12890365,12891216,851
35682,12891216,12891311,95
35683,12891311,12891663,352
35684,12891663,12891910,247
35685,12891910,12892121,211
35686,12892121,12892129,8
35687,12892129,12892357,228
35688,12892357,12892696,339
35689,12892696,12893457,761
35690,12893457,12893541,84
35691,12893541,12893596,55
35692,12893596,12893617,21
35693,12893617,12894025,408
35694,12894025,12894133,108
35695,12894133,12894324,191
35696,12894324,12894336,12
35697,12894336,12894950,614
35698,12894950,12895140,190
35699,12895140,12895235,95
35700,12895235,12895266,31
35701,12895266,12895483,217
35702,12895483,12896005,522
35703,12896005,12896395,390
35704,12896395,12896909,514
35705,12896909,12897146,237
35706,12897146,12897255,109
35707,12897255,12897373,118
35708,12897373,12897833,460
35709,12897833,12897918,85
35710,12897918,12898151,233
35711,12898151,12898199,48
35712,12898199,12898275,76
35713,12898275,12898342,67
35714,12898342,12898504,162
35715,12898504,12899127,623
35716,12899127,12899256,129
35717,12899256,12899316,60
35718,12899316,12899369,53
35719,12899369,12899526,157
35720,12899526,12899592,66
35721,12899592,12899635,43
35722,12899635,12899673,38
35723,12899673,12899824,151
35724,12899824,12900070,246
35725,12900070,12900504,434
35726,12900504,12900904,400
35727,12900904,12900944,40
35728,12900944,12901017,73
35729,12901017,12901450,433
35730,12901450,12901619,169
35731,12901619,12901716,97
35732,12901716,12901733,17
35733,12901733,12901962,229
35734,12901962,12902344,382
35735,12902344,12902378,34
35736,12902378,12902575,197
35737,12902575,12902701,126
35738,12902701,12902773,72
35739,12902773,12904381,1608
35740,12904381,12904554,173
35741,12904554,12904713,159
35742,12904713,12904886,173
35743,12904886,12904982,96
35744,12904982,12905747,765
35745,12905747,12906169,422
35746,12906169,12906332,163
35747,12906332,12906379,47
35748,12906379,12906775,396
35749,12906775,12906790,15
35750,12906790,12907604,814
35751,12907604,12907653,49
35752,12907653,12908440,787
35753,12908440,12908615,175
35754,12908615,12909025,410
35755,12909025,12910296,1271
35756,12910296,12910379,83
35757,12910379,12910391,12
35758,12910391,12910482,91
35759,12910482,12910528,46
35760,12910528,12910652,124
35761,12910652,12910751,99
35762,12910751,12911109,358
35763,12911109,12911411,302
35764,12911411,12911438,27
35765,12911438,12911607,169
35766,12911607,12911797,190
35767,12911797,12913460,1663
35768,12916534,12917871,1337
35769,12917871,12917924,53
35770,12917924,12918001,77
35771,12918001,12918227,226
35772,12918227,12918366,139
35773,12918366,12918649,283
35774,12918649,12918741,92
35775,12918741,12919635,894
35776,12919635,12919645,10
35777,12919645,12922370,2725
35778,12922370,12923470,1100
35779,12923470,12923777,307
35780,12923777,12924598,821
35781,12924598,12924828,230
35782,12924828,12925929,1101
35783,12925929,12926455,526
35784,12926455,12927292,837
35785,12927292,12927330,38
35786,12927330,12927334,4
35787,12927334,12927849,515
35788,12927849,12927887,38
35789,12930666,12931264,598
35790,12931264,12931649,385
35791,12931649,12932763,1114
35792,12932763,12933530,767
35793,12933530,12933954,424
35794,12933954,12935408,1454
35795,12935408,12935883,475
35796,12935883,12936424,541
35797,12936424,12937187,763
35798,12937187,12937457,270
35799,12937457,12938360,903
35800,12938360,12938791,431
35801,12938791,12939259,468
35802,12939259,12939602,343
35803,12939602,12940125,523
35804,12940125,12940268,143
35805,12940268,12940557,289
35806,12940557,12941776,1219
35807,12941776,12942207,431
35808,12942207,12942434,227
35809,12942434,12942444,10
35810,12942444,12942700,256
35811,12942700,12942784,84
35812,12942784,12943544,760
35813,12943544,12943615,71
35814,12943615,12943767,152
35815,12943767,12944348,581
35816,12944348,12945026,678
35817,12945026,12945184,158
35818,12945184,12945227,43
35819,12945227,12945330,103
35820,12945330,12945337,7
35821,12945337,12945531,194
35822,12945531,12945568,37
35823,12945568,12945573,5
35824,12945573,12946038,465
35825,12946038,12946858,820
35826,12946858,12947038,180
35827,12947038,12947054,16
35828,12947054,12947345,291
35829,12947345,12948391,1046
35830,12948391,12949373,982
35831,12949373,12949560,187
35832,12949560,12949749,189
35833,12949749,12949821,72
35834,12949821,12951042,1221
35835,12951042,12951280,238
35836,12951280,12951654,374
35837,12951654,12951672,18
35838,12951672,12951786,114
35839,12951786,12952093,307
35840,12952093,12952625,532
35841,12952625,12954036,1411
35842,12954036,12955167,1131
35843,12955167,12956753,1586
35844,12956753,12956863,110
35845,12956863,12957207,344
35846,12957207,12959244,2037
35847,12959244,12960013,769
35848,12960013,12960580,567
35849,12960580,12960746,166
35850,12963182,12963309,127
35851,12963309,12964245,936
35852,12964245,12964907,662
35853,12964907,12964979,72
35854,12964979,12965970,991
35855,12965970,12967069,1099
35856,12967069,12967121,52
35857,12967121,12967992,871
35858,12967992,12969169,1177
35859,12969169,12969355,186
35860,12969355,12970841,1486
35861,12970841,12971042,201
35862,12971042,12971097,55
35863,12971097,12971685,588
35864,12971685,12971703,18
35865,12971703,12971721,18
35866,12971721,12971739,18
35867,12971739,12972679,940
35868,12972679,12973558,879
35869,12973558,12973574,16
35870,12973574,12973826,252
35871,12973826,12974315,489
35872,12974315,12974331,16
35873,12974331,12974577,246
35874,12974577,12974952,375
35875,12974952,12976089,1137
35876,12976089,12976255,166
35877,12976255,12976525,270
35878,12976525,12977185,660
35879,12977185,12977660,475
35880,12977660,12978014,354
35881,12978014,12978274,260
35882,12978274,12979244,970
35883,12979244,12980581,1337
35884,12980581,12980976,395
35885,12980976,12982804,1828
35886,12982804,12983034,230
35887,12983034,12983123,89
35888,12983123,12983319,196
35889,12983319,12984402,1083
35890,12984402,12984651,249
35891,12984651,12984700,49
35892,12984700,12984892,192
35893,12984892,12985239,347
35894,12985239,12985480,241
35895,12985480,12985887,407
35896,12985887,12986007,120
35897,12986007,12987481,1474
35898,12987481,12987921,440
35899,12987921,12988010,89
35900,12988010,12988967,957
35901,12988967,12989059,92
35902,12989059,12989437,378
35903,12989437,12991436,1999
35904,12991436,12991611,175
35905,12991611,12992098,487
35906,12992098,12992947,849
35907,12992947,12993140,193
35908,12993140,12993146,6
35909,12993146,12993465,319
35910,12993465,12993559,94
35911,12993559,12993705,146
35912,12993705,12994385,680
35913,12994385,12995086,701
35914,12995086,12995719,633
35915,12995719,12996155,436
35916,12996155,12996257,102
35917,12996257,12997234,977
35918,12997234,12997292,58
35919,12997292,12997667,375
35920,12997667,12997935,268
35921,12997935,12997976,41
35922,12997976,12999010,1034
35923,12999010,12999654,644
35924,12999654,13000190,536
35925,13000190,13000416,226
35926,13000416,13001255,839
35927,13001255,13002952,1697
35928,13002952,13003656,704
35929,13003656,13004206,550
35930,13004206,13004324,118
35931,13004324,13004579,255
35932,13004579,13004602,23
35933,13004602,13005824,1222
35934,13011224,13011989,765
35935,13011989,13013597,1608
35936,13013597,13013668,71
35937,13013668,13014927,1259
35938,13014927,13015260,333
35939,13015260,13017008,1748
35940,13017008,13017124,116
35941,13017124,13018103,979
35942,13018103,13018925,822
35943,13022369,13022395,26
35944,13022395,13022484,89
35945,13022484,13022538,54
35946,13022538,13022581,43
35947,13022581,13023516,935
35948,13023516,13024584,1068
35949,13024584,13026074,1490
35950,13026074,13027247,1173
35951,13027247,13028722,1475
35952,13028722,13029007,285
35953,13029007,13029318,311
35954,13029318,13029526,208
35955,13029526,13031046,1520
35956,13031046,13031114,68
35957,13031114,13031538,424
35958,13031538,13031802,264
35959,13031802,13032334,532
35960,13032334,13032355,21
35961,13032355,13032447,92
35962,13032447,13032649,202
35963,13032649,13032713,64
35964,13032713,13033255,542
35965,13033255,13033454,199
35966,13033454,13033532,78
35967,13033532,13033758,226
35968,13033758,13033863,105
35969,13033863,13033867,4
35970,13033867,13033933,66
35971,13033933,13033942,9
35972,13033942,13033977,35
35973,13033977,13034072,95
35974,13034072,13034733,661
35975,13034733,13035027,294
35976,13035027,13035456,429
35977,13035456,13036348,892
35978,13036348,13036899,551
35979,13036899,13037099,200
35980,13037099,13037392,293
35981,13037392,13038735,1343
35982,13038735,13039650,915
35983,13039650,13039658,8
35984,13039658,13040214,556
35985,13040214,13041087,873
35986,13041087,13042631,1544
35987,13042631,13042805,174
35988,13045859,13047866,2007
35989,13047866,13048224,358
35990,13048224,13048450,226
35991,13048450,13049038,588
35992,13049038,13049347,309
35993,13049347,13050222,875
35994,13050222,13050403,181
35995,13050403,13050724,321
35996,13050724,13050965,241
35997,13053557,13053578,21
35998,13053578,13053654,76
35999,13053654,13053668,14
36000,13053668,13053690,22
36001,13053690,13053971,281
36002,13053971,13054007,36
36003,13054007,13054274,267
36004,13054274,13054699,425
36005,13054699,13055200,501
36006,13055200,13056098,898
36007,13056098,13057782,1684
36008,13057782,13058554,772
36009,13058554,13058835,281
36010,13058835,13058906,71
36011,13058906,13059658,752
36012,13059658,13059949,291
36013,13059949,13059958,9
36014,13059958,13061056,1098
36015,13061056,13062231,1175
36016,13062231,13062236,5
36017,13062236,13062710,474
36018,13062710,13062936,226
36019,13064446,13064916,470
36020,13064916,13066064,1148
36021,13066064,13066326,262
36022,13066326,13066878,552
36023,13066878,13066972,94
36024,13066972,13068098,1126
36025,13068098,13068119,21
36026,13068119,13068225,106
36027,13068225,13068388,163
36028,13068388,13068515,127
36029,13068515,13068635,120
36030,13068635,13068681,46
36031,13068681,13068764,83
36032,13068764,13068883,119
36033,13068883,13068961,78
36034,13068961,13069135,174
36035,13069135,13069178,43
36036,13069178,13069662,484
36037,13069662,13069727,65
36038,13069727,13069744,17
36039,13069744,13069821,77
36040,13069821,13071635,1814
36041,13071635,13071783,148
36042,13071783,13072268,485
36043,13072268,13072286,18
36044,13072286,13072812,526
36045,13072812,13073391,579
36046,13073391,13073463,72
36047,13073463,13073974,511
36048,13073974,13074506,532
36049,13074506,13074551,45
36050,13074551,13074936,385
36051,13074936,13075020,84
36052,13075020,13075168,148
36053,13075168,13075185,17
36054,13075185,13075402,217
36055,13075402,13075438,36
36056,13075438,13076202,764
36057,13076202,13077092,890
36058,13077092,13077528,436
36059,13077528,13077600,72
36060,13077600,13077742,142
36061,13077742,13078745,1003
36062,13078745,13078938,193
36063,13078938,13080141,1203
36064,13080141,13080186,45
36065,13080186,13080211,25
36066,13080211,13080433,222
36067,13080433,13080504,71
36068,13080504,13080737,233
36069,13080737,13080758,21
36070,13080758,13081013,255
36071,13081013,13081667,654
36072,13081667,13082116,449
36073,13082116,13082434,318
36074,13082434,13082672,238
36075,13082672,13082727,55
36076,13082727,13083032,305
36077,13083032,13083038,6
36078,13083038,13083044,6
36079,13083044,13083056,12
36080,13083056,13083073,17
36081,13083073,13083381,308
36082,13083381,13083385,4
36083,13083385,13083599,214
36084,13083599,13083672,73
36085,13083672,13083899,227
36086,13083899,13084732,833
36087,13084732,13084883,151
36088,13084883,13084955,72
36089,13084955,13085565,610
36090,13085565,13085576,11
36091,13085576,13085608,32
36092,13085608,13085728,120
36093,13085728,13085767,39
36094,13085767,13085950,183
36095,13085950,13086245,295
36096,13086245,13086358,113
36097,13086358,13086436,78
36098,13086436,13086474,38
36099,13086474,13086513,39
36100,13086513,13086673,160
36101,13086673,13086745,72
36102,13086745,13086759,14
36103,13086759,13086828,69
36104,13086828,13086892,64
36105,13086892,13087033,141
36106,13087033,13088836,1803
36107,13088836,13088934,98
36108,13088934,13088965,31
36109,13088965,13088980,15
36110,13088980,13089298,318
36111,13089298,13089549,251
36112,13089549,13089686,137
36113,13089686,13089749,63
36114,13089749,13090356,607
36115,13090356,13091187,831
36116,13091187,13091267,80
36117,13091267,13091277,10
36118,13091277,13091282,5
36119,13091282,13091695,413
36120,13091695,13091702,7
36121,13091702,13091844,142
36122,13091844,13091969,125
36123,13091969,13092174,205
36124,13092174,13092198,24
36125,13092198,13092350,152
36126,13092350,13092354,4
36127,13092354,13092419,65
36128,13092419,13092524,105
36129,13092524,13092604,80
36130,13092604,13093092,488
36131,13093092,13093348,256
36132,13093348,13094659,1311
36133,13094659,13094815,156
36134,13094815,13094896,81
36135,13094896,13094992,96
36136,13094992,13095068,76
36137,13095068,13095163,95
36138,13095163,13095307,144
36139,13095307,13095478,171
36140,13095478,13095516,38
36141,13095516,13095801,285
36142,13095801,13096688,887
36143,13096688,13096809,121
36144,13096809,13096865,56
36145,13096865,13097120,255
36146,13097120,13097250,130
36147,13097250,13097270,20
36148,13097270,13097486,216
36149,13097486,13097555,69
36150,13097555,13097604,49
36151,13097604,13097672,68
36152,13097672,13097715,43
36153,13097715,13097772,57
36154,13097772,13097966,194
36155,13097966,13097991,25
36156,13097991,13098149,158
36157,13098149,13098287,138
36158,13098287,13098727,440
36159,13098727,13098767,40
36160,13098767,13098780,13
36161,13098780,13098841,61
36162,13098841,13098853,12
36163,13098853,13100298,1445
36164,13100298,13100469,171
36165,13100469,13100870,401
36166,13100870,13100968,98
36167,13100968,13101057,89
36168,13101057,13101138,81
36169,13101138,13101394,256
36170,13101394,13101660,266
36171,13101660,13101717,57
36172,13101717,13101852,135
36173,13101852,13103529,1677
36174,13103529,13103683,154
36175,13103683,13103691,8
36176,13103691,13103702,11
36177,13103702,13103713,11
36178,13103713,13103911,198
36179,13103911,13103923,12
36180,13103923,13104353,430
36181,13104353,13104466,113
36182,13104466,13105039,573
36183,13105039,13105645,606
36184,13105645,13105930,285
36185,13105930,13106208,278
36186,13106208,13106217,9
36187,13106217,13106243,26
36188,13106243,13106308,65
36189,13106308,13106504,196
36190,13106504,13106667,163
36191,13106667,13106706,39
36192,13106706,13106715,9
36193,13106715,13106790,75
36194,13106790,13106911,121
36195,13106911,13107381,470
36196,13107381,13107634,253
36197,13107634,13107803,169
36198,13107803,13107883,80
36199,13107883,13108000,117
36200,13108000,13108005,5
36201,13108005,13108244,239
36202,13108244,13108254,10
36203,13108254,13108276,22
36204,13108276,13108297,21
36205,13108297,13108317,20
36206,13108317,13108324,7
36207,13108324,13108332,8
36208,13108332,13108349,17
36209,13108349,13108873,524
36210,13108873,13109262,389
36211,13109262,13110044,782
36212,13110044,13110175,131
36213,13110175,13110226,51
36214,13110226,13110571,345
36215,13110571,13110663,92
36216,13110663,13110776,113
36217,13110776,13111575,799
36218,13111575,13111660,85
36219,13111660,13112118,458
36220,13112118,13112527,409
36221,13112527,13112889,362
36222,13112889,13112991,102
36223,13112991,13113007,16
36224,13113007,13113101,94
36225,13113101,13113391,290
36226,13113391,13113461,70
36227,13113461,13113751,290
36228,13113751,13113842,91
36229,13113842,13114291,449
36230,13114291,13114362,71
36231,13114362,13115128,766
36232,13115128,13115132,4
36233,13115132,13115769,637
36234,13115769,13115793,24
36235,13115793,13115836,43
36236,13115836,13115917,81
36237,13115917,13116129,212
36238,13116129,13116219,90
36239,13116219,13116454,235
36240,13116454,13116523,69
36241,13116523,13116531,8
36242,13116531,13116539,8
36243,13116539,13116967,428
36244,13116967,13117306,339
36245,13117306,13117444,138
36246,13117444,13119856,2412
36247,13119856,13120726,870
36248,13120726,13121247,521
36249,13121247,13121651,404
36250,13121651,13121710,59
36251,13121710,13121867,157
36252,13121867,13122082,215
36253,13122082,13122196,114
36254,13122196,13122493,297
36255,13122493,13122517,24
36256,13122517,13122538,21
36257,13122538,13122684,146
36258,13122684,13122855,171
36259,13122855,13123534,679
36260,13123534,13123578,44
36261,13123578,13125045,1467
36262,13125045,13126055,1010
36263,13126055,13126118,63
36264,13126118,13127203,1085
36265,13127203,13128269,1066
36266,13128269,13128966,697
36267,13128966,13129058,92
36268,13129058,13129136,78
36269,13129136,13129217,81
36270,13129217,13129371,154
36271,13129371,13129429,58
36272,13129429,13129467,38
36273,13129467,13129556,89
36274,13129556,13129725,169
36275,13129725,13129842,117
36276,13129842,13129937,95
36277,13129937,13130583,646
36278,13130583,13130587,4
36279,13130587,13131847,1260
36280,13131847,13132621,774
36281,13132621,13133131,510
36282,13133131,13133268,137
36283,13133268,13133289,21
36284,13133289,13133335,46
36285,13133335,13133626,291
36286,13133626,13133637,11
36287,13133637,13133701,64
36288,13133701,13134360,659
36289,13134360,13134419,59
36290,13134419,13134466,47
36291,13134466,13134793,327
36292,13134793,13135723,930
36293,13135723,13135858,135
36294,13135858,13136168,310
36295,13136168,13136356,188
36296,13136356,13136580,224
36297,13136580,13136757,177
36298,13136757,13136792,35
36299,13136792,13137540,748
36300,13137540,13138790,1250
36301,13138790,13139095,305
36302,13139095,13139425,330
36303,13139425,13139824,399
36304,13139824,13139857,33
36305,13139857,13139875,18
36306,13139875,13139920,45
36307,13139920,13140212,292
36308,13140212,13140511,299
36309,13140511,13140526,15
36310,13140526,13140555,29
36311,13140555,13140603,48
36312,13140603,13140719,116
36313,13140719,13141024,305
36314,13141024,13141034,10
36315,13141034,13141077,43
36316,13141077,13142325,1248
36317,13142325,13142758,433
36318,13142758,13142983,225
36319,13142983,13143991,1008
36320,13143991,13144062,71
36321,13144062,13144069,7
36322,13144069,13144571,502
36323,13144571,13144742,171
36324,13144742,13144836,94
36325,13144836,13145004,168
36326,13145004,13145012,8
36327,13145012,13145020,8
36328,13145020,13145024,4
36329,13145024,13145768,744
36330,13145768,13146686,918
36331,13146686,13146737,51
36332,13146737,13146831,94
36333,13146831,13146958,127
36334,13146958,13147387,429
36335,13147387,13147895,508
36336,13147895,13148324,429
36337,13148324,13148330,6
36338,13148330,13148378,48
36339,13148378,13148396,18
36340,13148396,13148520,124
36341,13148520,13148762,242
36342,13148762,13149061,299
36343,13149061,13149071,10
36344,13149071,13149335,264
36345,13149335,13149556,221
36346,13149556,13149975,419
36347,13149975,13150128,153
36348,13150128,13150456,328
36349,13150456,13151130,674
36350,13151130,13151148,18
36351,13151148,13151244,96
36352,13151244,13151262,18
36353,13151262,13151271,9
36354,13151271,13151402,131
36355,13151402,13151409,7
36356,13151409,13151621,212
36357,13151621,13151813,192
36358,13151813,13151820,7
36359,13151820,13151835,15
36360,13151835,13152140,305
36361,13152140,13152158,18
36362,13152158,13152191,33
36363,13152191,13152224,33
36364,13152224,13152276,52
36365,13152276,13152299,23
36366,13152299,13152338,39
36367,13152338,13152383,45
36368,13152383,13152542,159
36369,13152542,13152708,166
36370,13152708,13152920,212
36371,13152920,13152969,49
36372,13152969,13153086,117
36373,13153086,13153492,406
36374,13153492,13153684,192
36375,13153684,13153712,28
36376,13153712,13153770,58
36377,13153770,13153798,28
36378,13153798,13153856,58
36379,13153856,13153884,28
36380,13153884,13153942,58
36381,13153942,13153970,28
36382,13153970,13154028,58
36383,13154028,13154056,28
36384,13154056,13154114,58
36385,13154114,13154142,28
36386,13154142,13154200,58
36387,13154200,13154228,28
36388,13154228,13154594,366
36389,13154594,13154721,127
36390,13154721,13154980,259
36391,13154980,13155109,129
36392,13155109,13155299,190
36393,13155299,13155329,30
36394,13155329,13155618,289
36395,13155618,13155647,29
36396,13155647,13155721,74
36397,13155721,13155767,46
36398,13155767,13156175,408
36399,13156175,13156181,6
36400,13156181,13156395,214
36401,13156395,13156861,466
36402,13156861,13157213,352
36403,13157213,13157260,47
36404,13157260,13157679,419
36405,13157679,13157937,258
36406,13157937,13157963,26
36407,13157963,13158012,49
36408,13158012,13158033,21
36409,13158033,13158054,21
36410,13158054,13158183,129
36411,13158183,13158194,11
36412,13158194,13158357,163
36413,13158357,13158470,113
36414,13158470,13158615,145
36415,13158615,13158629,14
36416,13158629,13158851,222
36417,13158851,13158881,30
36418,13158881,13159009,128
36419,13159009,13159723,714
36420,13159723,13160080,357
36421,13160080,13160125,45
36422,13160125,13160436,311
36423,13160436,13161174,738
36424,13161174,13161288,114
36425,13161288,13161420,132
36426,13161420,13161568,148
36427,13161568,13161882,314
36428,13161882,13162035,153
36429,13162035,13162186,151
36430,13162186,13162515,329
36431,13162515,13162638,123
36432,13162638,13163116,478
36433,13163116,13164479,1363
36434,13164479,13165380,901
36435,13165380,13165900,520
36436,13165900,13166171,271
36437,13166171,13166842,671
36438,13166842,13167407,565
36439,13167407,13167469,62
36440,13169705,13169731,26
36441,13169731,13170285,554
36442,13170285,13171652,1367
36443,13171652,13172379,727
36444,13172379,13172516,137
36445,13172516,13172673,157
36446,13172673,13172797,124
36447,13172797,13173255,458
36448,13173255,13173916,661
36449,13173916,13174519,603
36450,13174519,13174774,255
36451,13174774,13175112,338
36452,13175112,13175442,330
36453,13175442,13176089,647
36454,13176089,13176283,194
36455,13176283,13176298,15
36456,13176298,13177832,1534
36457,13177832,13177869,37
36458,13177869,13177962,93
36459,13177962,13178121,159
36460,13178121,13178241,120
36461,13178241,13178369,128
36462,13178369,13178480,111
36463,13178480,13178726,246
36464,13178726,13179242,516
36465,13179242,13179283,41
36466,13179283,13179627,344
36467,13179627,13179649,22
36468,13179649,13180076,427
36469,13180076,13181347,1271
36470,13181347,13182568,1221
36471,13182568,13182765,197
36472,13182765,13182780,15
36473,13184305,13184342,37
36474,13184342,13184435,93
36475,13184435,13184594,159
36476,13184594,13184714,120
36477,13184714,13184842,128
36478,13184842,13184953,111
36479,13184953,13185199,246
36480,13185199,13185716,517
36481,13185716,13185757,41
36482,13185757,13186101,344
36483,13186101,13186123,22
36484,13186123,13186550,427
36485,13186550,13187821,1271
36486,13187821,13188913,1092
36487,13188913,13189084,171
36488,13189084,13189091,7
36489,13189091,13189099,8
36490,13189099,13189626,527
36491,13189626,13189739,113
36492,13189739,13189950,211
36493,13189950,13190072,122
36494,13190072,13190693,621
36495,13190693,13191662,969
36496,13191662,13191859,197
36497,13191859,13193393,1534
36498,13193393,13193412,19
36499,13193412,13193676,264
36500,13193676,13194698,1022
36501,13194698,13195203,505
36502,13195203,13196469,1266
36503,13196469,13196797,328
36504,13196797,13196964,167
36505,13196964,13197173,209
36506,13197173,13197339,166
36507,13197339,13197597,258
36508,13197597,13197621,24
36509,13197621,13197802,181
36510,13197802,13197899,97
36511,13197899,13198119,220
36512,13198119,13198167,48
36513,13198167,13198304,137
36514,13198304,13198403,99
36515,13198403,13198604,201
36516,13198604,13198747,143
36517,13198747,13198770,23
36518,13198770,13198780,10
36519,13198780,13198928,148
36520,13198928,13199096,168
36521,13199096,13199283,187
36522,13199283,13199342,59
36523,13199342,13199349,7
36524,13199349,13199460,111
36525,13199460,13199829,369
36526,13199829,13200051,222
36527,13200051,13200075,24
36528,13200075,13200219,144
36529,13200219,13200396,177
36530,13200396,13201352,956
36531,13201352,13201873,521
36532,13201873,13201999,126
36533,13201999,13202804,805
36534,13202804,13203356,552
36535,13203356,13203517,161
36536,13203517,13204711,1194
36537,13204711,13205204,493
36538,13205204,13205769,565
36539,13205769,13206101,332
36540,13206101,13206726,625
36541,13206726,13206732,6
36542,13206732,13207590,858
36543,13207590,13207598,8
36544,13207598,13209052,1454
36545,13209052,13209056,4
36546,13209056,13209072,16
36547,13212540,13212635,95
36548,13212635,13212713,78
36549,13212713,13212801,88
36550,13212801,13212914,113
36551,13212914,13213174,260
36552,13213174,13213195,21
36553,13213195,13214726,1531
36554,13214726,13215220,494
36555,13215220,13215304,84
36556,13215304,13215323,19
36557,13215323,13215699,376
36558,13215699,13215893,194
36559,13215893,13215932,39
36560,13215932,13216187,255
36561,13216187,13216274,87
36562,13216274,13216317,43
36563,13216317,13216529,212
36564,13216529,13216708,179
36565,13216708,13216787,79
36566,13216787,13216854,67
36567,13216854,13217321,467
36568,13217321,13217381,60
36569,13217381,13217582,201
36570,13217582,13217618,36
36571,13217618,13217732,114
36572,13217732,13217759,27
36573,13217759,13217970,211
36574,13217970,13218062,92
36575,13218062,13218086,24
36576,13218086,13218254,168
36577,13218254,13218321,67
36578,13218321,13218388,67
36579,13218388,13218494,106
36580,13218494,13218559,65
36581,13218559,13219633,1074
36582,13219633,13219685,52
36583,13219685,13219796,111
36584,13219796,13220043,247
36585,13220043,13220092,49
36586,13220092,13220250,158
36587,13220250,13220527,277
36588,13220527,13222437,1910
36589,13222437,13223464,1027
36590,13223464,13223700,236
36591,13223700,13223743,43
36592,13223743,13223750,7
36593,13223750,13223774,24
36594,13223774,13224079,305
36595,13224079,13224240,161
36596,13224240,13224285,45
36597,13224285,13224296,11
36598,13224296,13224447,151
36599,13224447,13224635,188
36600,13224635,13224710,75
36601,13224710,13224999,289
36602,13224999,13225085,86
36603,13225085,13225482,397
36604,13225482,13225514,32
36605,13225514,13225537,23
36606,13225537,13227583,2046
36607,13227583,13228025,442
36608,13228025,13228237,212
36609,13228237,13228577,340
36610,13228577,13228583,6
36611,13228583,13228589,6
36612,13228589,13228875,286
36613,13228875,13229625,750
36614,13229625,13229696,71
36615,13229696,13229700,4
36616,13229700,13230198,498
36617,13230198,13231046,848
36618,13231046,13231560,514
36619,13231560,13231718,158
36620,13231718,13232393,675
36621,13232393,13232879,486
36622,13232879,13232988,109
36623,13232988,13233385,397
36624,13233385,13234942,1557
36625,13234942,13235659,717
36626,13235659,13236192,533
36627,13236192,13236223,31
36628,13236223,13236423,200
36629,13236423,13236726,303
36630,13236726,13237194,468
36631,13237194,13238232,1038
36632,13238232,13238708,476
36633,13238708,13240425,1717
36634,13240425,13240799,374
36635,13240799,13240810,11
36636,13240810,13241398,588
36637,13241398,13241926,528
36638,13241926,13242155,229
36639,13242155,13242162,7
36640,13242162,13242195,33
36641,13242195,13242522,327
36642,13242522,13242754,232
36643,13242754,13243323,569
36644,13243323,13244347,1024
36645,13244347,13244696,349
36646,13244696,13244808,112
36647,13244808,13244815,7
36648,13244815,13244822,7
36649,13244822,13245017,195
36650,13245017,13245084,67
36651,13245084,13245562,478
36652,13245562,13246337,775
36653,13246337,13246364,27
36654,13246364,13246660,296
36655,13246660,13246711,51
36656,13246711,13247493,782
36657,13247493,13247525,32
36658,13247525,13247655,130
36659,13247655,13247765,110
36660,13247765,13248341,576
36661,13248341,13248964,623
36662,13248964,13249119,155
36663,13249119,13250743,1624
36664,13250743,13250851,108
36665,13250851,13250933,82
36666,13250933,13251004,71
36667,13251004,13251142,138
36668,13251142,13251287,145
36669,13251287,13251294,7
36670,13251294,13251452,158
36671,13251452,13251634,182
36672,13251634,13251783,149
36673,13251783,13251876,93
36674,13251876,13251889,13
36675,13251889,13251894,5
36676,13251894,13251901,7
36677,13251901,13252022,121
36678,13252022,13252038,16
36679,13252038,13252238,200
36680,13252238,13252259,21
36681,13252259,13252939,680
36682,13252939,13253286,347
36683,13253286,13253358,72
36684,13253358,13253459,101
36685,13253459,13253514,55
36686,13256997,13257005,8
36687,13257005,13257856,851
36688,13257856,13258048,192
36689,13258048,13258208,160
36690,13258208,13259016,808
36691,13259016,13259819,803
36692,13259819,13259945,126
36693,13259945,13260343,398
36694,13260343,13260463,120
36695,13260463,13260560,97
36696,13260560,13260610,50
36697,13260610,13260658,48
36698,13260658,13260760,102
36699,13260760,13260844,84
36700,13260844,13260872,28
36701,13260872,13261237,365
36702,13261237,13261311,74
36703,13261311,13262027,716
36704,13262027,13262999,972
36705,13262999,13263435,436
36706,13263435,13263900,465
36707,13263900,13264213,313
36708,13264213,13264747,534
36709,13264747,13264780,33
36710,13264780,13264998,218
36711,13264998,13265167,169
36712,13265167,13265418,251
36713,13265418,13265472,54
36714,13265472,13266048,576
36715,13266048,13266287,239
36716,13266287,13266452,165
36717,13266452,13266470,18
36718,13266470,13266572,102
36719,13266572,13266716,144
36720,13266716,13268177,1461
36721,13268177,13268515,338
36722,13268515,13268526,11
36723,13268526,13268814,288
36724,13268814,13269243,429
36725,13269243,13270357,1114
36726,13270357,13270372,15
36727,13270372,13270745,373
36728,13270745,13272013,1268
36729,13272013,13272027,14
36730,13272027,13272113,86
36731,13272113,13273801,1688
36732,13273801,13273815,14
36733,13273815,13273981,166
36734,13273981,13273991,10
36735,13273991,13274115,124
36736,13274115,13274122,7
36737,13274122,13274129,7
36738,13274129,13274144,15
36739,13274144,13274362,218
36740,13274362,13276183,1821
36741,13276183,13276192,9
36742,13276192,13276440,248
36743,13276440,13276448,8
36744,13276448,13276544,96
36745,13276544,13276680,136
36746,13276680,13277393,713
36747,13277393,13279436,2043
36748,13279436,13279563,127
36749,13279563,13279913,350
36750,13279913,13281257,1344
36751,13281257,13281704,447
36752,13281704,13282518,814
36753,13282518,13282944,426
36754,13282944,13282998,54
36755,13282998,13283645,647
36756,13283645,13284264,619
36757,13284264,13284318,54
36758,13284318,13284800,482
36759,13284800,13285938,1138
36760,13285938,13285954,16
36761,13285954,13286093,139
36762,13286093,13286255,162
36763,13286255,13286269,14
36764,13286269,13286475,206
36765,13286475,13286641,166
36766,13286641,13286767,126
36767,13286767,13286773,6
36768,13286773,13286848,75
36769,13286848,13287022,174
36770,13287022,13287147,125
36771,13287147,13287170,23
36772,13287170,13287286,116
36773,13287286,13287359,73
36774,13287359,13288214,855
36775,13288214,13288251,37
36776,13288251,13289014,763
36777,13289014,13289258,244
36778,13289258,13289342,84
36779,13289342,13289855,513
36780,13289855,13289903,48
36781,13289903,13290123,220
36782,13290123,13290370,247
36783,13290370,13290509,139
36784,13290509,13291427,918
36785,13291427,13291514,87
36786,13291514,13292201,687
36787,13292201,13292221,20
36788,13292221,13292602,381
36789,13292602,13292662,60
36790,13292662,13292904,242
36791,13292904,13293386,482
36792,13293386,13293455,69
36793,13293455,13293599,144
36794,13293599,13293611,12
36795,13293611,13293722,111
36796,13293722,13293823,101
36797,13293823,13293836,13
36798,13293836,13294223,387
36799,13294223,13294278,55
36800,13294278,13294647,369
36801,13294647,13295144,497
36802,13295144,13295185,41
36803,13295185,13295196,11
36804,13295196,13295292,96
36805,13295292,13295454,162
36806,13295454,13295727,273
36807,13295727,13295734,7
36808,13295734,13295816,82
36809,13295816,13295824,8
36810,13295824,13295845,21
36811,13295845,13295905,60
36812,13295905,13296037,132
36813,13296037,13296328,291
36814,13296328,13296356,28
36815,13296356,13297409,1053
36816,13297409,13297569,160
36817,13297569,13297610,41
36818,13297610,13297832,222
36819,13297832,13298784,952
36820,13298784,13298990,206
36821,13298990,13299002,12
36822,13299002,13299351,349
36823,13299351,13299357,6
36824,13299357,13299969,612
36825,13299969,13300432,463
36826,13300432,13300597,165
36827,13300597,13300892,295
36828,13300892,13301571,679
36829,13301571,13302152,581
36830,13302152,13302182,30
36831,13302182,13302402,220
36832,13302402,13302408,6
36833,13302408,13303825,1417
36834,13303825,13304172,347
36835,13304172,13304201,29
36836,13304201,13304739,538
36837,13304739,13305272,533
36838,13305272,13305864,592
36839,13305864,13306309,445
36840,13306309,13306558,249
36841,13306558,13306654,96
36842,13306654,13306785,131
36843,13306785,13306800,15
36844,13306800,13306815,15
36845,13306815,13306860,45
36846,13306860,13306886,26
36847,13306886,13306920,34
36848,13306920,13306932,12
36849,13306932,13306936,4
36850,13306936,13307804,868
36851,13307804,13308175,371
36852,13308175,13308434,259
36853,13308434,13309917,1483
36854,13309917,13310763,846
36855,13310763,13310805,42
36856,13310805,13310875,70
36857,13310875,13311086,211
36858,13311086,13311117,31
36859,13311117,13311226,109
36860,13311226,13311238,12
36861,13311238,13311438,200
36862,13311438,13311844,406
36863,13311844,13312219,375
36864,13312219,13312298,79
36865,13312298,13313078,780
36866,13313078,13314292,1214
36867,13314292,13314963,671
36868,13314963,13314978,15
36869,13314978,13315119,141
36870,13315119,13315133,14
36871,13315133,13315748,615
36872,13315748,13316012,264
36873,13316012,13316023,11
36874,13316023,13316510,487
36875,13316510,13317168,658
36876,13317168,13317474,306
36877,13317474,13317559,85
36878,13317559,13317676,117
36879,13317676,13317683,7
36880,13317683,13317697,14
36881,13317697,13318093,396
36882,13318093,13319005,912
36883,13319005,13319121,116
36884,13319121,13319712,591
36885,13319712,13319798,86
36886,13319798,13319814,16
36887,13319814,13319982,168
36888,13319982,13319999,17
36889,13319999,13320095,96
36890,13320095,13320107,12
36891,13320107,13320523,416
36892,13320523,13320550,27
36893,13320550,13320593,43
36894,13320593,13321323,730
36895,13321323,13323003,1680
36896,13323003,13323155,152
36897,13323155,13323257,102
36898,13323257,13323754,497
36899,13323754,13323907,153
36900,13323907,13324036,129
36901,13324036,13324207,171
36902,13324207,13324393,186
36903,13324393,13324607,214
36904,13324607,13324651,44
36905,13324651,13325432,781
36906,13325432,13325532,100
36907,13325532,13325628,96
36908,13325628,13325726,98
36909,13325726,13326383,657
36910,13326383,13326643,260
36911,13326643,13326750,107
36912,13326750,13326808,58
36913,13326808,13326814,6
36914,13326814,13326884,70
36915,13326884,13326896,12
36916,13326896,13327009,113
36917,13327009,13327064,55
36918,13327064,13327536,472
36919,13327536,13327682,146
36920,13327682,13327810,128
36921,13327810,13328489,679
36922,13328489,13328557,68
36923,13328557,13328561,4
36924,13328561,13328726,165
36925,13328726,13329158,432
36926,13329158,13330496,1338
36927,13330496,13331270,774
36928,13331270,13331309,39
36929,13331309,13331324,15
36930,13331324,13331366,42
36931,13331366,13331528,162
36932,13331528,13331541,13
36933,13331541,13331664,123
36934,13331664,13332530,866
36935,13332530,13332558,28
36936,13332558,13332624,66
36937,13332624,13332796,172
36938,13332796,13332801,5
36939,13332801,13333165,364
36940,13333165,13333551,386
36941,13333551,13334806,1255
36942,13334806,13334888,82
36943,13334888,13335696,808
36944,13335696,13335750,54
36945,13335750,13336194,444
36946,13336194,13336211,17
36947,13336211,13336221,10
36948,13336221,13336275,54
36949,13336275,13336669,394
36950,13336669,13337349,680
36951,13337349,13337437,88
36952,13337437,13337838,401
36953,13337838,13337856,18
36954,13337856,13338659,803
36955,13338659,13338836,177
36956,13338836,13338986,150
36957,13338986,13339214,228
36958,13339214,13339348,134
36959,13339348,13339472,124
36960,13339472,13339508,36
36961,13339508,13340184,676
36962,13340184,13340714,530
36963,13340714,13342055,1341
36964,13342055,13342130,75
36965,13342130,13342314,184
36966,13342314,13342904,590
36967,13342904,13343220,316
36968,13343220,13343544,324
36969,13343544,13344514,970
36970,13344514,13345452,938
36971,13345452,13345505,53
36972,13345505,13345517,12
36973,13345517,13347231,1714
36974,13349665,13349808,143
36975,13353380,13354223,843
36976,13354223,13354588,365
36977,13354588,13356034,1446
36978,13356034,13357157,1123
36979,13357157,13358375,1218
36980,13358375,13359417,1042
36981,13359417,13360585,1168
36982,13360585,13361131,546
36983,13361131,13361491,360
36984,13361491,13361781,290
36985,13361781,13362211,430
36986,13362211,13362480,269
36987,13362480,13362706,226
36988,13362706,13363338,632
36989,13363338,13363403,65
36990,13363403,13363422,19
36991,13363422,13363731,309
36992,13363731,13363808,77
36993,13363808,13363919,111
36994,13363919,13364437,518
36995,13364437,13364583,146
36996,13364583,13364721,138
36997,13364721,13364807,86
36998,13364807,13364816,9
36999,13364816,13364867,51
37000,13364867,13365048,181
37001,13365048,13365592,544
37002,13365592,13365634,42
37003,13365634,13365645,11
37004,13365645,13365663,18
37005,13365663,13365977,314
37006,13365977,13366278,301
37007,13366278,13366380,102
37008,13366380,13366697,317
37009,13366697,13366821,124
37010,13366821,13367192,371
37011,13367192,13367426,234
37012,13367426,13367441,15
37013,13367441,13368348,907
37014,13368348,13368476,128
37015,13368476,13368528,52
37016,13368528,13368540,12
37017,13368540,13368726,186
37018,13368726,13368906,180
37019,13368906,13369175,269
37020,13369175,13369443,268
37021,13369443,13369782,339
37022,13369782,13370069,287
37023,13370069,13370215,146
37024,13370215,13370842,627
37025,13370842,13370945,103
37026,13370945,13371315,370
37027,13371315,13372289,974
37028,13372289,13372654,365
37029,13372654,13374414,1760
37030,13374414,13375101,687
37031,13375101,13375600,499
37032,13375600,13377470,1870
37033,13377470,13377751,281
37034,13377751,13377883,132
37035,13377883,13378269,386
37036,13378269,13378747,478
37037,13378747,13378801,54
37038,13378801,13379024,223
37039,13379024,13379144,120
37040,13379144,13379278,134
37041,13379278,13379284,6
37042,13379284,13379299,15
37043,13379299,13379496,197
37044,13379496,13379580,84
37045,13379580,13379606,26
37046,13379606,13380064,458
37047,13380064,13380638,574
37048,13380638,13380815,177
37049,13380815,13380990,175
37050,13380990,13381040,50
37051,13381040,13381247,207
37052,13381247,13381276,29
37053,13381276,13381285,9
37054,13381285,13381296,11
37055,13381296,13381865,569
37056,13381865,13382044,179
37057,13382044,13382049,5
37058,13382049,13382408,359
37059,13382408,13382744,336
37060,13382744,13382991,247
37061,13382991,13383399,408
37062,13383399,13383665,266
37063,13383665,13384380,715
37064,13384380,13384519,139
37065,13384519,13384607,88
37066,13384607,13384629,22
37067,13384629,13384982,353
37068,13384982,13385366,384
37069,13385366,13385381,15
37070,13385381,13385961,580
37071,13385961,13385987,26
37072,13385987,13386223,236
37073,13386223,13386391,168
37074,13386391,13386839,448
37075,13386839,13388454,1615
37076,13388454,13388464,10
37077,13388464,13388556,92
37078,13388556,13388634,78
37079,13388634,13389548,914
37080,13389548,13390251,703
37081,13390251,13390354,103
37082,13390354,13390946,592
37083,13390946,13391016,70
37084,13391016,13391253,237
37085,13391253,13391348,95
37086,13391348,13391840,492
37087,13391840,13391852,12
37088,13391852,13392150,298
37089,13392150,13392280,130
37090,13392280,13392378,98
37091,13392378,13392385,7
37092,13392385,13392469,84
37093,13392469,13392487,18
37094,13392487,13392729,242
37095,13392729,13392914,185
37096,13392914,13392920,6
37097,13392920,13393045,125
37098,13393045,13393197,152
37099,13393197,13393510,313
37100,13393510,13393604,94
37101,13393604,13393622,18
37102,13393622,13394077,455
37103,13394077,13394482,405
37104,13394482,13395156,674
37105,13395156,13395292,136
37106,13395292,13395701,409
37107,13395701,13396124,423
37108,13396124,13396265,141
37109,13396265,13396269,4
37110,13396269,13396863,594
37111,13396863,13396930,67
37112,13396930,13397328,398
37113,13397328,13397648,320
37114,13397648,13398543,895
37115,13398543,13398610,67
37116,13398610,13398631,21
37117,13398631,13398709,78
37118,13398709,13398884,175
37119,13398884,13398898,14
37120,13398898,13399371,473
37121,13399371,13399427,56
37122,13399427,13399548,121
37123,13399548,13399676,128
37124,13399676,13399740,64
37125,13399740,13399875,135
37126,13399875,13399929,54
37127,13399929,13400282,353
37128,13400282,13400301,19
37129,13400301,13400348,47
37130,13400348,13400388,40
37131,13400388,13400408,20
37132,13400408,13400421,13
37133,13400421,13400433,12
37134,13400433,13400936,503
37135,13400936,13401016,80
37136,13401016,13401734,718
37137,13401734,13401770,36
37138,13401770,13402229,459
37139,13402229,13402362,133
37140,13402362,13402387,25
37141,13402387,13402506,119
37142,13402506,13402615,109
37143,13402615,13402650,35
37144,13402650,13403180,530
37145,13403180,13403447,267
37146,13403447,13403780,333
37147,13403780,13403789,9
37148,13403789,13404350,561
37149,13404350,13404529,179
37150,13404529,13404794,265
37151,13404794,13404799,5
37152,13404799,13404825,26
37153,13404825,13405046,221
37154,13405046,13405897,851
37155,13405897,13405959,62
37156,13405959,13406763,804
37157,13406763,13407026,263
37158,13407026,13407265,239
37159,13407265,13407297,32
37160,13407297,13407303,6
37161,13407303,13407966,663
37162,13407966,13407974,8
37163,13407974,13408345,371
37164,13408345,13408352,7
37165,13408352,13408757,405
37166,13408757,13408781,24
37167,13408781,13409507,726
37168,13409507,13409612,105
37169,13409612,13409711,99
37170,13409711,13410190,479
37171,13410190,13410262,72
37172,13410262,13410295,33
37173,13410295,13410318,23
37174,13410318,13410322,4
37175,13410322,13410326,4
37176,13410326,13410386,60
37177,13410386,13411621,1235
37178,13411621,13411760,139
37179,13411760,13412422,662
37180,13412422,13413631,1209
37181,13413631,13413738,107
37182,13413738,13413750,12
37183,13413750,13413936,186
37184,13413936,13414428,492
37185,13414428,13414443,15
37186,13414443,13414518,75
37187,13414518,13414573,55
37188,13414573,13414821,248
37189,13414821,13414846,25
37190,13414846,13414873,27
37191,13414873,13415284,411
37192,13415284,13416084,800
37193,13416084,13416550,466
37194,13416550,13416557,7
37195,13416557,13416647,90
37196,13416647,13416667,20
37197,13416667,13416691,24
37198,13416691,13416718,27
37199,13416718,13417120,402
37200,13417120,13417162,42
37201,13417162,13417323,161
37202,13417323,13417525,202
37203,13417525,13417544,19
37204,13417544,13417697,153
37205,13417697,13417868,171
37206,13417868,13417914,46
37207,13417914,13418013,99
37208,13418013,13418388,375
37209,13418388,13418502,114
37210,13418502,13418933,431
37211,13418933,13418994,61
37212,13418994,13419036,42
37213,13419036,13419063,27
37214,13419063,13419393,330
37215,13419393,13419570,177
37216,13419570,13419738,168
37217,13419738,13419849,111
37218,13419849,13419906,57
37219,13419906,13419959,53
37220,13419959,13420103,144
37221,13420103,13420491,388
37222,13420491,13420876,385
37223,13420876,13421657,781
37224,13421657,13422010,353
37225,13422010,13422016,6
37226,13422016,13423662,1646
37227,13423662,13423750,88
37228,13423750,13424763,1013
37229,13424763,13425058,295
37230,13425058,13426192,1134
37231,13426192,13426340,148
37232,13426340,13427108,768
37233,13427108,13427532,424
37234,13427532,13428519,987
37235,13428519,13429835,1316
37236,13429835,13430081,246
37237,13430081,13430087,6
37238,13430087,13430510,423
37239,13430510,13430546,36
37240,13430546,13431170,624
37241,13431170,13431451,281
37242,13431451,13432208,757
37243,13432208,13433008,800
37244,13433008,13433198,190
37245,13433198,13433689,491
37246,13433689,13434264,575
37247,13438005,13438762,757
37248,13438762,13438848,86
37249,13438848,13440198,1350
37250,13440198,13440831,633
37251,13440831,13442258,1427
37252,13442258,13442727,469
37253,13442727,13443092,365
37254,13443092,13443793,701
37255,13443793,13444378,585
37256,13444378,13444561,183
37257,13444561,13445287,726
37258,13445287,13445367,80
37259,13445367,13446586,1219
37260,13446586,13446888,302
37261,13446888,13447361,473
37262,13447361,13448414,1053
37263,13448414,13448763,349
37264,13448763,13449420,657
37265,13449420,13449663,243
37266,13449663,13450007,344
37267,13450007,13452232,2225
37268,13452232,13453219,987
37269,13453219,13454105,886
37270,13456461,13456774,313
37271,13456774,13456904,130
37272,13456904,13457398,494
37273,13457398,13457578,180
37274,13457578,13457585,7
37275,13457585,13457743,158
37276,13457743,13457769,26
37277,13457769,13458024,255
37278,13458024,13458878,854
37279,13458878,13460536,1658
37280,13460536,13460591,55
37281,13460591,13461329,738
37282,13461329,13462718,1389
37283,13462718,13463901,1183
37284,13463901,13464222,321
37285,13464222,13464355,133
37286,13464355,13464487,132
37287,13464487,13464713,226
37288,13464713,13464738,25
37289,13464738,13464782,44
37290,13464782,13465411,629
37291,13465411,13466409,998
37292,13466409,13468069,1660
37293,13468069,13468146,77
37294,13468146,13468414,268
37295,13468414,13468539,125
37296,13468539,13468919,380
37297,13468919,13468927,8
37298,13468927,13469154,227
37299,13469154,13469487,333
37300,13469487,13470034,547
37301,13470034,13471975,1941
37302,13471975,13472054,79
37303,13472054,13472159,105
37304,13472159,13473110,951
37305,13473110,13473417,307
37306,13473417,13474357,940
37307,13474357,13474426,69
37308,13474426,13474786,360
37309,13474786,13476176,1390
37310,13476176,13476215,39
37311,13476215,13476701,486
37312,13476701,13477027,326
37313,13477027,13478960,1933
37314,13478960,13479352,392
37315,13479352,13481134,1782
37316,13481134,13482979,1845
37317,13482979,13483781,802
37318,13483781,13485240,1459
37319,13485240,13485906,666
37320,13485906,13486073,167
37321,13486073,13486689,616
37322,13486689,13486994,305
37323,13486994,13488295,1301
37324,13488295,13489035,740
37325,13489035,13489609,574
37326,13489609,13489948,339
37327,13489948,13491389,1441
37328,13491389,13492938,1549
37329,13492938,13493106,168
37330,13493106,13495326,2220
37331,13495326,13496088,762
37332,13496088,13496124,36
37333,13496124,13496389,265
37334,13498110,13499000,890
37335,13499000,13499155,155
37336,13499155,13499628,473
37337,13499628,13500561,933
37338,13500561,13500679,118
37339,13500679,13500747,68
37340,13500747,13500774,27
37341,13500774,13501214,440
37342,13501214,13502429,1215
37343,13502429,13502534,105
37344,13502534,13503403,869
37345,13503403,13504889,1486
37346,13504889,13505366,477
37347,13505366,13506212,846
37348,13506212,13506739,527
37349,13506739,13507164,425
37350,13507164,13507633,469
37351,13507633,13508544,911
37352,13508544,13509872,1328
37353,13509872,13510632,760
37354,13513601,13514678,1077
37355,13514678,13514682,4
37356,13514682,13515666,984
37357,13515666,13517381,1715
37358,13517381,13518600,1219
37359,13518600,13519148,548
37360,13519148,13519340,192
37361,13519340,13519409,69
37362,13519409,13519641,232
37363,13519641,13520928,1287
37364,13520928,13522289,1361
37365,13522289,13522569,280
37366,13522569,13522983,414
37367,13522983,13523143,160
37368,13523143,13523326,183
37369,13523326,13524574,1248
37370,13524574,13525629,1055
37371,13525629,13526558,929
37372,13526558,13527252,694
37373,13527252,13527399,147
37374,13527399,13528163,764
37375,13528163,13528360,197
37376,13528360,13528366,6
37377,13528366,13529302,936
37378,13529302,13529807,505
37379,13529807,13530451,644
37380,13530451,13531524,1073
37381,13531524,13532608,1084
37382,13532608,13532889,281
37383,13532889,13532893,4
37384,13532893,13532935,42
37385,13532935,13533460,525
37386,13533460,13533559,99
37387,13533559,13533583,24
37388,13533583,13533685,102
37389,13533685,13534492,807
37390,13534492,13534637,145
37391,13534637,13534769,132
37392,13534769,13534776,7
37393,13534776,13534926,150
37394,13534926,13535004,78
37395,13535004,13535166,162
37396,13535166,13535734,568
37397,13535734,13537432,1698
37398,13537432,13537720,288
37399,13537720,13538470,750
37400,13538470,13538859,389
37401,13538859,13540817,1958
37402,13540817,13541025,208
37403,13541025,13541211,186
37404,13541211,13542411,1200
37405,13542411,13542568,157
37406,13542568,13543534,966
37407,13543534,13543760,226
37408,13543760,13543790,30
37409,13543790,13543841,51
37410,13543841,13543875,34
37411,13543875,13543970,95
37412,13543970,13544058,88
37413,13544058,13544120,62
37414,13544120,13544279,159
37415,13544279,13544494,215
37416,13544494,13544962,468
37417,13544962,13545168,206
37418,13545168,13545365,197
37419,13545365,13545726,361
37420,13545726,13545758,32
37421,13545758,13548090,2332
37422,13548090,13548329,239
37423,13548329,13548511,182
37424,13548511,13549525,1014
37425,13549525,13549911,386
37426,13549911,13551276,1365
37427,13551276,13553194,1918
37428,13553194,13553606,412
37429,13553606,13555162,1556
37430,13555162,13556160,998
37431,13556160,13556677,517
37432,13556677,13557091,414
37433,13557091,13557337,246
37434,13557337,13557412,75
37435,13557412,13557434,22
37436,13557434,13558615,1181
37437,13558615,13558642,27
37438,13558642,13559653,1011
37439,13559653,13560839,1186
37440,13560839,13561045,206
37441,13561045,13561556,511
37442,13561556,13562359,803
37443,13562359,13562398,39
37444,13562398,13562498,100
37445,13562498,13562595,97
37446,13562595,13562728,133
37447,13562728,13562809,81
37448,13562809,13562916,107
37449,13566208,13567062,854
37450,13567062,13567221,159
37451,13567221,13569209,1988
37452,13569209,13570660,1451
37453,13570660,13570717,57
37454,13570717,13571544,827
37455,13575269,13576765,1496
37456,13576765,13577402,637
37457,13577402,13577407,5
37458,13579543,13580133,590
37459,13580133,13580549,416
37460,13580549,13581993,1444
37461,13581993,13582129,136
37462,13582129,13583257,1128
37463,13583257,13584021,764
37464,13584021,13584346,325
37465,13584346,13586026,1680
37466,13586026,13587037,1011
37467,13587037,13587404,367
37468,13587404,13588169,765
37469,13588169,13588623,454
37470,13588623,13590218,1595
37471,13590218,13591883,1665
37472,13591883,13592692,809
37473,13592692,13592802,110
37474,13592802,13592986,184
37475,13592986,13593255,269
37476,13593255,13593332,77
37477,13593332,13594233,901
37478,13594233,13594268,35
37479,13594268,13594324,56
37480,13594324,13594348,24
37481,13594348,13595075,727
37482,13595075,13595469,394
37483,13595469,13595972,503
37484,13595972,13596017,45
37485,13596017,13596104,87
37486,13596104,13596145,41
37487,13596145,13596187,42
37488,13596187,13596495,308
37489,13596495,13596646,151
37490,13596646,13596686,40
37491,13596686,13596734,48
37492,13596734,13596753,19
37493,13596753,13596814,61
37494,13596814,13596820,6
37495,13596820,13597293,473
37496,13597293,13598117,824
37497,13598117,13598191,74
37498,13598191,13598919,728
37499,13598919,13599745,826
37500,13599745,13599813,68
37501,13599813,13599880,67
37502,13599880,13600435,555
37503,13600435,13600466,31
37504,13600466,13600992,526
37505,13600992,13601247,255
37506,13601247,13601325,78
37507,13601325,13601565,240
37508,13601565,13601582,17
37509,13601582,13601643,61
37510,13601643,13601836,193
37511,13601836,13602577,741
37512,13602577,13602875,298
37513,13602875,13603071,196
37514,13603071,13603134,63
37515,13603134,13603141,7
37516,13603141,13603201,60
37517,13603201,13604521,1320
37518,13604521,13604790,269
37519,13604790,13604948,158
37520,13604948,13604976,28
37521,13604976,13605312,336
37522,13605312,13605841,529
37523,13605841,13606473,632
37524,13606473,13606734,261
37525,13606734,13606852,118
37526,13606852,13606977,125
37527,13606977,13607082,105
37528,13607082,13607656,574
37529,13607656,13607801,145
37530,13607801,13607912,111
37531,13607912,13607951,39
37532,13607951,13608171,220
37533,13608171,13608616,445
37534,13608616,13609103,487
37535,13609103,13609476,373
37536,13609476,13609710,234
37537,13609710,13609738,28
37538,13609738,13609912,174
37539,13609912,13609930,18
37540,13609930,13609966,36
37541,13609966,13610059,93
37542,13610059,13610242,183
37543,13610242,13610705,463
37544,13610705,13610746,41
37545,13610746,13610800,54
37546,13610800,13610842,42
37547,13610842,13610872,30
37548,13610872,13610897,25
37549,13610897,13610905,8
37550,13610905,13610953,48
37551,13610953,13611185,232
37552,13611185,13611471,286
37553,13611471,13611529,58
37554,13611529,13611648,119
37555,13611648,13611855,207
37556,13611855,13612167,312
37557,13612167,13612296,129
37558,13612296,13612333,37
37559,13612333,13612566,233
37560,13612566,13612613,47
37561,13612613,13612995,382
37562,13612995,13613080,85
37563,13613080,13613112,32
37564,13613112,13613140,28
37565,13613140,13613155,15
37566,13613155,13613353,198
37567,13613353,13613426,73
37568,13613426,13614193,767
37569,13614193,13614308,115
37570,13614308,13614550,242
37571,13614550,13614621,71
37572,13614621,13614669,48
37573,13614669,13614967,298
37574,13614967,13615737,770
37575,13615737,13615820,83
37576,13615820,13615887,67
37577,13615887,13615926,39
37578,13615926,13615953,27
37579,13615953,13616290,337
37580,13616290,13616296,6
37581,13616296,13616328,32
37582,13616328,13616467,139
37583,13616467,13616722,255
37584,13616722,13617355,633
37585,13617355,13617559,204
37586,13617559,13617718,159
37587,13617718,13617773,55
37588,13617773,13617814,41
37589,13617814,13617818,4
37590,13617818,13617856,38
37591,13617856,13618595,739
37592,13618595,13618746,151
37593,13618746,13618993,247
37594,13618993,13619307,314
37595,13619307,13619780,473
37596,13619780,13620131,351
37597,13620131,13620171,40
37598,13620171,13620367,196
37599,13620367,13620394,27
37600,13620394,13620499,105
37601,13620499,13620696,197
37602,13620696,13620798,102
37603,13620798,13621306,508
37604,13621306,13621395,89
37605,13621395,13621907,512
37606,13621907,13622120,213
37607,13622120,13622326,206
37608,13622326,13622412,86
37609,13622412,13622427,15
37610,13622427,13622603,176
37611,13622603,13622618,15
37612,13622618,13622797,179
37613,13622797,13622816,19
37614,13622816,13622845,29
37615,13622845,13622903,58
37616,13622903,13623350,447
37617,13623350,13623717,367
37618,13623717,13624288,571
37619,13624288,13624305,17
37620,13624305,13624430,125
37621,13624430,13625390,960
37622,13625390,13626233,843
37623,13626233,13626960,727
37624,13626960,13627536,576
37625,13627536,13627820,284
37626,13627820,13628559,739
37627,13628559,13628660,101
37628,13628660,13629143,483
37629,13629143,13629543,400
37630,13629543,13630035,492
37631,13630035,13630121,86
37632,13630121,13630282,161
37633,13630282,13630390,108
37634,13630390,13630907,517
37635,13630907,13630927,20
37636,13630927,13630956,29
37637,13630956,13631030,74
37638,13631030,13631708,678
37639,13631708,13633144,1436
37640,13633144,13633484,340
37641,13633484,13633911,427
37642,13633911,13633951,40
37643,13633951,13633961,10
37644,13633961,13634060,99
37645,13634060,13634136,76
37646,13634136,13634430,294
37647,13634430,13634496,66
37648,13634496,13634643,147
37649,13634643,13634960,317
37650,13634960,13635813,853
37651,13635813,13635924,111
37652,13635924,13636107,183
37653,13636107,13636431,324
37654,13636431,13636790,359
37655,13636790,13636944,154
37656,13636944,13637175,231
37657,13637175,13637198,23
37658,13637198,13637219,21
37659,13637219,13637301,82
37660,13637301,13637420,119
37661,13637420,13637600,180
37662,13637600,13638080,480
37663,13638080,13638554,474
37664,13638554,13638709,155
37665,13638709,13639743,1034
37666,13639743,13639954,211
37667,13639954,13640194,240
37668,13640194,13640664,470
37669,13640664,13641714,1050
37670,13641714,13641718,4
37671,13641718,13641868,150
37672,13641868,13642189,321
37673,13642189,13642459,270
37674,13642459,13642511,52
37675,13642511,13642799,288
37676,13642799,13643266,467
37677,13643266,13643346,80
37678,13643346,13643686,340
37679,13643686,13643727,41
37680,13643727,13643737,10
37681,13643737,13643807,70
37682,13643807,13644469,662
37683,13644469,13644523,54
37684,13644523,13644578,55
37685,13644578,13644752,174
37686,13644752,13644769,17
37687,13644769,13646330,1561
37688,13646330,13646616,286
37689,13646616,13646647,31
37690,13646647,13646792,145
37691,13646792,13647076,284
37692,13647076,13647430,354
37693,13647430,13647489,59
37694,13647489,13647607,118
37695,13647607,13647806,199
37696,13647806,13648472,666
37697,13648472,13648910,438
37698,13648910,13649258,348
37699,13649258,13649747,489
37700,13649747,13649766,19
37701,13649766,13649795,29
37702,13649795,13649838,43
37703,13649838,13650131,293
37704,13650131,13650532,401
37705,13650532,13650832,300
37706,13650832,13651157,325
37707,13651157,13651477,320
37708,13651477,13652444,967
37709,13652444,13652469,25
37710,13652469,13652773,304
37711,13652773,13652877,104
37712,13652877,13652918,41
37713,13652918,13653044,126
37714,13654669,13654707,38
37715,13654707,13654955,248
37716,13654955,13654978,23
37717,13654978,13655143,165
37718,13655143,13655676,533
37719,13655676,13655921,245
37720,13655921,13656106,185
37721,13656106,13656304,198
37722,13656304,13656410,106
37723,13656410,13657355,945
37724,13657355,13657695,340
37725,13657695,13657870,175
37726,13657870,13657925,55
37727,13657925,13658538,613
37728,13658538,13659005,467
37729,13659005,13659033,28
37730,13659033,13659354,321
37731,13659354,13659672,318
37732,13659672,13659681,9
37733,13659681,13659968,287
37734,13659968,13660054,86
37735,13660054,13660117,63
37736,13660117,13660403,286
37737,13660403,13660860,457
37738,13660860,13660947,87
37739,13660947,13661131,184
37740,13661131,13661212,81
37741,13661212,13661487,275
37742,13661487,13661491,4
37743,13661491,13662187,696
37744,13662187,13662438,251
37745,13662438,13662640,202
37746,13662640,13662646,6
37747,13662646,13662651,5
37748,13662651,13662679,28
37749,13662679,13662768,89
37750,13662768,13662948,180
37751,13662948,13663862,914
37752,13663862,13663868,6
37753,13663868,13664456,588
37754,13664456,13664965,509
37755,13664965,13665097,132
37756,13665097,13665172,75
37757,13665172,13665226,54
37758,13665226,13665244,18
37759,13665244,13665277,33
37760,13665277,13665421,144
37761,13665421,13665507,86
37762,13665507,13665715,208
37763,13665715,13665829,114
37764,13665829,13665880,51
37765,13665880,13666124,244
37766,13666124,13666145,21
37767,13666145,13666280,135
37768,13666280,13666482,202
37769,13666482,13666665,183
37770,13666665,13666734,69
37771,13666734,13666971,237
37772,13666971,13667038,67
37773,13667038,13667174,136
37774,13667174,13667476,302
37775,13667476,13667713,237
37776,13667713,13668125,412
37777,13668125,13668141,16
37778,13668141,13668398,257
37779,13668398,13668580,182
37780,13668580,13668706,126
37781,13668706,13668854,148
37782,13668854,13668982,128
37783,13668982,13669049,67
37784,13669049,13669195,146
37785,13669195,13669369,174
37786,13672087,13672093,6
37787,13672093,13672181,88
37788,13672181,13672501,320
37789,13672501,13672622,121
37790,13672622,13672832,210
37791,13672832,13672907,75
37792,13672907,13673104,197
37793,13673104,13673298,194
37794,13673298,13673352,54
37795,13673352,13673385,33
37796,13673385,13673569,184
37797,13673569,13673817,248
37798,13673817,13673917,100
37799,13673917,13673925,8
37800,13673925,13674053,128
37801,13674053,13674793,740
37802,13674793,13675387,594
37803,13675387,13675575,188
37804,13675575,13675979,404
37805,13675979,13676579,600
37806,13676579,13676644,65
37807,13676644,13676669,25
37808,13676669,13676878,209
37809,13676878,13677120,242
37810,13677120,13677290,170
37811,13677290,13677330,40
37812,13677330,13677368,38
37813,13677368,13677528,160
37814,13677528,13677562,34
37815,13677562,13677799,237
37816,13677799,13678227,428
37817,13678227,13678411,184
37818,13678411,13678423,12
37819,13678423,13678500,77
37820,13678500,13678539,39
37821,13678539,13678573,34
37822,13678573,13678581,8
37823,13678581,13678636,55
37824,13678636,13678651,15
37825,13678651,13678949,298
37826,13678949,13679024,75
37827,13679024,13679109,85
37828,13679109,13679135,26
37829,13679135,13680069,934
37830,13680069,13680695,626
37831,13680695,13681440,745
37832,13681440,13681739,299
37833,13681739,13682036,297
37834,13682036,13682392,356
37835,13682392,13683234,842
37836,13683234,13683590,356
37837,13683590,13683637,47
37838,13683637,13683719,82
37839,13683719,13683790,71
37840,13683790,13683841,51
37841,13683841,13683914,73
37842,13683914,13684009,95
37843,13684009,13684146,137
37844,13684146,13684300,154
37845,13684300,13684432,132
37846,13684432,13684851,419
37847,13684851,13684992,141
37848,13684992,13685148,156
37849,13685148,13685309,161
37850,13685309,13685828,519
37851,13685828,13685835,7
37852,13685835,13686013,178
37853,13686013,13686027,14
37854,13686027,13686078,51
37855,13686078,13686158,80
37856,13686158,13686599,441
37857,13686599,13686612,13
37858,13686612,13687198,586
37859,13687198,13687335,137
37860,13687335,13687378,43
37861,13687378,13687415,37
37862,13687415,13687476,61
37863,13687476,13687595,119
37864,13687595,13687716,121
37865,13687716,13688772,1056
37866,13688772,13689118,346
37867,13689118,13689652,534
37868,13689652,13692492,2840
37869,13692492,13692534,42
37870,13692534,13692612,78
37871,13692612,13693110,498
37872,13693110,13693832,722
37873,13693832,13693969,137
37874,13693969,13694859,890
37875,13694859,13695862,1003
37876,13695862,13696751,889
37877,13696751,13698316,1565
37878,13698316,13698426,110
37879,13698426,13698745,319
37880,13698745,13698751,6
37881,13698751,13699524,773
37882,13699524,13700294,770
37883,13700294,13700318,24
37884,13700318,13701820,1502
37885,13701820,13701998,178
37886,13701998,13702205,207
37887,13702205,13702347,142
37888,13702347,13702358,11
37889,13702358,13703199,841
37890,13703199,13703725,526
37891,13703725,13703986,261
37892,13703986,13704064,78
37893,13704064,13704577,513
37894,13704577,13705018,441
37895,13705018,13706251,1233
37896,13706251,13706730,479
37897,13706730,13708653,1923
37898,13708653,13708962,309
37899,13708962,13709919,957
37900,13709919,13709989,70
37901,13709989,13710122,133
37902,13710122,13710340,218
37903,13710340,13710344,4
37904,13710344,13710349,5
37905,13710349,13710356,7
37906,13710356,13710365,9
37907,13710365,13710384,19
37908,13710384,13710485,101
37909,13710485,13710489,4
37910,13710489,13710720,231
37911,13710720,13711160,440
37912,13711160,13711172,12
37913,13711172,13711372,200
37914,13711372,13711672,300
37915,13711672,13712246,574
37916,13712246,13713135,889
37917,13713135,13713295,160
37918,13713295,13713327,32
37919,13713327,13713585,258
37920,13713585,13714204,619
37921,13714204,13714653,449
37922,13714653,13714884,231
37923,13714884,13715076,192
37924,13715076,13715326,250
37925,13715326,13715551,225
37926,13715551,13715716,165
37927,13715716,13715843,127
37928,13715843,13715855,12
37929,13715855,13715954,99
37930,13715954,13716206,252
37931,13716206,13716763,557
37932,13716763,13716928,165
37933,13716928,13717148,220
37934,13717148,13717341,193
37935,13717341,13717785,444
37936,13717785,13718273,488
37937,13718273,13719460,1187
37938,13719460,13719571,111
37939,13719571,13719629,58
37940,13719629,13720012,383
37941,13720012,13720124,112
37942,13720124,13720233,109
37943,13720233,13720263,30
37944,13720263,13720575,312
37945,13720575,13720733,158
37946,13720733,13720740,7
37947,13720740,13720791,51
37948,13720791,13720827,36
37949,13720827,13720877,50
37950,13720877,13720881,4
37951,13720881,13721306,425
37952,13721306,13721318,12
37953,13721318,13721498,180
37954,13721498,13721627,129
37955,13721627,13721710,83
37956,13721710,13721884,174
37957,13721884,13722502,618
37958,13722502,13722538,36
37959,13722538,13722722,184
37960,13722722,13722929,207
37961,13722929,13722971,42
37962,13722971,13723052,81
37963,13723052,13723210,158
37964,13723210,13723328,118
37965,13723328,13723346,18
37966,13723346,13723394,48
37967,13723394,13723922,528
37968,13723922,13723934,12
37969,13723934,13723967,33
37970,13723967,13723982,15
37971,13723982,13723997,15
37972,13723997,13724135,138
37973,13724135,13724865,730
37974,13724865,13725349,484
37975,13725349,13725483,134
37976,13725483,13725902,419
37977,13725902,13725933,31
37978,13725933,13726033,100
37979,13726033,13726346,313
37980,13726346,13726454,108
37981,13726454,13726604,150
37982,13726604,13727145,541
37983,13727145,13727582,437
37984,13727582,13727615,33
37985,13727615,13728396,781
37986,13728396,13728400,4
37987,13728400,13728715,315
37988,13728715,13728724,9
37989,13728724,13729161,437
37990,13729161,13729416,255
37991,13729416,13729600,184
37992,13729600,13729776,176
37993,13729776,13729933,157
37994,13729933,13730188,255
37995,13730188,13730361,173
37996,13730361,13730598,237
37997,13730598,13731036,438
37998,13731036,13731087,51
37999,13731087,13731337,250
38000,13731337,13731845,508
38001,13731845,13732060,215
38002,13732060,13733063,1003
38003,13733063,13733071,8
38004,13733071,13733093,22
38005,13733093,13733099,6
38006,13733099,13733144,45
38007,13733144,13733314,170
38008,13733314,13733320,6
38009,13733320,13733530,210
38010,13733530,13733599,69
38011,13733599,13734141,542
38012,13734141,13734705,564
38013,13734705,13735538,833
38014,13735538,13736409,871
38015,13736409,13737262,853
38016,13737262,13737395,133
38017,13737395,13737737,342
38018,13737737,13738259,522
38019,13738259,13738445,186
38020,13738445,13738494,49
38021,13738494,13738524,30
38022,13738524,13738544,20
38023,13738544,13738700,156
38024,13738700,13738766,66
38025,13738766,13738847,81
38026,13738847,13739043,196
38027,13739043,13740011,968
38028,13740011,13740825,814
38029,13740825,13740901,76
38030,13740901,13741682,781
38031,13741682,13741879,197
38032,13741879,13741933,54
38033,13741933,13742121,188
38034,13742121,13742492,371
38035,13742492,13742574,82
38036,13742574,13742612,38
38037,13742612,13742990,378
38038,13742990,13743068,78
38039,13743068,13743452,384
38040,13743452,13743536,84
38041,13743536,13743581,45
38042,13743581,13743719,138
38043,13743719,13743869,150
38044,13743869,13743911,42
38045,13743911,13744320,409
38046,13744320,13744380,60
38047,13744380,13744724,344
38048,13744724,13745518,794
38049,13745518,13746205,687
38050,13746205,13746307,102
38051,13746307,13746440,133
38052,13746440,13746873,433
38053,13746873,13747710,837
38054,13747710,13747922,212
38055,13747922,13748479,557
38056,13748479,13748826,347
38057,13748826,13749054,228
38058,13749054,13749670,616
38059,13749670,13749935,265
38060,13749935,13749940,5
38061,13749940,13750210,270
38062,13750210,13750382,172
38063,13750382,13750620,238
38064,13750620,13751055,435
38065,13751055,13751127,72
38066,13751127,13751134,7
38067,13751134,13751172,38
38068,13751172,13751182,10
38069,13751182,13751262,80
38070,13751262,13751335,73
38071,13751335,13751361,26
38072,13751361,13751388,27
38073,13751388,13751788,400
38074,13751788,13752567,779
38075,13752567,13753971,1404
38076,13753971,13754769,798
38077,13754769,13755790,1021
38078,13755790,13756133,343
38079,13756133,13756379,246
38080,13756379,13756747,368
38081,13756747,13757220,473
38082,13757220,13757371,151
38083,13757371,13757470,99
38084,13757470,13757779,309
38085,13757779,13757963,184
38086,13757963,13758414,451
38087,13758414,13759017,603
38088,13759017,13759379,362
38089,13759379,13759571,192
38090,13759571,13759792,221
38091,13759792,13759801,9
38092,13759801,13759891,90
38093,13759891,13760094,203
38094,13760094,13760247,153
38095,13760247,13760322,75
38096,13760322,13760397,75
38097,13760397,13760412,15
38098,13760412,13760416,4
38099,13760416,13760445,29
38100,13760445,13760457,12
38101,13760457,13760551,94
38102,13760551,13760583,32
38103,13760583,13760730,147
38104,13760730,13760877,147
38105,13760877,13760887,10
38106,13760887,13761037,150
38107,13761037,13761388,351
38108,13764740,13765680,940
38109,13765680,13765691,11
38110,13765691,13765982,291
38111,13765982,13766063,81
38112,13766063,13766311,248
38113,13766311,13768084,1773
38114,13768084,13768456,372
38115,13768456,13768649,193
38116,13768649,13768762,113
38117,13768762,13769163,401
38118,13769163,13769199,36
38119,13769199,13769333,134
38120,13769333,13770007,674
38121,13770007,13770029,22
38122,13770029,13770116,87
38123,13770116,13770133,17
38124,13770133,13770637,504
38125,13770637,13771494,857
38126,13771494,13771522,28
38127,13771522,13771559,37
38128,13771559,13772008,449
38129,13772008,13772145,137
38130,13772145,13772263,118
38131,13772263,13772367,104
38132,13772367,13772372,5
38133,13772372,13772684,312
38134,13772684,13773149,465
38135,13773149,13773192,43
38136,13773192,13773270,78
38137,13773270,13773324,54
38138,13773324,13773432,108
38139,13773432,13773578,146
38140,13773578,13773606,28
38141,13773606,13773729,123
38142,13773729,13774016,287
38143,13774016,13774051,35
38144,13774051,13775759,1708
38145,13775759,13776085,326
38146,13776085,13776089,4
38147,13776089,13776777,688
38148,13776777,13776928,151
38149,13776928,13777463,535
38150,13777463,13777803,340
38151,13777803,13778135,332
38152,13778135,13778372,237
38153,13778372,13779805,1433
38154,13779805,13780223,418
38155,13780223,13780256,33
38156,13780256,13780406,150
38157,13780406,13780452,46
38158,13780452,13781148,696
38159,13781148,13781165,17
38160,13781165,13781274,109
38161,13781274,13781474,200
38162,13781474,13781618,144
38163,13781618,13782299,681
38164,13782299,13782780,481
38165,13782780,13782789,9
38166,13782789,13782966,177
38167,13782966,13782989,23
38168,13782989,13783023,34
38169,13783023,13783097,74
38170,13783097,13783118,21
38171,13783118,13783465,347
38172,13783465,13783599,134
38173,13783599,13784605,1006
38174,13784605,13784627,22
38175,13784627,13784704,77
38176,13784704,13785120,416
38177,13785120,13785766,646
38178,13785766,13786764,998
38179,13786764,13787490,726
38180,13787490,13788517,1027
38181,13788517,13788533,16
38182,13788533,13789056,523
38183,13789056,13790342,1286
38184,13790342,13790567,225
38185,13790567,13790636,69
38186,13790636,13791356,720
38187,13791356,13793001,1645
38188,13793001,13793129,128
38189,13793129,13793581,452
38190,13793581,13793798,217
38191,13793798,13794633,835
38192,13794633,13794795,162
38193,13796496,13797240,744
38194,13797240,13797255,15
38195,13797255,13798509,1254
38196,13798509,13799376,867
38197,13799376,13799576,200
38198,13799576,13800334,758
38199,13800334,13800430,96
38200,13800430,13801411,981
38201,13801411,13801422,11
38202,13801422,13801726,304
38203,13801726,13802051,325
38204,13802051,13802097,46
38205,13802097,13802272,175
38206,13802272,13802309,37
38207,13802309,13802316,7
38208,13802316,13802539,223
38209,13802539,13802622,83
38210,13802622,13802666,44
38211,13802666,13802696,30
38212,13802696,13802804,108
38213,13802804,13802878,74
38214,13802878,13803517,639
38215,13803517,13803560,43
38216,13803560,13803643,83
38217,13803643,13803728,85
38218,13803728,13804041,313
38219,13804041,13804235,194
38220,13804235,13804492,257
38221,13804492,13804662,170
38222,13804662,13804770,108
38223,13804770,13805185,415
38224,13805185,13805281,96
38225,13805281,13805371,90
38226,13805371,13805841,470
38227,13805841,13805985,144
38228,13805985,13806022,37
38229,13806022,13806151,129
38230,13806151,13806625,474
38231,13806625,13806725,100
38232,13806725,13806730,5
38233,13806730,13806787,57
38234,13806787,13806896,109
38235,13806896,13807852,956
38236,13807852,13808101,249
38237,13808101,13808139,38
38238,13808139,13808196,57
38239,13808196,13808207,11
38240,13808207,13808347,140
38241,13808347,13808384,37
38242,13808384,13809040,656
38243,13809040,13809062,22
38244,13809062,13809214,152
38245,13809214,13809228,14
38246,13809228,13809249,21
38247,13809249,13809341,92
38248,13809341,13809436,95
38249,13809436,13809581,145
38250,13809581,13810032,451
38251,13810032,13810243,211
38252,13810243,13810297,54
38253,13810297,13810423,126
38254,13810423,13810438,15
38255,13810438,13810546,108
38256,13810546,13810939,393
38257,13810939,13811886,947
38258,13811886,13812140,254
38259,13812140,13812171,31
38260,13812171,13812199,28
38261,13812199,13812249,50
38262,13812249,13812655,406
38263,13812655,13812688,33
38264,13812688,13813283,595
38265,13813283,13813708,425
38266,13813708,13814501,793
38267,13814501,13814508,7
38268,13814508,13814595,87
38269,13814595,13814670,75
38270,13814670,13814793,123
38271,13814793,13815199,406
38272,13815199,13815354,155
38273,13815354,13815838,484
38274,13818044,13819414,1370
38275,13819414,13819430,16
38276,13819430,13819779,349
38277,13819779,13819808,29
38278,13819808,13820123,315
38279,13820123,13820186,63
38280,13820186,13821930,1744
38281,13821930,13822051,121
38282,13822051,13822056,5
38283,13822056,13822929,873
38284,13822929,13823076,147
38285,13823076,13823241,165
38286,13823241,13823613,372
38287,13823613,13823634,21
38288,13823634,13823773,139
38289,13823773,13824196,423
38290,13824196,13824311,115
38291,13824311,13824709,398
38292,13824709,13824833,124
38293,13824833,13825681,848
38294,13825681,13826236,555
38295,13826236,13826248,12
38296,13826248,13826844,596
38297,13826844,13826949,105
38298,13826949,13827051,102
38299,13827051,13827609,558
38300,13827609,13827642,33
38301,13827642,13828518,876
38302,13828518,13828624,106
38303,13828624,13829102,478
38304,13829102,13829178,76
38305,13829178,13829331,153
38306,13829331,13829414,83
38307,13829414,13830043,629
38308,13830043,13830657,614
38309,13830657,13831016,359
38310,13831016,13831097,81
38311,13831097,13831362,265
38312,13831362,13831631,269
38313,13831631,13831859,228
38314,13831859,13831946,87
38315,13831946,13832009,63
38316,13832009,13832140,131
38317,13832140,13832222,82
38318,13832222,13832344,122
38319,13832344,13832822,478
38320,13832822,13833115,293
38321,13833115,13834101,986
38322,13834101,13834847,746
38323,13834847,13834901,54
38324,13834901,13834944,43
38325,13834944,13835288,344
38326,13835288,13835358,70
38327,13835358,13835529,171
38328,13835529,13836343,814
38329,13836343,13836629,286
38330,13836629,13836869,240
38331,13836869,13837077,208
38332,13837077,13837160,83
38333,13837160,13837650,490
38334,13837650,13837692,42
38335,13837692,13837751,59
38336,13837751,13837824,73
38337,13837824,13837854,30
38338,13837854,13837919,65
38339,13837919,13838043,124
38340,13838043,13838117,74
38341,13838117,13838138,21
38342,13838138,13838409,271
38343,13838409,13838422,13
38344,13838422,13838635,213
38345,13838635,13839126,491
38346,13839126,13839687,561
38347,13839687,13839782,95
38348,13839782,13839789,7
38349,13839789,13839797,8
38350,13839797,13840024,227
38351,13840024,13840051,27
38352,13840051,13840203,152
38353,13840203,13840213,10
38354,13840213,13840389,176
38355,13840389,13841212,823
38356,13841212,13841233,21
38357,13841233,13841242,9
38358,13841242,13842492,1250
38359,13842492,13842624,132
38360,13842624,13843243,619
38361,13843243,13843498,255
38362,13843498,13844117,619
38363,13844117,13845197,1080
38364,13845197,13845274,77
38365,13845274,13845574,300
38366,13845574,13846408,834
38367,13848924,13849768,844
38368,13851652,13851961,309
38369,13851961,13852004,43
38370,13852004,13852022,18
38371,13852022,13852324,302
38372,13852324,13852963,639
38373,13852963,13853147,184
38374,13853147,13853402,255
38375,13853402,13853481,79
38376,13853481,13853530,49
38377,13853530,13853948,418
38378,13853948,13854044,96
38379,13854044,13854206,162
38380,13854206,13854226,20
38381,13854226,13854485,259
38382,13854485,13854519,34
38383,13854519,13854636,117
38384,13854636,13854758,122
38385,13854758,13855090,332
38386,13855090,13855446,356
38387,13855446,13855517,71
38388,13855517,13855589,72
38389,13855589,13855606,17
38390,13855606,13855958,352
38391,13855958,13856091,133
38392,13856091,13856177,86
38393,13856177,13856201,24
38394,13856201,13856525,324
38395,13856525,13856594,69
38396,13856594,13856697,103
38397,13856697,13856888,191
38398,13856888,13857039,151
38399,13857039,13857154,115
38400,13857154,13857356,202
38401,13857356,13857675,319
38402,13857675,13858319,644
38403,13858319,13858331,12
38404,13858331,13860446,2115
38405,13860446,13860512,66
38406,13860512,13861127,615
38407,13861127,13861500,373
38408,13861500,13862853,1353
38409,13862853,13864305,1452
38410,13864305,13865138,833
38411,13865138,13865495,357
38412,13865495,13867334,1839
38413,13867334,13867423,89
38414,13867423,13867826,403
38415,13867826,13868040,214
38416,13868040,13868099,59
38417,13868099,13868110,11
38418,13868110,13868402,292
38419,13868402,13868478,76
38420,13868478,13868609,131
38421,13868609,13868938,329
38422,13868938,13869371,433
38423,13869371,13869808,437
38424,13869808,13870225,417
38425,13870225,13870337,112
38426,13870337,13870397,60
38427,13870397,13870425,28
38428,13870425,13870487,62
38429,13870487,13870961,474
38430,13870961,13872501,1540
38431,13872501,13873075,574
38432,13873075,13873209,134
38433,13873209,13873499,290
38434,13873499,13873572,73
38435,13873572,13873697,125
38436,13873697,13873894,197
38437,13873894,13875180,1286
38438,13875180,13875333,153
38439,13875333,13875897,564
38440,13875897,13876996,1099
38441,13882971,13882987,16
38442,13882987,13882996,9
38443,13882996,13883346,350
38444,13883346,13883722,376
38445,13883722,13883760,38
38446,13883760,13883856,96
38447,13883856,13883887,31
38448,13883887,13884120,233
38449,13884120,13884150,30
38450,13884150,13884465,315
38451,13884465,13884648,183
38452,13884648,13884692,44
38453,13884692,13884720,28
38454,13884720,13885121,401
38455,13885121,13885158,37
38456,13885158,13885239,81
38457,13885239,13885284,45
38458,13885284,13885784,500
38459,13885784,13885840,56
38460,13885840,13886114,274
38461,13886114,13886219,105
38462,13886219,13887255,1036
38463,13887255,13887300,45
38464,13887300,13887547,247
38465,13887547,13887586,39
38466,13887586,13887765,179
38467,13887765,13888311,546
38468,13888311,13888321,10
38469,13888321,13888328,7
38470,13888328,13888502,174
38471,13888502,13889449,947
38472,13889449,13890935,1486
38473,13890935,13891784,849
38474,13891784,13891801,17
38475,13891801,13892044,243
38476,13892044,13892071,27
38477,13892071,13892236,165
38478,13892236,13892871,635
38479,13892871,13893353,482
38480,13893353,13894207,854
38481,13894207,13895661,1454
38482,13895661,13895887,226
38483,13895887,13898013,2126
38484,13898013,13898505,492
38485,13898505,13898809,304
38486,13898809,13898832,23
38487,13898832,13900265,1433
38488,13900265,13900463,198
38489,13900463,13901021,558
38490,13901021,13901764,743
38491,13901764,13902174,410
38492,13902174,13902508,334
38493,13902508,13902830,322
38494,13902830,13903005,175
38495,13903005,13903533,528
38496,13903533,13904410,877
38497,13904410,13905069,659
38498,13905069,13905446,377
38499,13905446,13905457,11
38500,13905457,13905467,10
38501,13905467,13905505,38
38502,13905505,13906792,1287
38503,13906792,13907897,1105
38504,13907897,13908572,675
38505,13908572,13909931,1359
38506,13909931,13909948,17
38507,13911651,13911728,77
38508,13911728,13911961,233
38509,13911961,13911986,25
38510,13911986,13911996,10
38511,13911996,13912001,5
38512,13912001,13912231,230
38513,13912231,13913098,867
38514,13913098,13913315,217
38515,13913315,13913883,568
38516,13913883,13914000,117
38517,13916484,13917546,1062
38518,13917546,13917766,220
38519,13917766,13917859,93
38520,13917859,13918017,158
38521,13918017,13918075,58
38522,13918075,13919255,1180
38523,13919255,13919670,415
38524,13919670,13919698,28
38525,13919698,13920332,634
38526,13920332,13922294,1962
38527,13922294,13922814,520
38528,13922814,13922941,127
38529,13922941,13923462,521
38530,13923462,13924826,1364
38531,13924826,13925115,289
38532,13925115,13925645,530
38533,13925645,13925671,26
38534,13925671,13925911,240
38535,13925911,13926117,206
38536,13926117,13926330,213
38537,13926330,13926470,140
38538,13926470,13926768,298
38539,13926768,13927536,768
38540,13927536,13927761,225
38541,13927761,13928223,462
38542,13928223,13928807,584
38543,13928807,13928815,8
38544,13928815,13929318,503
38545,13929318,13930117,799
38546,13930117,13931553,1436
38547,13931553,13932442,889
38548,13932442,13932968,526
38549,13932968,13933849,881
38550,13933849,13934012,163
38551,13934012,13934410,398
38552,13934410,13935136,726
38553,13935136,13935360,224
38554,13935360,13935432,72
38555,13935432,13935784,352
38556,13935784,13935827,43
38557,13935827,13936046,219
38558,13936046,13936095,49
38559,13936095,13936314,219
38560,13936314,13936376,62
38561,13936376,13936481,105
38562,13936481,13936485,4
38563,13936485,13938687,2202
38564,13938687,13938770,83
38565,13938770,13940124,1354
38566,13940124,13940491,367
38567,13940491,13941494,1003
38568,13941494,13942231,737
38569,13942231,13942469,238
38570,13942469,13942607,138
38571,13942607,13942927,320
38572,13942927,13943002,75
38573,13943002,13943009,7
38574,13943009,13943742,733
38575,13943742,13944099,357
38576,13944099,13944297,198
38577,13944297,13944374,77
38578,13944374,13944443,69
38579,13944443,13944492,49
38580,13944492,13944524,32
38581,13944524,13944577,53
38582,13944577,13944663,86
38583,13944663,13944716,53
38584,13944716,13944871,155
38585,13944871,13944891,20
38586,13944891,13944951,60
38587,13944951,13944962,11
38588,13944962,13944988,26
38589,13944988,13944992,4
38590,13944992,13945187,195
38591,13945187,13945623,436
38592,13945623,13945798,175
38593,13945798,13947103,1305
38594,13947103,13947125,22
38595,13947125,13947213,88
38596,13947213,13948237,1024
38597,13948237,13948516,279
38598,13948516,13948521,5
38599,13948521,13948526,5
38600,13948526,13948536,10
38601,13948536,13949725,1189
38602,13949725,13950347,622
38603,13950347,13950665,318
38604,13950665,13950928,263
38605,13950928,13950937,9
38606,13950937,13952247,1310
38607,13952247,13952443,196
38608,13952443,13952902,459
38609,13952902,13954716,1814
38610,13954716,13954912,196
38611,13954912,13954993,81
38612,13954993,13955012,19
38613,13955012,13955429,417
38614,13955429,13955785,356
38615,13955785,13955960,175
38616,13955960,13956084,124
38617,13956084,13956253,169
38618,13956253,13956305,52
38619,13956305,13956576,271
38620,13956576,13956626,50
38621,13956626,13956778,152
38622,13956778,13958166,1388
38623,13958166,13958639,473
38624,13958639,13958820,181
38625,13958820,13961122,2302
38626,13961122,13961316,194
38627,13961316,13961863,547
38628,13961863,13961875,12
38629,13961875,13963055,1180
38630,13963055,13963636,581
38631,13963636,13964752,1116
38632,13964752,13965356,604
38633,13965356,13965488,132
38634,13965488,13966627,1139
38635,13966627,13966689,62
38636,13966689,13966877,188
38637,13966877,13967465,588
38638,13967465,13967926,461
38639,13967926,13969502,1576
38640,13969502,13970950,1448
38641,13970950,13972990,2040
38642,13972990,13973048,58
38643,13973048,13975052,2004
38644,13975052,13975458,406
38645,13975458,13976328,870
38646,13976328,13977158,830
38647,13977158,13977546,388
38648,13977546,13978480,934
38649,13978480,13979535,1055
38650,13979535,13979553,18
38651,13979553,13979718,165
38652,13979718,13979725,7
38653,13979725,13980227,502
38654,13980227,13980961,734
38655,13980961,13981010,49
38656,13981010,13981119,109
38657,13981119,13981912,793
38658,13987102,13988239,1137
38659,13988239,13988821,582
38660,13988821,13989307,486
38661,13989307,13989420,113
38662,13989420,13989921,501
38663,13989921,13990007,86
38664,13990007,13990278,271
38665,13990278,13990312,34
38666,13990312,13990741,429
38667,13990741,13991031,290
38668,13991031,13991396,365
38669,13991396,13991435,39
38670,13991435,13991688,253
38671,13991688,13991748,60
38672,13991748,13992750,1002
38673,13994741,13995059,318
38674,13995059,13995875,816
38675,13998080,13998225,145
38676,13998225,13998270,45
38677,13998270,13998381,111
38678,13998381,13998400,19
38679,13998400,13998459,59
38680,13998459,13998514,55
38681,13998514,13998648,134
38682,13998648,13998892,244
38683,13998892,13998901,9
38684,13998901,13999273,372
38685,13999273,13999502,229
38686,13999502,14000298,796
38687,14000298,14000316,18
38688,14000316,14000415,99
38689,14000415,14000430,15
38690,14000430,14000558,128
38691,14000558,14000640,82
38692,14000640,14001245,605
38693,14001245,14001702,457
38694,14001702,14002539,837
38695,14002539,14002560,21
38696,14002560,14003101,541
38697,14003101,14003383,282
38698,14003383,14003637,254
38699,14003637,14003759,122
38700,14003759,14003819,60
38701,14003819,14004028,209
38702,14004028,14004072,44
38703,14004072,14004375,303
38704,14004375,14004474,99
38705,14004474,14004610,136
38706,14004610,14004704,94
38707,14004704,14004778,74
38708,14004778,14005269,491
38709,14005269,14005432,163
38710,14005432,14005957,525
38711,14005957,14006294,337
38712,14006294,14006342,48
38713,14006342,14006692,350
38714,14006692,14006794,102
38715,14006794,14006806,12
38716,14006806,14006986,180
38717,14006986,14008414,1428
38718,14012647,14013552,905
38719,14013552,14013871,319
38720,14013871,14014321,450
38721,14014321,14014849,528
38722,14014849,14015262,413
38723,14015262,14015333,71
38724,14015333,14015432,99
38725,14015432,14015675,243
38726,14015675,14016025,350
38727,14016025,14016168,143
38728,14016168,14016238,70
38729,14016238,14016630,392
38730,14016630,14016773,143
38731,14016773,14016843,70
38732,14016843,14017045,202
38733,14017045,14017247,202
38734,14017247,14017889,642
38735,14017889,14018134,245
38736,14018134,14018271,137
38737,14018271,14018374,103
38738,14018374,14018550,176
38739,14018550,14019296,746
38740,14019296,14019303,7
38741,14019303,14020193,890
38742,14020193,14020367,174
38743,14022364,14022894,530
38744,14022894,14022900,6
38745,14022900,14023311,411
38746,14023311,14023639,328
38747,14023639,14025242,1603
38748,14025242,14025264,22
38749,14025264,14025354,90
38750,14025354,14025516,162
38751,14025516,14025527,11
38752,14025527,14025652,125
38753,14025652,14025659,7
38754,14025659,14025689,30
38755,14025689,14025702,13
38756,14025702,14025895,193
38757,14025895,14026084,189
38758,14026084,14026177,93
38759,14026177,14026294,117
38760,14026294,14027596,1302
38761,14027596,14027604,8
38762,14027604,14028933,1329
38763,14028933,14029096,163
38764,14029096,14029289,193
38765,14029289,14029339,50
38766,14029339,14029775,436
38767,14029775,14029974,199
38768,14029974,14030399,425
38769,14030399,14031151,752
38770,14031151,14031210,59
38771,14031210,14031729,519
38772,14031729,14031816,87
38773,14031816,14031940,124
38774,14031940,14032131,191
38775,14032131,14032141,10
38776,14032141,14033059,918
38777,14033059,14033081,22
38778,14033081,14033818,737
38779,14033818,14034905,1087
38780,14034905,14034910,5
38781,14034910,14034956,46
38782,14034956,14035478,522
38783,14035478,14035604,126
38784,14038998,14039196,198
38785,14039196,14039202,6
38786,14039202,14039515,313
38787,14039515,14039714,199
38788,14042187,14043074,887
38789,14043074,14045118,2044
38790,14045118,14045350,232
38791,14045350,14047030,1680
38792,14047030,14047112,82
38793,14047112,14047240,128
38794,14047240,14047255,15
38795,14047255,14047354,99
38796,14047354,14047372,18
38797,14047372,14047480,108
38798,14047480,14048269,789
38799,14048269,14048351,82
38800,14048351,14048479,128
38801,14048479,14048494,15
38802,14048494,14048593,99
38803,14048593,14048611,18
38804,14048611,14048719,108
38805,14048719,14049538,819
38806,14049538,14049620,82
38807,14049620,14049748,128
38808,14049748,14049763,15
38809,14049763,14049862,99
38810,14049862,14049880,18
38811,14049880,14049988,108
38812,14049988,14050807,819
38813,14050807,14050889,82
38814,14050889,14051017,128
38815,14051017,14051032,15
38816,14051032,14051131,99
38817,14051131,14051149,18
38818,14051149,14051257,108
38819,14051257,14052076,819
38820,14052076,14052158,82
38821,14052158,14052286,128
38822,14052286,14052301,15
38823,14052301,14052400,99
38824,14052400,14052418,18
38825,14052418,14052526,108
38826,14052526,14053345,819
38827,14053345,14053427,82
38828,14053427,14053555,128
38829,14053555,14053570,15
38830,14053570,14053670,100
38831,14053670,14053688,18
38832,14053688,14053796,108
38833,14053796,14054615,819
38834,14054615,14054697,82
38835,14054697,14054825,128
38836,14054825,14054840,15
38837,14054840,14054939,99
38838,14054939,14054957,18
38839,14054957,14055065,108
38840,14055065,14055884,819
38841,14055884,14055966,82
38842,14055966,14056094,128
38843,14056094,14056109,15
38844,14056109,14056208,99
38845,14056208,14056226,18
38846,14056226,14056334,108
38847,14056334,14057153,819
38848,14057153,14057235,82
38849,14057235,14057363,128
38850,14057363,14057378,15
38851,14057378,14057477,99
38852,14057477,14057495,18
38853,14057495,14057603,108
38854,14057603,14058422,819
38855,14058422,14058504,82
38856,14058504,14058632,128
38857,14058632,14058647,15
38858,14058647,14058746,99
38859,14058746,14058764,18
38860,14058764,14058874,110
38861,14058874,14059692,818
38862,14059692,14059774,82
38863,14059774,14059902,128
38864,14059902,14059917,15
38865,14059917,14060016,99
38866,14060016,14060034,18
38867,14060034,14060142,108
38868,14060142,14060960,818
38869,14060960,14061042,82
38870,14061042,14061170,128
38871,14061170,14061185,15
38872,14061185,14061284,99
38873,14061284,14061302,18
38874,14061302,14061797,495
38875,14061797,14063462,1665
38876,14063462,14063520,58
38877,14063520,14064555,1035
38878,14068041,14068113,72
38879,14068113,14068125,12
38880,14068125,14068175,50
38881,14068175,14068408,233
38882,14068408,14068788,380
38883,14068788,14069181,393
38884,14069181,14069219,38
38885,14069219,14069459,240
38886,14069459,14069676,217
38887,14069676,14069787,111
38888,14069787,14069796,9
38889,14069796,14069947,151
38890,14069947,14070099,152
38891,14070099,14070141,42
38892,14070141,14070166,25
38893,14070166,14070298,132
38894,14070298,14071406,1108
38895,14071406,14071613,207
38896,14071613,14071621,8
38897,14071621,14072816,1195
38898,14072816,14073536,720
38899,14073536,14074371,835
38900,14074371,14074433,62
38901,14074433,14075191,758
38902,14075191,14075414,223
38903,14078177,14078221,44
38904,14078221,14078266,45
38905,14078266,14080459,2193
38906,14080459,14081340,881
38907,14081340,14082997,1657
38908,14085896,14086795,899
38909,14086795,14086810,15
38910,14086810,14086815,5
38911,14086815,14088179,1364
38912,14088179,14088676,497
38913,14088676,14089817,1141
38914,14089817,14089998,181
38915,14089998,14090142,144
38916,14090142,14090302,160
38917,14090302,14090332,30
38918,14090332,14091195,863
38919,14091195,14091267,72
38920,14091267,14091371,104
38921,14091371,14093216,1845
38922,14093216,14094113,897
38923,14094113,14094544,431
38924,14094544,14097200,2656
38925,14097200,14097800,600
38926,14097800,14098195,395
38927,14098195,14098617,422
38928,14098617,14098964,347
38929,14098964,14098976,12
38930,14098976,14099293,317
38931,14099293,14099850,557
38932,14099850,14100114,264
38933,14100114,14100605,491
38934,14100605,14101070,465
38935,14101070,14101317,247
38936,14101317,14101921,604
38937,14101921,14102763,842
38938,14102763,14102989,226
38939,14102989,14102995,6
38940,14102995,14103751,756
38941,14103751,14104284,533
38942,14104284,14104621,337
38943,14104621,14105254,633
38944,14105254,14106509,1255
38945,14106509,14106522,13
38946,14106522,14107089,567
38947,14107089,14107134,45
38948,14107134,14107293,159
38949,14107293,14108184,891
38950,14108184,14108415,231
38951,14108415,14108937,522
38952,14108937,14109429,492
38953,14109429,14109510,81
38954,14109510,14109814,304
38955,14109814,14109836,22
38956,14109836,14109896,60
38957,14109896,14110019,123
38958,14110019,14110143,124
38959,14110143,14110854,711
38960,14110854,14110971,117
38961,14110971,14111690,719
38962,14111690,14111877,187
38963,14111877,14112046,169
38964,14112046,14112608,562
38965,14112608,14112690,82
38966,14112690,14113188,498
38967,14113188,14113918,730
38968,14113918,14114335,417
38969,14114335,14114645,310
38970,14114645,14114989,344
38971,14114989,14115348,359
38972,14115348,14115873,525
38973,14115873,14115893,20
38974,14115893,14116131,238
38975,14116131,14116142,11
38976,14116142,14116151,9
38977,14116151,14116449,298
38978,14116449,14117509,1060
38979,14117509,14117671,162
38980,14117671,14117678,7
38981,14117678,14118370,692
38982,14118370,14118438,68
38983,14118438,14118922,484
38984,14118922,14119810,888
38985,14119810,14120041,231
38986,14120041,14120340,299
38987,14120340,14121271,931
38988,14121271,14121707,436
38989,14121707,14121844,137
38990,14121844,14121882,38
38991,14121882,14122283,401
38992,14122283,14122426,143
38993,14122426,14122475,49
38994,14122475,14123417,942
38995,14123417,14123505,88
38996,14123505,14124827,1322
38997,14124827,14124870,43
38998,14124870,14124930,60
38999,14124930,14125239,309
39000,14125239,14126823,1584
39001,14126823,14127016,193
39002,14127016,14127331,315
39003,14127331,14128011,680
39004,14128011,14128148,137
39005,14128148,14129250,1102
39006,14129250,14129836,586
39007,14132204,14132602,398
39008,14132602,14132744,142
39009,14132744,14132887,143
39010,14132887,14133413,526
39011,14133413,14133598,185
39012,14133598,14133891,293
39013,14133891,14134627,736
39014,14134627,14135010,383
39015,14135010,14135359,349
39016,14135359,14135395,36
39017,14135395,14137003,1608
39018,14137003,14138322,1319
39019,14138322,14138420,98
39020,14138420,14138908,488
39021,14138908,14139911,1003
39022,14139911,14140433,522
39023,14140433,14140612,179
39024,14140612,14140652,40
39025,14140652,14140789,137
39026,14140789,14140938,149
39027,14140938,14141211,273
39028,14141211,14141456,245
39029,14141456,14141699,243
39030,14141699,14142292,593
39031,14142292,14142328,36
39032,14142328,14143317,989
39033,14143317,14143953,636
39034,14143953,14144946,993
39035,14144946,14144967,21
39036,14144967,14144981,14
39037,14147429,14147982,553
39038,14147982,14147990,8
39039,14147990,14148013,23
39040,14148013,14148217,204
39041,14148217,14148556,339
39042,14148556,14148749,193
39043,14148749,14149023,274
39044,14149023,14149132,109
39045,14149132,14150126,994
39046,14150126,14150360,234
39047,14150360,14150417,57
39048,14150417,14150424,7
39049,14150424,14150446,22
39050,14150446,14150541,95
39051,14150541,14150565,24
39052,14150565,14150955,390
39053,14150955,14151179,224
39054,14151179,14151192,13
39055,14151192,14151337,145
39056,14151337,14151437,100
39057,14151437,14151448,11
39058,14151448,14151687,239
39059,14151687,14151819,132
39060,14151819,14151824,5
39061,14151824,14151892,68
39062,14151892,14152079,187
39063,14152079,14152199,120
39064,14152199,14152205,6
39065,14152205,14152271,66
39066,14152271,14152275,4
39067,14152275,14153565,1290
39068,14153565,14154059,494
39069,14154059,14154275,216
39070,14154275,14155290,1015
39071,14155290,14155396,106
39072,14155396,14155784,388
39073,14155784,14155798,14
39074,14155798,14157763,1965
39075,14157763,14158265,502
39076,14158265,14159151,886
39077,14159151,14159631,480
39078,14159631,14160345,714
39079,14160345,14160349,4
39080,14160349,14160765,416
39081,14160765,14160810,45
39082,14160810,14160897,87
39083,14160897,14161135,238
39084,14161135,14161151,16
39085,14161151,14161912,761
39086,14161912,14162227,315
39087,14162227,14162357,130
39088,14162357,14162949,592
39089,14162949,14163397,448
39090,14163397,14165157,1760
39091,14165157,14165262,105
39092,14165262,14165371,109
39093,14165371,14165448,77
39094,14165448,14165709,261
39095,14165709,14165844,135
39096,14165844,14165895,51
39097,14165895,14165932,37
39098,14165932,14166121,189
39099,14166121,14166276,155
39100,14166276,14166348,72
39101,14166348,14166357,9
39102,14166357,14166446,89
39103,14166446,14166547,101
39104,14166547,14166735,188
39105,14166735,14167250,515
39106,14167250,14167462,212
39107,14167462,14167532,70
39108,14167532,14167790,258
39109,14167790,14167988,198
39110,14167988,14168729,741
39111,14168729,14169245,516
39112,14169245,14169283,38
39113,14169283,14169424,141
39114,14169424,14169516,92
39115,14169516,14169666,150
39116,14169666,14171182,1516
39117,14171182,14171267,85
39118,14171267,14171519,252
39119,14171519,14171774,255
39120,14171774,14171860,86
39121,14171860,14171902,42
39122,14171902,14171924,22
39123,14171924,14172411,487
39124,14172411,14172984,573
39125,14172984,14173226,242
39126,14173226,14173753,527
39127,14173753,14174228,475
39128,14174228,14175529,1301
39129,14175529,14176742,1213
39130,14176742,14176927,185
39131,14176927,14176987,60
39132,14176987,14177090,103
39133,14177090,14177628,538
39134,14177628,14177882,254
39135,14177882,14178011,129
39136,14178011,14178074,63
39137,14178074,14178490,416
39138,14178490,14179562,1072
39139,14179562,14179844,282
39140,14179844,14179959,115
39141,14179959,14180033,74
39142,14180033,14181553,1520
39143,14181553,14181784,231
39144,14181784,14182915,1131
39145,14182915,14183134,219
39146,14183134,14183913,779
39147,14183913,14184230,317
39148,14184230,14184620,390
39149,14184620,14185689,1069
39150,14185689,14186778,1089
39151,14186778,14187143,365
39152,14187143,14187545,402
39153,14187545,14187608,63
39154,14187608,14187907,299
39155,14187907,14188382,475
39156,14188382,14188640,258
39157,14188640,14188782,142
39158,14188782,14189269,487
39159,14189269,14189771,502
39160,14189771,14190017,246
39161,14190017,14190167,150
39162,14190167,14190416,249
39163,14190416,14190449,33
39164,14190449,14190533,84
39165,14190533,14190551,18
39166,14190551,14190569,18
39167,14190569,14190593,24
39168,14190593,14190605,12
39169,14190605,14190673,68
39170,14190673,14190833,160
39171,14190833,14191090,257
39172,14191090,14191149,59
39173,14191149,14191569,420
39174,14191569,14191965,396
39175,14191965,14191979,14
39176,14191979,14192864,885
39177,14192864,14193218,354
39178,14193218,14193419,201
39179,14193419,14193548,129
39180,14193548,14193628,80
39181,14193628,14194218,590
39182,14194218,14194310,92
39183,14194310,14195268,958
39184,14195268,14195431,163
39185,14195431,14195549,118
39186,14195549,14195615,66
39187,14195615,14195636,21
39188,14195636,14195795,159
39189,14195795,14195866,71
39190,14195866,14195926,60
39191,14195926,14195992,66
39192,14195992,14196074,82
39193,14196074,14196160,86
39194,14196160,14196314,154
39195,14196314,14196364,50
39196,14196364,14196383,19
39197,14196383,14196482,99
39198,14196482,14196556,74
39199,14196556,14196578,22
39200,14196578,14196730,152
39201,14196730,14197274,544
39202,14197274,14197311,37
39203,14197311,14197328,17
39204,14197328,14197507,179
39205,14197507,14197536,29
39206,14197536,14197784,248
39207,14197784,14198005,221
39208,14198005,14198125,120
39209,14198125,14198250,125
39210,14198250,14198263,13
39211,14198263,14198325,62
39212,14198325,14198329,4
39213,14198329,14198436,107
39214,14198436,14198538,102
39215,14198538,14198671,133
39216,14198671,14198885,214
39217,14198885,14198904,19
39218,14198904,14199200,296
39219,14199200,14199207,7
39220,14199207,14199259,52
39221,14199259,14199502,243
39222,14199502,14200322,820
39223,14200322,14200554,232
39224,14200554,14200691,137
39225,14200691,14200719,28
39226,14200719,14200814,95
39227,14200814,14201021,207
39228,14201021,14201359,338
39229,14201359,14201595,236
39230,14201595,14201649,54
39231,14201649,14201662,13
39232,14201662,14201936,274
39233,14201936,14201948,12
39234,14201948,14201978,30
39235,14201978,14201984,6
39236,14201984,14202026,42
39237,14202026,14202044,18
39238,14202044,14202050,6
39239,14202050,14202062,12
39240,14202062,14202068,6
39241,14202068,14202074,6
39242,14202074,14202380,306
39243,14202380,14202395,15
39244,14202395,14202628,233
39245,14202628,14202761,133
39246,14202761,14202968,207
39247,14202968,14203117,149
39248,14203117,14203204,87
39249,14203204,14203541,337
39250,14203541,14203593,52
39251,14205567,14205861,294
39252,14205861,14206322,461
39253,14206322,14206375,53
39254,14206375,14206701,326
39255,14206701,14206791,90
39256,14206791,14206927,136
39257,14206927,14206981,54
39258,14206981,14207055,74
39259,14207055,14207074,19
39260,14207074,14208143,1069
39261,14208143,14209644,1501
39262,14209644,14209761,117
39263,14209761,14209806,45
39264,14209806,14210185,379
39265,14210185,14210725,540
39266,14210725,14211935,1210
39267,14211935,14212056,121
39268,14212056,14212448,392
39269,14212448,14212656,208
39270,14212656,14212675,19
39271,14212675,14212993,318
39272,14212993,14213831,838
39273,14213831,14214714,883
39274,14214714,14216953,2239
39275,14216953,14217192,239
39276,14217192,14217979,787
39277,14217979,14218569,590
39278,14218569,14219171,602
39279,14219171,14219743,572
39280,14219743,14219903,160
39281,14219903,14220226,323
39282,14220226,14220396,170
39283,14220396,14220546,150
39284,14220546,14220625,79
39285,14220625,14221037,412
39286,14221037,14222935,1898
39287,14222935,14223193,258
39288,14223193,14223262,69
39289,14223262,14223418,156
39290,14223418,14223608,190
39291,14223608,14223632,24
39292,14223632,14223679,47
39293,14223679,14223749,70
39294,14223749,14223811,62
39295,14223811,14223841,30
39296,14223841,14223914,73
39297,14223914,14224324,410
39298,14224324,14224564,240
39299,14224564,14224962,398
39300,14224962,14224991,29
39301,14224991,14225066,75
39302,14225066,14225412,346
39303,14225412,14225733,321
39304,14225733,14225779,46
39305,14225779,14225944,165
39306,14225944,14226279,335
39307,14226279,14226512,233
39308,14226512,14226575,63
39309,14226575,14226726,151
39310,14226726,14226784,58
39311,14226784,14226839,55
39312,14226839,14227009,170
39313,14227009,14227031,22
39314,14227031,14227323,292
39315,14227323,14227566,243
39316,14227566,14227672,106
39317,14227672,14228035,363
39318,14228035,14228603,568
39319,14228603,14228989,386
39320,14228989,14229065,76
39321,14229065,14229250,185
39322,14229250,14229414,164
39323,14229414,14229483,69
39324,14229483,14229573,90
39325,14229573,14229697,124
39326,14229697,14229783,86
39327,14229783,14229907,124
39328,14229907,14229918,11
39329,14229918,14230098,180
39330,14230098,14230227,129
39331,14230227,14230522,295
39332,14230522,14230722,200
39333,14230722,14231002,280
39334,14231002,14231519,517
39335,14231519,14231688,169
39336,14231688,14232157,469
39337,14232157,14232734,577
39338,14232734,14233392,658
39339,14233392,14233453,61
39340,14233453,14233556,103
39341,14233556,14234594,1038
39342,14234594,14234829,235
39343,14234829,14234923,94
39344,14234923,14235043,120
39345,14235043,14235221,178
39346,14235221,14235306,85
39347,14235306,14235521,215
39348,14235521,14235966,445
39349,14235966,14236074,108
39350,14236074,14236088,14
39351,14236088,14236157,69
39352,14236157,14236246,89
39353,14236246,14236576,330
39354,14236576,14237145,569
39355,14237145,14237575,430
39356,14237575,14237611,36
39357,14237611,14238555,944
39358,14238555,14238668,113
39359,14238668,14238869,201
39360,14238869,14238971,102
39361,14238971,14239145,174
39362,14239145,14239207,62
39363,14239207,14239396,189
39364,14239396,14239405,9
39365,14239405,14239616,211
39366,14239616,14240416,800
39367,14240416,14240439,23
39368,14240439,14240553,114
39369,14240553,14240835,282
39370,14240835,14240871,36
39371,14240871,14241297,426
39372,14241297,14241469,172
39373,14241469,14241655,186
39374,14241655,14241673,18
39375,14241673,14241728,55
39376,14241728,14242160,432
39377,14242160,14242257,97
39378,14242257,14242261,4
39379,14242261,14242559,298
39380,14242559,14243675,1116
39381,14243675,14243692,17
39382,14243692,14243989,297
39383,14243989,14244013,24
39384,14244013,14244183,170
39385,14244183,14244350,167
39386,14244350,14244478,128
39387,14244478,14244517,39
39388,14244517,14244722,205
39389,14244722,14245282,560
39390,14245282,14245424,142
39391,14245424,14246057,633
39392,14246057,14246235,178
39393,14246235,14246571,336
39394,14246571,14246780,209
39395,14246780,14246991,211
39396,14246991,14247657,666
39397,14247657,14247955,298
39398,14247955,14248275,320
39399,14248275,14248310,35
39400,14248310,14248353,43
39401,14248353,14248579,226
39402,14248579,14248761,182
39403,14248761,14248843,82
39404,14248843,14249748,905
39405,14249748,14250034,286
39406,14250034,14250090,56
39407,14250090,14250412,322
39408,14250412,14250421,9
39409,14250421,14250729,308
39410,14250729,14250733,4
39411,14250733,14250858,125
39412,14250858,14250885,27
39413,14250885,14250919,34
39414,14250919,14251078,159
39415,14251078,14251099,21
39416,14251099,14251216,117
39417,14251216,14251384,168
39418,14251384,14251810,426
39419,14251810,14253507,1697
39420,14253507,14253643,136
39421,14253643,14253750,107
39422,14253750,14254081,331
39423,14254081,14254129,48
39424,14254129,14255700,1571
39425,14255700,14255899,199
39426,14255899,14256091,192
39427,14256091,14257099,1008
39428,14257099,14257113,14
39429,14257113,14257167,54
39430,14257167,14257417,250
39431,14257417,14257456,39
39432,14257456,14257941,485
39433,14257941,14257974,33
39434,14257974,14258163,189
39435,14258163,14258273,110
39436,14258273,14258670,397
39437,14258670,14258682,12
39438,14258682,14258823,141
39439,14258823,14259654,831
39440,14259654,14259723,69
39441,14259723,14259816,93
39442,14259816,14259825,9
39443,14259825,14260038,213
39444,14260038,14260608,570
39445,14260608,14260624,16
39446,14260624,14260728,104
39447,14260728,14260736,8
39448,14260736,14261034,298
39449,14261034,14261222,188
39450,14261222,14261346,124
39451,14261346,14261713,367
39452,14261713,14261889,176
39453,14261889,14262531,642
39454,14262531,14262680,149
39455,14262680,14262722,42
39456,14262722,14263146,424
39457,14263146,14263451,305
39458,14263451,14263615,164
39459,14263615,14263688,73
39460,14263688,14263778,90
39461,14263778,14263790,12
39462,14263790,14263808,18
39463,14263808,14263831,23
39464,14263831,14263858,27
39465,14263858,14264029,171
39466,14264029,14264158,129
39467,14264158,14264171,13
39468,14264171,14264438,267
39469,14264438,14264599,161
39470,14264599,14264626,27
39471,14264626,14264663,37
39472,14264663,14265996,1333
39473,14265996,14266014,18
39474,14266014,14266118,104
39475,14266118,14267028,910
39476,14267028,14267089,61
39477,14267089,14267563,474
39478,14267563,14267825,262
39479,14267825,14267857,32
39480,14267857,14268608,751
39481,14268608,14268869,261
39482,14268869,14268979,110
39483,14268979,14269029,50
39484,14269029,14269171,142
39485,14269171,14269177,6
39486,14269177,14269434,257
39487,14269434,14269591,157
39488,14269591,14269662,71
39489,14269662,14269806,144
39490,14269806,14269851,45
39491,14269851,14269872,21
39492,14269872,14269938,66
39493,14269938,14270025,87
39494,14270025,14270033,8
39495,14270033,14270202,169
39496,14270202,14270349,147
39497,14270349,14270421,72
39498,14270421,14270445,24
39499,14270445,14270586,141
39500,14270586,14270997,411
39501,14270997,14271094,97
39502,14271094,14271103,9
39503,14271103,14271480,377
39504,14271480,14271549,69
39505,14271549,14271632,83
39506,14271632,14271666,34
39507,14271666,14271899,233
39508,14271899,14271916,17
39509,14271916,14272117,201
39510,14272117,14272207,90
39511,14272207,14272301,94
39512,14272301,14272309,8
39513,14272309,14272528,219
39514,14272528,14272670,142
39515,14272670,14272784,114
39516,14272784,14272898,114
39517,14272898,14273143,245
39518,14273143,14273823,680
39519,14273823,14273856,33
39520,14273856,14274206,350
39521,14274206,14274624,418
39522,14274624,14274651,27
39523,14274651,14274765,114
39524,14274765,14275311,546
39525,14275311,14275323,12
39526,14275323,14275420,97
39527,14275420,14275718,298
39528,14275718,14275811,93
39529,14275811,14275820,9
39530,14275820,14276092,272
39531,14276092,14276148,56
39532,14276148,14276624,476
39533,14276624,14276931,307
39534,14276931,14277612,681
39535,14277612,14278187,575
39536,14288413,14288549,136
39537,14288549,14288809,260
39538,14288809,14289034,225
39539,14289034,14289041,7
39540,14289041,14289370,329
39541,14289370,14289571,201
39542,14289571,14289840,269
39543,14289840,14289882,42
39544,14289882,14290449,567
39545,14290449,14290525,76
39546,14290525,14290707,182
39547,14290707,14290966,259
39548,14290966,14291087,121
39549,14291087,14291420,333
39550,14291420,14291443,23
39551,14291443,14291856,413
39552,14291856,14292244,388
39553,14292244,14293549,1305
39554,14293549,14294290,741
39555,14294290,14294298,8
39556,14294298,14294306,8
39557,14294306,14295519,1213
39558,14295519,14295557,38
39559,14295557,14297834,2277
39560,14297834,14298323,489
39561,14298323,14299220,897
39562,14302282,14302697,415
39563,14302697,14302785,88
39564,14302785,14304228,1443
39565,14304228,14304523,295
39566,14304523,14304662,139
39567,14304662,14305365,703
39568,14305365,14305448,83
39569,14305448,14305692,244
39570,14305692,14305810,118
39571,14305810,14306178,368
39572,14306178,14306610,432
39573,14306610,14306786,176
39574,14306786,14306843,57
39575,14306843,14307442,599
39576,14307442,14307452,10
39577,14307452,14308774,1322
39578,14308774,14309870,1096
39579,14309870,14310165,295
39580,14310165,14310378,213
39581,14310378,14310535,157
39582,14310535,14310582,47
39583,14310582,14310587,5
39584,14310587,14311326,739
39585,14311326,14312012,686
39586,14312012,14312083,71
39587,14312083,14312821,738
39588,14312821,14314315,1494
39589,14314315,14314323,8
39590,14314323,14314794,471
39591,14314794,14314880,86
39592,14314880,14314922,42
39593,14314922,14314944,22
39594,14314944,14315353,409
39595,14315353,14316369,1016
39596,14316369,14316411,42
39597,14316411,14316433,22
39598,14316433,14316717,284
39599,14316717,14316920,203
39600,14316920,14317586,666
39601,14317586,14317591,5
39602,14320753,14320854,101
39603,14320854,14321498,644
39604,14321498,14322318,820
39605,14322318,14322445,127
39606,14322445,14322451,6
39607,14322451,14323475,1024
39608,14323475,14323482,7
39609,14323482,14323578,96
39610,14323578,14324246,668
39611,14324246,14324257,11
39612,14324257,14325918,1661
39613,14325918,14326768,850
39614,14326768,14327817,1049
39615,14327817,14327834,17
39616,14327834,14328616,782
39617,14328616,14330696,2080
39618,14330696,14331682,986
39619,14331682,14332098,416
39620,14332098,14333213,1115
39621,14333213,14333531,318
39622,14333531,14334507,976
39623,14334507,14335489,982
39624,14335489,14336188,699
39625,14336188,14336914,726
39626,14336914,14337726,812
39627,14337726,14339763,2037
39628,14339763,14339837,74
39629,14339837,14340003,166
39630,14340003,14340042,39
39631,14340042,14342328,2286
39632,14342328,14343173,845
39633,14343173,14343385,212
39634,14343385,14343559,174
39635,14343559,14344880,1321
39636,14344880,14345272,392
39637,14345272,14345278,6
39638,14345278,14345854,576
39639,14345854,14346182,328
39640,14346182,14347305,1123
39641,14347305,14347578,273
39642,14347578,14347645,67
39643,14347645,14349246,1601
39644,14349246,14349473,227
39645,14349473,14350572,1099
39646,14350572,14352130,1558
39647,14352130,14352475,345
39648,14352475,14353926,1451
39649,14353926,14354683,757
39650,14354683,14355397,714
39651,14355397,14357207,1810
39652,14357207,14359821,2614
39653,14359821,14360104,283
39654,14360104,14360171,67
39655,14360171,14360251,80
39656,14360251,14360425,174
39657,14360425,14363039,2614
39658,14363039,14364038,999
39659,14366073,14366725,652
39660,14368590,14368772,182
39661,14368772,14369858,1086
39662,14369858,14371344,1486
39663,14371344,14371830,486
39664,14371830,14373364,1534
39665,14373364,14373598,234
39666,14373598,14374130,532
39667,14374130,14375962,1832
39668,14375962,14376407,445
39669,14376407,14376705,298
39670,14376705,14378365,1660
39671,14378365,14379031,666
39672,14379031,14379234,203
39673,14379234,14379518,284
39674,14379518,14379540,22
39675,14379540,14379582,42
39676,14379582,14380561,979
39677,14380561,14381108,547
39678,14381108,14381130,22
39679,14381130,14381172,42
39680,14381172,14381656,484
39681,14381656,14381665,9
39682,14381665,14382327,662
39683,14382327,14383476,1149
39684,14385375,14386352,977
39685,14386352,14387653,1301
39686,14387653,14388015,362
39687,14388015,14388319,304
39688,14388319,14388922,603
39689,14388922,14389065,143
39690,14389065,14389820,755
39691,14389820,14390684,864
39692,14390684,14391147,463
39693,14391147,14392458,1311
39694,14392458,14393114,656
39695,14393114,14393359,245
39696,14393359,14393496,137
39697,14393496,14394233,737
39698,14394233,14395426,1193
39699,14395426,14395601,175
39700,14395601,14397442,1841
39701,14397442,14398063,621
39702,14398063,14399684,1621
39703,14402417,14403591,1174
39704,14403591,14403844,253
39705,14403844,14405832,1988
39706,14405832,14406132,300
39707,14406132,14406440,308
39708,14406440,14406541,101
39709,14406541,14406606,65
39710,14406606,14406739,133
39711,14406739,14408286,1547
39712,14408286,14409249,963
39713,14409249,14409538,289
39714,14409538,14411185,1647
39715,14411185,14411399,214
39716,14411399,14411941,542
39717,14411941,14411949,8
39718,14411949,14414449,2500
39719,14414449,14414723,274
39720,14414723,14415469,746
39721,14415469,14416164,695
39722,14416164,14416852,688
39723,14416852,14417609,757
39724,14417609,14417714,105
39725,14417714,14417813,99
39726,14417813,14418163,350
39727,14418163,14418240,77
39728,14418240,14418556,316
39729,14418556,14418568,12
39730,14418568,14418629,61
39731,14418629,14418759,130
39732,14418759,14419553,794
39733,14419553,14419719,166
39734,14419719,14419834,115
39735,14419834,14420309,475
39736,14420309,14420383,74
39737,14420383,14420928,545
39738,14420928,14421058,130
39739,14421058,14422192,1134
39740,14422192,14422343,151
39741,14422343,14423142,799
39742,14423142,14423156,14
39743,14423156,14424161,1005
39744,14424161,14425087,926
39745,14425087,14427050,1963
39746,14427050,14427276,226
39747,14427276,14427288,12
39748,14429430,14430849,1419
39749,14430849,14431899,1050
39750,14431899,14432657,758
39751,14432657,14432905,248
39752,14432905,14433827,922
39753,14433827,14434642,815
39754,14434642,14435004,362
39755,14438122,14438473,351
39756,14438473,14438569,96
39757,14438569,14438581,12
39758,14438581,14438881,300
39759,14438881,14440663,1782
39760,14440663,14441249,586
39761,14441249,14442647,1398
39762,14445523,14445782,259
39763,14445782,14446917,1135
39764,14446917,14447829,912
39765,14447829,14448693,864
39766,14448693,14449024,331
39767,14449024,14450036,1012
39768,14450036,14450222,186
39769,14450222,14450732,510
39770,14450732,14450969,237
39771,14450969,14451427,458
39772,14451427,14453016,1589
39773,14453016,14454059,1043
39774,14454059,14454351,292
39775,14454351,14454632,281
39776,14454632,14454941,309
39777,14454941,14455630,689
39778,14455630,14455634,4
39779,14455634,14456025,391
39780,14456025,14457130,1105
39781,14457130,14457608,478
39782,14457608,14458703,1095
39783,14458703,14459128,425
39784,14459128,14459389,261
39785,14459389,14459416,27
39786,14459416,14459474,58
39787,14459474,14459619,145
39788,14459619,14460419,800
39789,14460419,14460819,400
39790,14460819,14460826,7
39791,14460826,14460877,51
39792,14460877,14461008,131
39793,14461008,14461125,117
39794,14461125,14461284,159
39795,14461284,14462161,877
39796,14462161,14462308,147
39797,14462308,14463680,1372
39798,14463680,14464298,618
39799,14464298,14465292,994
39800,14465292,14465734,442
39801,14465734,14467715,1981
39802,14467715,14468179,464
39803,14468179,14469019,840
39804,14469019,14469430,411
39805,14469430,14469768,338
39806,14469768,14470127,359
39807,14470127,14470479,352
39808,14470479,14471285,806
39809,14471285,14471772,487
39810,14471772,14472555,783
39811,14472555,14472828,273
39812,14472828,14472837,9
39813,14472837,14472909,72
39814,14472909,14472965,56
39815,14472965,14472977,12
39816,14472977,14473098,121
39817,14473098,14473265,167
39818,14473265,14473322,57
39819,14473322,14473996,674
39820,14473996,14474072,76
39821,14474072,14474518,446
39822,14474518,14474700,182
39823,14474700,14474836,136
39824,14474836,14474922,86
39825,14474922,14475000,78
39826,14475000,14475006,6
39827,14475006,14475159,153
39828,14475159,14475333,174
39829,14475333,14475546,213
39830,14475546,14477000,1454
39831,14477000,14477049,49
39832,14477049,14477342,293
39833,14477342,14477806,464
39834,14477806,14478395,589
39835,14478395,14479875,1480
39836,14479875,14479942,67
39837,14479942,14479950,8
39838,14479950,14479980,30
39839,14479980,14479991,11
39840,14479991,14480008,17
39841,14480008,14480015,7
39842,14480015,14480020,5
39843,14480020,14480035,15
39844,14480035,14480523,488
39845,14480523,14480656,133
39846,14480656,14481294,638
39847,14481294,14481560,266
39848,14481560,14483188,1628
39849,14483188,14483227,39
39850,14483227,14483240,13
39851,14483240,14483742,502
39852,14483742,14484496,754
39853,14484496,14485092,596
39854,14485092,14485170,78
39855,14485170,14485865,695
39856,14485865,14485891,26
39857,14485891,14485895,4
39858,14485895,14486777,882
39859,14486777,14487182,405
39860,14487182,14487270,88
39861,14487270,14488082,812
39862,14488082,14488516,434
39863,14488516,14488555,39
39864,14488555,14488649,94
39865,14488649,14488658,9
39866,14488658,14489211,553
39867,14489211,14489394,183
39868,14489394,14490170,776
39869,14490170,14490175,5
39870,14490175,14490218,43
39871,14490218,14490604,386
39872,14490604,14491907,1303
39873,14494138,14494683,545
39874,14494683,14495276,593
39875,14495276,14495477,201
39876,14495477,14495986,509
39877,14495986,14496096,110
39878,14496096,14496221,125
39879,14496221,14497805,1584
39880,14497805,14498258,453
39881,14498258,14498668,410
39882,14498668,14499474,806
39883,14499474,14499982,508
39884,14499982,14500902,920
39885,14500902,14501359,457
39886,14501359,14501910,551
39887,14501910,14502326,416
39888,14502326,14503899,1573
39889,14503899,14504201,302
39890,14504201,14504964,763
39891,14504964,14506473,1509
39892,14506473,14507301,828
39893,14507301,14507770,469
39894,14507770,14508852,1082
39895,14508852,14510336,1484
39896,14510336,14510344,8
39897,14510344,14511246,902
39898,14511246,14511736,490
39899,14511736,14511741,5
39900,14511741,14511926,185
39901,14511926,14511951,25
39902,14511951,14511970,19
39903,14511970,14512057,87
39904,14512057,14512312,255
39905,14512312,14512768,456
39906,14512768,14513519,751
39907,14513519,14514216,697
39908,14514216,14514855,639
39909,14514855,14515221,366
39910,14515221,14516364,1143
39911,14516364,14516804,440
39912,14516804,14516824,20
39913,14516824,14517226,402
39914,14517226,14517289,63
39915,14517289,14517359,70
39916,14517359,14517901,542
39917,14517901,14518587,686
39918,14518587,14519501,914
39919,14519501,14519819,318
39920,14519819,14521139,1320
39921,14521139,14521146,7
39922,14521146,14521153,7
39923,14521153,14521662,509
39924,14521662,14522458,796
39925,14522458,14522466,8
39926,14522466,14523371,905
39927,14523371,14523379,8
39928,14523379,14525067,1688
39929,14525067,14525389,322
39930,14525389,14525628,239
39931,14525628,14525983,355
39932,14525983,14526891,908
39933,14526891,14527918,1027
39934,14527918,14528162,244
39935,14528162,14528721,559
39936,14528721,14528856,135
39937,14528856,14529513,657
39938,14529513,14531454,1941
39939,14531454,14531725,271
39940,14531725,14532086,361
39941,14532086,14532597,511
39942,14532597,14534153,1556
39943,14534153,14534183,30
39944,14534183,14535454,1271
39945,14538226,14538456,230
39946,14538456,14538725,269
39947,14538725,14539503,778
39948,14539503,14540316,813
39949,14540316,14541642,1326
39950,14541642,14541927,285
39951,14541927,14543067,1140
39952,14543067,14543120,53
39953,14543120,14543273,153
39954,14543273,14543757,484
39955,14543757,14544320,563
39956,14544320,14545914,1594
39957,14545914,14546717,803
39958,14546717,14547346,629
39959,14547346,14547930,584
39960,14547930,14548699,769
39961,14548699,14548703,4
39962,14548703,14548716,13
39963,14548716,14549924,1208
39964,14549924,14551856,1932
39965,14551856,14552077,221
39966,14552077,14552228,151
39967,14552228,14552608,380
39968,14552608,14552807,199
39969,14552807,14553243,436
39970,14553243,14553269,26
39971,14553269,14553720,451
39972,14553720,14554060,340
39973,14554060,14554343,283
39974,14554343,14555226,883
39975,14555226,14555449,223
39976,14555449,14555872,423
39977,14555872,14556343,471
39978,14556343,14557083,740
39979,14557083,14558397,1314
39980,14558397,14558676,279
39981,14558676,14558941,265
39982,14558941,14559162,221
39983,14559162,14559701,539
39984,14559701,14560506,805
39985,14563272,14563602,330
39986,14563602,14565101,1499
39987,14565101,14566288,1187
39988,14566288,14566937,649
39989,14566937,14566952,15
39990,14566952,14567229,277
39991,14567229,14567893,664
39992,14567893,14570067,2174
39993,14570067,14570336,269
39994,14570336,14570414,78
39995,14570414,14571751,1337
39996,14571751,14571788,37
39997,14571788,14572843,1055
39998,14572843,14573377,534
39999,14573377,14573524,147
40000,14573524,14574725,1201
40001,14574725,14574785,60
40002,14574785,14574857,72
40003,14574857,14575991,1134
40004,14575991,14577252,1261
40005,14577252,14579491,2239
40006,14579491,14580837,1346
40007,14580837,14581093,256
40008,14581093,14581958,865
40009,14581958,14582201,243
40010,14582201,14582218,17
40011,14582218,14582261,43
40012,14582261,14582526,265
40013,14582526,14582662,136
40014,14582662,14582975,313
40015,14582975,14583299,324
40016,14583299,14583359,60
40017,14583359,14583365,6
40018,14583365,14583665,300
40019,14583665,14583814,149
40020,14583814,14583826,12
40021,14583826,14584125,299
40022,14584125,14584183,58
40023,14584183,14584214,31
40024,14584214,14584297,83
40025,14584297,14584309,12
40026,14584309,14585456,1147
40027,14585456,14585583,127
40028,14585583,14585640,57
40029,14585640,14585648,8
40030,14585648,14585801,153
40031,14585801,14585937,136
40032,14585937,14586542,605
40033,14586542,14586656,114
40034,14586656,14586707,51
40035,14586707,14586877,170
40036,14586877,14586882,5
40037,14586882,14587176,294
40038,14587176,14587390,214
40039,14587390,14587432,42
40040,14587432,14587474,42
40041,14587474,14587507,33
40042,14587507,14587666,159
40043,14587666,14587756,90
40044,14587756,14587829,73
40045,14587829,14587888,59
40046,14587888,14587963,75
40047,14587963,14588381,418
40048,14588381,14589137,756
40049,14589137,14589347,210
40050,14589347,14590464,1117
40051,14590464,14590651,187
40052,14590651,14591094,443
40053,14591094,14592512,1418
40054,14592512,14592614,102
40055,14592614,14593213,599
40056,14593213,14593681,468
40057,14593681,14593742,61
40058,14593742,14593822,80
40059,14593822,14593826,4
40060,14593826,14594530,704
40061,14594530,14595521,991
40062,14595521,14595557,36
40063,14595557,14595917,360
40064,14595917,14595987,70
40065,14595987,14597638,1651
40066,14597638,14597644,6
40067,14597644,14597769,125
40068,14597769,14597960,191
40069,14597960,14597964,4
40070,14597964,14598921,957
40071,14598921,14600357,1436
40072,14600357,14601347,990
40073,14603604,14604557,953
40074,14604557,14604614,57
40075,14604614,14604624,10
40076,14604624,14604756,132
40077,14604756,14604795,39
40078,14604795,14604897,102
40079,14604897,14604905,8
40080,14604905,14604987,82
40081,14604987,14604994,7
40082,14604994,14605003,9
40083,14605003,14605019,16
40084,14605019,14605046,27
40085,14605046,14605354,308
40086,14605354,14605611,257
40087,14605611,14605973,362
40088,14605973,14606335,362
40089,14606335,14606404,69
40090,14606404,14606708,304
40091,14606708,14606948,240
40092,14606948,14607280,332
40093,14607280,14607326,46
40094,14607326,14607399,73
40095,14607399,14607537,138
40096,14607537,14607757,220
40097,14607757,14608202,445
40098,14608202,14608467,265
40099,14608467,14610148,1681
40100,14610148,14610509,361
40101,14610509,14610571,62
40102,14610571,14610772,201
40103,14610772,14610790,18
40104,14610790,14612941,2151
40105,14612941,14612957,16
40106,14612957,14613124,167
40107,14613124,14613260,136
40108,14613260,14613349,89
40109,14613349,14613689,340
40110,14613689,14614825,1136
40111,14614825,14614855,30
40112,14614855,14615283,428
40113,14615283,14615300,17
40114,14615300,14615408,108
40115,14615408,14615946,538
40116,14621118,14621477,359
40117,14621477,14622174,697
40118,14622174,14623201,1027
40119,14623201,14623398,197
40120,14623398,14623756,358
40121,14623756,14624364,608
40122,14624364,14625303,939
40123,14625303,14626805,1502
40124,14626805,14627125,320
40125,14627125,14627263,138
40126,14627263,14627319,56
40127,14627319,14627434,115
40128,14627434,14627540,106
40129,14627540,14627706,166
40130,14627706,14628128,422
40131,14628128,14628620,492
40132,14628620,14628782,162
40133,14628782,14628977,195
40134,14628977,14628984,7
40135,14628984,14630619,1635
40136,14630619,14630807,188
40137,14630807,14630821,14
40138,14630821,14631210,389
40139,14631210,14631249,39
40140,14631249,14631468,219
40141,14631468,14632143,675
40142,14632143,14634261,2118
40143,14634261,14634761,500
40144,14634761,14634803,42
40145,14634803,14635373,570
40146,14635373,14635430,57
40147,14635430,14635545,115
40148,14635545,14637176,1631
40149,14637176,14637259,83
40150,14637259,14638613,1354
40151,14638613,14638980,367
40152,14638980,14639759,779
40153,14639759,14641946,2187
40154,14641946,14642381,435
40155,14642381,14643944,1563
40156,14643944,14644902,958
40157,14644902,14645062,160
40158,14645062,14645375,313
40159,14645375,14645955,580
40160,14645955,14645980,25
40161,14645980,14646256,276
40162,14646256,14646464,208
40163,14646464,14646486,22
40164,14646486,14649075,2589
40165,14649075,14649087,12
40166,14649087,14650131,1044
40167,14650131,14650288,157
40168,14650288,14650372,84
40169,14650372,14651510,1138
40170,14651510,14652187,677
40171,14652187,14652487,300
40172,14652487,14652568,81
40173,14652568,14652751,183
40174,14652751,14652767,16
40175,14652767,14652812,45
40176,14652812,14652961,149
40177,14652961,14652997,36
40178,14652997,14653032,35
40179,14653032,14653129,97
40180,14653129,14653238,109
40181,14653238,14653953,715
40182,14653953,14654425,472
40183,14654425,14654708,283
40184,14654708,14655539,831
40185,14655539,14655658,119
40186,14655658,14656369,711
40187,14656369,14656609,240
40188,14656609,14657499,890
40189,14657499,14657506,7
40190,14657506,14658255,749
40191,14658255,14658356,101
40192,14658356,14660119,1763
40193,14660119,14661437,1318
40194,14661437,14662693,1256
40195,14662693,14662848,155
40196,14662848,14664786,1938
40197,14664786,14665583,797
40198,14665583,14666031,448
40199,14666031,14666053,22
40200,14666053,14666387,334
40201,14666387,14666744,357
40202,14666744,14668015,1271
40203,14668015,14668203,188
40204,14668203,14668278,75
40205,14668278,14668540,262
40206,14668540,14668630,90
40207,14668630,14668840,210
40208,14668840,14669310,470
40209,14669310,14669926,616
40210,14669926,14670237,311
40211,14670237,14671407,1170
40212,14671407,14672084,677
40213,14672084,14672437,353
40214,14672437,14673137,700
40215,14673137,14673694,557
40216,14673694,14673705,11
40217,14673705,14673889,184
40218,14673889,14674527,638
40219,14674527,14675721,1194
40220,14675721,14675992,271
40221,14675992,14676894,902
40222,14676894,14676903,9
40223,14676903,14677022,119
40224,14677022,14677318,296
40225,14677318,14678306,988
40226,14678306,14678797,491
40227,14678797,14679596,799
40228,14679596,14679689,93
40229,14679689,14680287,598
40230,14680287,14680395,108
40231,14680395,14680410,15
40232,14680410,14681166,756
40233,14681166,14681807,641
40234,14681807,14682756,949
40235,14682756,14683157,401
40236,14683157,14684900,1743
40237,14684900,14685664,764
40238,14685664,14685730,66
40239,14685730,14686819,1089
40240,14686819,14686844,25
40241,14686844,14687877,1033
40242,14687877,14687914,37
40243,14687914,14688387,473
40244,14688387,14688393,6
40245,14688393,14688750,357
40246,14688750,14688995,245
40247,14688995,14690581,1586
40248,14690581,14691400,819
40249,14691400,14691774,374
40250,14691774,14691789,15
40251,14691789,14691804,15
40252,14691804,14691860,56
40253,14691860,14692282,422
40254,14692282,14693774,1492
40255,14693774,14694604,830
40256,14694604,14695769,1165
40257,14695769,14696702,933
40258,14696702,14697209,507
40259,14698737,14699223,486
40260,14699223,14700150,927
40261,14700150,14700925,775
40262,14700925,14700984,59
40263,14700984,14701396,412
40264,14701396,14702298,902
40265,14702298,14703122,824
40266,14703122,14703466,344
40267,14703466,14703950,484
40268,14707698,14707895,197
40269,14707895,14708550,655
40270,14708550,14709520,970
40271,14714572,14715112,540
40272,14715112,14715124,12
40273,14715124,14715360,236
40274,14715360,14715800,440
40275,14715800,14715822,22
40276,14715822,14716434,612
40277,14716434,14718103,1669
40278,14718103,14718314,211
40279,14718314,14718388,74
40280,14718388,14718459,71
40281,14718459,14718661,202
40282,14718661,14719194,533
40283,14719194,14719216,22
40284,14719216,14719244,28
40285,14719244,14719741,497
40286,14719741,14720121,380
40287,14720121,14720810,689
40288,14720810,14720924,114
40289,14720924,14721120,196
40290,14721120,14721549,429
40291,14721549,14721587,38
40292,14721587,14721986,399
40293,14721986,14721995,9
40294,14721995,14722271,276
40295,14722271,14722880,609
40296,14722880,14726000,3120
40297,14726000,14726815,815
40298,14726815,14728057,1242
40299,14728057,14728872,815
40300,14728872,14729113,241
40301,14729113,14729128,15
40302,14729128,14729384,256
40303,14729384,14730100,716
40304,14730100,14730347,247
40305,14730347,14730385,38
40306,14730385,14731473,1088
40307,14731473,14731514,41
40308,14731514,14732274,760
40309,14732274,14732486,212
40310,14732486,14732913,427
40311,14732913,14733564,651
40312,14733564,14736153,2589
40313,14736153,14736445,292
40314,14736445,14737632,1187
40315,14737632,14738745,1113
40316,14738745,14740927,2182
40317,14740927,14740988,61
40318,14740988,14741191,203
40319,14741191,14741441,250
40320,14741441,14742154,713
40321,14742154,14742308,154
40322,14742308,14743193,885
40323,14743193,14745125,1932
40324,14745125,14745692,567
40325,14745692,14746243,551
40326,14746243,14746333,90
40327,14746333,14746617,284
40328,14746617,14746776,159
40329,14746776,14746796,20
40330,14746796,14747100,304
40331,14747100,14747217,117
40332,14747217,14747382,165
40333,14747382,14747494,112
40334,14747494,14747505,11
40335,14747505,14747709,204
40336,14747709,14747735,26
40337,14747735,14747769,34
40338,14747769,14747964,195
40339,14747964,14747993,29
40340,14747993,14748605,612
40341,14748605,14748738,133
40342,14748738,14749660,922
40343,14749660,14749726,66
40344,14749726,14749869,143
40345,14749869,14750165,296
40346,14750165,14751293,1128
40347,14751293,14751332,39
40348,14751332,14751566,234
40349,14751566,14751575,9
40350,14751575,14751696,121
40351,14751696,14753284,1588
40352,14753284,14753358,74
40353,14753358,14753381,23
40354,14753381,14753782,401
40355,14753782,14753881,99
40356,14753881,14754672,791
40357,14754672,14754810,138
40358,14754810,14755409,599
40359,14755409,14756676,1267
40360,14756676,14757970,1294
40361,14757970,14758057,87
40362,14758057,14758147,90
40363,14758147,14758187,40
40364,14758187,14758258,71
40365,14758258,14758345,87
40366,14758345,14758620,275
40367,14758620,14758689,69
40368,14758689,14758908,219
40369,14758908,14758920,12
40370,14758920,14759106,186
40371,14759106,14759273,167
40372,14759273,14759312,39
40373,14759312,14759326,14
40374,14759326,14759536,210
40375,14759536,14759547,11
40376,14759547,14759561,14
40377,14759561,14759588,27
40378,14759588,14760140,552
40379,14760140,14760176,36
40380,14760176,14760192,16
40381,14760192,14760654,462
40382,14760654,14761284,630
40383,14761284,14761482,198
40384,14761482,14761913,431
40385,14761913,14761944,31
40386,14761944,14762223,279
40387,14762223,14762428,205
40388,14762428,14762892,464
40389,14762892,14762947,55
40390,14762947,14762986,39
40391,14762986,14763154,168
40392,14763154,14763303,149
40393,14763303,14764453,1150
40394,14764453,14764513,60
40395,14764513,14765524,1011
40396,14765524,14766101,577
40397,14766101,14766277,176
40398,14766277,14766394,117
40399,14766394,14766452,58
40400,14766452,14766841,389
40401,14766841,14766902,61
40402,14766902,14766908,6
40403,14766908,14768590,1682
40404,14768590,14768594,4
40405,14768594,14768673,79
40406,14768673,14768682,9
40407,14768682,14768691,9
40408,14768691,14768823,132
40409,14768823,14768858,35
40410,14768858,14769042,184
40411,14769042,14769146,104
40412,14769146,14770497,1351
40413,14770497,14770503,6
40414,14770503,14770519,16
40415,14770519,14771467,948
40416,14771467,14772620,1153
40417,14772620,14776035,3415
40418,14776035,14777255,1220
40419,14777255,14777337,82
40420,14777337,14777791,454
40421,14777791,14777811,20
40422,14777811,14777815,4
40423,14779638,14779955,317
40424,14779955,14780271,316
40425,14780271,14780344,73
40426,14780344,14780474,130
40427,14780474,14780556,82
40428,14780556,14781498,942
40429,14781498,14781813,315
40430,14781813,14782133,320
40431,14782133,14782496,363
40432,14782496,14783066,570
40433,14783066,14783104,38
40434,14783104,14783116,12
40435,14783116,14783292,176
40436,14783292,14783326,34
40437,14783326,14783850,524
40438,14783850,14783976,126
40439,14783976,14784037,61
40440,14784037,14784050,13
40441,14784050,14784306,256
40442,14784306,14784409,103
40443,14784409,14784441,32
40444,14784441,14785288,847
40445,14785288,14785535,247
40446,14785535,14785812,277
40447,14785812,14786192,380
40448,14786192,14786489,297
40449,14786489,14787175,686
40450,14787175,14787671,496
40451,14787671,14788519,848
40452,14788519,14788749,230
40453,14788749,14788875,126
40454,14788875,14789150,275
40455,14789150,14789341,191
40456,14789341,14789413,72
40457,14789413,14789852,439
40458,14789852,14789899,47
40459,14789899,14790165,266
40460,14790165,14790443,278
40461,14790443,14791321,878
40462,14791321,14791371,50
40463,14791371,14791514,143
40464,14791514,14791520,6
40465,14791520,14791526,6
40466,14791526,14791532,6
40467,14791532,14791538,6
40468,14791538,14791626,88
40469,14791626,14791917,291
40470,14791917,14792121,204
40471,14792121,14792157,36
40472,14792157,14792289,132
40473,14792289,14792425,136
40474,14792425,14792723,298
40475,14792723,14793083,360
40476,14793083,14793304,221
40477,14793304,14793518,214
40478,14793518,14793782,264
40479,14793782,14793877,95
40480,14793877,14794571,694
40481,14794571,14794641,70
40482,14794641,14794664,23
40483,14794664,14794733,69
40484,14794733,14795176,443
40485,14795176,14795566,390
40486,14795566,14795738,172
40487,14795738,14795908,170
40488,14795908,14795968,60
40489,14795968,14796011,43
40490,14796011,14796479,468
40491,14796479,14797501,1022
40492,14797501,14797525,24
40493,14797525,14797949,424
40494,14797949,14798078,129
40495,14798078,14798222,144
40496,14798222,14798333,111
40497,14798333,14798656,323
40498,14798656,14798881,225
40499,14798881,14799016,135
40500,14799016,14799060,44
40501,14799060,14799126,66
40502,14799126,14799204,78
40503,14799204,14799998,794
40504,14799998,14800050,52
40505,14800050,14800161,111
40506,14800161,14800402,241
40507,14800402,14800678,276
40508,14800678,14800816,138
40509,14800816,14800867,51
40510,14800867,14801336,469
40511,14801336,14801413,77
40512,14801413,14802320,907
40513,14802320,14802800,480
40514,14802800,14803993,1193
40515,14803993,14804790,797
40516,14806670,14806824,154
40517,14806824,14807045,221
40518,14807045,14807109,64
40519,14807109,14807218,109
40520,14807218,14807227,9
40521,14807227,14807527,300
40522,14807527,14807645,118
40523,14807645,14808114,469
40524,14808114,14808143,29
40525,14808143,14808151,8
40526,14808151,14810428,2277
40527,14810428,14810560,132
40528,14810560,14811171,611
40529,14811171,14811231,60
40530,14811231,14812671,1440
40531,14812671,14812678,7
40532,14812678,14812746,68
40533,14812746,14812834,88
40534,14812834,14813095,261
40535,14813095,14813213,118
40536,14813213,14813806,593
40537,14813806,14813963,157
40538,14813963,14814117,154
40539,14814117,14814384,267
40540,14814384,14814752,368
40541,14814752,14815132,380
40542,14815132,14815702,570
40543,14815702,14815746,44
40544,14815746,14815762,16
40545,14815762,14815967,205
40546,14815967,14817493,1526
40547,14817493,14818694,1201
40548,14818694,14818719,25
40549,14818719,14819193,474
40550,14819193,14819239,46
40551,14819239,14819244,5
40552,14819244,14820331,1087
40553,14820331,14821068,737
40554,14821068,14821090,22
40555,14821090,14822008,918
40556,14822008,14822018,10
40557,14822018,14822209,191
40558,14822209,14822333,124
40559,14822333,14822420,87
40560,14822420,14822939,519
40561,14822939,14822998,59
40562,14822998,14823095,97
40563,14823095,14824256,1161
40564,14824256,14824331,75
40565,14824331,14825918,1587
40566,14825918,14826298,380
40567,14826298,14826327,29
40568,14826327,14827355,1028
40569,14827355,14827429,74
40570,14827429,14827433,4
40571,14827433,14827637,204
40572,14827637,14828028,391
40573,14828028,14828310,282
40574,14828310,14828414,104
40575,14828414,14828945,531
40576,14828945,14829171,226
40577,14829171,14829397,226
40578,14829397,14829722,325
40579,14829722,14829789,67
40580,14829789,14829804,15
40581,14829804,14830072,268
40582,14830072,14830776,704
40583,14830776,14830884,108
40584,14830884,14831539,655
40585,14831539,14831751,212
40586,14831751,14832917,1166
40587,14832917,14833293,376
40588,14833293,14833492,199
40589,14833492,14833496,4
40590,14833496,14833568,72
40591,14833568,14833660,92
40592,14833660,14833675,15
40593,14833675,14833679,4
40594,14833679,14833736,57
40595,14833736,14833958,222
40596,14833958,14834015,57
40597,14834015,14834243,228
40598,14834243,14834255,12
40599,14834255,14834444,189
40600,14834444,14834672,228
40601,14834672,14834714,42
40602,14834714,14835134,420
40603,14835134,14835171,37
40604,14835171,14835281,110
40605,14835281,14835314,33
40606,14835314,14835329,15
40607,14835329,14835392,63
40608,14835392,14835464,72
40609,14835464,14835783,319
40610,14835783,14836222,439
40611,14836222,14837024,802
40612,14837024,14837191,167
40613,14837191,14837536,345
40614,14837536,14837648,112
40615,14837648,14838446,798
40616,14838446,14838585,139
40617,14838585,14838703,118
40618,14838703,14838809,106
40619,14838809,14838950,141
40620,14838950,14839487,537
40621,14839487,14840300,813
40622,14840300,14841266,966
40623,14841266,14841966,700
40624,14841966,14842798,832
40625,14842798,14842962,164
40626,14842962,14843134,172
40627,14843134,14843202,68
40628,14843202,14843232,30
40629,14843232,14843278,46
40630,14843278,14843295,17
40631,14843295,14843410,115
40632,14843410,14843447,37
40633,14843447,14843619,172
40634,14843619,14843653,34
40635,14843653,14843830,177
40636,14843830,14844044,214
40637,14844044,14844226,182
40638,14844226,14844238,12
40639,14844238,14844513,275
40640,14844513,14844635,122
40641,14844635,14844714,79
40642,14844714,14845207,493
40643,14845207,14845253,46
40644,14845253,14845752,499
40645,14845752,14846342,590
40646,14846342,14846762,420
40647,14846762,14846794,32
40648,14846794,14846942,148
40649,14846942,14847182,240
40650,14847182,14847275,93
40651,14847275,14847318,43
40652,14847318,14847596,278
40653,14847596,14847630,34
40654,14847630,14847862,232
40655,14847862,14848203,341
40656,14848203,14848215,12
40657,14848215,14848724,509
40658,14848724,14848733,9
40659,14848733,14849045,312
40660,14849045,14849295,250
40661,14849295,14850481,1186
40662,14850481,14850633,152
40663,14850633,14851273,640
40664,14851273,14851426,153
40665,14851426,14851670,244
40666,14851670,14851690,20
40667,14851690,14851748,58
40668,14851748,14851778,30
40669,14851778,14851909,131
40670,14851909,14851915,6
40671,14851915,14851950,35
40672,14851950,14851996,46
40673,14851996,14852062,66
40674,14852062,14852089,27
40675,14852089,14852210,121
40676,14852210,14852269,59
40677,14852269,14852480,211
40678,14852480,14852635,155
40679,14852635,14852752,117
40680,14852752,14853017,265
40681,14853017,14853248,231
40682,14853248,14853257,9
40683,14853257,14853346,89
40684,14853346,14853362,16
40685,14853362,14853506,144
40686,14853506,14853533,27
40687,14853533,14853598,65
40688,14853598,14853607,9
40689,14853607,14853694,87
40690,14853694,14853835,141
40691,14853835,14854448,613
40692,14854448,14854515,67
40693,14854515,14854601,86
40694,14854601,14854606,5
40695,14854606,14854845,239
40696,14854845,14855237,392
40697,14855237,14855264,27
40698,14855264,14855444,180
40699,14855444,14855454,10
40700,14855454,14855810,356
40701,14855810,14856158,348
40702,14856158,14856186,28
40703,14856186,14856344,158
40704,14856344,14856547,203
40705,14856547,14856551,4
40706,14856551,14856555,4
40707,14856555,14856559,4
40708,14856559,14856567,8
40709,14856567,14856681,114
40710,14856681,14857209,528
40711,14857209,14857755,546
40712,14857755,14858657,902
40713,14858657,14858732,75
40714,14858732,14858751,19
40715,14858751,14859505,754
40716,14859505,14859602,97
40717,14859602,14859881,279
40718,14859881,14860297,416
40719,14860297,14860481,184
40720,14860481,14860551,70
40721,14860551,14860589,38
40722,14860589,14861264,675
40723,14861264,14861327,63
40724,14861327,14861372,45
40725,14861372,14862243,871
40726,14862243,14862265,22
40727,14862265,14863193,928
40728,14863193,14863384,191
40729,14863384,14863691,307
40730,14863691,14864086,395
40731,14864086,14864092,6
40732,14864092,14864161,69
40733,14864161,14864281,120
40734,14864281,14864299,18
40735,14864299,14864439,140
40736,14864439,14864521,82
40737,14864521,14864571,50
40738,14864571,14864586,15
40739,14864586,14864595,9
40740,14864595,14864884,289
40741,14864884,14864944,60
40742,14864944,14864971,27
40743,14864971,14865517,546
40744,14865517,14865710,193
40745,14865710,14865737,27
40746,14865737,14865847,110
40747,14865847,14865868,21
40748,14865868,14865959,91
40749,14865959,14867102,1143
40750,14867102,14867278,176
40751,14867278,14867362,84
40752,14867362,14867799,437
40753,14867799,14868277,478
40754,14868277,14868997,720
40755,14868997,14869198,201
40756,14869198,14869205,7
40757,14869205,14869212,7
40758,14869212,14870200,988
40759,14870200,14871029,829
40760,14871029,14871044,15
40761,14871044,14871179,135
40762,14871179,14872947,1768
40763,14872947,14873902,955
40764,14873902,14875632,1730
40765,14875632,14875692,60
40766,14875692,14875757,65
40767,14875757,14876019,262
40768,14876019,14876249,230
40769,14876249,14876417,168
40770,14876417,14876444,27
40771,14876444,14876631,187
40772,14876631,14877077,446
40773,14877077,14877186,109
40774,14877186,14877274,88
40775,14877274,14877573,299
40776,14877573,14877607,34
40777,14877607,14877622,15
40778,14877622,14877685,63
40779,14877685,14877732,47
40780,14877732,14877854,122
40781,14877854,14879657,1803
40782,14879657,14881484,1827
40783,14881484,14881492,8
40784,14881492,14881500,8
40785,14881500,14881509,9
40786,14881509,14882109,600
40787,14882109,14883251,1142
40788,14883251,14883365,114
40789,14883365,14883496,131
40790,14883496,14884138,642
40791,14884138,14884147,9
40792,14884147,14884179,32
40793,14884179,14884385,206
40794,14884385,14884581,196
40795,14884581,14885133,552
40796,14885133,14885139,6
40797,14885139,14885190,51
40798,14885190,14886205,1015
40799,14886205,14886549,344
40800,14886549,14886698,149
40801,14886698,14886799,101
40802,14886799,14886817,18
40803,14886817,14887462,645
40804,14887462,14887569,107
40805,14887569,14887592,23
40806,14887592,14887672,80
40807,14887672,14887982,310
40808,14887982,14888269,287
40809,14888269,14890520,2251
40810,14890520,14891138,618
40811,14891138,14891789,651
40812,14891789,14892332,543
40813,14892332,14892381,49
40814,14892381,14892667,286
40815,14892667,14893455,788
40816,14893455,14894365,910
40817,14894365,14894413,48
40818,14894413,14894556,143
40819,14894556,14894801,245
40820,14894801,14894815,14
40821,14894815,14894964,149
40822,14894964,14895263,299
40823,14895263,14895854,591
40824,14895854,14895976,122
40825,14895976,14895985,9
40826,14895985,14896231,246
40827,14896231,14897065,834
40828,14897065,14898093,1028
40829,14898093,14898171,78
40830,14898171,14898931,760
40831,14898931,14899257,326
40832,14899257,14899312,55
40833,14899312,14900275,963
40834,14900275,14901939,1664
40835,14901939,14902083,144
40836,14902083,14902107,24
40837,14902107,14902167,60
40838,14902167,14902208,41
40839,14902208,14902226,18
40840,14902226,14902466,240
40841,14902466,14902473,7
40842,14902473,14902601,128
40843,14902601,14902833,232
40844,14902833,14902842,9
40845,14902842,14902862,20
40846,14902862,14902925,63
40847,14902925,14903390,465
40848,14903390,14903514,124
40849,14903514,14903772,258
40850,14903772,14903976,204
40851,14903976,14904089,113
40852,14904089,14904099,10
40853,14904099,14904160,61
40854,14904160,14904347,187
40855,14904347,14904383,36
40856,14904383,14904486,103
40857,14904486,14904659,173
40858,14904659,14904742,83
40859,14904742,14905458,716
40860,14905458,14906999,1541
40861,14906999,14907027,28
40862,14907027,14907041,14
40863,14907041,14907141,100
40864,14907141,14907158,17
40865,14907158,14907476,318
40866,14907476,14907536,60
40867,14907536,14907566,30
40868,14907566,14907663,97
40869,14907663,14907746,83
40870,14907746,14907942,196
40871,14907942,14908058,116
40872,14908058,14908150,92
40873,14908150,14908642,492
40874,14908642,14908696,54
40875,14908696,14908764,68
40876,14908764,14908773,9
40877,14908773,14908938,165
40878,14908938,14908948,10
40879,14908948,14909105,157
40880,14909105,14909600,495
40881,14909600,14910314,714
40882,14910314,14910336,22
40883,14910336,14910542,206
40884,14910542,14910629,87
40885,14910629,14910647,18
40886,14910647,14911408,761
40887,14911408,14911632,224
40888,14911632,14912009,377
40889,14912009,14912027,18
40890,14912027,14912070,43
40891,14912070,14912249,179
40892,14912249,14912291,42
40893,14912291,14912472,181
40894,14912472,14912501,29
40895,14912501,14912569,68
40896,14912569,14912684,115
40897,14912684,14912750,66
40898,14912750,14912800,50
40899,14912800,14912865,65
40900,14912865,14912894,29
40901,14912894,14912898,4
40902,14912898,14913037,139
40903,14913037,14913319,282
40904,14913319,14913412,93
40905,14913412,14913436,24
40906,14913436,14913600,164
40907,14913600,14913640,40
40908,14913640,14913728,88
40909,14913728,14913785,57
40910,14913785,14913859,74
40911,14913859,14913883,24
40912,14913883,14914263,380
40913,14914263,14914408,145
40914,14914408,14914532,124
40915,14914532,14914875,343
40916,14914875,14915235,360
40917,14915235,14916768,1533
40918,14916768,14916805,37
40919,14916805,14917186,381
40920,14917186,14917228,42
40921,14917228,14917306,78
40922,14917306,14917420,114
40923,14917420,14917558,138
40924,14917558,14917621,63
40925,14917621,14917818,197
40926,14917818,14917894,76
40927,14917894,14918439,545
40928,14918439,14918483,44
40929,14918483,14918494,11
40930,14918494,14918734,240
40931,14918734,14918776,42
40932,14918776,14919040,264
40933,14919040,14919627,587
40934,14919627,14919666,39
40935,14919666,14919984,318
40936,14919984,14920131,147
40937,14920131,14920192,61
40938,14920192,14920213,21
40939,14920213,14920430,217
40940,14920430,14920543,113
40941,14920543,14920595,52
40942,14920595,14920637,42
40943,14920637,14920641,4
40944,14920641,14920735,94
40945,14920735,14920793,58
40946,14920793,14921020,227
40947,14921020,14921184,164
40948,14921184,14921204,20
40949,14921204,14921400,196
40950,14921400,14921476,76
40951,14921476,14921483,7
40952,14921483,14921591,108
40953,14921591,14921850,259
40954,14921850,14921856,6
40955,14921856,14921870,14
40956,14921870,14921955,85
40957,14921955,14921961,6
40958,14921961,14922097,136
40959,14922097,14922997,900
40960,14922997,14923872,875
40961,14923872,14924237,365
40962,14924237,14924403,166
40963,14924403,14924417,14
40964,14924417,14924483,66
40965,14924483,14924700,217
40966,14924700,14924849,149
40967,14924849,14924866,17
40968,14924866,14925296,430
40969,14925296,14925352,56
40970,14925352,14925360,8
40971,14925360,14925517,157
40972,14925517,14925572,55
40973,14925572,14925848,276
40974,14925848,14925854,6
40975,14925854,14926054,200
40976,14926054,14926135,81
40977,14926135,14926552,417
40978,14926552,14926821,269
40979,14926821,14926833,12
40980,14926833,14926994,161
40981,14926994,14927628,634
40982,14927628,14927862,234
40983,14927862,14927924,62
40984,14927924,14928011,87
40985,14928011,14928072,61
40986,14928072,14928198,126
40987,14928198,14928207,9
40988,14928207,14928324,117
40989,14928324,14928330,6
40990,14928330,14928402,72
40991,14928402,14928755,353
40992,14928755,14928890,135
40993,14928890,14930858,1968
40994,14930858,14931078,220
40995,14931078,14931086,8
40996,14931086,14931140,54
40997,14931140,14931173,33
40998,14931173,14931200,27
40999,14931200,14931234,34
41000,14931234,14931849,615
41001,14931849,14931854,5
41002,14931854,14932160,306
41003,14932160,14932957,797
41004,14932957,14933239,282
41005,14933239,14934128,889
41006,14934128,14934420,292
41007,14934420,14934428,8
41008,14934428,14934665,237
41009,14934665,14934704,39
41010,14934704,14934761,57
41011,14934761,14934874,113
41012,14934874,14935142,268
41013,14935142,14935564,422
41014,14935564,14935652,88
41015,14935652,14936064,412
41016,14936064,14936211,147
41017,14936211,14936410,199
41018,14936410,14936437,27
41019,14936437,14936829,392
41020,14936829,14937091,262
41021,14937091,14938441,1350
41022,14938441,14938454,13
41023,14938454,14939021,567
41024,14939021,14939066,45
41025,14939066,14939225,159
41026,14939225,14940116,891
41027,14940116,14940347,231
41028,14940347,14940869,522
41029,14940869,14941361,492
41030,14941361,14941442,81
41031,14941442,14941746,304
41032,14941746,14941768,22
41033,14941768,14941828,60
41034,14941828,14941951,123
41035,14941951,14942075,124
41036,14942075,14942786,711
41037,14942786,14942903,117
41038,14942903,14943622,719
41039,14943622,14943809,187
41040,14943809,14943978,169
41041,14943978,14944540,562
41042,14944540,14944622,82
41043,14944622,14945120,498
41044,14945120,14945862,742
41045,14945862,14946462,600
41046,14946462,14946469,7
41047,14946469,14946711,242
41048,14946711,14947016,305
41049,14947016,14947060,44
41050,14947060,14948577,1517
41051,14948577,14949025,448
41052,14949025,14950035,1010
41053,14950035,14950041,6
41054,14950041,14950300,259
41055,14950300,14950307,7
41056,14950307,14950628,321
41057,14950628,14950683,55
41058,14950683,14950820,137
41059,14950820,14950916,96
41060,14950916,14950923,7
41061,14950923,14950961,38
41062,14950961,14951006,45
41063,14951006,14951232,226
41064,14951232,14951263,31
41065,14951263,14952394,1131
41066,14952394,14952758,364
41067,14952758,14952828,70
41068,14952828,14952852,24
41069,14952852,14952927,75
41070,14952927,14953005,78
41071,14953005,14953924,919
41072,14953924,14953976,52
41073,14953976,14954257,281
41074,14954257,14954314,57
41075,14954314,14954784,470
41076,14954784,14955134,350
41077,14955134,14955738,604
41078,14955738,14958132,2394
41079,14958132,14959387,1255
41080,14959387,14959864,477
41081,14959864,14961170,1306
41082,14961170,14962300,1130
41083,14962300,14962578,278
41084,14962578,14963953,1375
41085,14963953,14963982,29
41086,14963982,14965255,1273
41087,14965255,14966602,1347
41088,14966602,14967932,1330
41089,14967932,14968350,418
41090,14968350,14968841,491
41091,14968841,14969642,801
41092,14969642,14969693,51
41093,14969693,14970897,1204
41094,14970897,14971060,163
41095,14971060,14971347,287
41096,14971347,14971364,17
41097,14971364,14971395,31
41098,14971395,14971401,6
41099,14971401,14971434,33
41100,14971434,14971998,564
41101,14971998,14972009,11
41102,14972009,14972970,961
41103,14972970,14973875,905
41104,14973875,14975135,1260
41105,14975135,14975301,166
41106,14975301,14975485,184
41107,14975485,14976733,1248
41108,14976733,14977429,696
41109,14977429,14978735,1306
41110,14978735,14979729,994
41111,14979729,14980121,392
41112,14980121,14980210,89
41113,14980210,14980277,67
41114,14980277,14980631,354
41115,14980631,14981139,508
41116,14981139,14982347,1208
41117,14982347,14982417,70
41118,14982417,14982644,227
41119,14982644,14983044,400
41120,14983044,14983628,584
41121,14983628,14985758,2130
41122,14985758,14986318,560
41123,14986318,14986348,30
41124,14986348,14988246,1898
41125,14988246,14989464,1218
41126,14989464,14990398,934
41127,14990398,14990479,81
41128,14990479,14992114,1635
41129,14992114,14993478,1364
41130,14993478,14993528,50
41131,14993528,14993848,320
41132,14993848,14994982,1134
41133,14994982,14996006,1024
41134,14996006,14996085,79
41135,14996085,14996172,87
41136,14996172,14996204,32
41137,14996204,14996321,117
41138,14996321,14996353,32
41139,14996353,14996695,342
41140,14996695,14996791,96
41141,14996791,14996799,8
41142,14996799,14996971,172
41143,14996971,14997138,167
41144,14997138,14997397,259
41145,14997397,14997795,398
41146,14997795,14997949,154
41147,14997949,14998600,651
41148,14998600,14998920,320
41149,14998920,14999135,215
41150,14999135,14999236,101
41151,14999236,14999571,335
41152,14999571,14999656,85
41153,14999656,14999778,122
41154,14999778,15000010,232
41155,15000010,15000347,337
41156,15000347,15000358,11
41157,15000358,15000395,37
41158,15000395,15000432,37
41159,15000432,15000713,281
41160,15000713,15001056,343
41161,15001056,15001082,26
41162,15001082,15001981,899
41163,15001981,15002425,444
41164,15002425,15002432,7
41165,15002432,15002468,36
41166,15002468,15003531,1063
41167,15003531,15003560,29
41168,15003560,15003710,150
41169,15003710,15004289,579
41170,15004289,15004406,117
41171,15004406,15004490,84
41172,15004490,15004707,217
41173,15004707,15004737,30
41174,15004737,15004935,198
41175,15004935,15005000,65
41176,15005000,15005115,115
41177,15005115,15005266,151
41178,15005266,15006338,1072
41179,15006338,15006668,330
41180,15006668,15006701,33
41181,15006701,15006751,50
41182,15006751,15007931,1180
41183,15007931,15008191,260
41184,15008191,15008369,178
41185,15008369,15008424,55
41186,15008424,15009067,643
41187,15009067,15009801,734
41188,15009801,15010003,202
41189,15010003,15010015,12
41190,15010015,15010437,422
41191,15010437,15010770,333
41192,15010770,15010803,33
41193,15010803,15011160,357
41194,15011160,15011250,90
41195,15011250,15011317,67
41196,15011317,15011429,112
41197,15011429,15011719,290
41198,15011719,15011891,172
41199,15011891,15012217,326
41200,15012217,15012237,20
41201,15012237,15012747,510
41202,15012747,15012782,35
41203,15012782,15012804,22
41204,15012804,15012908,104
41205,15012908,15013155,247
41206,15013155,15013185,30
41207,15013185,15013450,265
41208,15013450,15013518,68
41209,15013518,15013618,100
41210,15013618,15013737,119
41211,15013737,15013864,127
41212,15013864,15013896,32
41213,15013896,15014015,119
41214,15014015,15014126,111
41215,15014126,15014228,102
41216,15014228,15014266,38
41217,15014266,15014420,154
41218,15014420,15014476,56
41219,15014476,15014501,25
41220,15014501,15014565,64
41221,15014565,15014678,113
41222,15014678,15014903,225
41223,15014903,15015013,110
41224,15015013,15015318,305
41225,15015318,15015653,335
41226,15015653,15016029,376
41227,15016029,15016041,12
41228,15016041,15016269,228
41229,15016269,15016341,72
41230,15016341,15016423,82
41231,15016423,15016710,287
41232,15016710,15017139,429
41233,15017139,15017348,209
41234,15017348,15017406,58
41235,15017406,15017484,78
41236,15017484,15017583,99
41237,15017583,15017836,253
41238,15017836,15017909,73
41239,15017909,15017993,84
41240,15017993,15018009,16
41241,15018009,15018015,6
41242,15018015,15018664,649
41243,15018664,15018818,154
41244,15018818,15018868,50
41245,15018868,15018922,54
41246,15018922,15019441,519
41247,15019441,15019918,477
41248,15019918,15019922,4
41249,15019922,15020464,542
41250,15020464,15020492,28
41251,15020492,15020524,32
41252,15020524,15022027,1503
41253,15022027,15022245,218
41254,15022245,15022975,730
41255,15022975,15022985,10
41256,15022985,15023366,381
41257,15023366,15023657,291
41258,15023657,15024099,442
41259,15024099,15024403,304
41260,15024403,15024416,13
41261,15024416,15024555,139
41262,15024555,15024792,237
41263,15024792,15026246,1454
41264,15026246,15027991,1745
41265,15027991,15028501,510
41266,15028501,15028793,292
41267,15028793,15029521,728
41268,15029521,15029692,171
41269,15029692,15029861,169
41270,15029861,15030871,1010
41271,15030871,15030878,7
41272,15030878,15031004,126
41273,15031004,15031266,262
41274,15031266,15031335,69
41275,15031335,15031398,63
41276,15031398,15031422,24
41277,15031422,15031651,229
41278,15031651,15031849,198
41279,15031849,15031855,6
41280,15031855,15032011,156
41281,15032011,15032253,242
41282,15032253,15032287,34
41283,15032287,15032331,44
41284,15032331,15032496,165
41285,15032496,15032539,43
41286,15032539,15032981,442
41287,15032981,15033359,378
41288,15033359,15033505,146
41289,15033505,15034024,519
41290,15034024,15034068,44
41291,15034068,15034356,288
41292,15034356,15034405,49
41293,15034405,15034458,53
41294,15034458,15034476,18
41295,15034476,15035847,1371
41296,15035847,15036048,201
41297,15036048,15036110,62
41298,15036110,15036712,602
41299,15036712,15036814,102
41300,15036814,15036877,63
41301,15036877,15037044,167
41302,15037044,15038933,1889
41303,15038933,15039414,481
41304,15039414,15040193,779
41305,15040193,15040338,145
41306,15040338,15040536,198
41307,15040536,15040642,106
41308,15040642,15041459,817
41309,15041459,15041508,49
41310,15041508,15041561,53
41311,15041561,15041579,18
41312,15041579,15041863,284
41313,15041863,15042028,165
41314,15042028,15042495,467
41315,15042495,15042629,134
41316,15042629,15043259,630
41317,15043259,15043655,396
41318,15043655,15044525,870
41319,15044525,15044892,367
41320,15044892,15045171,279
41321,15045171,15047085,1914
41322,15047085,15047334,249
41323,15047334,15047412,78
41324,15047412,15047442,30
41325,15047442,15047512,70
41326,15047512,15047523,11
41327,15047523,15047627,104
41328,15047627,15047696,69
41329,15047696,15047782,86
41330,15047782,15047817,35
41331,15047817,15047846,29
41332,15047846,15048457,611
41333,15048457,15048521,64
41334,15048521,15048613,92
41335,15048613,15049090,477
41336,15049090,15049130,40
41337,15049130,15049196,66
41338,15049196,15049804,608
41339,15049804,15049820,16
41340,15049820,15049951,131
41341,15049951,15049984,33
41342,15049984,15050020,36
41343,15050020,15050256,236
41344,15050256,15050402,146
41345,15050402,15050635,233
41346,15050635,15050809,174
41347,15050809,15050876,67
41348,15050876,15050883,7
41349,15050883,15050967,84
41350,15050967,15051060,93
41351,15051060,15051129,69
41352,15051129,15051172,43
41353,15051172,15051268,96
41354,15051268,15051415,147
41355,15051415,15051662,247
41356,15051662,15052279,617
41357,15052279,15052391,112
41358,15052391,15052467,76
41359,15052467,15052508,41
41360,15052508,15052962,454
41361,15052962,15053049,87
41362,15053049,15053186,137
41363,15053186,15053459,273
41364,15053459,15053547,88
41365,15053547,15053749,202
41366,15053749,15053805,56
41367,15053805,15053831,26
41368,15053831,15053943,112
41369,15053943,15054091,148
41370,15054091,15054102,11
41371,15054102,15054123,21
41372,15054123,15054177,54
41373,15054177,15054227,50
41374,15054227,15054270,43
41375,15054270,15054814,544
41376,15054814,15054849,35
41377,15054849,15054867,18
41378,15054867,15055257,390
41379,15055257,15055577,320
41380,15055577,15055700,123
41381,15055700,15055835,135
41382,15055835,15055867,32
41383,15055867,15056007,140
41384,15056007,15056112,105
41385,15056112,15056366,254
41386,15056366,15056398,32
41387,15056398,15056568,170
41388,15056568,15056711,143
41389,15056711,15056740,29
41390,15056740,15056896,156
41391,15056896,15057151,255
41392,15057151,15057183,32
41393,15057183,15057412,229
41394,15057412,15057454,42
41395,15057454,15057475,21
41396,15057475,15057683,208
41397,15057683,15057845,162
41398,15057845,15057857,12
41399,15057857,15058012,155
41400,15058012,15058045,33
41401,15058045,15058163,118
41402,15058163,15058566,403
41403,15058566,15059129,563
41404,15059129,15059487,358
41405,15059487,15059606,119
41406,15059606,15059805,199
41407,15059805,15059938,133
41408,15059938,15060007,69
41409,15060007,15060234,227
41410,15060234,15060250,16
41411,15060250,15060364,114
41412,15060364,15060725,361
41413,15060725,15060797,72
41414,15060797,15060837,40
41415,15060837,15060874,37
41416,15060874,15060903,29
41417,15060903,15061026,123
41418,15061026,15061807,781
41419,15061807,15062404,597
41420,15062404,15062559,155
41421,15062559,15062900,341
41422,15062900,15063112,212
41423,15063112,15063721,609
41424,15063721,15064159,438
41425,15064159,15064554,395
41426,15064554,15064637,83
41427,15064637,15065479,842
41428,15065479,15065669,190
41429,15065669,15065737,68
41430,15065737,15066296,559
41431,15066296,15066686,390
41432,15066686,15066716,30
41433,15066716,15066870,154
41434,15066870,15067145,275
41435,15067145,15067197,52
41436,15067197,15067357,160
41437,15067357,15067549,192
41438,15067549,15067998,449
41439,15067998,15068195,197
41440,15068195,15068213,18
41441,15068213,15068222,9
41442,15068222,15068271,49
41443,15068271,15068396,125
41444,15068396,15068426,30
41445,15068426,15068489,63
41446,15068489,15068624,135
41447,15068624,15068661,37
41448,15068661,15068676,15
41449,15068676,15068814,138
41450,15068814,15068885,71
41451,15068885,15068897,12
41452,15068897,15069049,152
41453,15069049,15069285,236
41454,15069285,15069351,66
41455,15069351,15069502,151
41456,15069502,15069980,478
41457,15069980,15069995,15
41458,15069995,15070018,23
41459,15070018,15070044,26
41460,15070044,15070756,712
41461,15070756,15071930,1174
41462,15071930,15072064,134
41463,15072064,15072541,477
41464,15072541,15072577,36
41465,15072577,15072624,47
41466,15072624,15072821,197
41467,15072821,15072928,107
41468,15072928,15072934,6
41469,15072934,15073088,154
41470,15073088,15073094,6
41471,15073094,15073298,204
41472,15073298,15073314,16
41473,15073314,15073319,5
41474,15073319,15073326,7
41475,15073326,15073700,374
41476,15073700,15074080,380
41477,15074080,15074159,79
41478,15074159,15074186,27
41479,15074186,15074210,24
41480,15074210,15074476,266
41481,15074476,15074966,490
41482,15074966,15074981,15
41483,15074981,15075001,20
41484,15075001,15075077,76
41485,15075077,15075811,734
41486,15075811,15075940,129
41487,15075940,15076719,779
41488,15076719,15077607,888
41489,15077607,15077622,15
41490,15077622,15077636,14
41491,15077636,15078296,660
41492,15078296,15078315,19
41493,15078315,15078587,272
41494,15078587,15078844,257
41495,15078844,15079305,461
41496,15079305,15079361,56
41497,15079361,15080617,1256
41498,15080617,15080734,117
41499,15080734,15080860,126
41500,15080860,15081239,379
41501,15081239,15081773,534
41502,15081773,15082042,269
41503,15082042,15082063,21
41504,15082063,15082786,723
41505,15082786,15083128,342
41506,15083128,15083185,57
41507,15083185,15083255,70
41508,15083255,15083274,19
41509,15083274,15083310,36
41510,15083310,15083607,297
41511,15083607,15083685,78
41512,15083685,15084091,406
41513,15084091,15084805,714
41514,15084805,15085326,521
41515,15085326,15085396,70
41516,15085396,15085506,110
41517,15085506,15085863,357
41518,15085863,15085872,9
41519,15085872,15086048,176
41520,15086048,15086145,97
41521,15086145,15086168,23
41522,15086168,15086178,10
41523,15086178,15086464,286
41524,15086464,15086471,7
41525,15086471,15087203,732
41526,15087203,15087255,52
41527,15087255,15087423,168
41528,15087423,15087858,435
41529,15087858,15089204,1346
41530,15089204,15089995,791
41531,15093465,15093588,123
41532,15093588,15093796,208
41533,15093796,15093816,20
41534,15093816,15094127,311
41535,15094127,15094462,335
41536,15094462,15094558,96
41537,15094558,15094596,38
41538,15094596,15094625,29
41539,15094625,15094806,181
41540,15094806,15095704,898
41541,15095704,15095778,74
41542,15095778,15095787,9
41543,15095787,15095850,63
41544,15095850,15095969,119
41545,15095969,15096770,801
41546,15096770,15097082,312
41547,15097082,15097301,219
41548,15097301,15097923,622
41549,15097923,15098048,125
41550,15098048,15098151,103
41551,15098151,15098273,122
41552,15098273,15098354,81
41553,15098354,15098486,132
41554,15098486,15098556,70
41555,15098556,15099099,543
41556,15099099,15099106,7
41557,15099106,15099263,157
41558,15099263,15099339,76
41559,15099339,15099606,267
41560,15099606,15099803,197
41561,15099803,15099908,105
41562,15099908,15099941,33
41563,15099941,15099991,50
41564,15099991,15100041,50
41565,15100041,15100219,178
41566,15100219,15100322,103
41567,15100322,15100366,44
41568,15100366,15100610,244
41569,15100610,15100841,231
41570,15100841,15100921,80
41571,15100921,15101461,540
41572,15101461,15101663,202
41573,15101663,15102107,444
41574,15102107,15102177,70
41575,15102177,15102254,77
41576,15102254,15102264,10
41577,15102264,15102400,136
41578,15102400,15102471,71
41579,15102471,15102550,79
41580,15102550,15102647,97
41581,15102647,15102765,118
41582,15102765,15103351,586
41583,15103351,15103502,151
41584,15103502,15103831,329
41585,15103831,15103881,50
41586,15103881,15103998,117
41587,15103998,15104267,269
41588,15104267,15104458,191
41589,15104458,15104692,234
41590,15104692,15106272,1580
41591,15106272,15106277,5
41592,15106277,15106409,132
41593,15106409,15107451,1042
41594,15107451,15107748,297
41595,15107748,15108308,560
41596,15108308,15109845,1537
41597,15109845,15111070,1225
41598,15111070,15111576,506
41599,15111576,15111674,98
41600,15111674,15111692,18
41601,15111692,15111944,252
41602,15111944,15112217,273
41603,15112217,15112772,555
41604,15112772,15112864,92
41605,15112864,15112881,17
41606,15112881,15113116,235
41607,15113116,15113282,166
41608,15113282,15113401,119
41609,15113401,15113411,10
41610,15113411,15113527,116
41611,15113527,15113708,181
41612,15113708,15113964,256
41613,15113964,15114026,62
41614,15114026,15114384,358
41615,15114384,15114605,221
41616,15114605,15114689,84
41617,15114689,15114772,83
41618,15114772,15114778,6
41619,15114778,15114793,15
41620,15114793,15114811,18
41621,15114811,15114883,72
41622,15114883,15114944,61
41623,15114944,15115271,327
41624,15115271,15115832,561
41625,15115832,15115853,21
41626,15115853,15115920,67
41627,15115920,15116620,700
41628,15116620,15116714,94
41629,15116714,15116884,170
41630,15116884,15117181,297
41631,15117181,15117218,37
41632,15117218,15117767,549
41633,15117767,15118631,864
41634,15118631,15118963,332
41635,15118963,15119476,513
41636,15119476,15119707,231
41637,15119707,15120108,401
41638,15120108,15121119,1011
41639,15121119,15122185,1066
41640,15122185,15122348,163
41641,15122348,15122874,526
41642,15122874,15122909,35
41643,15122909,15122924,15
41644,15122924,15122931,7
41645,15122931,15123598,667
41646,15123598,15123959,361
41647,15123959,15124878,919
41648,15124878,15125247,369
41649,15125247,15125423,176
41650,15125423,15125430,7
41651,15125430,15125818,388
41652,15125818,15125834,16
41653,15125834,15126019,185
41654,15126019,15126423,404
41655,15126423,15126490,67
41656,15126490,15126625,135
41657,15126625,15127236,611
41658,15127236,15127811,575
41659,15127811,15128629,818
41660,15128629,15128635,6
41661,15128635,15128689,54
41662,15128689,15128819,130
41663,15128819,15128931,112
41664,15128931,15129424,493
41665,15129424,15129443,19
41666,15129443,15129563,120
41667,15129563,15129578,15
41668,15129578,15129811,233
41669,15129811,15130074,263
41670,15130074,15130246,172
41671,15130246,15130264,18
41672,15130264,15130377,113
41673,15130377,15130444,67
41674,15130444,15130625,181
41675,15130625,15130843,218
41676,15130843,15130893,50
41677,15130893,15131697,804
41678,15131697,15131957,260
41679,15131957,15132368,411
41680,15132368,15132624,256
41681,15132624,15132725,101
41682,15132725,15132806,81
41683,15132806,15132999,193
41684,15132999,15133374,375
41685,15133374,15133392,18
41686,15133392,15133493,101
41687,15133493,15133602,109
41688,15133602,15133646,44
41689,15133646,15134044,398
41690,15134044,15134310,266
41691,15134310,15134488,178
41692,15134488,15134724,236
41693,15134724,15134790,66
41694,15134790,15134932,142
41695,15134932,15134947,15
41696,15134947,15135019,72
41697,15135019,15135113,94
41698,15135113,15135232,119
41699,15135232,15135350,118
41700,15135350,15135915,565
41701,15135915,15136216,301
41702,15136216,15136243,27
41703,15136243,15136584,341
41704,15136584,15136653,69
41705,15136653,15136869,216
41706,15136869,15137474,605
41707,15137474,15137795,321
41708,15137795,15138480,685
41709,15138480,15138508,28
41710,15138508,15138669,161
41711,15138669,15140198,1529
41712,15140198,15140453,255
41713,15140453,15140937,484
41714,15140937,15141120,183
41715,15141120,15141207,87
41716,15141207,15141368,161
41717,15141368,15141374,6
41718,15141374,15141629,255
41719,15141629,15141681,52
41720,15141681,15141837,156
41721,15141837,15141914,77
41722,15141914,15142802,888
41723,15142802,15142873,71
41724,15142873,15143007,134
41725,15143007,15143013,6
41726,15143013,15143193,180
41727,15143193,15143593,400
41728,15143593,15143747,154
41729,15143747,15144188,441
41730,15144188,15144195,7
41731,15144195,15144261,66
41732,15144261,15144267,6
41733,15144267,15144438,171
41734,15144438,15144471,33
41735,15144471,15144888,417
41736,15144888,15145194,306
41737,15145194,15145732,538
41738,15145732,15145971,239
41739,15145971,15146083,112
41740,15146083,15146102,19
41741,15146102,15146199,97
41742,15146199,15146386,187
41743,15146386,15146932,546
41744,15146932,15147205,273
41745,15147205,15147489,284
41746,15147489,15148145,656
41747,15148145,15149064,919
41748,15149064,15149245,181
41749,15149245,15149284,39
41750,15149284,15149295,11
41751,15149295,15149326,31
41752,15149326,15149420,94
41753,15149420,15149587,167
41754,15149587,15149711,124
41755,15149711,15149715,4
41756,15149715,15149732,17
41757,15149732,15149769,37
41758,15149769,15149821,52
41759,15149821,15150055,234
41760,15150055,15150843,788
41761,15150843,15151413,570
41762,15151413,15153280,1867
41763,15153280,15154510,1230
41764,15154510,15154612,102
41765,15154612,15154626,14
41766,15154626,15154847,221
41767,15154847,15155240,393
41768,15155240,15155427,187
41769,15155427,15155993,566
41770,15155993,15156001,8
41771,15156001,15156148,147
41772,15156148,15157503,1355
41773,15157503,15157509,6
41774,15157509,15158242,733
41775,15158242,15158306,64
41776,15158306,15158319,13
41777,15158319,15158389,70
41778,15158389,15159012,623
41779,15159012,15159210,198
41780,15159210,15159248,38
41781,15159248,15159253,5
41782,15159253,15160459,1206
41783,15160459,15160677,218
41784,15160677,15161223,546
41785,15161223,15161803,580
41786,15161803,15162904,1101
41787,15162904,15162992,88
41788,15162992,15163038,46
41789,15163038,15163374,336
41790,15163374,15163426,52
41791,15163426,15163840,414
41792,15163840,15164163,323
41793,15164163,15164183,20
41794,15164183,15164281,98
41795,15164281,15164750,469
41796,15164750,15165901,1151
41797,15165901,15167157,1256
41798,15167157,15167323,166
41799,15167323,15168818,1495
41800,15172314,15173477,1163
41801,15173477,15173617,140
41802,15173617,15174557,940
41803,15174557,15174643,86
41804,15174643,15176134,1491
41805,15176134,15176905,771
41806,15176905,15177145,240
41807,15177145,15177774,629
41808,15177774,15178910,1136
41809,15178910,15178940,30
41810,15178940,15179753,813
41811,15179753,15179768,15
41812,15179768,15179931,163
41813,15179931,15180066,135
41814,15180066,15180146,80
41815,15180146,15180227,81
41816,15180227,15180324,97
41817,15180324,15180405,81
41818,15180405,15180422,17
41819,15180422,15180827,405
41820,15180827,15180863,36
41821,15180863,15180878,15
41822,15180878,15180977,99
41823,15180977,15181005,28
41824,15181005,15181207,202
41825,15181207,15181213,6
41826,15181213,15181225,12
41827,15181225,15181231,6
41828,15181231,15181311,80
41829,15181311,15181933,622
41830,15181933,15183084,1151
41831,15183084,15185190,2106
41832,15185190,15185541,351
41833,15185541,15186387,846
41834,15186387,15186497,110
41835,15186497,15186582,85
41836,15186582,15186645,63
41837,15186645,15186792,147
41838,15186792,15187149,357
41839,15187149,15187233,84
41840,15187233,15187370,137
41841,15187370,15187535,165
41842,15187535,15187774,239
41843,15187774,15188503,729
41844,15188503,15189124,621
41845,15189124,15190323,1199
41846,15190323,15190377,54
41847,15190377,15191859,1482
41848,15191859,15192274,415
41849,15192274,15193914,1640
41850,15193914,15195836,1922
41851,15195836,15195957,121
41852,15195957,15196049,92
41853,15196049,15196291,242
41854,15196291,15196486,195
41855,15199036,15200281,1245
41856,15200281,15200687,406
41857,15200687,15201107,420
41858,15201107,15201330,223
41859,15201330,15202727,1397
41860,15202727,15204627,1900
41861,15204627,15205898,1271
41862,15205898,15205946,48
41863,15205946,15206087,141
41864,15206087,15206291,204
41865,15206291,15206527,236
41866,15206527,15206534,7
41867,15209422,15209491,69
41868,15209491,15210809,1318
41869,15210809,15211072,263
41870,15211072,15211250,178
41871,15211250,15212903,1653
41872,15212903,15213139,236
41873,15213139,15213441,302
41874,15213441,15214064,623
41875,15214064,15214878,814
41876,15214878,15214887,9
41877,15214887,15215101,214
41878,15215101,15215715,614
41879,15215715,15215840,125
41880,15215840,15216719,879
41881,15216719,15216734,15
41882,15216734,15217172,438
41883,15217172,15217389,217
41884,15217389,15217394,5
41885,15217394,15217916,522
41886,15217916,15218574,658
41887,15218574,15220433,1859
41888,15220433,15220619,186
41889,15220619,15220782,163
41890,15220782,15221070,288
41891,15221070,15221077,7
41892,15221077,15221311,234
41893,15221311,15221380,69
41894,15221380,15222101,721
41895,15222101,15222863,762
41896,15222863,15222878,15
41897,15222878,15222974,96
41898,15222974,15223462,488
41899,15223462,15224324,862
41900,15227174,15227491,317
41901,15227491,15228675,1184
41902,15228675,15229310,635
41903,15229310,15229464,154
41904,15229464,15230169,705
41905,15230169,15230243,74
41906,15230243,15230915,672
41907,15230915,15231039,124
41908,15231039,15231091,52
41909,15231091,15231954,863
41910,15231954,15232451,497
41911,15232451,15232459,8
41912,15232459,15232475,16
41913,15232475,15232793,318
41914,15232793,15234361,1568
41915,15234361,15235504,1143
41916,15235504,15235753,249
41917,15235753,15235927,174
41918,15235927,15237384,1457
41919,15237384,15237795,411
41920,15237795,15237828,33
41921,15237828,15239270,1442
41922,15239270,15239276,6
41923,15239276,15239281,5
41924,15239281,15240117,836
41925,15240117,15240437,320
41926,15240437,15241250,813
41927,15241250,15241404,154
41928,15241404,15242321,917
41929,15242321,15243057,736
41930,15243057,15243743,686
41931,15243743,15243942,199
41932,15243942,15244028,86
41933,15244028,15244046,18
41934,15244046,15244064,18
41935,15244064,15244118,54
41936,15244118,15244208,90
41937,15244208,15244441,233
41938,15244441,15244457,16
41939,15244457,15244520,63
41940,15244520,15244533,13
41941,15244533,15244629,96
41942,15244629,15244803,174
41943,15244803,15244976,173
41944,15244976,15245080,104
41945,15249015,15249161,146
41946,15249161,15250520,1359
41947,15250520,15251146,626
41948,15251146,15251941,795
41949,15251941,15252003,62
41950,15252003,15252111,108
41951,15252111,15252677,566
41952,15252677,15252774,97
41953,15252774,15254946,2172
41954,15254946,15255258,312
41955,15255258,15255536,278
41956,15255536,15256896,1360
41957,15256896,15257295,399
41958,15257295,15258247,952
41959,15258247,15258256,9
41960,15258256,15259373,1117
41961,15259373,15260293,920
41962,15260293,15260863,570
41963,15260863,15261317,454
41964,15261317,15261489,172
41965,15261489,15262429,940
41966,15262429,15263819,1390
41967,15263819,15263824,5
41968,15263824,15264103,279
41969,15264103,15264920,817
41970,15264920,15265273,353
41971,15265273,15265812,539
41972,15265812,15266514,702
41973,15266514,15266578,64
41974,15266578,15266586,8
41975,15266586,15266668,82
41976,15266668,15267504,836
41977,15267504,15268243,739
41978,15268243,15268318,75
41979,15268318,15269034,716
41980,15269034,15269485,451
41981,15269485,15270130,645
41982,15270130,15271911,1781
41983,15271911,15272184,273
41984,15272184,15272223,39
41985,15272223,15273709,1486
41986,15273709,15273988,279
41987,15273988,15274595,607
41988,15274595,15275450,855
41989,15275450,15276252,802
41990,15276252,15276807,555
41991,15276807,15278014,1207
41992,15278014,15278524,510
41993,15278524,15278557,33
41994,15278557,15279275,718
41995,15279275,15281689,2414
41996,15281689,15284040,2351
41997,15284040,15285360,1320
41998,15285360,15287154,1794
41999,15287154,15287837,683
42000,15287837,15287882,45
42001,15287882,15288464,582
42002,15288464,15288763,299
42003,15288763,15289384,621
42004,15289384,15290303,919
42005,15290303,15290404,101
42006,15290404,15291025,621
42007,15293622,15293957,335
42008,15293957,15294037,80
42009,15294037,15294070,33
42010,15294070,15294407,337
42011,15294407,15294743,336
42012,15294743,15295103,360
42013,15295103,15295355,252
42014,15295355,15295460,105
42015,15295460,15295784,324
42016,15295784,15295907,123
42017,15295907,15295988,81
42018,15295988,15296271,283
42019,15296271,15297424,1153
42020,15299930,15299956,26
42021,15299956,15300088,132
42022,15300088,15300462,374
42023,15300462,15300488,26
42024,15300488,15300694,206
42025,15300694,15301305,611
42026,15301305,15301958,653
42027,15301958,15302383,425
42028,15302383,15303251,868
42029,15303251,15303264,13
42030,15303264,15305035,1771
42031,15305035,15305544,509
42032,15305544,15306713,1169
42033,15306713,15307396,683
42034,15307396,15308077,681
42035,15308077,15308182,105
42036,15308182,15308331,149
42037,15308331,15308958,627
42038,15308958,15309489,531
42039,15309489,15309582,93
42040,15309582,15309618,36
42041,15309618,15309883,265
42042,15309883,15310314,431
42043,15310314,15310327,13
42044,15310327,15310455,128
42045,15310455,15310506,51
42046,15310506,15310557,51
42047,15310557,15310611,54
42048,15310611,15310735,124
42049,15310735,15310746,11
42050,15310746,15310795,49
42051,15310795,15310930,135
42052,15310930,15310948,18
42053,15310948,15311228,280
42054,15311228,15313325,2097
42055,15313325,15313459,134
42056,15313459,15313908,449
42057,15313908,15314200,292
42058,15314200,15315139,939
42059,15315139,15315363,224
42060,15315363,15315435,72
42061,15315435,15315504,69
42062,15315504,15315546,42
42063,15315546,15315643,97
42064,15315643,15315806,163
42065,15315806,15315837,31
42066,15315837,15315986,149
42067,15315986,15316008,22
42068,15316008,15316156,148
42069,15316156,15316171,15
42070,15316171,15316222,51
42071,15316222,15316330,108
42072,15316330,15316514,184
42073,15316514,15316812,298
42074,15316812,15316851,39
42075,15316851,15316876,25
42076,15316876,15317136,260
42077,15317136,15317475,339
42078,15317475,15317711,236
42079,15317711,15317782,71
42080,15317782,15318276,494
42081,15318276,15320990,2714
42082,15320990,15321388,398
42083,15321388,15321867,479
42084,15321867,15322065,198
42085,15322065,15322406,341
42086,15322406,15322563,157
42087,15322563,15322647,84
42088,15322647,15322727,80
42089,15322727,15323229,502
42090,15323229,15324430,1201
42091,15324430,15324502,72
42092,15324502,15324571,69
42093,15324571,15324648,77
42094,15324648,15324703,55
42095,15324703,15324773,70
42096,15324773,15324941,168
42097,15324941,15325148,207
42098,15325148,15325333,185
42099,15325333,15325345,12
42100,15325345,15325476,131
42101,15325476,15325628,152
42102,15325628,15325715,87
42103,15325715,15326026,311
42104,15326026,15326267,241
42105,15326267,15327068,801
42106,15327068,15327105,37
42107,15327105,15327627,522
42108,15327627,15328360,733
42109,15328360,15328450,90
42110,15328450,15328525,75
42111,15328525,15328773,248
42112,15328773,15328947,174
42113,15328947,15329039,92
42114,15329039,15329045,6
42115,15329045,15329082,37
42116,15329082,15329118,36
42117,15329118,15329132,14
42118,15329132,15329339,207
42119,15329339,15329559,220
42120,15329559,15329844,285
42121,15329844,15330583,739
42122,15330583,15330702,119
42123,15330702,15330708,6
42124,15330708,15331274,566
42125,15331274,15331310,36
42126,15331310,15331349,39
42127,15331349,15331421,72
42128,15331421,15331571,150
42129,15331571,15331849,278
42130,15331849,15331884,35
42131,15331884,15331948,64
42132,15331948,15332159,211
42133,15332159,15332506,347
42134,15332506,15332536,30
42135,15332536,15332647,111
42136,15332647,15332785,138
42137,15332785,15333281,496
42138,15333281,15334019,738
42139,15334019,15334898,879
42140,15334898,15335145,247
42141,15335145,15335233,88
42142,15335233,15335390,157
42143,15335390,15335592,202
42144,15335592,15336498,906
42145,15336498,15336553,55
42146,15336553,15336694,141
42147,15336694,15336821,127
42148,15336821,15337020,199
42149,15337020,15337161,141
42150,15337161,15337179,18
42151,15337179,15337227,48
42152,15337227,15337595,368
42153,15337595,15337746,151
42154,15337746,15337832,86
42155,15337832,15338115,283
42156,15338115,15338188,73
42157,15338188,15338350,162
42158,15338350,15338503,153
42159,15338503,15338611,108
42160,15338611,15338775,164
42161,15338775,15338804,29
42162,15338804,15338816,12
42163,15338816,15339659,843
42164,15339659,15340206,547
42165,15340206,15340252,46
42166,15340252,15340314,62
42167,15340314,15340381,67
42168,15340381,15340611,230
42169,15340611,15340884,273
42170,15340884,15340963,79
42171,15340963,15341371,408
42172,15341371,15341406,35
42173,15341406,15341644,238
42174,15341644,15341734,90
42175,15341734,15341773,39
42176,15341773,15341834,61
42177,15341834,15341959,125
42178,15341959,15342278,319
42179,15342278,15342285,7
42180,15342285,15342795,510
42181,15342795,15342865,70
42182,15342865,15343095,230
42183,15343095,15343395,300
42184,15343395,15343474,79
42185,15343474,15343882,408
42186,15343882,15343917,35
42187,15343917,15344155,238
42188,15344155,15344245,90
42189,15344245,15344284,39
42190,15344284,15344345,61
42191,15344345,15344470,125
42192,15344470,15345491,1021
42193,15345491,15345557,66
42194,15345557,15345691,134
42195,15345691,15345698,7
42196,15345698,15345914,216
42197,15345914,15346125,211
42198,15346125,15346137,12
42199,15346137,15346143,6
42200,15346143,15346149,6
42201,15346149,15346227,78
42202,15346227,15346239,12
42203,15346239,15346343,104
42204,15346343,15346751,408
42205,15346751,15346790,39
42206,15346790,15346923,133
42207,15346923,15347015,92
42208,15347015,15347181,166
42209,15347181,15347589,408
42210,15347589,15347738,149
42211,15347738,15347810,72
42212,15347810,15347876,66
42213,15347876,15347952,76
42214,15347952,15348015,63
42215,15348015,15348101,86
42216,15348101,15348318,217
42217,15348318,15348327,9
42218,15348327,15348417,90
42219,15348417,15348504,87
42220,15348504,15349156,652
42221,15349156,15349213,57
42222,15349213,15349456,243
42223,15349456,15349597,141
42224,15349597,15349687,90
42225,15349687,15349693,6
42226,15349693,15349748,55
42227,15349748,15349867,119
42228,15349867,15349873,6
42229,15349873,15349879,6
42230,15349879,15349934,55
42231,15349934,15351309,1375
42232,15351309,15351698,389
42233,15351698,15352584,886
42234,15352584,15352891,307
42235,15352891,15352909,18
42236,15352909,15352915,6
42237,15352915,15352937,22
42238,15352937,15353444,507
42239,15353444,15353535,91
42240,15353535,15354266,731
42241,15354266,15354336,70
42242,15354336,15354378,42
42243,15354378,15354486,108
42244,15354486,15354589,103
42245,15354589,15354895,306
42246,15354895,15355087,192
42247,15355087,15355486,399
42248,15357431,15357446,15
42249,15357446,15358260,814
42250,15358260,15358951,691
42251,15358951,15359252,301
42252,15359252,15359292,40
42253,15359292,15359414,122
42254,15359414,15359611,197
42255,15359611,15359616,5
42256,15359616,15359622,6
42257,15359622,15359718,96
42258,15359718,15359751,33
42259,15359751,15359785,34
42260,15359785,15359805,20
42261,15359805,15359836,31
42262,15359836,15360007,171
42263,15360007,15360129,122
42264,15360129,15360160,31
42265,15360160,15360432,272
42266,15360432,15360460,28
42267,15360460,15360894,434
42268,15360894,15360948,54
42269,15360948,15360953,5
42270,15360953,15362734,1781
42271,15362734,15363906,1172
42272,15363906,15364433,527
42273,15364433,15364690,257
42274,15364690,15365193,503
42275,15365193,15365200,7
42276,15365200,15365293,93
42277,15365293,15365659,366
42278,15365659,15366027,368
42279,15366027,15366388,361
42280,15366388,15368321,1933
42281,15368321,15370066,1745
42282,15370066,15371372,1306
42283,15371372,15371703,331
42284,15371703,15371710,7
42285,15371710,15372019,309
42286,15372019,15372851,832
42287,15372851,15373042,191
42288,15373042,15373554,512
42289,15373554,15374228,674
42290,15374228,15375451,1223
42291,15375451,15375640,189
42292,15375640,15377134,1494
42293,15377134,15377339,205
42294,15377339,15377460,121
42295,15377460,15377855,395
42296,15377855,15378036,181
42297,15378036,15378517,481
42298,15378517,15378521,4
42299,15378521,15379884,1363
42300,15379884,15380872,988
42301,15380872,15381038,166
42302,15381038,15381126,88
42303,15381126,15381423,297
42304,15381423,15381825,402
42305,15381825,15381880,55
42306,15381880,15381894,14
42307,15381894,15382264,370
42308,15382264,15382582,318
42309,15382582,15383773,1191
42310,15383773,15384124,351
42311,15384124,15384741,617
42312,15384741,15384924,183
42313,15384924,15385634,710
42314,15385634,15386691,1057
42315,15386691,15387954,1263
42316,15387954,15388065,111
42317,15388065,15388651,586
42318,15388651,15388968,317
42319,15388968,15389412,444
42320,15389412,15389582,170
42321,15389582,15389588,6
42322,15389588,15389640,52
42323,15389640,15389697,57
42324,15389697,15389783,86
42325,15389783,15389813,30
42326,15389813,15390063,250
42327,15390063,15390103,40
42328,15390103,15390151,48
42329,15390151,15390215,64
42330,15390215,15390353,138
42331,15390353,15390848,495
42332,15390848,15390872,24
42333,15390872,15390919,47
42334,15390919,15391253,334
42335,15391253,15391442,189
42336,15391442,15392326,884
42337,15392326,15392333,7
42338,15392333,15392347,14
42339,15392347,15392946,599
42340,15392946,15393555,609
42341,15393555,15393602,47
42342,15393602,15393838,236
42343,15393838,15393938,100
42344,15393938,15394126,188
42345,15394126,15394157,31
42346,15394157,15394281,124
42347,15394281,15394317,36
42348,15394317,15394697,380
42349,15394697,15394890,193
42350,15394890,15395053,163
42351,15395053,15395098,45
42352,15395098,15395187,89
42353,15395187,15395271,84
42354,15395271,15395732,461
42355,15395732,15395805,73
42356,15395805,15396516,711
42357,15396516,15396545,29
42358,15396545,15396769,224
42359,15396769,15397370,601
42360,15397370,15397592,222
42361,15397592,15397781,189
42362,15397781,15398254,473
42363,15398254,15398316,62
42364,15398316,15398882,566
42365,15398882,15399113,231
42366,15399113,15399194,81
42367,15399194,15399499,305
42368,15399499,15399506,7
42369,15399506,15400379,873
42370,15400379,15400765,386
42371,15400765,15400805,40
42372,15400805,15400991,186
42373,15400991,15401088,97
42374,15401088,15402407,1319
42375,15402407,15402472,65
42376,15402472,15403345,873
42377,15403345,15403596,251
42378,15403596,15404479,883
42379,15404479,15406107,1628
42380,15406107,15407186,1079
42381,15407186,15407421,235
42382,15407421,15407472,51
42383,15407472,15407706,234
42384,15407706,15407982,276
42385,15407982,15408259,277
42386,15408259,15408570,311
42387,15408570,15408595,25
42388,15408595,15408600,5
42389,15408600,15408656,56
42390,15408656,15408752,96
42391,15408752,15408764,12
42392,15408764,15410191,1427
42393,15410191,15410951,760
42394,15410951,15412638,1687
42395,15412638,15413632,994
42396,15413632,15413763,131
42397,15413763,15413932,169
42398,15413932,15413977,45
42399,15413977,15414203,226
42400,15414203,15414522,319
42401,15414522,15414863,341
42402,15414863,15414868,5
42403,15414868,15414879,11
42404,15414879,15414991,112
42405,15414991,15415138,147
42406,15415138,15415489,351
42407,15415489,15416883,1394
42408,15416883,15418050,1167
42409,15418050,15418384,334
42410,15418384,15418622,238
42411,15418622,15418867,245
42412,15418867,15420061,1194
42413,15420061,15421314,1253
42414,15421314,15422144,830
42415,15422144,15422970,826
42416,15422970,15423132,162
42417,15423132,15423966,834
42418,15423966,15424180,214
42419,15424180,15425304,1124
42420,15425304,15428711,3407
42421,15428711,15428718,7
42422,15428718,15429270,552
42423,15429270,15429564,294
42424,15429564,15429701,137
42425,15432644,15432858,214
42426,15432858,15433515,657
42427,15433515,15433533,18
42428,15433533,15434183,650
42429,15434183,15434230,47
42430,15434230,15434788,558
42431,15434788,15435363,575
42432,15435363,15435544,181
42433,15435544,15435936,392
42434,15435936,15435985,49
42435,15435985,15436047,62
42436,15436047,15436065,18
42437,15437909,15438556,647
42438,15438556,15439367,811
42439,15439367,15441444,2077
42440,15441444,15441916,472
42441,15441916,15442955,1039
42442,15442955,15442962,7
42443,15442962,15443925,963
42444,15443925,15444599,674
42445,15444599,15444881,282
42446,15444881,15446251,1370
42447,15446251,15446671,420
42448,15446671,15446950,279
42449,15446950,15447397,447
42450,15447397,15447562,165
42451,15447562,15447580,18
42452,15447580,15448847,1267
42453,15448847,15448999,152
42454,15448999,15449298,299
42455,15449298,15449403,105
42456,15449403,15450700,1297
42457,15450700,15451281,581
42458,15451281,15451558,277
42459,15451558,15451577,19
42460,15451577,15451774,197
42461,15451774,15451807,33
42462,15451807,15451894,87
42463,15451894,15451910,16
42464,15451910,15452092,182
42465,15452092,15452153,61
42466,15452153,15452284,131
42467,15452284,15452341,57
42468,15452341,15452977,636
42469,15452977,15453240,263
42470,15453240,15453281,41
42471,15453281,15453706,425
42472,15453706,15453912,206
42473,15453912,15453996,84
42474,15453996,15454041,45
42475,15454041,15454113,72
42476,15454113,15454386,273
42477,15454386,15454569,183
42478,15454569,15454682,113
42479,15454682,15454972,290
42480,15454972,15455820,848
42481,15455820,15455900,80
42482,15455900,15456035,135
42483,15456035,15456091,56
42484,15456091,15456399,308
42485,15456399,15456553,154
42486,15456553,15456696,143
42487,15456696,15456710,14
42488,15456710,15457247,537
42489,15457247,15458090,843
42490,15458090,15458446,356
42491,15458446,15458512,66
42492,15458512,15458703,191
42493,15458703,15458873,170
42494,15458873,15459220,347
42495,15459220,15459583,363
42496,15459583,15459653,70
42497,15459653,15460057,404
42498,15460057,15460238,181
42499,15460238,15460604,366
42500,15460604,15461381,777
42501,15461381,15461734,353
42502,15461734,15462329,595
42503,15462329,15462970,641
42504,15462970,15462977,7
42505,15462977,15463110,133
42506,15463110,15463247,137
42507,15463247,15463636,389
42508,15463636,15463772,136
42509,15463772,15463923,151
42510,15463923,15464224,301
42511,15464224,15465407,1183
42512,15465407,15465449,42
42513,15465449,15465873,424
42514,15465873,15466096,223
42515,15466096,15466137,41
42516,15466137,15466146,9
42517,15466146,15466269,123
42518,15466269,15466274,5
42519,15466274,15466541,267
42520,15466541,15466658,117
42521,15466658,15466708,50
42522,15466708,15467006,298
42523,15467006,15467367,361
42524,15467367,15467893,526
42525,15467893,15467995,102
42526,15467995,15468058,63
42527,15468058,15468231,173
42528,15468231,15468380,149
42529,15468380,15468522,142
42530,15468522,15468592,70
42531,15468592,15468760,168
42532,15468760,15468991,231
42533,15468991,15469689,698
42534,15469689,15469939,250
42535,15469939,15470116,177
42536,15470116,15470360,244
42537,15470360,15470380,20
42538,15470380,15470395,15
42539,15470395,15470437,42
42540,15470437,15470753,316
42541,15470753,15471092,339
42542,15471092,15471407,315
42543,15471407,15471576,169
42544,15471576,15471746,170
42545,15471746,15472060,314
42546,15472060,15472172,112
42547,15472172,15472379,207
42548,15472379,15472557,178
42549,15472557,15472571,14
42550,15472571,15472921,350
42551,15472921,15472950,29
42552,15472950,15473085,135
42553,15473085,15473562,477
42554,15473562,15473837,275
42555,15473837,15474038,201
42556,15474038,15474239,201
42557,15474239,15474402,163
42558,15474402,15474483,81
42559,15474483,15474619,136
42560,15474619,15474817,198
42561,15474817,15474838,21
42562,15474838,15475331,493
42563,15475331,15475870,539
42564,15475870,15476023,153
42565,15476023,15477847,1824
42566,15477847,15477992,145
42567,15477992,15478070,78
42568,15478070,15478696,626
42569,15478696,15479438,742
42570,15479438,15479810,372
42571,15479810,15479891,81
42572,15479891,15480064,173
42573,15480064,15480202,138
42574,15480202,15480211,9
42575,15480211,15480238,27
42576,15480238,15480247,9
42577,15480247,15480256,9
42578,15480256,15480304,48
42579,15480304,15480878,574
42580,15480878,15481019,141
42581,15481019,15481039,20
42582,15481039,15481057,18
42583,15481057,15481590,533
42584,15481590,15481796,206
42585,15481796,15481883,87
42586,15481883,15481935,52
42587,15481935,15481953,18
42588,15481953,15482114,161
42589,15482114,15482715,601
42590,15482715,15483055,340
42591,15483055,15483539,484
42592,15483539,15483697,158
42593,15483697,15484113,416
42594,15484113,15484224,111
42595,15484224,15484233,9
42596,15484233,15484581,348
42597,15484581,15484632,51
42598,15484632,15484739,107
42599,15484739,15484875,136
42600,15484875,15484909,34
42601,15484909,15485039,130
42602,15485039,15485067,28
42603,15485067,15485388,321
42604,15485388,15485412,24
42605,15485412,15485424,12
42606,15485424,15485548,124
42607,15485548,15485587,39
42608,15485587,15485689,102
42609,15485689,15485740,51
42610,15485740,15485779,39
42611,15485779,15486445,666
42612,15486445,15486461,16
42613,15486461,15487179,718
42614,15487179,15487466,287
42615,15487466,15487646,180
42616,15487646,15488300,654
42617,15488300,15488514,214
42618,15488514,15488590,76
42619,15488590,15488740,150
42620,15488740,15488757,17
42621,15488757,15489064,307
42622,15489064,15489323,259
42623,15489323,15489387,64
42624,15489387,15489532,145
42625,15489532,15489809,277
42626,15489809,15489840,31
42627,15489840,15489900,60
42628,15489900,15490610,710
42629,15490610,15491296,686
42630,15491296,15491621,325
42631,15491621,15491711,90
42632,15491711,15493171,1460
42633,15493171,15493335,164
42634,15493335,15494834,1499
42635,15494834,15495060,226
42636,15495060,15495463,403
42637,15495463,15495470,7
42638,15495470,15495535,65
42639,15495535,15495547,12
42640,15495547,15495557,10
42641,15495557,15495573,16
42642,15495573,15495619,46
42643,15495619,15495775,156
42644,15495775,15495965,190
42645,15495965,15495972,7
42646,15497697,15497822,125
42647,15497822,15498397,575
42648,15498397,15498463,66
42649,15498463,15498822,359
42650,15498822,15498962,140
42651,15498962,15499016,54
42652,15499016,15499032,16
42653,15499032,15499922,890
42654,15499922,15500719,797
42655,15500719,15500972,253
42656,15500972,15501150,178
42657,15501150,15501797,647
42658,15501797,15501813,16
42659,15501813,15501822,9
42660,15501822,15501966,144
42661,15501966,15502192,226
42662,15502192,15502280,88
42663,15502280,15502426,146
42664,15502426,15503661,1235
42665,15503661,15503894,233
42666,15503894,15504028,134
42667,15504028,15504041,13
42668,15504041,15504128,87
42669,15504128,15504272,144
42670,15504272,15504278,6
42671,15504278,15504326,48
42672,15504326,15504605,279
42673,15504605,15504707,102
42674,15504707,15504785,78
42675,15504785,15504845,60
42676,15504845,15505337,492
42677,15505337,15505439,102
42678,15505439,15505468,29
42679,15505468,15505478,10
42680,15505478,15505526,48
42681,15505526,15505705,179
42682,15505705,15505826,121
42683,15505826,15506059,233
42684,15506059,15506177,118
42685,15506177,15506306,129
42686,15506306,15506338,32
42687,15506338,15506381,43
42688,15506381,15506410,29
42689,15506410,15506550,140
42690,15506550,15507258,708
42691,15507258,15507394,136
42692,15507394,15507544,150
42693,15507544,15507570,26
42694,15507570,15507758,188
42695,15507758,15508061,303
42696,15508061,15508189,128
42697,15508189,15508472,283
42698,15508472,15508675,203
42699,15508675,15509216,541
42700,15509216,15509444,228
42701,15509444,15509550,106
42702,15509550,15509631,81
42703,15509631,15509805,174
42704,15509805,15509874,69
42705,15509874,15510054,180
42706,15510054,15510275,221
42707,15510275,15510994,719
42708,15510994,15511756,762
42709,15511756,15511943,187
42710,15511943,15512011,68
42711,15512011,15512402,391
42712,15512402,15512578,176
42713,15512578,15513143,565
42714,15513143,15513380,237
42715,15513380,15513473,93
42716,15513473,15513516,43
42717,15513516,15513645,129
42718,15513645,15513881,236
42719,15513881,15513921,40
42720,15513921,15513950,29
42721,15513950,15514101,151
42722,15514101,15514170,69
42723,15514170,15514250,80
42724,15514250,15514739,489
42725,15514739,15514781,42
42726,15514781,15514962,181
42727,15514962,15514969,7
42728,15514969,15514989,20
42729,15514989,15515299,310
42730,15515299,15515359,60
42731,15515359,15515443,84
42732,15515443,15515787,344
42733,15515787,15515794,7
42734,15515794,15515901,107
42735,15515901,15516561,660
42736,15516561,15516686,125
42737,15516686,15516744,58
42738,15516744,15516794,50
42739,15516794,15517149,355
42740,15517149,15517223,74
42741,15517223,15517246,23
42742,15517246,15517395,149
42743,15517395,15517407,12
42744,15517407,15517624,217
42745,15517624,15517727,103
42746,15517727,15519007,1280
42747,15519007,15520103,1096
42748,15520103,15520782,679
42749,15520782,15521607,825
42750,15521607,15522397,790
42751,15522397,15522595,198
42752,15522595,15522610,15
42753,15522610,15522802,192
42754,15522802,15523053,251
42755,15523053,15523075,22
42756,15523075,15523295,220
42757,15523295,15524053,758
42758,15524053,15524477,424
42759,15524477,15526651,2174
42760,15526651,15527705,1054
42761,15527705,15528456,751
42762,15528456,15528825,369
42763,15528825,15528833,8
42764,15528833,15529085,252
42765,15529085,15530388,1303
42766,15530388,15530493,105
42767,15530493,15530675,182
42768,15530675,15532551,1876
42769,15532551,15534238,1687
42770,15534238,15534570,332
42771,15534570,15535930,1360
42772,15535930,15536320,390
42773,15536320,15537332,1012
42774,15537332,15537466,134
42775,15539739,15540017,278
42776,15540017,15540184,167
42777,15540184,15540192,8
42778,15540192,15540240,48
42779,15540240,15542942,2702
42780,15542942,15542956,14
42781,15542956,15543002,46
42782,15543002,15543037,35
42783,15543037,15543246,209
42784,15543246,15543589,343
42785,15543589,15544096,507
42786,15544096,15544198,102
42787,15544198,15544214,16
42788,15544214,15544317,103
42789,15544317,15544326,9
42790,15544326,15544893,567
42791,15544893,15545613,720
42792,15545613,15545623,10
42793,15545623,15545643,20
42794,15545643,15545751,108
42795,15545751,15545756,5
42796,15545756,15545791,35
42797,15545791,15545801,10
42798,15545801,15545877,76
42799,15545877,15545886,9
42800,15545886,15547825,1939
42801,15547825,15547973,148
42802,15547973,15548084,111
42803,15548084,15548951,867
42804,15548951,15549053,102
42805,15549053,15549066,13
42806,15549066,15549174,108
42807,15549174,15550447,1273
42808,15550447,15550689,242
42809,15550689,15550920,231
42810,15550920,15551832,912
42811,15551832,15552343,511
42812,15552343,15553645,1302
42813,15553645,15553668,23
42814,15553668,15553875,207
42815,15553875,15554874,999
42816,15554874,15555110,236
42817,15555110,15555116,6
42818,15555116,15555392,276
42819,15555392,15555521,129
42820,15555521,15555604,83
42821,15555604,15555969,365
42822,15555969,15556020,51
42823,15556020,15556458,438
42824,15556458,15556486,28
42825,15556486,15556502,16
42826,15556502,15556508,6
42827,15556508,15556905,397
42828,15556905,15556972,67
42829,15556972,15558374,1402
42830,15558374,15558598,224
42831,15558598,15559868,1270
42832,15559868,15560146,278
42833,15560146,15561743,1597
42834,15561743,15562442,699
42835,15562442,15563341,899
42836,15565195,15566139,944
42837,15566139,15566160,21
42838,15566160,15567297,1137
42839,15567297,15568917,1620
42840,15568917,15569715,798
42841,15569715,15569736,21
42842,15569736,15569790,54
42843,15569790,15570401,611
42844,15570401,15570675,274
42845,15570675,15570758,83
42846,15570758,15571016,258
42847,15571016,15571370,354
42848,15571370,15571565,195
42849,15571565,15571821,256
42850,15571821,15571934,113
42851,15571934,15572281,347
42852,15572281,15572532,251
42853,15572532,15572962,430
42854,15572962,15573106,144
42855,15573106,15573408,302
42856,15573408,15573646,238
42857,15573646,15573740,94
42858,15573740,15573800,60
42859,15573800,15573930,130
42860,15573930,15574804,874
42861,15574804,15574820,16
42862,15574820,15575086,266
42863,15575086,15575215,129
42864,15575215,15575298,83
42865,15575298,15575657,359
42866,15575657,15575708,51
42867,15575708,15575868,160
42868,15575868,15576047,179
42869,15576047,15576052,5
42870,15576052,15576074,22
42871,15576074,15576797,723
42872,15576797,15576819,22
42873,15576819,15576867,48
42874,15576867,15577156,289
42875,15577156,15577199,43
42876,15577199,15577328,129
42877,15577328,15577411,83
42878,15577411,15577705,294
42879,15577705,15577733,28
42880,15577733,15577944,211
42881,15577944,15578352,408
42882,15578352,15578357,5
42883,15578357,15578570,213
42884,15578570,15578613,43
42885,15578613,15578684,71
42886,15578684,15578942,258
42887,15578942,15578954,12
42888,15578954,15578991,37
42889,15578991,15579014,23
42890,15579014,15579029,15
42891,15579029,15579101,72
42892,15579101,15579266,165
42893,15579266,15579503,237
42894,15579503,15579664,161
42895,15579664,15579924,260
42896,15579924,15581135,1211
42897,15581135,15581622,487
42898,15581622,15581850,228
42899,15581850,15582054,204
42900,15582054,15582095,41
42901,15582095,15582383,288
42902,15582383,15582567,184
42903,15582567,15582681,114
42904,15582681,15583586,905
42905,15583586,15583605,19
42906,15583605,15584438,833
42907,15584438,15584611,173
42908,15584611,15584615,4
42909,15584615,15584765,150
42910,15584765,15584893,128
42911,15584893,15584908,15
42912,15584908,15584917,9
42913,15584917,15585131,214
42914,15585131,15585965,834
42915,15585965,15585973,8
42916,15585973,15585984,11
42917,15585984,15585988,4
42918,15585988,15586202,214
42919,15586202,15586317,115
42920,15586317,15586461,144
42921,15586461,15586489,28
42922,15586489,15586520,31
42923,15586520,15586660,140
42924,15586660,15586751,91
42925,15586751,15586772,21
42926,15586772,15586800,28
42927,15586800,15586911,111
42928,15586911,15587247,336
42929,15587247,15587254,7
42930,15587254,15587407,153
42931,15587407,15587747,340
42932,15587747,15587814,67
42933,15587814,15588472,658
42934,15588472,15588521,49
42935,15588521,15588727,206
42936,15588727,15588804,77
42937,15588804,15588817,13
42938,15588817,15588850,33
42939,15588850,15589510,660
42940,15589510,15589636,126
42941,15589636,15589859,223
42942,15589859,15590013,154
42943,15590013,15590196,183
42944,15590196,15590450,254
42945,15590450,15590712,262
42946,15590712,15590784,72
42947,15590784,15590981,197
42948,15590981,15591542,561
42949,15591542,15591613,71
42950,15591613,15591678,65
42951,15591678,15592217,539
42952,15592217,15592967,750
42953,15592967,15592972,5
42954,15592972,15593068,96
42955,15593068,15593143,75
42956,15593143,15593686,543
42957,15593686,15593796,110
42958,15593796,15594578,782
42959,15594578,15595030,452
42960,15595030,15595463,433
42961,15595463,15595667,204
42962,15595667,15597022,1355
42963,15597022,15597047,25
42964,15597047,15597139,92
42965,15597139,15597144,5
42966,15597144,15597149,5
42967,15597149,15597463,314
42968,15597463,15597632,169
42969,15597632,15598704,1072
42970,15598704,15598721,17
42971,15598721,15599218,497
42972,15599218,15600260,1042
42973,15600260,15600653,393
42974,15600653,15600663,10
42975,15600663,15600692,29
42976,15600692,15600813,121
42977,15600813,15601092,279
42978,15601092,15601117,25
42979,15601117,15601316,199
42980,15601316,15601339,23
42981,15601339,15601554,215
42982,15601554,15601578,24
42983,15601578,15601605,27
42984,15601605,15602085,480
42985,15602085,15602162,77
42986,15602162,15602206,44
42987,15602206,15602470,264
42988,15602470,15602703,233
42989,15602703,15603009,306
42990,15603009,15603095,86
42991,15603095,15603217,122
42992,15603217,15603442,225
42993,15603442,15604771,1329
42994,15604771,15604935,164
42995,15604935,15605122,187
42996,15605122,15605140,18
42997,15605140,15605175,35
42998,15605175,15605217,42
42999,15605217,15605344,127
43000,15605344,15605533,189
43001,15605533,15605624,91
43002,15605624,15605640,16
43003,15605640,15605713,73
43004,15605713,15605814,101
43005,15605814,15606067,253
43006,15606067,15606355,288
43007,15606355,15606483,128
43008,15606483,15606667,184
43009,15606667,15606795,128
43010,15606795,15606896,101
43011,15606896,15607126,230
43012,15607126,15607168,42
43013,15607168,15607300,132
43014,15607300,15607332,32
43015,15607332,15607473,141
43016,15607473,15607528,55
43017,15607528,15607939,411
43018,15607939,15608298,359
43019,15608298,15608333,35
43020,15608333,15609136,803
43021,15609136,15609149,13
43022,15609149,15609870,721
43023,15609870,15610140,270
43024,15610140,15610212,72
43025,15610212,15610416,204
43026,15610416,15610462,46
43027,15610462,15610469,7
43028,15610469,15610481,12
43029,15610481,15610489,8
43030,15610489,15610537,48
43031,15610537,15610604,67
43032,15610604,15610613,9
43033,15610613,15610678,65
43034,15610678,15610844,166
43035,15610844,15611320,476
43036,15611320,15612989,1669
43037,15612989,15613002,13
43038,15613002,15613136,134
43039,15613136,15613223,87
43040,15613223,15613268,45
43041,15613268,15613548,280
43042,15613548,15614511,963
43043,15614511,15614651,140
43044,15614651,15614676,25
43045,15614676,15614979,303
43046,15614979,15615225,246
43047,15615225,15615368,143
43048,15615368,15615776,408
43049,15615776,15617042,1266
43050,15617042,15617600,558
43051,15617600,15618120,520
43052,15618120,15618660,540
43053,15618660,15618670,10
43054,15618670,15619143,473
43055,15619143,15620309,1166
43056,15620309,15620369,60
43057,15620369,15620377,8
43058,15620377,15621185,808
43059,15621185,15621884,699
43060,15621884,15622352,468
43061,15622352,15622676,324
43062,15622676,15622684,8
43063,15622684,15622690,6
43064,15622690,15622696,6
43065,15622696,15623174,478
43066,15623174,15623194,20
43067,15623194,15623288,94
43068,15623288,15623977,689
43069,15623977,15624065,88
43070,15624065,15624278,213
43071,15624278,15624358,80
43072,15624358,15625520,1162
43073,15625520,15626247,727
43074,15626247,15626390,143
43075,15626390,15626426,36
43076,15626426,15626431,5
43077,15626431,15626436,5
43078,15626436,15626446,10
43079,15626446,15626645,199
43080,15626645,15626788,143
43081,15626788,15627862,1074
43082,15627862,15628449,587
43083,15628449,15628514,65
43084,15628514,15629313,799
43085,15629313,15630296,983
43086,15630296,15630678,382
43087,15630678,15630992,314
43088,15630992,15631781,789
43089,15631781,15631792,11
43090,15631792,15631810,18
43091,15631810,15631818,8
43092,15631818,15631830,12
43093,15631830,15631910,80
43094,15631910,15632071,161
43095,15632071,15632305,234
43096,15632305,15632313,8
43097,15632313,15632321,8
43098,15632321,15632325,4
43099,15632325,15632329,4
43100,15632329,15632333,4
43101,15632333,15632390,57
43102,15632390,15632536,146
43103,15632536,15632615,79
43104,15632615,15632695,80
43105,15632695,15633435,740
43106,15633435,15633481,46
43107,15633481,15633512,31
43108,15633512,15633768,256
43109,15633768,15634342,574
43110,15634342,15634422,80
43111,15634422,15634734,312
43112,15634734,15634822,88
43113,15634822,15635657,835
43114,15635657,15635965,308
43115,15635965,15635983,18
43116,15638592,15638679,87
43117,15638679,15638793,114
43118,15638793,15638826,33
43119,15638826,15639010,184
43120,15639010,15639043,33
43121,15639043,15639063,20
43122,15639063,15639219,156
43123,15639219,15639620,401
43124,15639620,15639668,48
43125,15639668,15639676,8
43126,15639676,15639684,8
43127,15639684,15639919,235
43128,15639919,15640438,519
43129,15640438,15640502,64
43130,15640502,15641318,816
43131,15641318,15641369,51
43132,15641369,15641759,390
43133,15641759,15641935,176
43134,15641935,15642530,595
43135,15642530,15642758,228
43136,15642758,15642878,120
43137,15642878,15643770,892
43138,15643770,15644371,601
43139,15644371,15644479,108
43140,15644479,15644613,134
43141,15644613,15644656,43
43142,15644656,15644880,224
43143,15644880,15645235,355
43144,15645235,15645252,17
43145,15645252,15645707,455
43146,15645707,15645889,182
43147,15645889,15646287,398
43148,15646287,15646328,41
43149,15646328,15646338,10
43150,15646338,15646772,434
43151,15646772,15647000,228
43152,15647000,15647207,207
43153,15647207,15647853,646
43154,15647853,15647993,140
43155,15647993,15648167,174
43156,15648167,15648671,504
43157,15648671,15648705,34
43158,15648705,15648740,35
43159,15648740,15648805,65
43160,15648805,15648873,68
43161,15648873,15648938,65
43162,15648938,15648969,31
43163,15648969,15649157,188
43164,15649157,15649218,61
43165,15649218,15649524,306
43166,15649524,15650036,512
43167,15650036,15650074,38
43168,15650074,15650158,84
43169,15650158,15650340,182
43170,15650340,15650634,294
43171,15650634,15650643,9
43172,15650643,15652584,1941
43173,15652584,15652846,262
43174,15652846,15652894,48
43175,15652894,15653128,234
43176,15653128,15654408,1280
43177,15654408,15654423,15
43178,15654423,15654439,16
43179,15654439,15655399,960
43180,15655399,15655405,6
43181,15655405,15655760,355
43182,15655760,15656561,801
43183,15656561,15656733,172
43184,15656733,15656937,204
43185,15656937,15656993,56
43186,15656993,15657190,197
43187,15657190,15657202,12
43188,15657202,15657727,525
43189,15657727,15657869,142
43190,15657869,15657913,44
43191,15657913,15657946,33
43192,15657946,15658725,779
43193,15658725,15659326,601
43194,15659326,15659337,11
43195,15659337,15659519,182
43196,15659519,15659547,28
43197,15659547,15660361,814
43198,15660361,15660383,22
43199,15660383,15660586,203
43200,15660586,15660655,69
43201,15660655,15660687,32
43202,15660687,15660802,115
43203,15660802,15660901,99
43204,15660901,15660946,45
43205,15660946,15661702,756
43206,15661702,15661714,12
43207,15661714,15661856,142
43208,15661856,15661926,70
43209,15661926,15662099,173
43210,15662099,15662664,565
43211,15662664,15662805,141
43212,15662805,15663049,244
43213,15663049,15663091,42
43214,15663091,15663224,133
43215,15663224,15663235,11
43216,15663235,15663317,82
43217,15663317,15663465,148
43218,15663465,15663890,425
43219,15663890,15663940,50
43220,15663940,15664040,100
43221,15664040,15664048,8
43222,15664048,15664056,8
43223,15664056,15664116,60
43224,15664116,15664191,75
43225,15664191,15664444,253
43226,15664444,15664455,11
43227,15664455,15664465,10
43228,15664465,15664708,243
43229,15664708,15665365,657
43230,15665365,15665631,266
43231,15665631,15665951,320
43232,15665951,15666240,289
43233,15666240,15666270,30
43234,15666270,15666276,6
43235,15666276,15666476,200
43236,15666476,15666787,311
43237,15666787,15666803,16
43238,15666803,15666902,99
43239,15666902,15667010,108
43240,15667010,15667053,43
43241,15667053,15667271,218
43242,15667271,15667293,22
43243,15667293,15667776,483
43244,15667776,15667936,160
43245,15667936,15668078,142
43246,15668078,15668140,62
43247,15668140,15668245,105
43248,15668245,15668301,56
43249,15668301,15668313,12
43250,15668313,15668480,167
43251,15668480,15668492,12
43252,15668492,15668691,199
43253,15668691,15668751,60
43254,15668751,15668859,108
43255,15668859,15669111,252
43256,15669111,15669193,82
43257,15669193,15669199,6
43258,15669199,15669205,6
43259,15669205,15669217,12
43260,15669217,15669229,12
43261,15669229,15670338,1109
43262,15670338,15670376,38
43263,15670376,15671003,627
43264,15671003,15671589,586
43265,15671589,15671709,120
43266,15671709,15671960,251
43267,15671960,15672074,114
43268,15672074,15672109,35
43269,15672109,15672117,8
43270,15672117,15672142,25
43271,15672142,15672161,19
43272,15672161,15672222,61
43273,15672222,15672241,19
43274,15672241,15672744,503
43275,15672744,15673292,548
43276,15673292,15673389,97
43277,15673389,15673396,7
43278,15673396,15673434,38
43279,15673434,15673513,79
43280,15673513,15673855,342
43281,15673855,15674188,333
43282,15674188,15674678,490
43283,15674678,15674872,194
43284,15674872,15674878,6
43285,15674878,15674911,33
43286,15674911,15674941,30
43287,15674941,15674952,11
43288,15674952,15675000,48
43289,15675000,15675384,384
43290,15675384,15675514,130
43291,15675514,15675746,232
43292,15675746,15675869,123
43293,15675869,15676540,671
43294,15676540,15676792,252
43295,15676792,15676954,162
43296,15676954,15677147,193
43297,15677147,15677159,12
43298,15677159,15677326,167
43299,15677326,15677338,12
43300,15677338,15677394,56
43301,15677394,15678114,720
43302,15678114,15678464,350
43303,15678464,15678561,97
43304,15678561,15678859,298
43305,15678859,15679436,577
43306,15679436,15679743,307
43307,15679743,15679920,177
43308,15679920,15679985,65
43309,15679985,15680084,99
43310,15680084,15680131,47
43311,15680131,15680136,5
43312,15680136,15680140,4
43313,15680140,15680824,684
43314,15680824,15680966,142
43315,15680966,15681453,487
43316,15681453,15681558,105
43317,15681558,15681884,326
43318,15681884,15681898,14
43319,15681898,15681921,23
43320,15681921,15682224,303
43321,15682224,15682452,228
43322,15682452,15682657,205
43323,15682657,15683234,577
43324,15683234,15683436,202
43325,15683436,15683587,151
43326,15683587,15683897,310
43327,15683897,15684216,319
43328,15684216,15684746,530
43329,15684746,15685019,273
43330,15685019,15685146,127
43331,15685146,15685826,680
43332,15685826,15686212,386
43333,15686212,15686310,98
43334,15686310,15686684,374
43335,15686684,15686745,61
43336,15686745,15686889,144
43337,15686889,15687471,582
43338,15687471,15687665,194
43339,15687665,15687745,80
43340,15687745,15687862,117
43341,15687862,15688938,1076
43342,15688938,15689236,298
43343,15689236,15689250,14
43344,15689250,15689835,585
43345,15689835,15690150,315
43346,15690150,15690493,343
43347,15690493,15690798,305
43348,15690798,15690867,69
43349,15690867,15690966,99
43350,15690966,15691444,478
43351,15691444,15691856,412
43352,15691856,15691973,117
43353,15691973,15691986,13
43354,15691986,15692147,161
43355,15692147,15692364,217
43356,15692364,15692435,71
43357,15692435,15692484,49
43358,15692484,15692503,19
43359,15692503,15693045,542
43360,15693045,15693649,604
43361,15693649,15693657,8
43362,15693657,15693793,136
43363,15693793,15693800,7
43364,15693800,15693873,73
43365,15693873,15694039,166
43366,15694039,15694141,102
43367,15694141,15694569,428
43368,15694569,15695010,441
43369,15695010,15695706,696
43370,15695706,15696268,562
43371,15696268,15696548,280
43372,15696548,15696779,231
43373,15696779,15696838,59
43374,15696838,15697460,622
43375,15697460,15697587,127
43376,15697587,15697592,5
43377,15697592,15698426,834
43378,15698426,15698465,39
43379,15698465,15698805,340
43380,15698805,15699409,604
43381,15699409,15699820,411
43382,15699820,15700638,818
43383,15700638,15700677,39
43384,15700677,15701885,1208
43385,15701885,15701981,96
43386,15701981,15701988,7
43387,15701988,15702080,92
43388,15702080,15702114,34
43389,15702114,15702623,509
43390,15702623,15702804,181
43391,15702804,15703162,358
43392,15703162,15703256,94
43393,15703256,15703289,33
43394,15703289,15703326,37
43395,15703326,15703570,244
43396,15703570,15703656,86
43397,15703656,15704056,400
43398,15704056,15704264,208
43399,15704264,15704343,79
43400,15704343,15704373,30
43401,15704373,15704449,76
43402,15704449,15704765,316
43403,15704765,15704866,101
43404,15704866,15704973,107
43405,15704973,15705189,216
43406,15705189,15705251,62
43407,15705251,15705343,92
43408,15705343,15705383,40
43409,15705383,15705464,81
43410,15705464,15705491,27
43411,15705491,15706425,934
43412,15706425,15706681,256
43413,15706681,15706971,290
43414,15706971,15706988,17
43415,15706988,15707185,197
43416,15707185,15707500,315
43417,15707500,15707523,23
43418,15707523,15707598,75
43419,15707598,15707626,28
43420,15707626,15708397,771
43421,15708397,15708434,37
43422,15708434,15708731,297
43423,15708731,15708746,15
43424,15708746,15708783,37
43425,15708783,15708795,12
43426,15708795,15708812,17
43427,15708812,15708911,99
43428,15708911,15709063,152
43429,15709063,15709225,162
43430,15709225,15709272,47
43431,15709272,15709642,370
43432,15709642,15709712,70
43433,15709712,15709791,79
43434,15709791,15710097,306
43435,15710097,15710432,335
43436,15710432,15710447,15
43437,15710447,15710679,232
43438,15710679,15711146,467
43439,15711146,15711152,6
43440,15711152,15711254,102
43441,15711254,15711308,54
43442,15711308,15711546,238
43443,15711546,15711724,178
43444,15711724,15711841,117
43445,15711841,15712733,892
43446,15712733,15714248,1515
43447,15714248,15714278,30
43448,15714278,15714284,6
43449,15714284,15714305,21
43450,15714305,15714760,455
43451,15714760,15714928,168
43452,15714928,15715034,106
43453,15715034,15715198,164
43454,15715198,15715219,21
43455,15715219,15715331,112
43456,15715331,15715403,72
43457,15715403,15715681,278
43458,15715681,15715913,232
43459,15715913,15715954,41
43460,15715954,15715963,9
43461,15715963,15716105,142
43462,15716105,15716420,315
43463,15716420,15716474,54
43464,15716474,15716504,30
43465,15716504,15716710,206
43466,15716710,15716881,171
43467,15716881,15716954,73
43468,15716954,15717022,68
43469,15717022,15717097,75
43470,15717097,15717147,50
43471,15717147,15717229,82
43472,15717229,15717530,301
43473,15717530,15717682,152
43474,15717682,15717894,212
43475,15717894,15718216,322
43476,15718216,15718233,17
43477,15718233,15718270,37
43478,15718270,15718442,172
43479,15718442,15718479,37
43480,15718479,15718542,63
43481,15718542,15718777,235
43482,15718777,15719100,323
43483,15719100,15719125,25
43484,15719125,15719151,26
43485,15719151,15719203,52
43486,15719203,15719512,309
43487,15719512,15719720,208
43488,15719720,15719824,104
43489,15719824,15719986,162
43490,15719986,15720356,370
43491,15720356,15720697,341
43492,15720697,15721228,531
43493,15721228,15721313,85
43494,15721313,15721321,8
43495,15721321,15721357,36
43496,15721357,15721423,66
43497,15721423,15721826,403
43498,15721826,15721866,40
43499,15721866,15721931,65
43500,15721931,15722196,265
43501,15722196,15722252,56
43502,15722252,15722389,137
43503,15722389,15722535,146
43504,15722535,15722611,76
43505,15722611,15722668,57
43506,15722668,15722742,74
43507,15722742,15722829,87
43508,15722829,15722911,82
43509,15722911,15722993,82
43510,15722993,15723219,226
43511,15723219,15723328,109
43512,15723328,15723354,26
43513,15723354,15723515,161
43514,15723515,15723666,151
43515,15723666,15723678,12
43516,15723678,15723690,12
43517,15723690,15723874,184
43518,15723874,15723898,24
43519,15723898,15724192,294
43520,15724192,15724924,732
43521,15724924,15725382,458
43522,15725382,15725410,28
43523,15725410,15725739,329
43524,15725739,15725811,72
43525,15725811,15726126,315
43526,15726126,15726150,24
43527,15726150,15726390,240
43528,15726390,15726711,321
43529,15726711,15726929,218
43530,15726929,15726974,45
43531,15726974,15727048,74
43532,15727048,15727386,338
43533,15727386,15727404,18
43534,15727404,15727410,6
43535,15727410,15727529,119
43536,15727529,15727703,174
43537,15727703,15727860,157
43538,15727860,15727949,89
43539,15727949,15728218,269
43540,15728218,15728588,370
43541,15728588,15728611,23
43542,15728611,15728722,111
43543,15728722,15728923,201
43544,15728923,15728970,47
43545,15728970,15729040,70
43546,15729040,15729256,216
43547,15729256,15729880,624
43548,15729880,15729944,64
43549,15729944,15729959,15
43550,15729959,15730002,43
43551,15730002,15730136,134
43552,15730136,15730369,233
43553,15730369,15730651,282
43554,15730651,15730929,278
43555,15730929,15730933,4
43556,15730933,15730941,8
43557,15730941,15730976,35
43558,15730976,15731057,81
43559,15731057,15731715,658
43560,15731715,15732044,329
43561,15732044,15732107,63
43562,15732107,15732133,26
43563,15732133,15732388,255
43564,15732388,15732460,72
43565,15732460,15732585,125
43566,15732585,15732655,70
43567,15732655,15732831,176
43568,15732831,15732857,26
43569,15732857,15733118,261
43570,15733118,15733313,195
43571,15733313,15733342,29
43572,15733342,15733370,28
43573,15733370,15733481,111
43574,15733481,15734516,1035
43575,15734516,15734530,14
43576,15734530,15734681,151
43577,15734681,15735208,527
43578,15735208,15735501,293
43579,15735501,15735512,11
43580,15735512,15735955,443
43581,15735955,15735985,30
43582,15735985,15736394,409
43583,15736394,15736636,242
43584,15736636,15737052,416
43585,15737052,15737302,250
43586,15737302,15737389,87
43587,15737389,15737476,87
43588,15737476,15737628,152
43589,15737628,15737671,43
43590,15737671,15737683,12
43591,15737683,15737761,78
43592,15737761,15737874,113
43593,15737874,15737890,16
43594,15737890,15737973,83
43595,15737973,15738171,198
43596,15738171,15738483,312
43597,15738483,15738580,97
43598,15738580,15738878,298
43599,15738878,15739470,592
43600,15739470,15739788,318
43601,15739788,15739824,36
43602,15739824,15739944,120
43603,15739944,15740561,617
43604,15740561,15740566,5
43605,15740566,15740570,4
43606,15740570,15740748,178
43607,15740748,15740954,206
43608,15740954,15742991,2037
43609,15742991,15743346,355
43610,15743346,15743358,12
43611,15743358,15743663,305
43612,15743663,15743757,94
43613,15743757,15743904,147
43614,15743904,15744116,212
43615,15744116,15744246,130
43616,15744246,15744317,71
43617,15744317,15744785,468
43618,15744785,15745054,269
43619,15745054,15745124,70
43620,15745124,15745450,326
43621,15745450,15745456,6
43622,15745456,15745687,231
43623,15745687,15745757,70
43624,15745757,15745777,20
43625,15745777,15746055,278
43626,15746055,15747334,1279
43627,15747334,15747373,39
43628,15747373,15747595,222
43629,15747595,15747665,70
43630,15747665,15747997,332
43631,15747997,15748048,51
43632,15748048,15748187,139
43633,15748187,15748294,107
43634,15748294,15748300,6
43635,15748300,15748324,24
43636,15748324,15748333,9
43637,15748333,15748583,250
43638,15748583,15748613,30
43639,15748613,15748646,33
43640,15748646,15748684,38
43641,15748684,15748702,18
43642,15748702,15749612,910
43643,15749612,15749815,203
43644,15749815,15750210,395
43645,15750210,15750412,202
43646,15750412,15750428,16
43647,15753876,15754523,647
43648,15754523,15755050,527
43649,15755050,15755387,337
43650,15755387,15756058,671
43651,15756058,15756447,389
43652,15756447,15756453,6
43653,15756453,15756459,6
43654,15756459,15756465,6
43655,15756465,15756471,6
43656,15756471,15756477,6
43657,15756477,15756634,157
43658,15756634,15756745,111
43659,15756745,15757014,269
43660,15757014,15757584,570
43661,15757584,15757722,138
43662,15757722,15757873,151
43663,15757873,15758640,767
43664,15758640,15758734,94
43665,15758734,15759188,454
43666,15759188,15759597,409
43667,15759597,15760069,472
43668,15760069,15760515,446
43669,15760515,15763298,2783
43670,15763298,15763388,90
43671,15763388,15763450,62
43672,15763450,15763661,211
43673,15763661,15763964,303
43674,15763964,15764038,74
43675,15764038,15764104,66
43676,15764104,15764246,142
43677,15764246,15764260,14
43678,15764260,15765017,757
43679,15765017,15765426,409
43680,15765426,15765592,166
43681,15765592,15765782,190
43682,15765782,15765881,99
43683,15765881,15765956,75
43684,15765956,15766048,92
43685,15766048,15766130,82
43686,15766130,15766134,4
43687,15766134,15766150,16
43688,15766150,15766335,185
43689,15766335,15766388,53
43690,15766388,15766488,100
43691,15766488,15767067,579
43692,15767067,15767798,731
43693,15767798,15767834,36
43694,15767834,15767885,51
43695,15767885,15768184,299
43696,15768184,15768513,329
43697,15768513,15768559,46
43698,15768559,15768939,380
43699,15768939,15769757,818
43700,15769757,15769830,73
43701,15769830,15770001,171
43702,15770001,15770085,84
43703,15770085,15770142,57
43704,15770142,15770313,171
43705,15770313,15770430,117
43706,15770430,15771165,735
43707,15771165,15771861,696
43708,15771861,15772045,184
43709,15772045,15772203,158
43710,15772203,15772392,189
43711,15772392,15772665,273
43712,15772665,15772686,21
43713,15772686,15773650,964
43714,15773650,15773960,310
43715,15773960,15774138,178
43716,15774138,15774170,32
43717,15774170,15774295,125
43718,15774295,15774323,28
43719,15774323,15774452,129
43720,15774452,15774545,93
43721,15774545,15774737,192
43722,15774737,15774863,126
43723,15774863,15774908,45
43724,15774908,15775014,106
43725,15775014,15775193,179
43726,15775193,15775266,73
43727,15775266,15775332,66
43728,15775332,15775624,292
43729,15775624,15775652,28
43730,15775652,15775849,197
43731,15775849,15775985,136
43732,15775985,15776188,203
43733,15776188,15776430,242
43734,15776430,15776574,144
43735,15776574,15776679,105
43736,15776679,15776718,39
43737,15776718,15776800,82
43738,15776800,15776989,189
43739,15776989,15777005,16
43740,15777005,15777038,33
43741,15777038,15777219,181
43742,15777219,15777373,154
43743,15777373,15777423,50
43744,15777423,15777825,402
43745,15777825,15778011,186
43746,15778011,15778576,565
43747,15778576,15779273,697
43748,15779273,15779327,54
43749,15779327,15779404,77
43750,15779404,15779462,58
43751,15779462,15779489,27
43752,15779489,15779570,81
43753,15779570,15779578,8
43754,15779578,15779624,46
43755,15779624,15779868,244
43756,15779868,15779915,47
43757,15779915,15779996,81
43758,15779996,15780020,24
43759,15780020,15780139,119
43760,15780139,15780153,14
43761,15780153,15780693,540
43762,15780693,15780834,141
43763,15780834,15780877,43
43764,15780877,15780944,67
43765,15780944,15781010,66
43766,15781010,15781065,55
43767,15781065,15781073,8
43768,15781073,15781080,7
43769,15781080,15781101,21
43770,15781101,15781157,56
43771,15781157,15781180,23
43772,15781180,15781233,53
43773,15781233,15781260,27
43774,15781260,15781345,85
43775,15781345,15781473,128
43776,15781473,15781586,113
43777,15781586,15781705,119
43778,15781705,15781729,24
43779,15781729,15781740,11
43780,15781740,15781802,62
43781,15781802,15781862,60
43782,15781862,15781910,48
43783,15781910,15782110,200
43784,15782110,15782228,118
43785,15782228,15782476,248
43786,15782476,15782553,77
43787,15782553,15782876,323
43788,15782876,15782916,40
43789,15782916,15782993,77
43790,15782993,15783041,48
43791,15783041,15783068,27
43792,15783068,15783089,21
43793,15783089,15783101,12
43794,15783101,15783210,109
43795,15783210,15783243,33
43796,15783243,15783455,212
43797,15783455,15783754,299
43798,15783754,15783965,211
43799,15783965,15784331,366
43800,15784331,15784373,42
43801,15784373,15784957,584
43802,15784957,15785023,66
43803,15785023,15785723,700
43804,15785723,15786288,565
43805,15786288,15786374,86
43806,15786374,15786380,6
43807,15786380,15786859,479
43808,15786859,15786983,124
43809,15786983,15787055,72
43810,15787055,15787306,251
43811,15787306,15787334,28
43812,15787334,15787459,125
43813,15787459,15787840,381
43814,15787840,15788867,1027
43815,15788867,15789090,223
43816,15789090,15789429,339
43817,15789429,15789477,48
43818,15789477,15789638,161
43819,15789638,15789717,79
43820,15789717,15790095,378
43821,15790095,15790254,159
43822,15790254,15790277,23
43823,15790277,15790595,318
43824,15790595,15790748,153
43825,15790748,15791293,545
43826,15791293,15791557,264
43827,15791557,15791679,122
43828,15791679,15791695,16
43829,15791695,15791886,191
43830,15791886,15792008,122
43831,15792008,15792622,614
43832,15792622,15792635,13
43833,15792635,15792770,135
43834,15792770,15793000,230
43835,15793000,15793226,226
43836,15793226,15793804,578
43837,15793804,15793878,74
43838,15793878,15794386,508
43839,15794386,15794500,114
43840,15794500,15794788,288
43841,15794788,15796147,1359
43842,15796147,15796172,25
43843,15796172,15796179,7
43844,15796179,15796314,135
43845,15796314,15796692,378
43846,15796692,15796705,13
43847,15796705,15796815,110
43848,15796815,15796991,176
43849,15796991,15797262,271
43850,15797262,15797556,294
43851,15797556,15797670,114
43852,15797670,15797958,288
43853,15797958,15799281,1323
43854,15799281,15799306,25
43855,15799306,15799313,7
43856,15799313,15799448,135
43857,15799448,15799968,520
43858,15799968,15800165,197
43859,15800165,15800174,9
43860,15800174,15800254,80
43861,15800254,15800315,61
43862,15800315,15800345,30
43863,15800345,15800399,54
43864,15800399,15800502,103
43865,15800502,15801469,967
43866,15801469,15801481,12
43867,15801481,15801709,228
43868,15801709,15801850,141
43869,15801850,15802256,406
43870,15802256,15802383,127
43871,15802383,15802419,36
43872,15802419,15802489,70
43873,15802489,15802985,496
43874,15802985,15803340,355
43875,15803340,15804979,1639
43876,15804979,15806045,1066
43877,15806045,15806090,45
43878,15806090,15806179,89
43879,15806179,15807001,822
43880,15807001,15807010,9
43881,15807010,15807126,116
43882,15807126,15807776,650
43883,15807776,15808461,685
43884,15808461,15809120,659
43885,15809120,15809163,43
43886,15809163,15809209,46
43887,15809209,15809633,424
43888,15809633,15809708,75
43889,15809708,15809858,150
43890,15809858,15810045,187
43891,15810045,15810239,194
43892,15810239,15810586,347
43893,15810586,15810827,241
43894,15810827,15810854,27
43895,15810854,15811536,682
43896,15811536,15811563,27
43897,15811563,15811580,17
43898,15811580,15811588,8
43899,15811588,15811970,382
43900,15811970,15812069,99
43901,15812069,15813550,1481
43902,15813550,15814424,874
43903,15814424,15814965,541
43904,15814965,15815003,38
43905,15815003,15815693,690
43906,15815693,15815952,259
43907,15815952,15816406,454
43908,15816406,15816517,111
43909,15816517,15816538,21
43910,15816538,15816754,216
43911,15816754,15816766,12
43912,15816766,15817345,579
43913,15817345,15817472,127
43914,15817472,15817772,300
43915,15817772,15819403,1631
43916,15819403,15819410,7
43917,15819410,15819658,248
43918,15819658,15819746,88
43919,15819746,15820531,785
43920,15820531,15820645,114
43921,15820645,15820906,261
43922,15820906,15821668,762
43923,15821668,15821867,199
43924,15821867,15822601,734
43925,15822601,15823125,524
43926,15823125,15823666,541
43927,15823666,15823808,142
43928,15823808,15823874,66
43929,15823874,15823954,80
43930,15823954,15823990,36
43931,15823990,15824194,204
43932,15824194,15824284,90
43933,15824284,15824985,701
43934,15824985,15825108,123
43935,15825108,15825267,159
43936,15825267,15825276,9
43937,15825276,15825327,51
43938,15825327,15825755,428
43939,15825755,15826346,591
43940,15826346,15826441,95
43941,15826441,15826643,202
43942,15826643,15827038,395
43943,15827038,15828248,1210
43944,15828248,15828382,134
43945,15828382,15829048,666
43946,15829048,15829206,158
43947,15829206,15829644,438
43948,15829644,15829944,300
43949,15829944,15829978,34
43950,15829978,15830100,122
43951,15830100,15830238,138
43952,15830238,15830320,82
43953,15830320,15830391,71
43954,15830391,15830485,94
43955,15830485,15830547,62
43956,15830547,15830583,36
43957,15830583,15830587,4
43958,15830587,15830707,120
43959,15830707,15830718,11
43960,15830718,15830760,42
43961,15830760,15830854,94
43962,15830854,15831094,240
43963,15831094,15831162,68
43964,15831162,15831189,27
43965,15831189,15831327,138
43966,15831327,15831399,72
43967,15831399,15831457,58
43968,15831457,15831603,146
43969,15831603,15831672,69
43970,15831672,15832086,414
43971,15832086,15832104,18
43972,15832104,15832309,205
43973,15832309,15832416,107
43974,15832416,15832501,85
43975,15832501,15832594,93
43976,15832594,15832921,327
43977,15832921,15833161,240
43978,15833161,15833233,72
43979,15833233,15833322,89
43980,15833322,15833444,122
43981,15833444,15833463,19
43982,15833463,15833681,218
43983,15833681,15834096,415
43984,15834096,15835569,1473
43985,15835569,15835708,139
43986,15835708,15835748,40
43987,15835748,15836274,526
43988,15836274,15836652,378
43989,15836652,15836769,117
43990,15836769,15837083,314
43991,15837083,15837105,22
43992,15837105,15837179,74
43993,15837179,15837320,141
43994,15837320,15837464,144
43995,15837464,15837471,7
43996,15837471,15837544,73
43997,15837544,15837554,10
43998,15837554,15837750,196
43999,15837750,15838622,872
44000,15838622,15838681,59
44001,15838681,15838907,226
44002,15838907,15839054,147
44003,15839054,15839150,96
44004,15839150,15839368,218
44005,15839368,15839381,13
44006,15839381,15839437,56
44007,15839437,15839656,219
44008,15839656,15840296,640
44009,15840296,15840337,41
44010,15840337,15841633,1296
44011,15841633,15842242,609
44012,15842242,15842282,40
44013,15842282,15842403,121
44014,15842403,15842454,51
44015,15842454,15842544,90
44016,15842544,15842609,65
44017,15842609,15842738,129
44018,15842738,15842861,123
44019,15842861,15843085,224
44020,15843085,15843092,7
44021,15843092,15843127,35
44022,15843127,15843191,64
44023,15843191,15843242,51
44024,15843242,15843320,78
44025,15843320,15843723,403
44026,15843723,15843911,188
44027,15843911,15844452,541
44028,15844452,15845072,620
44029,15845072,15845234,162
44030,15845234,15845331,97
44031,15845331,15845450,119
44032,15845450,15845733,283
44033,15845733,15846037,304
44034,15846037,15846169,132
44035,15846169,15846228,59
44036,15846228,15846376,148
44037,15846376,15846791,415
44038,15846791,15846800,9
44039,15846800,15847179,379
44040,15847179,15847311,132
44041,15847311,15847350,39
44042,15847350,15847695,345
44043,15847695,15847806,111
44044,15847806,15847932,126
44045,15847932,15848179,247
44046,15848179,15848532,353
44047,15848532,15849167,635
44048,15849167,15849856,689
44049,15849856,15850196,340
44050,15850196,15850425,229
44051,15850425,15851702,1277
44052,15851702,15853358,1656
44053,15853358,15853510,152
44054,15853510,15853522,12
44055,15853522,15853706,184
44056,15853706,15853775,69
44057,15853775,15853795,20
44058,15853795,15853822,27
44059,15853822,15854149,327
44060,15854149,15854602,453
44061,15854602,15854629,27
44062,15854629,15855188,559
44063,15855188,15855227,39
44064,15855227,15855239,12
44065,15855239,15855533,294
44066,15855533,15855611,78
44067,15855611,15855832,221
44068,15855832,15855885,53
44069,15855885,15856093,208
44070,15856093,15856157,64
44071,15856157,15856170,13
44072,15856170,15856194,24
44073,15856194,15856318,124
44074,15856318,15856376,58
44075,15856376,15856755,379
44076,15856755,15857109,354
44077,15857109,15857206,97
44078,15857206,15857280,74
44079,15857280,15857388,108
44080,15857388,15857728,340
44081,15857728,15858498,770
44082,15858498,15858639,141
44083,15858639,15858790,151
44084,15858790,15859178,388
44085,15859178,15859209,31
44086,15859209,15859237,28
44087,15859237,15859666,429
44088,15859666,15859755,89
44089,15859755,15860314,559
44090,15860314,15860944,630
44091,15860944,15861436,492
44092,15861436,15861633,197
44093,15861633,15861764,131
44094,15861764,15862009,245
44095,15862009,15862059,50
44096,15862059,15862240,181
44097,15862240,15862544,304
44098,15862544,15862761,217
44099,15862761,15862998,237
44100,15862998,15863330,332
44101,15863330,15863543,213
44102,15863543,15863555,12
44103,15863555,15863755,200
44104,15863755,15864654,899
44105,15864654,15864666,12
44106,15864666,15865257,591
44107,15865257,15865626,369
44108,15865626,15866341,715
44109,15866341,15866595,254
44110,15866595,15866642,47
44111,15866642,15867220,578
44112,15867220,15867975,755
44113,15867975,15868428,453
44114,15868428,15868544,116
44115,15868544,15868814,270
44116,15868814,15868832,18
44117,15868832,15869255,423
44118,15869255,15869306,51
44119,15871494,15871861,367
44120,15871861,15872013,152
44121,15872013,15872428,415
44122,15872428,15872509,81
44123,15872509,15872778,269
44124,15872778,15872961,183
44125,15872961,15872976,15
44126,15872976,15873048,72
44127,15873048,15873170,122
44128,15873170,15873208,38
44129,15873208,15873497,289
44130,15873497,15873813,316
44131,15873813,15873939,126
44132,15873939,15873980,41
44133,15873980,15874019,39
44134,15874019,15874029,10
44135,15874029,15874143,114
44136,15874143,15874263,120
44137,15874263,15874442,179
44138,15874442,15874446,4
44139,15874446,15874611,165
44140,15874611,15874784,173
44141,15874784,15875429,645
44142,15875429,15875551,122
44143,15875551,15876797,1246
44144,15876797,15877164,367
44145,15877164,15877719,555
44146,15877719,15877731,12
44147,15877731,15877944,213
44148,15877944,15878137,193
44149,15878137,15878217,80
44150,15878217,15878313,96
44151,15878313,15878334,21
44152,15878334,15878391,57
44153,15878391,15879035,644
44154,15879035,15879065,30
44155,15879065,15879069,4
44156,15879069,15879402,333
44157,15879402,15879558,156
44158,15879558,15879611,53
44159,15879611,15879660,49
44160,15879660,15879696,36
44161,15879696,15880416,720
44162,15880416,15880470,54
44163,15880470,15880563,93
44164,15880563,15880609,46
44165,15880609,15881135,526
44166,15881135,15881377,242
44167,15881377,15882042,665
44168,15882042,15882269,227
44169,15882269,15882380,111
44170,15882380,15882511,131
44171,15882511,15882515,4
44172,15882515,15883204,689
44173,15883204,15883515,311
44174,15883515,15883973,458
44175,15883973,15883983,10
44176,15883983,15884101,118
44177,15884101,15884166,65
44178,15884166,15884447,281
44179,15884447,15884512,65
44180,15884512,15884606,94
44181,15884606,15884814,208
44182,15884814,15884845,31
44183,15884845,15884872,27
44184,15884872,15884968,96
44185,15884968,15885154,186
44186,15885154,15885235,81
44187,15885235,15885265,30
44188,15885265,15885542,277
44189,15885542,15885781,239
44190,15885781,15885820,39
44191,15885820,15887165,1345
44192,15887165,15887722,557
44193,15887722,15888061,339
44194,15888061,15888838,777
44195,15888838,15889155,317
44196,15889155,15889214,59
44197,15889214,15889484,270
44198,15889484,15889637,153
44199,15889637,15889952,315
44200,15889952,15891063,1111
44201,15891063,15891210,147
44202,15891210,15891277,67
44203,15891277,15892932,1655
44204,15892932,15892943,11
44205,15892943,15892948,5
44206,15892948,15892953,5
44207,15892953,15893076,123
44208,15893076,15893087,11
44209,15893087,15893197,110
44210,15893197,15894749,1552
44211,15894749,15894886,137
44212,15894886,15894914,28
44213,15894914,15895000,86
44214,15895000,15895037,37
44215,15895037,15895136,99
44216,15895136,15895178,42
44217,15895178,15895220,42
44218,15895220,15895308,88
44219,15895308,15895754,446
44220,15895754,15895857,103
44221,15895857,15895899,42
44222,15895899,15896023,124
44223,15896023,15896232,209
44224,15896232,15896314,82
44225,15896314,15896721,407
44226,15896721,15897104,383
44227,15897104,15897492,388
44228,15897492,15897781,289
44229,15897781,15898753,972
44230,15898753,15899107,354
44231,15899107,15899585,478
44232,15899585,15899944,359
44233,15899944,15900609,665
44234,15900609,15901567,958
44235,15901567,15901626,59
44236,15901626,15901677,51
44237,15901677,15901741,64
44238,15901741,15902304,563
44239,15902304,15902394,90
44240,15902394,15902496,102
44241,15902496,15903232,736
44242,15903232,15903238,6
44243,15903238,15903254,16
44244,15903254,15903998,744
44245,15903998,15904409,411
44246,15904409,15905632,1223
44247,15905632,15906135,503
44248,15906135,15907191,1056
44249,15907191,15907205,14
44250,15907205,15907670,465
44251,15907670,15907711,41
44252,15907711,15908143,432
44253,15908143,15908257,114
44254,15908257,15908658,401
44255,15908658,15908676,18
44256,15908676,15908715,39
44257,15908715,15909003,288
44258,15909003,15909013,10
44259,15909013,15909066,53
44260,15909066,15909102,36
44261,15909102,15909150,48
44262,15909150,15909240,90
44263,15909240,15909499,259
44264,15909499,15909741,242
44265,15909741,15909758,17
44266,15909758,15910015,257
44267,15910015,15910147,132
44268,15910147,15910174,27
44269,15910174,15910243,69
44270,15910243,15910345,102
44271,15910345,15910600,255
44272,15910600,15911361,761
44273,15911361,15911820,459
44274,15911820,15912942,1122
44275,15912942,15913194,252
44276,15913194,15913290,96
44277,15913290,15913533,243
44278,15913533,15914053,520
44279,15914053,15914486,433
44280,15914486,15914720,234
44281,15914720,15914727,7
44282,15914727,15914845,118
44283,15914845,15915089,244
44284,15915089,15915268,179
44285,15915268,15915326,58
44286,15915326,15915337,11
44287,15915337,15915533,196
44288,15915533,15915548,15
44289,15915548,15915737,189
44290,15915737,15915962,225
44291,15915962,15916505,543
44292,15916505,15916612,107
44293,15916612,15916765,153
44294,15916765,15917116,351
44295,15917116,15917147,31
44296,15917147,15917155,8
44297,15917155,15917210,55
44298,15917210,15917257,47
44299,15917257,15917438,181
44300,15917438,15917526,88
44301,15917526,15918051,525
44302,15918051,15918350,299
44303,15918350,15918400,50
44304,15918400,15918429,29
44305,15918429,15918591,162
44306,15918591,15918935,344
44307,15918935,15919135,200
44308,15919135,15919198,63
44309,15919198,15919270,72
44310,15919270,15919303,33
44311,15919303,15919497,194
44312,15919497,15919585,88
44313,15919585,15919912,327
44314,15919912,15919999,87
44315,15919999,15920292,293
44316,15920292,15921012,720
44317,15921012,15921539,527
44318,15921539,15921550,11
44319,15921550,15922511,961
44320,15922511,15922641,130
44321,15922641,15922990,349
44322,15922990,15923075,85
44323,15923075,15923341,266
44324,15923341,15923408,67
44325,15923408,15923611,203
44326,15923611,15923870,259
44327,15923870,15923909,39
44328,15923909,15924216,307
44329,15924216,15924671,455
44330,15924671,15926919,2248
44331,15926919,15927250,331
44332,15927250,15927597,347
44333,15927597,15927744,147
44334,15927744,15927879,135
44335,15927879,15927962,83
44336,15927962,15928304,342
44337,15928304,15928352,48
44338,15928352,15928460,108
44339,15928460,15928630,170
44340,15928630,15928915,285
44341,15928915,15929517,602
44342,15929517,15929588,71
44343,15929588,15930197,609
44344,15930197,15930669,472
44345,15930669,15930879,210
44346,15930879,15931691,812
44347,15931691,15931796,105
44348,15931796,15931895,99
44349,15931895,15933316,1421
44350,15933316,15933787,471
44351,15933787,15934081,294
44352,15934081,15934425,344
44353,15934425,15934564,139
44354,15934564,15934628,64
44355,15934628,15934704,76
44356,15934704,15934937,233
44357,15934937,15935620,683
44358,15935620,15936838,1218
44359,15936838,15936915,77
44360,15936915,15937231,316
44361,15937231,15937607,376
44362,15937607,15937676,69
44363,15937676,15938266,590
44364,15938266,15938306,40
44365,15938306,15938717,411
44366,15938717,15939024,307
44367,15939024,15939280,256
44368,15939280,15939286,6
44369,15939286,15939418,132
44370,15939418,15939474,56
44371,15939474,15939919,445
44372,15939919,15939986,67
44373,15939986,15940267,281
44374,15940267,15940781,514
44375,15940781,15940873,92
44376,15940873,15942261,1388
44377,15942261,15942381,120
44378,15942381,15942681,300
44379,15942681,15942696,15
44380,15942696,15942865,169
44381,15942865,15943468,603
44382,15943468,15943497,29
44383,15943497,15943544,47
44384,15943544,15944031,487
44385,15944031,15944048,17
44386,15944048,15944165,117
44387,15944165,15944584,419
44388,15944584,15945647,1063
44389,15945647,15946250,603
44390,15946250,15946469,219
44391,15946469,15946762,293
44392,15946762,15947061,299
44393,15947061,15947424,363
44394,15947424,15948261,837
44395,15948261,15948299,38
44396,15948299,15948308,9
44397,15948308,15948317,9
44398,15948317,15948338,21
44399,15948338,15948736,398
44400,15948736,15948742,6
44401,15948742,15948773,31
44402,15948773,15949260,487
44403,15949260,15949331,71
44404,15949331,15949425,94
44405,15949425,15950294,869
44406,15950294,15950302,8
44407,15950302,15950955,653
44408,15950955,15951198,243
44409,15951198,15951233,35
44410,15951233,15951280,47
44411,15951280,15951392,112
44412,15951392,15951452,60
44413,15951452,15951523,71
44414,15951523,15952340,817
44415,15952340,15952444,104
44416,15952444,15952604,160
44417,15952604,15952908,304
44418,15952908,15952930,22
44419,15952930,15953661,731
44420,15953661,15953884,223
44421,15953884,15953974,90
44422,15953974,15954079,105
44423,15954079,15954112,33
44424,15954112,15954119,7
44425,15954119,15954126,7
44426,15954126,15954221,95
44427,15954221,15954321,100
44428,15954321,15955086,765
44429,15955086,15956018,932
44430,15956018,15956524,506
44431,15956524,15956714,190
44432,15956714,15956724,10
44433,15956724,15957193,469
44434,15957193,15957960,767
44435,15957960,15958701,741
44436,15958701,15958811,110
44437,15958811,15960696,1885
44438,15960696,15960889,193
44439,15960889,15961838,949
44440,15961838,15962323,485
44441,15962323,15962558,235
44442,15962558,15962587,29
44443,15962587,15962854,267
44444,15962854,15963088,234
44445,15963088,15963282,194
44446,15963282,15964003,721
44447,15964003,15964270,267
44448,15964270,15964430,160
44449,15964430,15964652,222
44450,15964652,15965767,1115
44451,15965767,15965951,184
44452,15965951,15966922,971
44453,15966922,15967698,776
44454,15967698,15968475,777
44455,15968475,15970369,1894
44456,15970369,15970489,120
44457,15970489,15971199,710
44458,15971199,15971229,30
44459,15971229,15972414,1185
44460,15972414,15972858,444
44461,15972858,15973721,863
44462,15973721,15974232,511
44463,15974232,15974817,585
44464,15974817,15975141,324
44465,15975141,15975174,33
44466,15975174,15975228,54
44467,15975228,15975258,30
44468,15975258,15975536,278
44469,15975536,15976414,878
44470,15976414,15976419,5
44471,15976419,15976484,65
44472,15976484,15976930,446
44473,15976930,15977294,364
44474,15977294,15977536,242
44475,15977536,15978135,599
44476,15978135,15978197,62
44477,15978197,15978421,224
44478,15978421,15978562,141
44479,15978562,15978698,136
44480,15978698,15978721,23
44481,15978721,15978773,52
44482,15978773,15978907,134
44483,15978907,15978950,43
44484,15978950,15978971,21
44485,15978971,15979090,119
44486,15979090,15979139,49
44487,15979139,15979336,197
44488,15979336,15979466,130
44489,15979466,15979493,27
44490,15979493,15979792,299
44491,15979792,15980191,399
44492,15980191,15980201,10
44493,15980201,15980362,161
44494,15980362,15980401,39
44495,15980401,15980727,326
44496,15980727,15981040,313
44497,15981040,15981097,57
44498,15981097,15981363,266
44499,15981363,15981520,157
44500,15981520,15981814,294
44501,15981814,15982490,676
44502,15982490,15983175,685
44503,15983175,15984041,866
44504,15984041,15984077,36
44505,15984077,15985148,1071
44506,15985148,15985650,502
44507,15985650,15985887,237
44508,15985887,15986000,113
44509,15986000,15986339,339
44510,15986339,15986415,76
44511,15986415,15986444,29
44512,15986444,15986679,235
44513,15986679,15987583,904
44514,15987583,15987961,378
44515,15987961,15988290,329
44516,15988290,15988518,228
44517,15988518,15988621,103
44518,15988621,15988980,359
44519,15988980,15990678,1698
44520,15990678,15990976,298
44521,15990976,15990982,6
44522,15990982,15991852,870
44523,15991852,15992209,357
44524,15992209,15994002,1793
44525,15994002,15994181,179
44526,15994181,15994382,201
44527,15994382,15994957,575
44528,15994957,15994973,16
44529,15994973,15995561,588
44530,15995561,15996863,1302
44531,15996863,15997196,333
44532,15997196,15997218,22
44533,15997218,15997338,120
44534,15997338,15997348,10
44535,15997348,15997521,173
44536,15997521,15997732,211
44537,15997732,15997741,9
44538,15997741,15997783,42
44539,15997783,15997882,99
44540,15997882,15997960,78
44541,15997960,15998017,57
44542,15998017,15998301,284
44543,15998301,15998494,193
44544,15998494,15998551,57
44545,15998551,15998770,219
44546,15998770,15999133,363
44547,15999133,15999289,156
44548,15999289,15999545,256
44549,15999545,16000442,897
44550,16000442,16000727,285
44551,16000727,16000748,21
44552,16000748,16000944,196
44553,16000944,16001170,226
44554,16001170,16001332,162
44555,16001332,16001485,153
44556,16001485,16001584,99
44557,16001584,16002236,652
44558,16002236,16002386,150
44559,16002386,16002434,48
44560,16002434,16002954,520
44561,16002954,16002972,18
44562,16002972,16003203,231
44563,16003203,16003582,379
44564,16003582,16003676,94
44565,16003676,16003747,71
44566,16003747,16003863,116
44567,16003863,16003937,74
44568,16003937,16004441,504
44569,16004441,16004831,390
44570,16004831,16006302,1471
44571,16006302,16006623,321
44572,16006623,16007343,720
44573,16007343,16007835,492
44574,16007835,16007976,141
44575,16007976,16008110,134
44576,16008110,16008839,729
44577,16008839,16009284,445
44578,16009284,16010383,1099
44579,16010383,16011018,635
44580,16011018,16011289,271
44581,16011289,16012051,762
44582,16012051,16012427,376
44583,16012427,16012714,287
44584,16012714,16012927,213
44585,16012927,16013013,86
44586,16024187,16024478,291
44587,16039642,16039831,189
44588,16039831,16039917,86
44589,16039917,16040164,247
44590,16040164,16040449,285
44591,16040449,16042096,1647
44592,16042096,16042309,213
44593,16042309,16042395,86
44594,16042395,16042927,532
44595,16042927,16043212,285
44596,16043212,16043497,285
44597,16043497,16043971,474
44598,16043971,16044160,189
44599,16044160,16044246,86
44600,16044246,16044778,532
44601,16044778,16045063,285
44602,16045063,16045348,285
44603,16045348,16045633,285
44604,16045633,16045918,285
44605,16045918,16046203,285
44606,16046203,16046488,285
44607,16046488,16046773,285
44608,16046773,16047058,285
44609,16047058,16047343,285
44610,16047343,16047628,285
44611,16047628,16047913,285
44612,16047913,16048198,285
44613,16048198,16048483,285
44614,16048483,16048780,297
44615,16048780,16049065,285
44616,16049065,16049350,285
44617,16049350,16049636,286
44618,16049636,16049921,285
44619,16049921,16050206,285
44620,16050206,16050491,285
44621,16050491,16050779,288
44622,16050779,16051064,285
44623,16051064,16051349,285
44624,16051349,16051634,285
44625,16051634,16051919,285
44626,16051919,16052204,285
44627,16052204,16052490,286
44628,16052490,16052775,285
44629,16052775,16053060,285
44630,16053060,16053345,285
44631,16053345,16053632,287
44632,16053632,16053917,285
44633,16053917,16054202,285
44634,16054202,16054487,285
44635,16054487,16054772,285
44636,16054772,16055057,285
44637,16055057,16055342,285
44638,16055342,16055627,285
44639,16055627,16055912,285
44640,16055912,16056197,285
44641,16056197,16056482,285
44642,16056482,16056767,285
44643,16056767,16057052,285
44644,16057052,16057337,285
44645,16057337,16057553,216
44646,16057553,16059884,2331
44647,16059884,16060272,388
44648,16060272,16060818,546
44649,16060818,16061489,671
44650,16061489,16061810,321
44651,16061810,16062177,367
44652,16062177,16062297,120
44653,16062297,16062333,36
44654,16062333,16062611,278
44655,16062611,16063190,579
44656,16063190,16064847,1657
44657,16064847,16065678,831
44658,16065678,16066530,852
44659,16066530,16066689,159
44660,16066689,16066927,238
44661,16066927,16067243,316
44662,16067243,16068529,1286
44663,16068529,16069034,505
44664,16069034,16069064,30
44665,16069064,16069232,168
44666,16069232,16070261,1029
44667,16070261,16070398,137
44668,16070398,16070816,418
44669,16070816,16071065,249
44670,16071065,16071364,299
44671,16071364,16071391,27
44672,16071391,16071439,48
44673,16071439,16071509,70
44674,16071509,16072087,578
44675,16072087,16072750,663
44676,16072750,16072947,197
44677,16072947,16073097,150
44678,16073097,16073763,666
44679,16073763,16073923,160
44680,16073923,16074064,141
44681,16074064,16075025,961
44682,16075025,16075035,10
44683,16075035,16075587,552
44684,16075587,16076254,667
44685,16076254,16076424,170
44686,16076424,16076449,25
44687,16076449,16077199,750
44688,16077199,16077768,569
44689,16077768,16078839,1071
44690,16078839,16078898,59
44691,16078898,16079392,494
44692,16079392,16079850,458
44693,16079850,16079882,32
44694,16079882,16080223,341
44695,16080223,16080452,229
44696,16080452,16080489,37
44697,16080489,16080597,108
44698,16080597,16080989,392
44699,16080989,16080995,6
44700,16080995,16081019,24
44701,16081019,16081054,35
44702,16081054,16081115,61
44703,16081115,16081230,115
44704,16081230,16081829,599
44705,16081829,16081928,99
44706,16081928,16081957,29
44707,16081957,16082023,66
44708,16082023,16082059,36
44709,16082059,16082189,130
44710,16082189,16082278,89
44711,16082278,16082290,12
44712,16082290,16082367,77
44713,16082367,16084201,1834
44714,16084201,16084693,492
44715,16084693,16084952,259
44716,16084952,16085024,72
44717,16085024,16085131,107
44718,16085131,16085575,444
44719,16085575,16086130,555
44720,16086130,16086425,295
44721,16086425,16086811,386
44722,16086811,16086835,24
44723,16089094,16089322,228
44724,16089322,16090562,1240
44725,16090562,16092415,1853
44726,16094022,16094344,322
44727,16094344,16094380,36
44728,16094380,16094401,21
44729,16094401,16094407,6
44730,16094407,16094566,159
44731,16094566,16094732,166
44732,16094732,16094859,127
44733,16094859,16094987,128
44734,16094987,16095121,134
44735,16095121,16095307,186
44736,16095307,16095367,60
44737,16095367,16095721,354
44738,16095721,16095783,62
44739,16095783,16097706,1923
44740,16097706,16098270,564
44741,16098270,16098300,30
44742,16098300,16098384,84
44743,16098384,16098398,14
44744,16098398,16098473,75
44745,16098473,16099215,742
44746,16099215,16099231,16
44747,16099231,16099314,83
44748,16099314,16099560,246
44749,16099560,16099790,230
44750,16099790,16099872,82
44751,16099872,16099966,94
44752,16099966,16099977,11
44753,16099977,16101137,1160
44754,16101137,16101434,297
44755,16101434,16101523,89
44756,16101523,16102441,918
44757,16102441,16102779,338
44758,16102779,16102846,67
44759,16102846,16103740,894
44760,16103740,16104304,564
44761,16104304,16104516,212
44762,16104516,16104984,468
44763,16104984,16106067,1083
44764,16106067,16106549,482
44765,16106549,16106999,450
44766,16106999,16107428,429
44767,16107428,16108093,665
44768,16108093,16108132,39
44769,16108132,16108277,145
44770,16108277,16109126,849
44771,16109126,16109256,130
44772,16109256,16109348,92
44773,16109348,16109413,65
44774,16109413,16109701,288
44775,16109701,16109756,55
44776,16109756,16110016,260
44777,16110016,16111524,1508
44778,16111524,16111529,5
44779,16111529,16112081,552
44780,16112081,16112149,68
44781,16112149,16113502,1353
44782,16113502,16114461,959
44783,16114461,16114722,261
44784,16114722,16114955,233
44785,16114955,16115276,321
44786,16115276,16115997,721
44787,16115997,16116320,323
44788,16116320,16117369,1049
44789,16117369,16118286,917
44790,16118286,16118309,23
44791,16118309,16118787,478
44792,16118787,16118857,70
44793,16118857,16118864,7
44794,16118864,16118939,75
44795,16118939,16119061,122
44796,16119061,16119136,75
44797,16119136,16119144,8
44798,16119144,16119156,12
44799,16119156,16119162,6
44800,16119162,16119428,266
44801,16119428,16119676,248
44802,16119676,16119715,39
44803,16119715,16119769,54
44804,16119769,16120264,495
44805,16120264,16120387,123
44806,16120387,16120441,54
44807,16120441,16120459,18
44808,16120459,16120498,39
44809,16120498,16120612,114
44810,16120612,16120987,375
44811,16120987,16121362,375
44812,16121362,16121419,57
44813,16121419,16121574,155
44814,16121574,16121638,64
44815,16121638,16121863,225
44816,16121863,16121920,57
44817,16121920,16121974,54
44818,16121974,16122034,60
44819,16122034,16122064,30
44820,16122064,16122070,6
44821,16122070,16122139,69
44822,16122139,16122398,259
44823,16122398,16122436,38
44824,16122436,16123739,1303
44825,16123739,16124352,613
44826,16124352,16124364,12
44827,16124364,16124389,25
44828,16124389,16124399,10
44829,16124399,16124404,5
44830,16124404,16124429,25
44831,16124429,16124476,47
44832,16124476,16124520,44
44833,16124520,16124534,14
44834,16124534,16124540,6
44835,16124540,16125866,1326
44836,16125866,16126041,175
44837,16126041,16126322,281
44838,16126322,16126332,10
44839,16126332,16126345,13
44840,16126345,16126358,13
44841,16126358,16126571,213
44842,16126571,16126836,265
44843,16126836,16127402,566
44844,16127402,16127598,196
44845,16127598,16127675,77
44846,16127675,16127735,60
44847,16127735,16127756,21
44848,16127756,16127894,138
44849,16127894,16128212,318
44850,16128212,16128240,28
44851,16128240,16128441,201
44852,16128441,16128987,546
44853,16128987,16129012,25
44854,16129012,16129083,71
44855,16129083,16129089,6
44856,16129089,16130644,1555
44857,16130644,16130991,347
44858,16130991,16131897,906
44859,16131897,16131920,23
44860,16131920,16133377,1457
44861,16133377,16133389,12
44862,16133389,16133414,25
44863,16133414,16133422,8
44864,16133422,16133430,8
44865,16133430,16133438,8
44866,16133438,16133537,99
44867,16133537,16134456,919
44868,16134456,16134516,60
44869,16134516,16134636,120
44870,16134636,16134702,66
44871,16134702,16135035,333
44872,16135035,16135613,578
44873,16135613,16136284,671
44874,16136284,16136766,482
44875,16136766,16136983,217
44876,16136983,16137197,214
44877,16137197,16138643,1446
44878,16138643,16138895,252
44879,16138895,16138914,19
44880,16138914,16139412,498
44881,16139412,16140496,1084
44882,16140496,16141079,583
44883,16141079,16141225,146
44884,16141225,16141420,195
44885,16141420,16141877,457
44886,16141877,16141919,42
44887,16141919,16141929,10
44888,16141929,16141936,7
44889,16141936,16142057,121
44890,16142057,16142071,14
44891,16142071,16142918,847
44892,16142918,16142945,27
44893,16142945,16143017,72
44894,16143017,16143038,21
44895,16143038,16143247,209
44896,16143247,16143333,86
44897,16143333,16143480,147
44898,16143480,16143764,284
44899,16143764,16143867,103
44900,16143867,16143880,13
44901,16143880,16144004,124
44902,16144004,16144202,198
44903,16144202,16144354,152
44904,16144354,16144367,13
44905,16144367,16144540,173
44906,16144540,16145851,1311
44907,16145851,16145873,22
44908,16145873,16146100,227
44909,16146100,16146174,74
44910,16146174,16146231,57
44911,16146231,16146590,359
44912,16146590,16146758,168
44913,16146758,16147189,431
44914,16150577,16151127,550
44915,16151127,16151540,413
44916,16151540,16151544,4
44917,16151544,16151778,234
44918,16151778,16152153,375
44919,16152153,16152336,183
44920,16152336,16152368,32
44921,16152368,16152545,177
44922,16152545,16152623,78
44923,16152623,16152744,121
44924,16152744,16152794,50
44925,16152794,16152942,148
44926,16152942,16153036,94
44927,16153036,16153925,889
44928,16153925,16154156,231
44929,16154156,16154163,7
44930,16154163,16154175,12
44931,16154175,16154277,102
44932,16154277,16154553,276
44933,16154553,16154751,198
44934,16154751,16154832,81
44935,16154832,16154925,93
44936,16154925,16155268,343
44937,16155268,16155318,50
44938,16155318,16155363,45
44939,16155363,16155373,10
44940,16155373,16156156,783
44941,16156156,16156630,474
44942,16156630,16156644,14
44943,16156644,16156651,7
44944,16156651,16157578,927
44945,16157578,16158036,458
44946,16158036,16158300,264
44947,16158300,16158474,174
44948,16158474,16159051,577
44949,16159051,16159326,275
44950,16159326,16159926,600
44951,16159926,16160531,605
44952,16160531,16160919,388
44953,16160919,16160980,61
44954,16160980,16161896,916
44955,16161896,16161974,78
44956,16161974,16162375,401
44957,16162375,16162895,520
44958,16162895,16164194,1299
44959,16164194,16165159,965
44960,16165159,16165524,365
44961,16165524,16166424,900
44962,16166424,16167610,1186
44963,16167610,16168070,460
44964,16168070,16168077,7
44965,16168077,16168099,22
44966,16168099,16169087,988
44967,16169087,16169788,701
44968,16171923,16171996,73
44969,16171996,16172049,53
44970,16172049,16172129,80
44971,16172129,16172616,487
44972,16172616,16172905,289
44973,16172905,16172914,9
44974,16172914,16173020,106
44975,16173020,16173193,173
44976,16173193,16173468,275
44977,16173468,16173746,278
44978,16173746,16174235,489
44979,16174235,16174449,214
44980,16174449,16174463,14
44981,16174463,16174600,137
44982,16174600,16174984,384
44983,16174984,16175098,114
44984,16175098,16176041,943
44985,16176041,16176060,19
44986,16176060,16176166,106
44987,16176166,16176640,474
44988,16176640,16176759,119
44989,16176759,16176826,67
44990,16176826,16177037,211
44991,16177037,16177047,10
44992,16177047,16177200,153
44993,16177200,16177247,47
44994,16177247,16177417,170
44995,16177417,16178199,782
44996,16178199,16179201,1002
44997,16179201,16179579,378
44998,16179579,16180300,721
44999,16180300,16180961,661
45000,16180961,16181409,448
45001,16181409,16182347,938
45002,16182347,16182536,189
45003,16182536,16183063,527
45004,16183063,16183680,617
45005,16183680,16184636,956
45006,16184636,16185063,427
45007,16185063,16185341,278
45008,16185341,16185643,302
45009,16185643,16185746,103
45010,16185746,16186263,517
45011,16186263,16187305,1042
45012,16187305,16187433,128
45013,16187433,16187621,188
45014,16187621,16188195,574
45015,16188195,16188252,57
45016,16188252,16188260,8
45017,16188260,16188636,376
45018,16188636,16188684,48
45019,16188684,16189199,515
45020,16189199,16189547,348
45021,16189547,16190166,619
45022,16190166,16190518,352
45023,16190518,16193060,2542
45024,16193060,16193452,392
45025,16193452,16194020,568
45026,16194020,16195395,1375
45027,16195395,16195667,272
45028,16195667,16195708,41
45029,16195708,16195713,5
45030,16195713,16195744,31
45031,16195744,16197106,1362
45032,16197106,16197507,401
45033,16197507,16197695,188
45034,16197695,16198419,724
45035,16198419,16198464,45
45036,16198464,16198532,68
45037,16198532,16198547,15
45038,16198547,16198671,124
45039,16198671,16198676,5
45040,16198676,16198964,288
45041,16198964,16198982,18
45042,16198982,16199407,425
45043,16199407,16199541,134
45044,16199541,16199574,33
45045,16199574,16199642,68
45046,16199642,16200977,1335
45047,16200977,16201506,529
45048,16201506,16201629,123
45049,16201629,16202659,1030
45050,16202659,16202673,14
45051,16202673,16203085,412
45052,16203085,16203351,266
45053,16203351,16203399,48
45054,16203399,16203499,100
45055,16203499,16203985,486
45056,16203985,16204055,70
45057,16204055,16204062,7
45058,16204062,16204075,13
45059,16204075,16204280,205
45060,16204280,16204328,48
45061,16204328,16204694,366
45062,16204694,16204851,157
45063,16204851,16205102,251
45064,16205102,16205478,376
45065,16205478,16207351,1873
45066,16207351,16207470,119
45067,16207470,16207629,159
45068,16207629,16207956,327
45069,16207956,16208051,95
45070,16208051,16208701,650
45071,16208701,16208808,107
45072,16208808,16209506,698
45073,16209506,16210203,697
45074,16210203,16210312,109
45075,16210312,16210723,411
45076,16210723,16211106,383
45077,16211106,16211111,5
45078,16211111,16211119,8
45079,16211119,16211554,435
45080,16211554,16211852,298
45081,16211852,16211863,11
45082,16211863,16212041,178
45083,16212041,16212176,135
45084,16212176,16212329,153
45085,16212329,16212482,153
45086,16212482,16212557,75
45087,16212557,16212583,26
45088,16212583,16212596,13
45089,16212596,16212807,211
45090,16212807,16213093,286
45091,16213093,16213105,12
45092,16213105,16213117,12
45093,16213117,16213123,6
45094,16213123,16213138,15
45095,16213138,16214399,1261
45096,16214399,16214423,24
45097,16214423,16214428,5
45098,16214428,16214656,228
45099,16214656,16214694,38
45100,16214694,16215065,371
45101,16215065,16215166,101
45102,16215166,16215199,33
45103,16215199,16215293,94
45104,16215293,16215558,265
45105,16215558,16215565,7
45106,16215565,16215983,418
45107,16215983,16216032,49
45108,16216032,16216043,11
45109,16216043,16216157,114
45110,16216157,16216713,556
45111,16216713,16217060,347
45112,16217060,16217905,845
45113,16217905,16219404,1499
45114,16219404,16219538,134
45115,16219538,16219554,16
45116,16219554,16219683,129
45117,16219683,16219720,37
45118,16219720,16220152,432
45119,16220152,16220286,134
45120,16220286,16220444,158
45121,16220444,16220508,64
45122,16220508,16221583,1075
45123,16221583,16222046,463
45124,16222046,16222273,227
45125,16222273,16222376,103
45126,16222376,16222456,80
45127,16222456,16222507,51
45128,16222507,16222685,178
45129,16222685,16223079,394
45130,16223079,16223820,741
45131,16223820,16224155,335
45132,16224155,16224324,169
45133,16224324,16224511,187
45134,16224511,16224661,150
45135,16224661,16225230,569
45136,16225230,16225347,117
45137,16225347,16226058,711
45138,16226058,16226182,124
45139,16226182,16226305,123
45140,16226305,16226365,60
45141,16226365,16226387,22
45142,16226387,16226691,304
45143,16226691,16226772,81
45144,16226772,16227264,492
45145,16227264,16227786,522
45146,16227786,16228017,231
45147,16228017,16228908,891
45148,16228908,16229067,159
45149,16229067,16229112,45
45150,16229112,16229679,567
45151,16229679,16229692,13
45152,16229692,16230943,1251
45153,16230943,16231896,953
45154,16231896,16232182,286
45155,16235506,16236477,971
45156,16236477,16236573,96
45157,16236573,16237838,1265
45158,16237838,16238051,213
45159,16238051,16238241,190
45160,16238241,16238328,87
45161,16238328,16238649,321
45162,16238649,16240054,1405
45163,16240054,16240210,156
45164,16240210,16240246,36
45165,16240246,16240453,207
45166,16240453,16240697,244
45167,16240697,16240779,82
45168,16240779,16241677,898
45169,16241677,16241757,80
45170,16241757,16241917,160
45171,16241917,16242356,439
45172,16242356,16242401,45
45173,16242401,16242593,192
45174,16242593,16242615,22
45175,16242615,16243189,574
45176,16243189,16243319,130
45177,16243319,16243338,19
45178,16243338,16243483,145
45179,16243483,16243501,18
45180,16243501,16243615,114
45181,16243615,16244686,1071
45182,16244686,16244946,260
45183,16244946,16244978,32
45184,16244978,16245002,24
45185,16245002,16245148,146
45186,16245148,16245319,171
45187,16245319,16245712,393
45188,16245712,16246122,410
45189,16246122,16247576,1454
45190,16247576,16248119,543
45191,16248119,16249009,890
45192,16249009,16249518,509
45193,16249518,16249655,137
45194,16249655,16249852,197
45195,16249852,16250476,624
45196,16250476,16252656,2180
45197,16252656,16253494,838
45198,16253494,16254145,651
45199,16254145,16254398,253
45200,16254398,16254695,297
45201,16254695,16256078,1383
45202,16256078,16256245,167
45203,16256245,16256818,573
45204,16256818,16257176,358
45205,16257176,16257326,150
45206,16257326,16258462,1136
45207,16258462,16258926,464
45208,16258926,16259571,645
45209,16259571,16259828,257
45210,16259828,16260653,825
45211,16260653,16260896,243
45212,16260896,16261176,280
45213,16261176,16261463,287
45214,16261463,16262377,914
45215,16262377,16262393,16
45216,16262393,16263467,1074
45217,16263467,16263673,206
45218,16263673,16264819,1146
45219,16264819,16265150,331
45220,16265150,16265355,205
45221,16265355,16265474,119
45222,16265474,16265485,11
45223,16265485,16265753,268
45224,16265753,16266049,296
45225,16266049,16266211,162
45226,16266211,16266232,21
45227,16266232,16266249,17
45228,16266249,16266322,73
45229,16266322,16266400,78
45230,16266400,16266912,512
45231,16266912,16266978,66
45232,16266978,16267413,435
45233,16267413,16267593,180
45234,16267593,16267938,345
45235,16267938,16268032,94
45236,16268032,16268140,108
45237,16268140,16268165,25
45238,16268165,16268334,169
45239,16268334,16268357,23
45240,16268357,16268624,267
45241,16268624,16268645,21
45242,16268645,16269012,367
45243,16269012,16269286,274
45244,16269286,16269320,34
45245,16269320,16269338,18
45246,16269338,16269402,64
45247,16269402,16270046,644
45248,16270046,16270308,262
45249,16270308,16270401,93
45250,16270401,16271645,1244
45251,16271645,16271710,65
45252,16271710,16272236,526
45253,16272236,16272515,279
45254,16272515,16273002,487
45255,16273002,16273012,10
45256,16273012,16273073,61
45257,16273073,16273189,116
45258,16273189,16273321,132
45259,16273321,16273617,296
45260,16273617,16273834,217
45261,16273834,16273850,16
45262,16273850,16273873,23
45263,16273873,16274398,525
45264,16274398,16274607,209
45265,16274607,16274649,42
45266,16274649,16274796,147
45267,16274796,16275533,737
45268,16275533,16275614,81
45269,16275614,16275678,64
45270,16275678,16275804,126
45271,16275804,16276432,628
45272,16276432,16276508,76
45273,16276508,16276665,157
45274,16276665,16276748,83
45275,16276748,16276797,49
45276,16276797,16277052,255
45277,16277052,16277254,202
45278,16277254,16277537,283
45279,16277537,16278344,807
45280,16278344,16279298,954
45281,16279298,16279550,252
45282,16279550,16279618,68
45283,16279618,16279946,328
45284,16279946,16280394,448
45285,16280394,16280581,187
45286,16280581,16281437,856
45287,16281437,16281455,18
45288,16281455,16281462,7
45289,16281462,16281527,65
45290,16281527,16282176,649
45291,16282176,16282534,358
45292,16282534,16282952,418
45293,16282952,16283089,137
45294,16283089,16283597,508
45295,16283597,16283719,122
45296,16283719,16283748,29
45297,16283748,16283798,50
45298,16283798,16283843,45
45299,16283843,16283933,90
45300,16283933,16284414,481
45301,16284414,16284434,20
45302,16284434,16284883,449
45303,16284883,16286297,1414
45304,16286297,16286913,616
45305,16286913,16287090,177
45306,16287090,16287185,95
45307,16287185,16287652,467
45308,16287652,16287672,20
45309,16287672,16288573,901
45310,16288573,16288847,274
45311,16288847,16289288,441
45312,16289288,16289377,89
45313,16289377,16290108,731
45314,16290108,16290812,704
45315,16290812,16290944,132
45316,16290944,16290976,32
45317,16290976,16291408,432
45318,16291408,16291419,11
45319,16291419,16292013,594
45320,16292013,16292050,37
45321,16292050,16292181,131
45322,16292181,16292346,165
45323,16292346,16292491,145
45324,16292491,16292524,33
45325,16292524,16292985,461
45326,16292985,16292992,7
45327,16292992,16293021,29
45328,16293021,16293813,792
45329,16293813,16294017,204
45330,16294017,16294136,119
45331,16294136,16294415,279
45332,16294415,16294444,29
45333,16294444,16294835,391
45334,16294835,16294883,48
45335,16294883,16294913,30
45336,16294913,16295206,293
45337,16295206,16296242,1036
45338,16296242,16296445,203
45339,16296445,16297682,1237
45340,16297682,16297991,309
45341,16297991,16298083,92
45342,16298083,16298095,12
45343,16298095,16298228,133
45344,16298228,16298300,72
45345,16298300,16298349,49
45346,16298349,16298402,53
45347,16298402,16298532,130
45348,16298532,16298987,455
45349,16298987,16299202,215
45350,16299202,16299405,203
45351,16299405,16299419,14
45352,16299419,16299447,28
45353,16299447,16299593,146
45354,16299593,16299662,69
45355,16299662,16299793,131
45356,16299793,16300114,321
45357,16300114,16300243,129
45358,16300243,16300305,62
45359,16300305,16300353,48
45360,16300353,16300444,91
45361,16300444,16300667,223
45362,16300667,16300937,270
45363,16300937,16301078,141
45364,16301078,16301346,268
45365,16301346,16301624,278
45366,16301624,16301926,302
45367,16301926,16302216,290
45368,16302216,16302905,689
45369,16302905,16302995,90
45370,16302995,16304103,1108
45371,16304103,16304112,9
45372,16304112,16304272,160
45373,16304272,16304312,40
45374,16304312,16304376,64
45375,16304376,16304451,75
45376,16304451,16304458,7
45377,16304458,16304481,23
45378,16304481,16304626,145
45379,16304626,16304751,125
45380,16304751,16304794,43
45381,16304794,16304960,166
45382,16304960,16305208,248
45383,16305208,16305472,264
45384,16305472,16305479,7
45385,16305479,16305503,24
45386,16305503,16305639,136
45387,16305639,16305698,59
45388,16305698,16306101,403
45389,16306101,16306131,30
45390,16306131,16306137,6
45391,16306137,16307093,956
45392,16307093,16307397,304
45393,16307397,16307493,96
45394,16307493,16307589,96
45395,16307589,16307806,217
45396,16307806,16307908,102
45397,16307908,16308043,135
45398,16308043,16309391,1348
45399,16309391,16309567,176
45400,16309567,16310009,442
45401,16310009,16310470,461
45402,16310470,16310686,216
45403,16310686,16310986,300
45404,16310986,16311099,113
45405,16311099,16311103,4
45406,16311103,16311108,5
45407,16311108,16311124,16
45408,16311124,16311129,5
45409,16311129,16311606,477
45410,16311606,16311627,21
45411,16311627,16311648,21
45412,16311648,16311669,21
45413,16311669,16311690,21
45414,16311690,16311732,42
45415,16311732,16311774,42
45416,16311774,16311795,21
45417,16311795,16311816,21
45418,16311816,16311828,12
45419,16311828,16311837,9
45420,16311837,16311849,12
45421,16311849,16311885,36
45422,16311885,16311948,63
45423,16311948,16311969,21
45424,16311969,16311990,21
45425,16311990,16312032,42
45426,16312032,16312044,12
45427,16312044,16312074,30
45428,16312074,16312080,6
45429,16312080,16312092,12
45430,16312092,16312176,84
45431,16312176,16312185,9
45432,16312185,16312206,21
45433,16312206,16312248,42
45434,16312248,16312281,33
45435,16312281,16312311,30
45436,16312311,16312323,12
45437,16312323,16312362,39
45438,16312362,16312416,54
45439,16312416,16312446,30
45440,16312446,16312458,12
45441,16312458,16312590,132
45442,16312590,16312611,21
45443,16312611,16312672,61
45444,16312672,16314248,1576
45445,16314248,16314407,159
45446,16314407,16314643,236
45447,16314643,16314865,222
45448,16314865,16314954,89
45449,16314954,16315064,110
45450,16315064,16315126,62
45451,16315126,16315261,135
45452,16315261,16315290,29
45453,16315290,16315338,48
45454,16315338,16315515,177
45455,16315515,16315653,138
45456,16315653,16315662,9
45457,16315662,16315916,254
45458,16315916,16315970,54
45459,16315970,16316046,76
45460,16316046,16316163,117
45461,16316163,16316190,27
45462,16316190,16316429,239
45463,16316429,16316660,231
45464,16316660,16316765,105
45465,16316765,16316808,43
45466,16316808,16317120,312
45467,16317120,16317294,174
45468,16317294,16317318,24
45469,16317318,16317417,99
45470,16317417,16317638,221
45471,16317638,16317820,182
45472,16317820,16318208,388
45473,16318208,16318236,28
45474,16318236,16318250,14
45475,16318250,16318809,559
45476,16318809,16319470,661
45477,16319470,16320087,617
45478,16320087,16320630,543
45479,16320630,16320637,7
45480,16320637,16321542,905
45481,16321542,16322349,807
45482,16322349,16322460,111
45483,16322460,16322503,43
45484,16322503,16322731,228
45485,16322731,16322857,126
45486,16322857,16322862,5
45487,16322862,16323272,410
45488,16323272,16323276,4
45489,16323276,16323517,241
45490,16323517,16323836,319
45491,16323836,16323923,87
45492,16323923,16324467,544
45493,16324467,16324731,264
45494,16324731,16324794,63
45495,16324794,16325165,371
45496,16325165,16325573,408
45497,16325573,16325600,27
45498,16325600,16325756,156
45499,16325756,16325970,214
45500,16325970,16326179,209
45501,16326179,16326251,72
45502,16326251,16326482,231
45503,16326482,16326681,199
45504,16326681,16327165,484
45505,16327165,16327433,268
45506,16327433,16327480,47
45507,16327480,16327686,206
45508,16327686,16327884,198
45509,16327884,16328004,120
45510,16328004,16328028,24
45511,16328028,16328174,146
45512,16328174,16328570,396
45513,16328570,16328641,71
45514,16328641,16328863,222
45515,16328863,16328976,113
45516,16328976,16329007,31
45517,16329007,16329154,147
45518,16329154,16329327,173
45519,16329327,16329696,369
45520,16329696,16329941,245
45521,16329941,16331833,1892
45522,16331833,16333378,1545
45523,16333378,16334370,992
45524,16334370,16336260,1890
45525,16336260,16336808,548
45526,16336808,16337024,216
45527,16337024,16337216,192
45528,16337216,16337335,119
45529,16337335,16337492,157
45530,16337492,16337843,351
45531,16337843,16337886,43
45532,16337886,16338035,149
45533,16338035,16338989,954
45534,16338989,16339128,139
45535,16339128,16339195,67
45536,16339195,16339592,397
45537,16339592,16339639,47
45538,16339639,16340710,1071
45539,16340710,16340969,259
45540,16340969,16341710,741
45541,16341710,16342208,498
45542,16342208,16342290,82
45543,16342290,16342852,562
45544,16342852,16343021,169
45545,16343021,16343208,187
45546,16343208,16343927,719
45547,16343927,16344044,117
45548,16344044,16344755,711
45549,16344755,16344879,124
45550,16344879,16345002,123
45551,16345002,16345062,60
45552,16345062,16345084,22
45553,16345084,16345388,304
45554,16345388,16345469,81
45555,16345469,16345961,492
45556,16345961,16346483,522
45557,16346483,16346714,231
45558,16346714,16347605,891
45559,16347605,16347764,159
45560,16347764,16347809,45
45561,16347809,16348376,567
45562,16348376,16348389,13
45563,16348389,16349640,1251
45564,16349640,16350436,796
45565,16350436,16350497,61
45566,16350497,16350699,202
45567,16350699,16350953,254
45568,16350953,16351032,79
45569,16351032,16351218,186
45570,16351218,16351294,76
45571,16351294,16351400,106
45572,16351400,16351586,186
45573,16351586,16351620,34
45574,16351620,16351757,137
45575,16351757,16351791,34
45576,16351791,16351883,92
45577,16351883,16351950,67
45578,16351950,16352281,331
45579,16352281,16352408,127
45580,16352408,16352503,95
45581,16352503,16352574,71
45582,16352574,16352814,240
45583,16352814,16352956,142
45584,16352956,16352960,4
45585,16352960,16353011,51
45586,16353011,16353099,88
45587,16353099,16353239,140
45588,16353239,16353317,78
45589,16353317,16353420,103
45590,16353420,16353614,194
45591,16353614,16353826,212
45592,16353826,16354018,192
45593,16354018,16354235,217
45594,16354235,16354245,10
45595,16354245,16354467,222
45596,16354467,16354596,129
45597,16354596,16354749,153
45598,16354749,16354806,57
45599,16354806,16354856,50
45600,16354856,16354974,118
45601,16354974,16355425,451
45602,16355425,16355832,407
45603,16355832,16356164,332
45604,16356164,16356784,620
45605,16356784,16357296,512
45606,16357296,16357311,15
45607,16357311,16357485,174
45608,16357485,16357776,291
45609,16357776,16357962,186
45610,16357962,16358131,169
45611,16358131,16358191,60
45612,16358191,16359727,1536
45613,16359727,16360048,321
45614,16363989,16364075,86
45615,16364075,16364230,155
45616,16364230,16364356,126
45617,16364356,16364461,105
45618,16364461,16364753,292
45619,16364753,16364992,239
45620,16364992,16365153,161
45621,16365153,16365416,263
45622,16365416,16365519,103
45623,16365519,16365543,24
45624,16365543,16365691,148
45625,16365691,16365809,118
45626,16365809,16366115,306
45627,16366115,16367017,902
45628,16367017,16367021,4
45629,16367021,16367116,95
45630,16367116,16367140,24
45631,16367140,16367212,72
45632,16367212,16367570,358
45633,16367570,16367576,6
45634,16367576,16367622,46
45635,16367622,16368393,771
45636,16368393,16368760,367
45637,16368760,16370579,1819
45638,16370579,16370787,208
45639,16370787,16371003,216
45640,16371003,16371149,146
45641,16371149,16371173,24
45642,16371173,16371315,142
45643,16371315,16371491,176
45644,16371491,16371681,190
45645,16371681,16371739,58
45646,16371739,16371821,82
45647,16371821,16374730,2909
45648,16374730,16374931,201
45649,16374931,16374946,15
45650,16374946,16375114,168
45651,16375114,16375121,7
45652,16375121,16375204,83
45653,16375204,16375928,724
45654,16375928,16376208,280
45655,16376208,16376310,102
45656,16376310,16376815,505
45657,16376815,16376847,32
45658,16376847,16376886,39
45659,16376886,16377013,127
45660,16377013,16377332,319
45661,16377332,16377540,208
45662,16377540,16377846,306
45663,16377846,16377917,71
45664,16377917,16378139,222
45665,16378139,16378407,268
45666,16378407,16378550,143
45667,16378550,16378848,298
45668,16378848,16379043,195
45669,16379043,16379931,888
45670,16379931,16380503,572
45671,16380503,16380624,121
45672,16380624,16380721,97
45673,16380721,16381026,305
45674,16381026,16381051,25
45675,16381051,16381098,47
45676,16381098,16381273,175
45677,16381273,16381362,89
45678,16381362,16381647,285
45679,16381647,16382021,374
45680,16382021,16382232,211
45681,16382232,16382250,18
45682,16382250,16382482,232
45683,16382482,16382539,57
45684,16382539,16382929,390
45685,16382929,16382995,66
45686,16382995,16383572,577
45687,16383572,16383746,174
45688,16383746,16383850,104
45689,16383850,16384002,152
45690,16384002,16384816,814
45691,16384816,16385388,572
45692,16385388,16386301,913
45693,16386301,16386997,696
45694,16386997,16387007,10
45695,16387007,16387190,183
45696,16387190,16387409,219
45697,16387409,16387433,24
45698,16387433,16387556,123
45699,16387556,16387707,151
45700,16387707,16387740,33
45701,16387740,16387828,88
45702,16387828,16387899,71
45703,16387899,16388087,188
45704,16388087,16388164,77
45705,16388164,16388605,441
45706,16388605,16388784,179
45707,16388784,16389413,629
45708,16389413,16389447,34
45709,16389447,16389645,198
45710,16389645,16389726,81
45711,16389726,16389840,114
45712,16389840,16389891,51
45713,16389891,16389990,99
45714,16389990,16390243,253
45715,16390243,16390647,404
45716,16390647,16390710,63
45717,16390710,16390737,27
45718,16390737,16390824,87
45719,16390824,16390889,65
45720,16390889,16391050,161
45721,16391050,16392257,1207
45722,16392257,16392474,217
45723,16392474,16392703,229
45724,16392703,16393592,889
45725,16393592,16394244,652
45726,16394244,16394494,250
45727,16394494,16394738,244
45728,16394738,16394847,109
45729,16394847,16395160,313
45730,16395160,16395217,57
45731,16395217,16395232,15
45732,16395232,16395421,189
45733,16395421,16395498,77
45734,16395498,16396282,784
45735,16396282,16396440,158
45736,16396440,16396719,279
45737,16396719,16396768,49
45738,16396768,16396785,17
45739,16396785,16396858,73
45740,16396858,16396870,12
45741,16396870,16397179,309
45742,16397179,16397332,153
45743,16397332,16397512,180
45744,16397512,16397553,41
45745,16397553,16397561,8
45746,16397561,16397823,262
45747,16397823,16397898,75
45748,16397898,16398262,364
45749,16398262,16398289,27
45750,16398289,16398310,21
45751,16398310,16398431,121
45752,16398431,16398483,52
45753,16398483,16399036,553
45754,16399036,16399170,134
45755,16399170,16399360,190
45756,16399360,16399402,42
45757,16399402,16399591,189
45758,16399591,16399856,265
45759,16399856,16399894,38
45760,16399894,16399994,100
45761,16399994,16400114,120
45762,16400114,16400407,293
45763,16400407,16400411,4
45764,16400411,16400546,135
45765,16400546,16400578,32
45766,16400578,16400765,187
45767,16400765,16400792,27
45768,16400792,16400855,63
45769,16400855,16401078,223
45770,16401078,16401152,74
45771,16401152,16401560,408
45772,16401560,16401755,195
45773,16401755,16402160,405
45774,16402160,16402187,27
45775,16402187,16402485,298
45776,16402485,16402693,208
45777,16402693,16402748,55
45778,16402748,16402799,51
45779,16402799,16402889,90
45780,16402889,16402958,69
45781,16402958,16403124,166
45782,16403124,16403165,41
45783,16403165,16403231,66
45784,16403231,16403304,73
45785,16403304,16403450,146
45786,16403450,16404346,896
45787,16404346,16404635,289
45788,16404635,16405182,547
45789,16405182,16405484,302
45790,16405484,16405584,100
45791,16405584,16406140,556
45792,16406140,16406463,323
45793,16406463,16406746,283
45794,16406746,16407046,300
45795,16407046,16407318,272
45796,16407318,16407451,133
45797,16407451,16407713,262
45798,16407713,16408228,515
45799,16408228,16408287,59
45800,16408287,16409018,731
45801,16409018,16409122,104
45802,16409122,16409158,36
45803,16409158,16409526,368
45804,16409526,16410381,855
45805,16410381,16410415,34
45806,16410415,16410431,16
45807,16410431,16410439,8
45808,16410439,16410586,147
45809,16410586,16410609,23
45810,16410609,16410674,65
45811,16410674,16410729,55
45812,16410729,16410828,99
45813,16410828,16410932,104
45814,16410932,16411040,108
45815,16411040,16411152,112
45816,16411152,16411202,50
45817,16411202,16411483,281
45818,16411483,16411676,193
45819,16411676,16411812,136
45820,16411812,16411920,108
45821,16411920,16412053,133
45822,16412053,16412434,381
45823,16412434,16412484,50
45824,16412484,16412814,330
45825,16412814,16413048,234
45826,16413048,16413056,8
45827,16413056,16413221,165
45828,16413221,16413287,66
45829,16413287,16413771,484
45830,16413771,16414152,381
45831,16414152,16414799,647
45832,16414799,16414859,60
45833,16414859,16415062,203
45834,16415062,16415380,318
45835,16415380,16415453,73
45836,16415453,16415664,211
45837,16415664,16415735,71
45838,16415735,16415806,71
45839,16415806,16415827,21
45840,16415827,16415989,162
45841,16415989,16416276,287
45842,16416276,16416318,42
45843,16416318,16416339,21
45844,16416339,16416469,130
45845,16416469,16416748,279
45846,16416748,16416841,93
45847,16416841,16416875,34
45848,16416875,16416913,38
45849,16416913,16416926,13
45850,16416926,16417633,707
45851,16417633,16417679,46
45852,16417679,16417958,279
45853,16417958,16418095,137
45854,16418095,16418104,9
45855,16418104,16418239,135
45856,16418239,16418392,153
45857,16418392,16418478,86
45858,16418478,16418686,208
45859,16418686,16418695,9
45860,16418695,16418722,27
45861,16418722,16418902,180
45862,16418902,16418924,22
45863,16418924,16419089,165
45864,16419089,16419421,332
45865,16419421,16420219,798
45866,16420219,16421330,1111
45867,16421330,16421603,273
45868,16421603,16422639,1036
45869,16422639,16422999,360
45870,16422999,16423557,558
45871,16423557,16423602,45
45872,16423602,16423854,252
45873,16423854,16424370,516
45874,16424370,16426221,1851
45875,16426221,16426601,380
45876,16426601,16426822,221
45877,16426822,16427843,1021
45878,16427843,16428030,187
45879,16428030,16429071,1041
45880,16429071,16429251,180
45881,16429251,16429487,236
45882,16429487,16429927,440
45883,16429927,16430439,512
45884,16430439,16430484,45
45885,16430484,16430710,226
45886,16430710,16431679,969
45887,16431679,16431960,281
45888,16431960,16432062,102
45889,16432062,16432077,15
45890,16432077,16432300,223
45891,16432300,16432520,220
45892,16432520,16432544,24
45893,16432544,16433550,1006
45894,16433550,16433634,84
45895,16433634,16433934,300
45896,16433934,16433943,9
45897,16433943,16433968,25
45898,16433968,16434379,411
45899,16434379,16434595,216
45900,16434595,16434820,225
45901,16434820,16434926,106
45902,16434926,16435044,118
45903,16435044,16435477,433
45904,16435477,16435530,53
45905,16435530,16435594,64
45906,16435594,16435786,192
45907,16435786,16436062,276
45908,16436062,16436089,27
45909,16436089,16436344,255
45910,16436344,16436350,6
45911,16436350,16436527,177
45912,16436527,16436539,12
45913,16436539,16436557,18
45914,16436557,16436814,257
45915,16436814,16438123,1309
45916,16438123,16438750,627
45917,16438750,16439026,276
45918,16439026,16439191,165
45919,16439191,16439270,79
45920,16439270,16439549,279
45921,16439549,16439585,36
45922,16439585,16439947,362
45923,16439947,16439952,5
45924,16439952,16440127,175
45925,16440127,16440134,7
45926,16440134,16440273,139
45927,16440273,16440640,367
45928,16440640,16440776,136
45929,16440776,16441720,944
45930,16441720,16441839,119
45931,16441839,16441880,41
45932,16441880,16442149,269
45933,16442149,16442241,92
45934,16442241,16442684,443
45935,16442684,16442778,94
45936,16442778,16443083,305
45937,16443083,16443508,425
45938,16443508,16443854,346
45939,16443854,16443895,41
45940,16443895,16443952,57
45941,16443952,16444106,154
45942,16444106,16444242,136
45943,16444242,16444586,344
45944,16444586,16444626,40
45945,16444626,16445603,977
45946,16445603,16445631,28
45947,16445631,16445730,99
45948,16445730,16445770,40
45949,16445770,16446312,542
45950,16446312,16446407,95
45951,16446407,16446494,87
45952,16446494,16446629,135
45953,16446629,16446744,115
45954,16446744,16446834,90
45955,16446834,16447146,312
45956,16447146,16447656,510
45957,16447656,16447798,142
45958,16447798,16447932,134
45959,16447932,16448054,122
45960,16448054,16448172,118
45961,16448172,16448813,641
45962,16448813,16449726,913
45963,16449726,16449889,163
45964,16449889,16449975,86
45965,16449975,16450036,61
45966,16450036,16450113,77
45967,16450113,16450126,13
45968,16450126,16450146,20
45969,16450146,16450159,13
45970,16450159,16450174,15
45971,16450174,16450841,667
45972,16450841,16451009,168
45973,16451009,16451273,264
45974,16451273,16451318,45
45975,16451318,16451342,24
45976,16451342,16451348,6
45977,16451348,16451396,48
45978,16451396,16451511,115
45979,16451511,16451875,364
45980,16451875,16452006,131
45981,16452006,16453005,999
45982,16453005,16453351,346
45983,16453351,16453993,642
45984,16453993,16453998,5
45985,16453998,16454262,264
45986,16454262,16454509,247
45987,16454509,16456095,1586
45988,16456095,16456394,299
45989,16456394,16458090,1696
45990,16458090,16459796,1706
45991,16459796,16460092,296
45992,16460092,16460264,172
45993,16460264,16460365,101
45994,16460365,16461107,742
45995,16461107,16461516,409
45996,16461516,16461697,181
45997,16461697,16461837,140
45998,16461837,16462199,362
45999,16462199,16462554,355
46000,16462554,16463821,1267
46001,16463821,16464116,295
46002,16464116,16464134,18
46003,16464134,16464414,280
46004,16464414,16464438,24
46005,16464438,16464482,44
46006,16464482,16464512,30
46007,16464512,16464528,16
46008,16464528,16464728,200
46009,16464728,16464907,179
46010,16464907,16464942,35
46011,16464942,16464956,14
46012,16464956,16465040,84
46013,16465040,16465077,37
46014,16465077,16465232,155
46015,16465232,16465364,132
46016,16465364,16465431,67
46017,16465431,16465689,258
46018,16465689,16466308,619
46019,16466308,16466506,198
46020,16466506,16466862,356
46021,16466862,16467635,773
46022,16467635,16467872,237
46023,16467872,16468033,161
46024,16468033,16468544,511
46025,16468544,16468567,23
46026,16468567,16468677,110
46027,16468677,16469465,788
46028,16469465,16469673,208
46029,16469673,16470319,646
46030,16470319,16471077,758
46031,16471077,16471381,304
46032,16471381,16471511,130
46033,16471511,16471716,205
46034,16471716,16471790,74
46035,16471790,16471825,35
46036,16471825,16471836,11
46037,16471836,16472130,294
46038,16472130,16472783,653
46039,16472783,16473175,392
46040,16473175,16473652,477
46041,16473652,16473678,26
46042,16473678,16473753,75
46043,16473753,16473835,82
46044,16473835,16473992,157
46045,16473992,16474135,143
46046,16474135,16474535,400
46047,16474535,16474602,67
46048,16474602,16474653,51
46049,16474653,16474994,341
46050,16474994,16475009,15
46051,16475009,16475419,410
46052,16475419,16475796,377
46053,16475796,16475808,12
46054,16475808,16476552,744
46055,16476552,16476780,228
46056,16476780,16476934,154
46057,16476934,16477158,224
46058,16477158,16478339,1181
46059,16478339,16478533,194
46060,16478533,16478716,183
46061,16478716,16478780,64
46062,16478780,16479339,559
46063,16479339,16480199,860
46064,16480199,16480292,93
46065,16480292,16480875,583
46066,16480875,16481297,422
46067,16481297,16481803,506
46068,16481803,16481964,161
46069,16481964,16481985,21
46070,16481985,16482005,20
46071,16482005,16482157,152
46072,16482157,16482227,70
46073,16482227,16482281,54
46074,16482281,16482433,152
46075,16482433,16482757,324
46076,16482757,16483788,1031
46077,16483788,16483818,30
46078,16483818,16483907,89
46079,16483907,16484043,136
46080,16484043,16484158,115
46081,16484158,16484388,230
46082,16484388,16484510,122
46083,16484510,16484625,115
46084,16484625,16485072,447
46085,16485072,16485461,389
46086,16485461,16485680,219
46087,16485680,16485803,123
46088,16485803,16485893,90
46089,16485893,16486192,299
46090,16486192,16486359,167
46091,16486359,16486388,29
46092,16486388,16486596,208
46093,16486596,16486801,205
46094,16486801,16486831,30
46095,16486831,16486902,71
46096,16486902,16487268,366
46097,16487268,16487400,132
46098,16487400,16487408,8
46099,16487408,16487864,456
46100,16487864,16487868,4
46101,16487868,16488102,234
46102,16488102,16488153,51
46103,16488153,16488321,168
46104,16488321,16488924,603
46105,16488924,16488936,12
46106,16488936,16489649,713
46107,16489649,16489712,63
46108,16489712,16489800,88
46109,16489800,16490493,693
46110,16490493,16490758,265
46111,16490758,16492127,1369
46112,16492127,16492342,215
46113,16492342,16492452,110
46114,16492452,16492761,309
46115,16492761,16492988,227
46116,16492988,16492996,8
46117,16492996,16493376,380
46118,16493376,16493501,125
46119,16493501,16493769,268
46120,16493769,16493846,77
46121,16493846,16495506,1660
46122,16495506,16496504,998
46123,16496504,16497133,629
46124,16497133,16497177,44
46125,16497177,16497202,25
46126,16497202,16497428,226
46127,16497428,16497560,132
46128,16497560,16497693,133
46129,16497693,16498014,321
46130,16498014,16498455,441
46131,16498455,16498593,138
46132,16498593,16498847,254
46133,16498847,16499246,399
46134,16499246,16499277,31
46135,16499277,16499492,215
46136,16499492,16499524,32
46137,16499524,16499530,6
46138,16499530,16499662,132
46139,16499662,16500072,410
46140,16500072,16500133,61
46141,16500133,16500169,36
46142,16500169,16500282,113
46143,16500282,16500325,43
46144,16500325,16500335,10
46145,16500335,16500361,26
46146,16500361,16500368,7
46147,16500368,16500522,154
46148,16500522,16501125,603
46149,16501125,16501204,79
46150,16501204,16501380,176
46151,16501380,16501436,56
46152,16501436,16502060,624
46153,16502060,16502547,487
46154,16502547,16502567,20
46155,16502567,16503224,657
46156,16503224,16503269,45
46157,16503269,16503290,21
46158,16503290,16503529,239
46159,16503529,16503536,7
46160,16503536,16503550,14
46161,16503550,16504468,918
46162,16504468,16504498,30
46163,16504498,16504556,58
46164,16504556,16504562,6
46165,16504562,16504732,170
46166,16504732,16505682,950
46167,16505682,16505830,148
46168,16505830,16505851,21
46169,16505851,16506137,286
46170,16506137,16506272,135
46171,16506272,16506455,183
46172,16506455,16506919,464
46173,16506919,16507259,340
46174,16507259,16507272,13
46175,16510752,16512310,1558
46176,16512310,16512365,55
46177,16512365,16512399,34
46178,16512399,16512521,122
46179,16512521,16512705,184
46180,16512705,16512859,154
46181,16512859,16512886,27
46182,16512886,16513062,176
46183,16513062,16513847,785
46184,16513847,16514004,157
46185,16514004,16514048,44
46186,16514048,16514138,90
46187,16514138,16514181,43
46188,16514181,16514930,749
46189,16514930,16516101,1171
46190,16516101,16516192,91
46191,16516192,16516731,539
46192,16516731,16517248,517
46193,16517248,16517260,12
46194,16517260,16517918,658
46195,16517918,16518023,105
46196,16518023,16518113,90
46197,16518113,16518463,350
46198,16518463,16519043,580
46199,16519043,16519446,403
46200,16519446,16519628,182
46201,16519628,16519664,36
46202,16519664,16520978,1314
46203,16520978,16521398,420
46204,16521398,16521405,7
46205,16521405,16521416,11
46206,16521416,16521423,7
46207,16521423,16521448,25
46208,16521448,16522257,809
46209,16522257,16522722,465
46210,16522722,16522788,66
46211,16522788,16522915,127
46212,16522915,16523153,238
46213,16523153,16523211,58
46214,16523211,16523244,33
46215,16523244,16523672,428
46216,16523672,16523802,130
46217,16523802,16523855,53
46218,16523855,16523928,73
46219,16523928,16524014,86
46220,16524014,16524081,67
46221,16524081,16524245,164
46222,16524245,16524366,121
46223,16524366,16524477,111
46224,16524477,16524899,422
46225,16524899,16525037,138
46226,16525037,16525065,28
46227,16525065,16527090,2025
46228,16527090,16529236,2146
46229,16529236,16529716,480
46230,16529716,16529759,43
46231,16529759,16530686,927
46232,16530686,16531472,786
46233,16531472,16532372,900
46234,16532372,16533251,879
46235,16533251,16534246,995
46236,16534246,16534272,26
46237,16534272,16535737,1465
46238,16535737,16535991,254
46239,16535991,16536144,153
46240,16536144,16536949,805
46241,16536949,16537520,571
46242,16537520,16537656,136
46243,16537656,16538549,893
46244,16538549,16539334,785
46245,16539334,16539382,48
46246,16539382,16539464,82
46247,16539464,16539499,35
46248,16539499,16539603,104
46249,16539603,16539614,11
46250,16539614,16540034,420
46251,16540034,16540489,455
46252,16540489,16540537,48
46253,16540537,16540654,117
46254,16540654,16540698,44
46255,16540698,16540852,154
46256,16540852,16541385,533
46257,16541385,16541517,132
46258,16541517,16541592,75
46259,16541592,16541598,6
46260,16541598,16541636,38
46261,16541636,16542401,765
46262,16542401,16542568,167
46263,16542568,16542574,6
46264,16542574,16542684,110
46265,16542684,16542697,13
46266,16542697,16542991,294
46267,16542991,16542996,5
46268,16542996,16543071,75
46269,16543071,16543164,93
46270,16543164,16543263,99
46271,16543263,16543334,71
46272,16543334,16543540,206
46273,16543540,16543639,99
46274,16543639,16543766,127
46275,16543766,16543953,187
46276,16543953,16544126,173
46277,16544126,16544285,159
46278,16544285,16544289,4
46279,16544289,16544314,25
46280,16544314,16545175,861
46281,16545175,16545197,22
46282,16545197,16545364,167
46283,16545364,16545418,54
46284,16545418,16545436,18
46285,16545436,16545557,121
46286,16545557,16545953,396
46287,16545953,16546184,231
46288,16546184,16546247,63
46289,16546247,16546449,202
46290,16546449,16547845,1396
46291,16547845,16547851,6
46292,16547851,16547893,42
46293,16547893,16547947,54
46294,16547947,16548312,365
46295,16548312,16548587,275
46296,16548587,16549250,663
46297,16549250,16549324,74
46298,16549324,16549387,63
46299,16549387,16549528,141
46300,16549528,16549678,150
46301,16549678,16549911,233
46302,16549911,16550090,179
46303,16550090,16550105,15
46304,16550105,16550320,215
46305,16550320,16550427,107
46306,16550427,16550461,34
46307,16550461,16551690,1229
46308,16551690,16552003,313
46309,16552003,16552331,328
46310,16552331,16553411,1080
46311,16553411,16554026,615
46312,16554026,16554495,469
46313,16554495,16555782,1287
46314,16555782,16555936,154
46315,16555936,16556109,173
46316,16556109,16556409,300
46317,16556409,16556455,46
46318,16556455,16556459,4
46319,16556459,16556495,36
46320,16556495,16556525,30
46321,16556525,16557454,929
46322,16557454,16557744,290
46323,16557744,16557768,24
46324,16557768,16558003,235
46325,16558003,16558300,297
46326,16558300,16558378,78
46327,16558378,16558506,128
46328,16558506,16558705,199
46329,16558705,16558795,90
46330,16558795,16558845,50
46331,16558845,16558972,127
46332,16558972,16559336,364
46333,16563032,16564939,1907
46334,16564939,16564955,16
46335,16564955,16565941,986
46336,16565941,16565969,28
46337,16565969,16566170,201
46338,16566170,16566188,18
46339,16566188,16566207,19
46340,16566207,16566602,395
46341,16566602,16566899,297
46342,16566899,16566977,78
46343,16566977,16567105,128
46344,16567105,16567304,199
46345,16567304,16567394,90
46346,16567394,16567444,50
46347,16567444,16567516,72
46348,16567516,16567571,55
46349,16567571,16567640,69
46350,16567640,16567757,117
46351,16567757,16567875,118
46352,16567875,16567881,6
46353,16567881,16568038,157
46354,16568038,16568138,100
46355,16570635,16571118,483
46356,16571118,16571790,672
46357,16571790,16571816,26
46358,16571816,16572734,918
46359,16572734,16572851,117
46360,16572851,16573574,723
46361,16573574,16574097,523
46362,16574097,16575166,1069
46363,16575166,16576510,1344
46364,16576510,16576527,17
46365,16576527,16576569,42
46366,16576569,16578459,1890
46367,16578459,16580278,1819
46368,16580278,16580790,512
46369,16584617,16585330,713
46370,16585330,16585548,218
46371,16585548,16587677,2129
46372,16587677,16587972,295
46373,16587972,16588086,114
46374,16588086,16588190,104
46375,16588190,16588211,21
46376,16588211,16588268,57
46377,16588268,16589075,807
46378,16589075,16589510,435
46379,16589510,16589570,60
46380,16589570,16589628,58
46381,16589628,16589661,33
46382,16589661,16589779,118
46383,16589779,16589977,198
46384,16589977,16590054,77
46385,16590054,16590156,102
46386,16590156,16590367,211
46387,16590367,16590378,11
46388,16590378,16590484,106
46389,16590484,16590517,33
46390,16590517,16590636,119
46391,16590636,16591025,389
46392,16591025,16591044,19
46393,16591044,16591183,139
46394,16591183,16591203,20
46395,16591203,16591501,298
46396,16591501,16591672,171
46397,16591672,16591714,42
46398,16591714,16591728,14
46399,16591728,16591758,30
46400,16591758,16591831,73
46401,16591831,16591845,14
46402,16591845,16592082,237
46403,16592082,16592215,133
46404,16592215,16592251,36
46405,16592251,16592421,170
46406,16592421,16592728,307
46407,16592728,16592743,15
46408,16592743,16592973,230
46409,16592973,16593297,324
46410,16593297,16593820,523
46411,16593820,16594093,273
46412,16594093,16594196,103
46413,16594196,16594207,11
46414,16594207,16594217,10
46415,16594217,16594439,222
46416,16594439,16594618,179
46417,16594618,16594812,194
46418,16594812,16595310,498
46419,16595310,16595665,355
46420,16595665,16596653,988
46421,16596653,16596984,331
46422,16596984,16597248,264
46423,16597248,16597350,102
46424,16597350,16597488,138
46425,16597488,16597581,93
46426,16597581,16597608,27
46427,16597608,16597615,7
46428,16597615,16597947,332
46429,16597947,16598183,236
46430,16598183,16599773,1590
46431,16599773,16600598,825
46432,16600598,16600899,301
46433,16600899,16601184,285
46434,16601184,16601499,315
46435,16601499,16602317,818
46436,16602317,16602758,441
46437,16602758,16603067,309
46438,16603067,16603211,144
46439,16603211,16603329,118
46440,16603329,16603641,312
46441,16603641,16603778,137
46442,16603778,16603801,23
46443,16603801,16603987,186
46444,16603987,16604011,24
46445,16604011,16604056,45
46446,16604056,16604937,881
46447,16604937,16605472,535
46448,16605472,16606040,568
46449,16606040,16606077,37
46450,16606077,16606115,38
46451,16606115,16606154,39
46452,16606154,16606158,4
46453,16606158,16606294,136
46454,16606294,16606305,11
46455,16606305,16606309,4
46456,16606309,16606830,521
46457,16606830,16607831,1001
46458,16607831,16608026,195
46459,16608026,16608161,135
46460,16608161,16608464,303
46461,16608464,16609314,850
46462,16609314,16610031,717
46463,16610031,16610357,326
46464,16610357,16610968,611
46465,16610968,16611220,252
46466,16611220,16611368,148
46467,16611368,16611401,33
46468,16611401,16611609,208
46469,16611609,16611830,221
46470,16611830,16611939,109
46471,16611939,16612052,113
46472,16612052,16612277,225
46473,16612277,16612459,182
46474,16612459,16613357,898
46475,16613357,16613900,543
46476,16613900,16614039,139
46477,16614039,16614081,42
46478,16614081,16615344,1263
46479,16615344,16615483,139
46480,16615483,16616126,643
46481,16616126,16616648,522
46482,16616648,16616889,241
46483,16616889,16617007,118
46484,16617007,16617200,193
46485,16617200,16618426,1226
46486,16618426,16618444,18
46487,16618444,16618448,4
46488,16618448,16618610,162
46489,16618610,16618946,336
46490,16618946,16619462,516
46491,16619462,16619616,154
46492,16619616,16619755,139
46493,16619755,16619996,241
46494,16619996,16620573,577
46495,16620573,16620581,8
46496,16620581,16620589,8
46497,16620589,16620597,8
46498,16620597,16620706,109
46499,16620706,16620719,13
46500,16620719,16620828,109
46501,16620828,16620837,9
46502,16620837,16621252,415
46503,16621252,16621319,67
46504,16621319,16621558,239
46505,16621558,16621564,6
46506,16621564,16622409,845
46507,16622409,16622667,258
46508,16622667,16622682,15
46509,16622682,16623014,332
46510,16623014,16623201,187
46511,16623201,16623325,124
46512,16623325,16623415,90
46513,16623415,16623683,268
46514,16623683,16623901,218
46515,16623901,16624053,152
46516,16624053,16624075,22
46517,16624075,16624328,253
46518,16624328,16624420,92
46519,16624420,16625072,652
46520,16625072,16626104,1032
46521,16626104,16626132,28
46522,16626132,16626139,7
46523,16626139,16626149,10
46524,16626149,16626442,293
46525,16626442,16626672,230
46526,16626672,16626720,48
46527,16626720,16627609,889
46528,16627609,16627667,58
46529,16627667,16627688,21
46530,16627688,16628033,345
46531,16628033,16628101,68
46532,16628101,16628192,91
46533,16628192,16628260,68
46534,16628260,16628286,26
46535,16628286,16628365,79
46536,16628365,16628372,7
46537,16628372,16628589,217
46538,16628589,16628800,211
46539,16628800,16628996,196
46540,16628996,16629068,72
46541,16629068,16629120,52
46542,16629120,16629206,86
46543,16629206,16629455,249
46544,16629455,16629511,56
46545,16629511,16630055,544
46546,16630055,16630079,24
46547,16630079,16630124,45
46548,16630124,16630593,469
46549,16630593,16630765,172
46550,16630765,16630894,129
46551,16630894,16630969,75
46552,16630969,16631395,426
46553,16631395,16631435,40
46554,16631435,16631572,137
46555,16631572,16632260,688
46556,16632260,16632468,208
46557,16632468,16632678,210
46558,16632678,16632881,203
46559,16632881,16633386,505
46560,16633386,16633406,20
46561,16633406,16633499,93
46562,16633499,16635129,1630
46563,16635129,16636792,1663
46564,16636792,16636810,18
46565,16636810,16637301,491
46566,16637301,16638478,1177
46567,16638478,16638510,32
46568,16638510,16638555,45
46569,16638555,16638564,9
46570,16638564,16638721,157
46571,16638721,16638744,23
46572,16638744,16639516,772
46573,16639516,16639958,442
46574,16639958,16640166,208
46575,16640166,16640656,490
46576,16640656,16640866,210
46577,16640866,16640959,93
46578,16640959,16641454,495
46579,16641454,16641841,387
46580,16641841,16641982,141
46581,16641982,16641998,16
46582,16641998,16642112,114
46583,16642112,16642265,153
46584,16642265,16642357,92
46585,16642357,16642939,582
46586,16642939,16643185,246
46587,16643185,16643260,75
46588,16643260,16643794,534
46589,16643794,16644517,723
46590,16644517,16645039,522
46591,16645039,16645116,77
46592,16645116,16645542,426
46593,16645542,16646173,631
46594,16646173,16647470,1297
46595,16647470,16647565,95
46596,16647565,16647582,17
46597,16647582,16648473,891
46598,16648473,16648901,428
46599,16648901,16648929,28
46600,16648929,16649331,402
46601,16649331,16649468,137
46602,16649468,16651625,2157
46603,16651625,16651703,78
46604,16651703,16651928,225
46605,16651928,16652024,96
46606,16652024,16652250,226
46607,16652250,16652480,230
46608,16652480,16652509,29
46609,16652509,16652602,93
46610,16652602,16652639,37
46611,16652639,16652702,63
46612,16652702,16652735,33
46613,16652735,16652924,189
46614,16652924,16653071,147
46615,16653071,16653142,71
46616,16653142,16653666,524
46617,16653666,16653722,56
46618,16653722,16653888,166
46619,16653888,16653948,60
46620,16653948,16654030,82
46621,16654030,16654065,35
46622,16654065,16654144,79
46623,16654144,16654156,12
46624,16654156,16654192,36
46625,16654192,16654228,36
46626,16654228,16654405,177
46627,16654405,16654443,38
46628,16654443,16655790,1347
46629,16655790,16656291,501
46630,16656291,16656553,262
46631,16656553,16656557,4
46632,16656557,16656573,16
46633,16656573,16656597,24
46634,16656597,16656898,301
46635,16656898,16656981,83
46636,16656981,16657143,162
46637,16657143,16657612,469
46638,16657612,16657689,77
46639,16657689,16657737,48
46640,16657737,16658014,277
46641,16658014,16658030,16
46642,16658030,16658354,324
46643,16658354,16658414,60
46644,16658414,16658864,450
46645,16658864,16658924,60
46646,16658924,16659031,107
46647,16659031,16659208,177
46648,16659208,16659339,131
46649,16659339,16659461,122
46650,16659461,16659578,117
46651,16659578,16659818,240
46652,16659818,16659904,86
46653,16659904,16660019,115
46654,16660019,16660054,35
46655,16660054,16660164,110
46656,16660164,16660567,403
46657,16660567,16661113,546
46658,16661113,16661401,288
46659,16661401,16661811,410
46660,16661811,16661827,16
46661,16661827,16661848,21
46662,16661848,16661934,86
46663,16661934,16662085,151
46664,16662085,16662767,682
46665,16662767,16663281,514
46666,16663281,16663388,107
46667,16663388,16663706,318
46668,16663706,16663766,60
46669,16663766,16664184,418
46670,16664184,16664225,41
46671,16664225,16664246,21
46672,16664246,16664264,18
46673,16664264,16664270,6
46674,16664270,16664432,162
46675,16664432,16664466,34
46676,16664466,16664514,48
46677,16664514,16664552,38
46678,16664552,16664559,7
46679,16664559,16664766,207
46680,16664766,16664904,138
46681,16664904,16664976,72
46682,16664976,16665076,100
46683,16665076,16665131,55
46684,16665131,16665390,259
46685,16665390,16666349,959
46686,16666349,16666682,333
46687,16666682,16666827,145
46688,16666827,16666878,51
46689,16666878,16667052,174
46690,16667052,16667079,27
46691,16667079,16667289,210
46692,16667289,16667562,273
46693,16667562,16667619,57
46694,16667619,16667651,32
46695,16667651,16667735,84
46696,16667735,16668473,738
46697,16668473,16668485,12
46698,16668485,16668698,213
46699,16668698,16669078,380
46700,16669078,16669162,84
46701,16669162,16669884,722
46702,16669884,16669902,18
46703,16669902,16670260,358
46704,16670260,16670348,88
46705,16670348,16670363,15
46706,16670363,16670394,31
46707,16670394,16670590,196
46708,16670590,16671925,1335
46709,16671925,16673207,1282
46710,16673207,16673669,462
46711,16673669,16673717,48
46712,16673717,16673809,92
46713,16673809,16673846,37
46714,16673846,16673862,16
46715,16673862,16673980,118
46716,16673980,16674180,200
46717,16674180,16674260,80
46718,16674260,16674270,10
46719,16674270,16674545,275
46720,16674545,16674860,315
46721,16674860,16675461,601
46722,16675461,16675471,10
46723,16675471,16675964,493
46724,16675964,16676226,262
46725,16676226,16676772,546
46726,16676772,16676876,104
46727,16676876,16677740,864
46728,16677740,16677874,134
46729,16677874,16677894,20
46730,16677894,16677951,57
46731,16677951,16678141,190
46732,16678141,16678425,284
46733,16678425,16678800,375
46734,16678800,16678992,192
46735,16678992,16679295,303
46736,16679295,16679415,120
46737,16679415,16679736,321
46738,16679736,16680245,509
46739,16680245,16680253,8
46740,16680253,16680502,249
46741,16680502,16680916,414
46742,16680916,16680927,11
46743,16680927,16681078,151
46744,16681078,16681127,49
46745,16681127,16681162,35
46746,16681162,16681173,11
46747,16681173,16681238,65
46748,16681238,16681322,84
46749,16681322,16681482,160
46750,16681482,16681742,260
46751,16681742,16681953,211
46752,16681953,16681993,40
46753,16681993,16682308,315
46754,16682308,16682579,271
46755,16682579,16682587,8
46756,16682587,16683031,444
46757,16683031,16683067,36
46758,16683067,16683154,87
46759,16683154,16684494,1340
46760,16684494,16684659,165
46761,16684659,16684720,61
46762,16684720,16684797,77
46763,16684797,16685159,362
46764,16685159,16685584,425
46765,16685584,16685843,259
46766,16685843,16686301,458
46767,16686301,16686601,300
46768,16686601,16686623,22
46769,16686623,16686742,119
46770,16686742,16687909,1167
46771,16687909,16688753,844
46772,16688753,16689481,728
46773,16689481,16689487,6
46774,16689487,16689810,323
46775,16689810,16689872,62
46776,16689872,16689878,6
46777,16689878,16690140,262
46778,16690140,16690744,604
46779,16690744,16691077,333
46780,16691077,16691197,120
46781,16691197,16691209,12
46782,16691209,16691359,150
46783,16691359,16691372,13
46784,16691372,16692537,1165
46785,16692537,16692897,360
46786,16692897,16693349,452
46787,16693349,16693363,14
46788,16693363,16693403,40
46789,16693403,16693407,4
46790,16693407,16693716,309
46791,16693716,16695164,1448
46792,16695164,16695550,386
46793,16695550,16696666,1116
46794,16696666,16697673,1007
46795,16697673,16698107,434
46796,16698107,16698271,164
46797,16698271,16698278,7
46798,16698278,16698465,187
46799,16698465,16698475,10
46800,16698475,16698942,467
46801,16698942,16698963,21
46802,16698963,16699348,385
46803,16699348,16699600,252
46804,16699600,16699662,62
46805,16699662,16700009,347
46806,16700009,16700494,485
46807,16700494,16700508,14
46808,16700508,16700773,265
46809,16700773,16700880,107
46810,16700880,16700889,9
46811,16700889,16700901,12
46812,16700901,16700985,84
46813,16700985,16701080,95
46814,16701080,16701138,58
46815,16701138,16701186,48
46816,16701186,16701196,10
46817,16701196,16701246,50
46818,16701246,16701251,5
46819,16701251,16701282,31
46820,16701282,16701861,579
46821,16701861,16702531,670
46822,16702531,16702587,56
46823,16702587,16702973,386
46824,16702973,16703181,208
46825,16703181,16703347,166
46826,16703347,16703423,76
46827,16703423,16703808,385
46828,16703808,16703852,44
46829,16703852,16703900,48
46830,16703900,16703924,24
46831,16703924,16704074,150
46832,16704074,16704248,174
46833,16704248,16704263,15
46834,16704263,16704692,429
46835,16704692,16704856,164
46836,16704856,16704874,18
46837,16704874,16704960,86
46838,16704960,16706012,1052
46839,16706012,16706078,66
46840,16706078,16706450,372
46841,16706450,16706485,35
46842,16706485,16706493,8
46843,16706493,16706682,189
46844,16706682,16706769,87
46845,16706769,16706872,103
46846,16706872,16707052,180
46847,16707052,16707285,233
46848,16707285,16707462,177
46849,16707462,16707469,7
46850,16707469,16707546,77
46851,16707546,16707688,142
46852,16707688,16707905,217
46853,16707905,16708225,320
46854,16708225,16708378,153
46855,16708378,16708569,191
46856,16708569,16708767,198
46857,16708767,16708805,38
46858,16708805,16708829,24
46859,16708829,16709124,295
46860,16709124,16709252,128
46861,16709252,16709298,46
46862,16709298,16709308,10
46863,16709308,16709711,403
46864,16709711,16709789,78
46865,16709789,16709827,38
46866,16709827,16709928,101
46867,16709928,16710025,97
46868,16710025,16710297,272
46869,16710297,16711001,704
46870,16711001,16711286,285
46871,16711286,16711751,465
46872,16711751,16711867,116
46873,16711867,16712364,497
46874,16712364,16712482,118
46875,16712482,16712503,21
46876,16712503,16712569,66
46877,16712569,16713049,480
46878,16713049,16713084,35
46879,16713084,16713255,171
46880,16713255,16713435,180
46881,16713435,16713478,43
46882,16713478,16713487,9
46883,16713487,16713653,166
46884,16713653,16713704,51
46885,16713704,16713721,17
46886,16713721,16714043,322
46887,16714043,16714135,92
46888,16714135,16714148,13
46889,16714148,16714212,64
46890,16714212,16714227,15
46891,16714227,16714415,188
46892,16714415,16714803,388
46893,16714803,16715100,297
46894,16715100,16717098,1998
46895,16717098,16717803,705
46896,16717803,16718855,1052
46897,16718855,16718894,39
46898,16718894,16719066,172
46899,16719066,16719534,468
46900,16719534,16719745,211
46901,16719745,16719751,6
46902,16719751,16719788,37
46903,16719788,16721023,1235
46904,16721023,16721361,338
46905,16721361,16721366,5
46906,16721366,16721764,398
46907,16721764,16721980,216
46908,16721980,16722222,242
46909,16722222,16722423,201
46910,16722423,16722493,70
46911,16722493,16722701,208
46912,16722701,16722749,48
46913,16724791,16725151,360
46914,16725151,16726055,904
46915,16726055,16726350,295
46916,16726350,16726448,98
46917,16726448,16726456,8
46918,16726456,16726480,24
46919,16726480,16726825,345
46920,16726825,16727538,713
46921,16727538,16728133,595
46922,16728133,16728144,11
46923,16728144,16728404,260
46924,16728404,16728499,95
46925,16728499,16728712,213
46926,16728712,16728742,30
46927,16728742,16728815,73
46928,16728815,16729436,621
46929,16729436,16729535,99
46930,16729535,16729591,56
46931,16729591,16729699,108
46932,16729699,16729897,198
46933,16729897,16730078,181
46934,16730078,16730215,137
46935,16730215,16730619,404
46936,16730619,16730714,95
46937,16730714,16731674,960
46938,16731674,16731711,37
46939,16731711,16731728,17
46940,16731728,16731818,90
46941,16731818,16732047,229
46942,16732047,16732176,129
46943,16732176,16732314,138
46944,16732314,16732666,352
46945,16732666,16732751,85
46946,16732751,16733219,468
46947,16733219,16733249,30
46948,16733249,16733339,90
46949,16733339,16733347,8
46950,16733347,16733428,81
46951,16733428,16733434,6
46952,16733434,16733440,6
46953,16733440,16733522,82
46954,16733522,16733531,9
46955,16733531,16733542,11
46956,16733542,16733549,7
46957,16733549,16733953,404
46958,16733953,16734329,376
46959,16734329,16734747,418
46960,16734747,16734774,27
46961,16734774,16735104,330
46962,16735104,16735181,77
46963,16735181,16735339,158
46964,16735339,16735623,284
46965,16735623,16735698,75
46966,16735698,16735749,51
46967,16735749,16735836,87
46968,16735836,16736617,781
46969,16736617,16737421,804
46970,16737421,16737456,35
46971,16737456,16737481,25
46972,16737481,16737526,45
46973,16737526,16737534,8
46974,16737534,16737541,7
46975,16737541,16738113,572
46976,16738113,16738235,122
46977,16738235,16738315,80
46978,16738315,16738324,9
46979,16738324,16738353,29
46980,16738353,16738464,111
46981,16738464,16738624,160
46982,16738624,16740120,1496
46983,16740120,16741099,979
46984,16741099,16741195,96
46985,16741195,16741271,76
46986,16741271,16741580,309
46987,16741580,16742128,548
46988,16742128,16742327,199
46989,16742327,16742365,38
46990,16742365,16742563,198
46991,16742563,16742574,11
46992,16742574,16742626,52
46993,16742626,16743119,493
46994,16743119,16743944,825
46995,16743944,16744643,699
46996,16744643,16744887,244
46997,16744887,16745085,198
46998,16745085,16745170,85
46999,16745170,16745337,167
47000,16745337,16745393,56
47001,16745393,16745497,104
47002,16745497,16745628,131
47003,16745628,16745710,82
47004,16745710,16745737,27
47005,16745737,16745868,131
47006,16745868,16746194,326
47007,16746194,16746932,738
47008,16746932,16746946,14
47009,16746946,16747940,994
47010,16747940,16750004,2064
47011,16750004,16750038,34
47012,16750038,16750663,625
47013,16750663,16750684,21
47014,16750684,16750787,103
47015,16750787,16750987,200
47016,16750987,16751171,184
47017,16751171,16751215,44
47018,16751215,16751227,12
47019,16751227,16751251,24
47020,16751251,16753218,1967
47021,16753218,16753416,198
47022,16753416,16753520,104
47023,16753520,16753754,234
47024,16753754,16753994,240
47025,16753994,16754496,502
47026,16754496,16754508,12
47027,16754508,16754568,60
47028,16754568,16754755,187
47029,16754755,16755065,310
47030,16755065,16755109,44
47031,16755109,16755185,76
47032,16755185,16755307,122
47033,16755307,16755341,34
47034,16755341,16755449,108
47035,16755449,16755649,200
47036,16755649,16755852,203
47037,16755852,16755916,64
47038,16755916,16755930,14
47039,16755930,16756102,172
47040,16756102,16756272,170
47041,16756272,16756309,37
47042,16756309,16756413,104
47043,16756413,16756513,100
47044,16756513,16756788,275
47045,16756788,16756818,30
47046,16756818,16756933,115
47047,16756933,16756989,56
47048,16756989,16757377,388
47049,16757377,16758683,1306
47050,16758683,16758889,206
47051,16758889,16759667,778
47052,16759667,16760082,415
47053,16760082,16760141,59
47054,16760141,16760509,368
47055,16760509,16760637,128
47056,16760637,16760645,8
47057,16760645,16760953,308
47058,16760953,16761327,374
47059,16761327,16761413,86
47060,16761413,16761931,518
47061,16761931,16761943,12
47062,16761943,16763800,1857
47063,16763800,16763926,126
47064,16763926,16764471,545
47065,16764471,16764550,79
47066,16764550,16765291,741
47067,16765291,16765311,20
47068,16765311,16765539,228
47069,16765539,16765756,217
47070,16765756,16766265,509
47071,16766265,16766855,590
47072,16766855,16766914,59
47073,16766914,16767014,100
47074,16767014,16767195,181
47075,16767195,16767510,315
47076,16767510,16767522,12
47077,16767522,16767626,104
47078,16767626,16767634,8
47079,16767634,16769752,2118
47080,16769752,16770087,335
47081,16770087,16770541,454
47082,16770541,16770744,203
47083,16770744,16771213,469
47084,16771213,16771498,285
47085,16771498,16772010,512
47086,16772010,16772044,34
47087,16772044,16772207,163
47088,16772207,16772867,660
47089,16772867,16773637,770
47090,16773637,16774107,470
47091,16774107,16774776,669
47092,16774776,16774843,67
47093,16774843,16774862,19
47094,16774862,16775146,284
47095,16775146,16775166,20
47096,16775166,16775516,350
47097,16775516,16775523,7
47098,16775523,16775530,7
47099,16775530,16775544,14
47100,16775544,16776054,510
47101,16776054,16776063,9
47102,16776063,16776229,166
47103,16776229,16776902,673
47104,16776902,16777362,460
47105,16777362,16777614,252
47106,16777614,16778101,487
47107,16778101,16778491,390
47108,16778491,16778531,40
47109,16778531,16779420,889
47110,16779420,16779816,396
47111,16779816,16779981,165
47112,16779981,16780201,220
47113,16780201,16780450,249
47114,16780450,16780518,68
47115,16780518,16781615,1097
47116,16781615,16781847,232
47117,16781847,16782060,213
47118,16782060,16782170,110
47119,16782170,16782574,404
47120,16782574,16782630,56
47121,16782630,16783133,503
47122,16783133,16783495,362
47123,16783495,16783540,45
47124,16783540,16783918,378
47125,16783918,16784085,167
47126,16784085,16784141,56
47127,16784141,16784944,803
47128,16784944,16784991,47
47129,16784991,16785559,568
47130,16785559,16785774,215
47131,16785774,16786234,460
47132,16786234,16786590,356
47133,16786590,16787646,1056
47134,16787646,16787936,290
47135,16787936,16788114,178
47136,16788114,16788246,132
47137,16788246,16788610,364
47138,16788610,16788767,157
47139,16788767,16789273,506
47140,16789273,16789714,441
47141,16789714,16790111,397
47142,16790111,16790122,11
47143,16790122,16790327,205
47144,16790327,16790623,296
47145,16790623,16790760,137
47146,16790760,16790816,56
47147,16790816,16791150,334
47148,16791150,16791233,83
47149,16791233,16791249,16
47150,16791249,16792061,812
47151,16792061,16792130,69
47152,16792130,16792780,650
47153,16792780,16793708,928
47154,16793708,16794073,365
47155,16794073,16794088,15
47156,16794088,16794199,111
47157,16794199,16794423,224
47158,16794423,16794437,14
47159,16794437,16794568,131
47160,16794568,16795050,482
47161,16795050,16795140,90
47162,16795140,16795339,199
47163,16795339,16796199,860
47164,16796199,16796456,257
47165,16796456,16796709,253
47166,16796709,16797377,668
47167,16797377,16797815,438
47168,16797815,16797859,44
47169,16797859,16797926,67
47170,16797926,16797979,53
47171,16797979,16798290,311
47172,16798290,16798776,486
47173,16798776,16798865,89
47174,16798865,16798935,70
47175,16798935,16799051,116
47176,16799051,16799196,145
47177,16799196,16799228,32
47178,16799228,16799265,37
47179,16799265,16799297,32
47180,16799297,16799318,21
47181,16799318,16799332,14
47182,16799332,16799336,4
47183,16799336,16799365,29
47184,16799365,16799679,314
47185,16799679,16799798,119
47186,16799798,16799841,43
47187,16799841,16800584,743
47188,16800584,16801096,512
47189,16801096,16801227,131
47190,16801227,16801345,118
47191,16801345,16801529,184
47192,16801529,16802155,626
47193,16802155,16802264,109
47194,16802264,16802273,9
47195,16802273,16802995,722
47196,16802995,16803026,31
47197,16803026,16803052,26
47198,16803052,16803777,725
47199,16803777,16803834,57
47200,16803834,16803972,138
47201,16803972,16803987,15
47202,16803987,16804037,50
47203,16804037,16804050,13
47204,16804050,16804134,84
47205,16804134,16804300,166
47206,16804300,16804553,253
47207,16804553,16804749,196
47208,16804749,16805022,273
47209,16805022,16805118,96
47210,16805118,16805172,54
47211,16805172,16805241,69
47212,16805241,16805518,277
47213,16805518,16805892,374
47214,16805892,16806524,632
47215,16806524,16806541,17
47216,16806541,16806666,125
47217,16806666,16806777,111
47218,16806777,16806783,6
47219,16806783,16806820,37
47220,16806820,16806927,107
47221,16806927,16806983,56
47222,16806983,16807634,651
47223,16807634,16807638,4
47224,16807638,16807683,45
47225,16807683,16807790,107
47226,16807790,16807800,10
47227,16807800,16808072,272
47228,16808072,16808078,6
47229,16808078,16808174,96
47230,16808174,16808253,79
47231,16808253,16808340,87
47232,16808340,16809585,1245
47233,16809585,16810142,557
47234,16810142,16810356,214
47235,16810356,16810445,89
47236,16810445,16810999,554
47237,16810999,16811530,531
47238,16811530,16812086,556
47239,16812086,16812518,432
47240,16812518,16813617,1099
47241,16813617,16813835,218
47242,16813835,16814432,597
47243,16814432,16814582,150
47244,16814582,16814803,221
47245,16814803,16815010,207
47246,16815010,16815238,228
47247,16815238,16816601,1363
47248,16816601,16817196,595
47249,16817196,16818456,1260
47250,16818456,16818656,200
47251,16818656,16818662,6
47252,16818662,16818669,7
47253,16818669,16818821,152
47254,16818821,16818964,143
47255,16818964,16819046,82
47256,16819046,16819062,16
47257,16819062,16819513,451
47258,16819513,16819973,460
47259,16819973,16819983,10
47260,16819983,16821023,1040
47261,16821023,16822243,1220
47262,16822243,16822576,333
47263,16822576,16823171,595
47264,16823171,16824014,843
47265,16824014,16824019,5
47266,16824019,16824025,6
47267,16824025,16824052,27
47268,16824052,16824109,57
47269,16824109,16824170,61
47270,16824170,16824223,53
47271,16824223,16824291,68
47272,16824291,16824397,106
47273,16824397,16825069,672
47274,16825069,16825105,36
47275,16825105,16825252,147
47276,16825252,16825402,150
47277,16825402,16825419,17
47278,16825419,16825483,64
47279,16825483,16825786,303
47280,16825786,16825849,63
47281,16825849,16825901,52
47282,16825901,16826049,148
47283,16826049,16826086,37
47284,16826086,16826332,246
47285,16826332,16826358,26
47286,16826358,16826362,4
47287,16826362,16827432,1070
47288,16827432,16827475,43
47289,16827475,16827602,127
47290,16827602,16827771,169
47291,16827771,16827780,9
47292,16827780,16827967,187
47293,16827967,16828368,401
47294,16828368,16828439,71
47295,16828439,16828656,217
47296,16828656,16829043,387
47297,16829043,16829841,798
47298,16829841,16830093,252
47299,16830093,16830340,247
47300,16830340,16830737,397
47301,16830737,16830790,53
47302,16830790,16831881,1091
47303,16831881,16831947,66
47304,16831947,16832924,977
47305,16832924,16833184,260
47306,16833184,16833492,308
47307,16833492,16833497,5
47308,16833497,16834504,1007
47309,16834504,16834636,132
47310,16834636,16834920,284
47311,16834920,16834928,8
47312,16834928,16835048,120
47313,16835048,16835105,57
47314,16835105,16835311,206
47315,16835311,16835317,6
47316,16835317,16835711,394
47317,16835711,16836114,403
47318,16836114,16836146,32
47319,16836146,16836424,278
47320,16836424,16836693,269
47321,16836693,16837064,371
47322,16837064,16837324,260
47323,16837324,16837425,101
47324,16837425,16838981,1556
47325,16838981,16839160,179
47326,16839160,16839168,8
47327,16839168,16839604,436
47328,16839604,16840065,461
47329,16840065,16840361,296
47330,16840361,16840915,554
47331,16840915,16841134,219
47332,16841134,16841177,43
47333,16841177,16841365,188
47334,16841365,16841377,12
47335,16841377,16841850,473
47336,16841850,16842047,197
47337,16842047,16842617,570
47338,16842617,16842722,105
47339,16842722,16843704,982
47340,16843704,16845114,1410
47341,16845114,16845337,223
47342,16845337,16845723,386
47343,16845723,16845847,124
47344,16845847,16845863,16
47345,16845863,16846040,177
47346,16846040,16846343,303
47347,16846343,16846377,34
47348,16846377,16846475,98
47349,16846475,16846562,87
47350,16846562,16846855,293
47351,16846855,16846863,8
47352,16846863,16847276,413
47353,16847276,16847288,12
47354,16847288,16847361,73
47355,16847361,16847627,266
47356,16847627,16847738,111
47357,16847738,16847817,79
47358,16847817,16848099,282
47359,16848099,16848299,200
47360,16848299,16848432,133
47361,16848432,16848461,29
47362,16848461,16848529,68
47363,16848529,16848643,114
47364,16848643,16848670,27
47365,16848670,16848993,323
47366,16848993,16849069,76
47367,16849069,16849491,422
47368,16849491,16849502,11
47369,16849502,16849702,200
47370,16849702,16849946,244
47371,16849946,16850160,214
47372,16850160,16850384,224
47373,16850384,16852176,1792
47374,16852176,16852252,76
47375,16852252,16852371,119
47376,16852371,16852389,18
47377,16852389,16852619,230
47378,16852619,16853853,1234
47379,16853853,16854067,214
47380,16854067,16854088,21
47381,16854088,16855297,1209
47382,16855297,16856324,1027
47383,16856324,16856399,75
47384,16856399,16856532,133
47385,16856532,16856543,11
47386,16856543,16856553,10
47387,16856553,16856580,27
47388,16856580,16856948,368
47389,16856948,16856996,48
47390,16856996,16858155,1159
47391,16858155,16859440,1285
47392,16859440,16859581,141
47393,16859581,16859734,153
47394,16859734,16860029,295
47395,16860029,16860168,139
47396,16860168,16860414,246
47397,16860414,16860423,9
47398,16860423,16860730,307
47399,16860730,16861275,545
47400,16861275,16861406,131
47401,16861406,16861610,204
47402,16861610,16861735,125
47403,16861735,16861952,217
47404,16861952,16862018,66
47405,16862018,16862135,117
47406,16862135,16862143,8
47407,16862143,16862826,683
47408,16862826,16862974,148
47409,16862974,16863174,200
47410,16865149,16865154,5
47411,16865154,16865755,601
47412,16865755,16866072,317
47413,16866072,16866077,5
47414,16866077,16866110,33
47415,16866110,16866114,4
47416,16866114,16866361,247
47417,16866361,16866878,517
47418,16866878,16866914,36
47419,16866914,16867005,91
47420,16867005,16867647,642
47421,16867647,16868748,1101
47422,16868748,16869102,354
47423,16869102,16869320,218
47424,16869320,16869326,6
47425,16869326,16869406,80
47426,16869406,16869841,435
47427,16869841,16869881,40
47428,16869881,16870081,200
47429,16870081,16870116,35
47430,16870116,16870605,489
47431,16870605,16870965,360
47432,16870965,16872197,1232
47433,16872197,16872279,82
47434,16872279,16872324,45
47435,16872324,16872415,91
47436,16872415,16872519,104
47437,16872519,16872959,440
47438,16872959,16873357,398
47439,16873357,16873398,41
47440,16873398,16873622,224
47441,16873622,16873877,255
47442,16873877,16873911,34
47443,16873911,16874057,146
47444,16874057,16874605,548
47445,16874605,16874832,227
47446,16874832,16875014,182
47447,16875014,16875021,7
47448,16875021,16875262,241
47449,16875262,16875796,534
47450,16875796,16875874,78
47451,16875874,16876030,156
47452,16876030,16876405,375
47453,16876405,16876601,196
47454,16876601,16876612,11
47455,16876612,16877941,1329
47456,16877941,16878353,412
47457,16878353,16878824,471
47458,16878824,16881027,2203
47459,16881027,16881036,9
47460,16881036,16881360,324
47461,16881360,16881697,337
47462,16881697,16881775,78
47463,16881775,16882216,441
47464,16882216,16882438,222
47465,16882438,16882459,21
47466,16882459,16882860,401
47467,16882860,16882932,72
47468,16882932,16882947,15
47469,16882947,16883046,99
47470,16883046,16883100,54
47471,16883100,16883403,303
47472,16883403,16883565,162
47473,16883565,16883602,37
47474,16883602,16883859,257
47475,16883859,16884120,261
47476,16884120,16884166,46
47477,16884166,16884483,317
47478,16884483,16884685,202
47479,16884685,16884742,57
47480,16884742,16884964,222
47481,16884964,16884976,12
47482,16884976,16884983,7
47483,16884983,16885627,644
47484,16885627,16885658,31
47485,16885658,16885721,63
47486,16885721,16885792,71
47487,16885792,16886274,482
47488,16886274,16886356,82
47489,16886356,16886441,85
47490,16886441,16887271,830
47491,16887271,16887359,88
47492,16887359,16887554,195
47493,16887554,16887605,51
47494,16887605,16887792,187
47495,16887792,16887975,183
47496,16887975,16888024,49
47497,16888024,16888806,782
47498,16888806,16888841,35
47499,16888841,16889099,258
47500,16889099,16889686,587
47501,16889686,16889841,155
47502,16889841,16890018,177
47503,16890018,16890115,97
47504,16890115,16890603,488
47505,16890603,16890615,12
47506,16890615,16890699,84
47507,16890699,16890710,11
47508,16890710,16891039,329
47509,16891039,16891062,23
47510,16891062,16891110,48
47511,16891110,16891586,476
47512,16891586,16891928,342
47513,16891928,16892260,332
47514,16892260,16892337,77
47515,16892337,16892347,10
47516,16892347,16892360,13
47517,16892360,16892490,130
47518,16892490,16893198,708
47519,16893198,16893772,574
47520,16893772,16894347,575
47521,16894347,16894362,15
47522,16894362,16894645,283
47523,16894645,16894652,7
47524,16894652,16894661,9
47525,16894661,16894674,13
47526,16894674,16894691,17
47527,16894691,16894725,34
47528,16894725,16895033,308
47529,16895033,16895097,64
47530,16895097,16895166,69
47531,16895166,16896199,1033
47532,16896199,16896424,225
47533,16896424,16896475,51
47534,16896475,16896490,15
47535,16896490,16896559,69
47536,16896559,16896568,9
47537,16896568,16896610,42
47538,16896610,16897066,456
47539,16897066,16897073,7
47540,16897073,16897142,69
47541,16897142,16897174,32
47542,16897174,16897886,712
47543,16897886,16897924,38
47544,16897924,16898765,841
47545,16898765,16899334,569
47546,16899334,16899488,154
47547,16899488,16900487,999
47548,16900487,16901027,540
47549,16901027,16901493,466
47550,16901493,16901504,11
47551,16901504,16901817,313
47552,16901817,16903580,1763
47553,16903580,16903705,125
47554,16903705,16903793,88
47555,16903793,16904065,272
47556,16904065,16904107,42
47557,16904107,16904655,548
47558,16904655,16904660,5
47559,16904660,16904670,10
47560,16904670,16905241,571
47561,16905241,16905384,143
47562,16905384,16905667,283
47563,16905667,16906541,874
47564,16906541,16906654,113
47565,16906654,16906897,243
47566,16906897,16907152,255
47567,16907152,16907162,10
47568,16907162,16907179,17
47569,16907179,16907348,169
47570,16907348,16907670,322
47571,16907670,16907798,128
47572,16907798,16907803,5
47573,16907803,16907808,5
47574,16907808,16907813,5
47575,16907813,16907818,5
47576,16907818,16907977,159
47577,16907977,16908187,210
47578,16908187,16908414,227
47579,16908414,16909097,683
47580,16909097,16909121,24
47581,16909121,16909129,8
47582,16909129,16909137,8
47583,16909137,16909145,8
47584,16909145,16909193,48
47585,16909193,16909604,411
47586,16909604,16909795,191
47587,16909795,16909813,18
47588,16909813,16910154,341
47589,16910154,16910477,323
47590,16910477,16910497,20
47591,16910497,16910607,110
47592,16910607,16910633,26
47593,16910633,16910920,287
47594,16910920,16912091,1171
47595,16912091,16912788,697
47596,16912788,16913054,266
47597,16913054,16913140,86
47598,16913140,16913205,65
47599,16913205,16913421,216
47600,16913421,16913798,377
47601,16913798,16914022,224
47602,16914022,16914205,183
47603,16914205,16914255,50
47604,16914255,16914991,736
47605,16914991,16915903,912
47606,16915903,16915931,28
47607,16915931,16917005,1074
47608,16917005,16917496,491
47609,16917496,16918499,1003
47610,16918499,16918564,65
47611,16918564,16918728,164
47612,16918728,16918873,145
47613,16918873,16918909,36
47614,16918909,16919232,323
47615,16919232,16920758,1526
47616,16920758,16921391,633
47617,16921391,16921769,378
47618,16921769,16922030,261
47619,16922030,16922606,576
47620,16922606,16922616,10
47621,16922616,16922875,259
47622,16922875,16922937,62
47623,16922937,16923118,181
47624,16923118,16923408,290
47625,16923408,16923444,36
47626,16923444,16923513,69
47627,16923513,16923556,43
47628,16923556,16923793,237
47629,16923793,16924104,311
47630,16924104,16924260,156
47631,16924260,16924470,210
47632,16924470,16924480,10
47633,16924480,16924647,167
47634,16924647,16925222,575
47635,16925222,16925359,137
47636,16925359,16926161,802
47637,16926161,16926462,301
47638,16926462,16926767,305
47639,16926767,16927586,819
47640,16927586,16927610,24
47641,16927610,16927764,154
47642,16927764,16928778,1014
47643,16928778,16928789,11
47644,16928789,16929063,274
47645,16929063,16929184,121
47646,16929184,16929396,212
47647,16929396,16929842,446
47648,16929842,16930546,704
47649,16930546,16931735,1189
47650,16931735,16932232,497
47651,16932232,16933164,932
47652,16933164,16933170,6
47653,16933170,16933179,9
47654,16933179,16933299,120
47655,16933299,16933340,41
47656,16933340,16933495,155
47657,16933495,16933504,9
47658,16933504,16933750,246
47659,16933750,16934102,352
47660,16934102,16934147,45
47661,16934147,16934339,192
47662,16934339,16934580,241
47663,16934580,16935006,426
47664,16935006,16935015,9
47665,16935015,16935024,9
47666,16935024,16935076,52
47667,16935076,16935303,227
47668,16935303,16935336,33
47669,16935336,16935347,11
47670,16935347,16935414,67
47671,16935414,16935516,102
47672,16935516,16935702,186
47673,16935702,16936345,643
47674,16936345,16936381,36
47675,16936381,16936641,260
47676,16936641,16936905,264
47677,16936905,16937008,103
47678,16937008,16937086,78
47679,16937086,16937253,167
47680,16937253,16937762,509
47681,16937762,16938812,1050
47682,16938812,16938938,126
47683,16938938,16939090,152
47684,16939090,16939214,124
47685,16939214,16939492,278
47686,16939492,16939556,64
47687,16939556,16939645,89
47688,16939645,16939905,260
47689,16939905,16940511,606
47690,16940511,16940676,165
47691,16940676,16940895,219
47692,16940895,16941658,763
47693,16941658,16941757,99
47694,16941757,16941941,184
47695,16941941,16942155,214
47696,16942155,16942191,36
47697,16942191,16942233,42
47698,16942233,16942354,121
47699,16942354,16942468,114
47700,16942468,16942564,96
47701,16942564,16942586,22
47702,16942586,16942596,10
47703,16942596,16942750,154
47704,16942750,16943345,595
47705,16943345,16943356,11
47706,16943356,16943365,9
47707,16943365,16943513,148
47708,16943513,16943946,433
47709,16943946,16944608,662
47710,16944608,16944663,55
47711,16944663,16944781,118
47712,16944781,16945124,343
47713,16945124,16945259,135
47714,16945259,16945420,161
47715,16945420,16946024,604
47716,16946024,16946049,25
47717,16946049,16946263,214
47718,16946263,16946624,361
47719,16946624,16947266,642
47720,16947266,16947276,10
47721,16947276,16947286,10
47722,16947286,16947389,103
47723,16947389,16947907,518
47724,16947907,16948380,473
47725,16948380,16948721,341
47726,16948721,16948938,217
47727,16948938,16949067,129
47728,16949067,16949103,36
47729,16949103,16949215,112
47730,16949215,16949300,85
47731,16949300,16949307,7
47732,16949307,16949362,55
47733,16949362,16949372,10
47734,16949372,16949488,116
47735,16949488,16949497,9
47736,16949497,16950337,840
47737,16950337,16950423,86
47738,16950423,16950473,50
47739,16950473,16950526,53
47740,16950526,16950831,305
47741,16950831,16950893,62
47742,16950893,16950995,102
47743,16950995,16951235,240
47744,16951235,16951249,14
47745,16951249,16951296,47
47746,16951296,16951339,43
47747,16951339,16951390,51
47748,16951390,16951396,6
47749,16951396,16951469,73
47750,16951469,16951797,328
47751,16951797,16952134,337
47752,16952134,16952955,821
47753,16952955,16953189,234
47754,16953189,16953389,200
47755,16953389,16953429,40
47756,16953429,16953461,32
47757,16953461,16953574,113
47758,16953574,16953604,30
47759,16953604,16953631,27
47760,16953631,16953686,55
47761,16953686,16953789,103
47762,16953789,16953850,61
47763,16953850,16953911,61
47764,16953911,16954123,212
47765,16954123,16954430,307
47766,16954430,16954627,197
47767,16954627,16954633,6
47768,16954633,16954947,314
47769,16954947,16954997,50
47770,16954997,16955162,165
47771,16955162,16955261,99
47772,16955261,16955327,66
47773,16955327,16955448,121
47774,16955448,16955668,220
47775,16955668,16956561,893
47776,16956561,16956862,301
47777,16956862,16957550,688
47778,16957550,16957589,39
47779,16957589,16957925,336
47780,16957925,16958146,221
47781,16958146,16958155,9
47782,16958155,16958164,9
47783,16958164,16958411,247
47784,16958411,16958835,424
47785,16958835,16958953,118
47786,16958953,16959268,315
47787,16959268,16959562,294
47788,16959562,16960494,932
47789,16960494,16960831,337
47790,16960831,16960848,17
47791,16960848,16960897,49
47792,16960897,16960903,6
47793,16960903,16961008,105
47794,16961008,16961035,27
47795,16961035,16961194,159
47796,16961194,16961806,612
47797,16961806,16961951,145
47798,16961951,16962019,68
47799,16962019,16962025,6
47800,16962025,16962086,61
47801,16962086,16962122,36
47802,16962122,16962530,408
47803,16962530,16962759,229
47804,16962759,16962792,33
47805,16962792,16962951,159
47806,16962951,16963077,126
47807,16963077,16963225,148
47808,16963225,16963364,139
47809,16963364,16963384,20
47810,16963384,16964169,785
47811,16964169,16964175,6
47812,16964175,16964902,727
47813,16964902,16964915,13
47814,16964915,16964945,30
47815,16964945,16965264,319
47816,16965264,16965312,48
47817,16965312,16966603,1291
47818,16966603,16966717,114
47819,16966717,16967289,572
47820,16967289,16967414,125
47821,16967414,16967444,30
47822,16967444,16967665,221
47823,16967665,16969130,1465
47824,16969130,16969668,538
47825,16969668,16969739,71
47826,16969739,16970582,843
47827,16970582,16970592,10
47828,16970592,16970694,102
47829,16970694,16970813,119
47830,16970813,16970819,6
47831,16970819,16970825,6
47832,16970825,16971583,758
47833,16971583,16971700,117
47834,16971700,16972548,848
47835,16972548,16972632,84
47836,16972632,16972818,186
47837,16972818,16973000,182
47838,16973000,16973015,15
47839,16973015,16973156,141
47840,16973156,16973312,156
47841,16973312,16973575,263
47842,16973575,16973681,106
47843,16973681,16973763,82
47844,16973763,16973842,79
47845,16973842,16974075,233
47846,16974075,16974335,260
47847,16974335,16974522,187
47848,16974522,16974549,27
47849,16974549,16974687,138
47850,16974687,16975014,327
47851,16975014,16975038,24
47852,16975038,16975449,411
47853,16975449,16976216,767
47854,16976216,16976413,197
47855,16976413,16976449,36
47856,16976449,16976461,12
47857,16976461,16977459,998
47858,16977459,16978493,1034
47859,16978493,16978667,174
47860,16978667,16979374,707
47861,16979374,16979379,5
47862,16979379,16980006,627
47863,16980006,16980749,743
47864,16980749,16981180,431
47865,16981180,16982015,835
47866,16982015,16982147,132
47867,16982147,16982943,796
47868,16982943,16983503,560
47869,16983503,16984925,1422
47870,16984925,16986316,1391
47871,16986316,16987344,1028
47872,16987344,16987469,125
47873,16987469,16987487,18
47874,16987487,16989990,2503
47875,16996401,16996661,260
47876,16996661,16997236,575
47877,16997236,16999068,1832
47878,16999068,17000662,1594
47879,17000662,17001418,756
47880,17001418,17001772,354
47881,17001772,17004149,2377
47882,17004149,17004919,770
47883,17004919,17005586,667
47884,17005586,17005968,382
47885,17005968,17007523,1555
47886,17007523,17008069,546
47887,17008069,17008167,98
47888,17008167,17008174,7
47889,17008174,17008355,181
47890,17008355,17009023,668
47891,17010633,17011286,653
47892,17011286,17013392,2106
47893,17013392,17013428,36
47894,17013428,17013883,455
47895,17015681,17015946,265
47896,17015946,17016002,56
47897,17016002,17016910,908
47898,17016910,17017721,811
47899,17017721,17018291,570
47900,17018291,17018791,500
47901,17018791,17019544,753
47902,17019544,17021213,1669
47903,17021213,17021418,205
47904,17021418,17021592,174
47905,17021592,17022485,893
47906,17022485,17022491,6
47907,17022491,17022497,6
47908,17022497,17022584,87
47909,17022584,17022641,57
47910,17022641,17022780,139
47911,17022780,17022823,43
47912,17022823,17023028,205
47913,17023028,17023119,91
47914,17023119,17023264,145
47915,17023264,17023914,650
47916,17023914,17025268,1354
47917,17028493,17028514,21
47918,17028514,17028814,300
47919,17028814,17029024,210
47920,17029024,17029051,27
47921,17032555,17033302,747
47922,17035013,17035149,136
47923,17035149,17035716,567
47924,17035716,17036083,367
47925,17036083,17036121,38
47926,17036121,17037743,1622
47927,17037743,17039346,1603
47928,17039346,17040809,1463
47929,17040809,17040842,33
47930,17040842,17041045,203
47931,17041045,17042785,1740
47932,17042785,17043541,756
47933,17045325,17046056,731
47934,17046056,17046190,134
47935,17049059,17050463,1404
47936,17050463,17051438,975
47937,17051438,17051870,432
47938,17051870,17052967,1097
47939,17052967,17055084,2117
47940,17055084,17055784,700
47941,17055784,17055976,192
47942,17060832,17061163,331
47943,17064232,17065954,1722
47944,17065954,17066516,562
47945,17066516,17067885,1369
47946,17067885,17068026,141
47947,17068026,17068222,196
47948,17068222,17068843,621
47949,17068843,17069043,200
47950,17069043,17069261,218
47951,17069261,17069286,25
47952,17069286,17069632,346
47953,17069632,17069717,85
47954,17069717,17070024,307
47955,17070024,17070202,178
47956,17070202,17070348,146
47957,17070348,17070406,58
47958,17070406,17070787,381
47959,17070787,17070792,5
47960,17070792,17071161,369
47961,17071161,17071480,319
47962,17071480,17071657,177
47963,17071657,17071717,60
47964,17071717,17072083,366
47965,17072083,17072264,181
47966,17072264,17072455,191
47967,17072455,17072468,13
47968,17072468,17072483,15
47969,17072483,17072489,6
47970,17072489,17072522,33
47971,17072522,17072610,88
47972,17072610,17072843,233
47973,17072843,17072981,138
47974,17072981,17073020,39
47975,17073020,17073026,6
47976,17073026,17073032,6
47977,17073032,17073038,6
47978,17073038,17073044,6
47979,17073044,17073058,14
47980,17073058,17073128,70
47981,17073128,17073170,42
47982,17073170,17073185,15
47983,17073185,17073292,107
47984,17073292,17073298,6
47985,17073298,17073373,75
47986,17073373,17073391,18
47987,17073391,17073504,113
47988,17073504,17073547,43
47989,17073547,17073568,21
47990,17073568,17074331,763
47991,17074331,17074720,389
47992,17074720,17074776,56
47993,17074776,17074934,158
47994,17074934,17075461,527
47995,17075461,17075541,80
47996,17075541,17075634,93
47997,17075634,17075937,303
47998,17075937,17077621,1684
47999,17077621,17078210,589
48000,17078210,17078546,336
48001,17078546,17079108,562
48002,17079108,17079277,169
48003,17079277,17079558,281
48004,17079558,17080061,503
48005,17080061,17080299,238
48006,17080299,17080404,105
48007,17080404,17080449,45
48008,17080449,17080554,105
48009,17080554,17080630,76
48010,17080630,17080681,51
48011,17080681,17080697,16
48012,17080697,17081202,505
48013,17081202,17081224,22
48014,17081224,17081432,208
48015,17081432,17081576,144
48016,17081576,17081929,353
48017,17081929,17082153,224
48018,17082153,17082429,276
48019,17082429,17082490,61
48020,17082490,17082680,190
48021,17082680,17082804,124
48022,17082804,17082909,105
48023,17082909,17082958,49
48024,17082958,17083301,343
48025,17083301,17083376,75
48026,17083376,17083655,279
48027,17083655,17083757,102
48028,17083757,17084388,631
48029,17084388,17085128,740
48030,17085128,17085377,249
48031,17085377,17085607,230
48032,17085607,17086092,485
48033,17086092,17086676,584
48034,17086676,17086807,131
48035,17086807,17086819,12
48036,17086819,17086925,106
48037,17086925,17087069,144
48038,17087069,17087287,218
48039,17087287,17087301,14
48040,17087301,17087356,55
48041,17087356,17087362,6
48042,17087362,17087446,84
48043,17087446,17087470,24
48044,17087470,17087579,109
48045,17087579,17088022,443
48046,17088022,17088333,311
48047,17088333,17088412,79
48048,17088412,17088928,516
48049,17088928,17089006,78
48050,17089006,17089063,57
48051,17089063,17089480,417
48052,17089480,17090021,541
48053,17090021,17090526,505
48054,17090526,17090687,161
48055,17090687,17090848,161
48056,17090848,17091272,424
48057,17091272,17091355,83
48058,17091355,17091673,318
48059,17091673,17091867,194
48060,17091867,17091952,85
48061,17091952,17093061,1109
48062,17093061,17094461,1400
48063,17094461,17094517,56
48064,17094517,17094610,93
48065,17094610,17095185,575
48066,17095185,17095208,23
48067,17095208,17095476,268
48068,17095476,17095532,56
48069,17095532,17095589,57
48070,17095589,17095705,116
48071,17095705,17095837,132
48072,17095837,17096093,256
48073,17096093,17096148,55
48074,17096148,17096261,113
48075,17096261,17096459,198
48076,17096459,17096715,256
48077,17096715,17096850,135
48078,17096850,17097098,248
48079,17097098,17097217,119
48080,17097217,17097358,141
48081,17097358,17097574,216
48082,17097574,17097766,192
48083,17097766,17097840,74
48084,17097840,17097864,24
48085,17097864,17098042,178
48086,17098042,17098110,68
48087,17098110,17098219,109
48088,17098219,17099028,809
48089,17099028,17099158,130
48090,17099158,17099166,8
48091,17099166,17099295,129
48092,17099295,17099398,103
48093,17099398,17099402,4
48094,17099402,17099718,316
48095,17099718,17099731,13
48096,17099731,17099976,245
48097,17099976,17100204,228
48098,17100204,17100247,43
48099,17100247,17100506,259
48100,17100506,17100597,91
48101,17100597,17100812,215
48102,17100812,17100825,13
48103,17100825,17100840,15
48104,17100840,17101281,441
48105,17101281,17101309,28
48106,17101309,17101319,10
48107,17101319,17102408,1089
48108,17102408,17102419,11
48109,17102419,17102534,115
48110,17102534,17102731,197
48111,17102731,17102860,129
48112,17102860,17102989,129
48113,17102989,17103529,540
48114,17103529,17103746,217
48115,17103746,17103786,40
48116,17103786,17103889,103
48117,17103889,17103937,48
48118,17103937,17104063,126
48119,17104063,17104316,253
48120,17104316,17104391,75
48121,17104391,17104616,225
48122,17104616,17104802,186
48123,17104802,17106529,1727
48124,17106529,17106588,59
48125,17106588,17106594,6
48126,17106594,17107328,734
48127,17107328,17107432,104
48128,17107432,17107444,12
48129,17107444,17107947,503
48130,17107947,17108343,396
48131,17108343,17108731,388
48132,17108731,17110634,1903
48133,17110634,17111034,400
48134,17111034,17111197,163
48135,17111197,17111366,169
48136,17111366,17111960,594
48137,17111960,17112176,216
48138,17112176,17112288,112
48139,17112288,17113815,1527
48140,17113815,17114509,694
48141,17114509,17114819,310
48142,17114819,17114969,150
48143,17114969,17115078,109
48144,17115078,17115343,265
48145,17115343,17115763,420
48146,17115763,17115898,135
48147,17115898,17116763,865
48148,17116763,17118116,1353
48149,17118116,17118261,145
48150,17118261,17118372,111
48151,17118372,17118475,103
48152,17118475,17118577,102
48153,17118577,17118679,102
48154,17118679,17118968,289
48155,17118968,17119692,724
48156,17119692,17120223,531
48157,17120223,17121789,1566
48158,17121789,17122010,221
48159,17122010,17122950,940
48160,17122950,17123676,726
48161,17123676,17123818,142
48162,17123818,17123880,62
48163,17123880,17123960,80
48164,17123960,17124107,147
48165,17124107,17124920,813
48166,17124920,17124947,27
48167,17124947,17125174,227
48168,17125174,17126015,841
48169,17126015,17126242,227
48170,17126242,17126352,110
48171,17126352,17126367,15
48172,17126367,17126465,98
48173,17126465,17126881,416
48174,17126881,17126890,9
48175,17126890,17126919,29
48176,17126919,17127021,102
48177,17127021,17127040,19
48178,17127040,17127267,227
48179,17127267,17127311,44
48180,17127311,17127441,130
48181,17127441,17127670,229
48182,17127670,17128160,490
48183,17128160,17128497,337
48184,17128497,17128742,245
48185,17128742,17128796,54
48186,17128796,17128858,62
48187,17128858,17128879,21
48188,17128879,17129187,308
48189,17129187,17130024,837
48190,17130024,17130167,143
48191,17130167,17130577,410
48192,17130577,17131053,476
48193,17131053,17131519,466
48194,17131519,17132063,544
48195,17132063,17132278,215
48196,17132278,17132591,313
48197,17132591,17132599,8
48198,17132599,17132664,65
48199,17132664,17133430,766
48200,17133430,17133462,32
48201,17133462,17133474,12
48202,17133474,17133523,49
48203,17133523,17133794,271
48204,17133794,17134515,721
48205,17134515,17134581,66
48206,17134581,17134622,41
48207,17134622,17134626,4
48208,17134626,17134802,176
48209,17134802,17134965,163
48210,17134965,17135075,110
48211,17135075,17135581,506
48212,17135581,17137060,1479
48213,17137060,17137192,132
48214,17137192,17137205,13
48215,17137205,17137567,362
48216,17137567,17137602,35
48217,17137602,17137707,105
48218,17137707,17138059,352
48219,17138059,17138125,66
48220,17138125,17138441,316
48221,17138441,17138492,51
48222,17138492,17138536,44
48223,17138536,17138746,210
48224,17138746,17139073,327
48225,17139073,17139119,46
48226,17139119,17139146,27
48227,17139146,17139184,38
48228,17139184,17139571,387
48229,17139571,17140643,1072
48230,17140643,17140787,144
48231,17140787,17141525,738
48232,17141525,17141748,223
48233,17141748,17141949,201
48234,17141949,17142307,358
48235,17142307,17142451,144
48236,17142451,17142696,245
48237,17142696,17142834,138
48238,17142834,17143020,186
48239,17143020,17143090,70
48240,17143090,17143231,141
48241,17143231,17143291,60
48242,17143291,17143766,475
48243,17143766,17143824,58
48244,17143824,17144361,537
48245,17144361,17144511,150
48246,17144511,17144589,78
48247,17144589,17144629,40
48248,17144629,17145129,500
48249,17145129,17145179,50
48250,17145179,17145320,141
48251,17145320,17145666,346
48252,17145666,17146012,346
48253,17146012,17146047,35
48254,17146047,17146223,176
48255,17146223,17146830,607
48256,17146830,17147076,246
48257,17147076,17147118,42
48258,17147118,17147294,176
48259,17147294,17149278,1984
48260,17149278,17149771,493
48261,17149771,17150075,304
48262,17150075,17150230,155
48263,17150230,17151109,879
48264,17151109,17151608,499
48265,17151608,17151886,278
48266,17151886,17151990,104
48267,17151990,17152076,86
48268,17152076,17152088,12
48269,17152088,17152189,101
48270,17152189,17152350,161
48271,17152350,17152628,278
48272,17152628,17152785,157
48273,17152785,17152848,63
48274,17152848,17152903,55
48275,17152903,17153226,323
48276,17153226,17153383,157
48277,17153383,17153956,573
48278,17153956,17153960,4
48279,17153960,17154001,41
48280,17154001,17154405,404
48281,17154405,17154831,426
48282,17154831,17154864,33
48283,17154864,17155427,563
48284,17155427,17155833,406
48285,17155833,17156113,280
48286,17156113,17156210,97
48287,17156210,17156431,221
48288,17156431,17156707,276
48289,17156707,17157364,657
48290,17157364,17157647,283
48291,17157647,17157773,126
48292,17157773,17158115,342
48293,17158115,17158138,23
48294,17158138,17158235,97
48295,17158235,17158261,26
48296,17158261,17158303,42
48297,17158303,17158328,25
48298,17158328,17158672,344
48299,17158672,17158696,24
48300,17158696,17158861,165
48301,17158861,17159215,354
48302,17159215,17159633,418
48303,17159633,17160281,648
48304,17160281,17160401,120
48305,17160401,17160627,226
48306,17160627,17160633,6
48307,17160633,17160942,309
48308,17160942,17161028,86
48309,17161028,17161143,115
48310,17161143,17162374,1231
48311,17162374,17162658,284
48312,17162658,17163346,688
48313,17163346,17163466,120
48314,17163466,17163519,53
48315,17163519,17163631,112
48316,17163631,17163895,264
48317,17163895,17165403,1508
48318,17165403,17165648,245
48319,17165648,17165855,207
48320,17165855,17166536,681
48321,17166536,17166540,4
48322,17166540,17166746,206
48323,17166746,17167829,1083
48324,17167829,17167991,162
48325,17167991,17168101,110
48326,17168101,17168579,478
48327,17168579,17169009,430
48328,17169009,17169086,77
48329,17171732,17172110,378
48330,17172110,17172591,481
48331,17172591,17172863,272
48332,17172863,17173168,305
48333,17173168,17173621,453
48334,17173621,17173726,105
48335,17173726,17174510,784
48336,17174510,17175860,1350
48337,17175860,17176014,154
48338,17176014,17176162,148
48339,17176162,17177045,883
48340,17177045,17177283,238
48341,17177283,17178075,792
48342,17178075,17178736,661
48343,17178736,17178790,54
48344,17178790,17179542,752
48345,17179542,17179638,96
48346,17179638,17179643,5
48347,17179643,17179648,5
48348,17179648,17180214,566
48349,17180214,17180879,665
48350,17180879,17180964,85
48351,17180964,17181140,176
48352,17181140,17182803,1663
48353,17182803,17182860,57
48354,17182860,17183007,147
48355,17183007,17183138,131
48356,17183138,17183409,271
48357,17183409,17183891,482
48358,17183891,17183928,37
48359,17183928,17183940,12
48360,17183940,17184662,722
48361,17184662,17185037,375
48362,17185037,17185258,221
48363,17185258,17186049,791
48364,17186049,17186925,876
48365,17186925,17186936,11
48366,17186936,17187175,239
48367,17187175,17187194,19
48368,17187194,17187548,354
48369,17187548,17187554,6
48370,17187554,17188358,804
48371,17188358,17189042,684
48372,17189042,17189075,33
48373,17189075,17189117,42
48374,17189117,17189198,81
48375,17189198,17189234,36
48376,17189234,17189324,90
48377,17189324,17189474,150
48378,17189474,17189571,97
48379,17189571,17189812,241
48380,17189812,17189939,127
48381,17189939,17189953,14
48382,17189953,17190056,103
48383,17190056,17190344,288
48384,17190344,17190890,546
48385,17190890,17191009,119
48386,17191009,17191143,134
48387,17191143,17191151,8
48388,17191151,17191457,306
48389,17191457,17192271,814
48390,17192271,17192283,12
48391,17192283,17192562,279
48392,17192562,17193681,1119
48393,17193681,17193972,291
48394,17193972,17193984,12
48395,17193984,17195107,1123
48396,17195107,17195420,313
48397,17195420,17195546,126
48398,17195546,17195774,228
48399,17195774,17195936,162
48400,17195936,17196018,82
48401,17196018,17196398,380
48402,17196398,17196713,315
48403,17196713,17197194,481
48404,17197194,17198527,1333
48405,17198527,17198729,202
48406,17198729,17199115,386
48407,17199115,17199413,298
48408,17199413,17200173,760
48409,17200173,17200337,164
48410,17200337,17201056,719
48411,17201056,17201183,127
48412,17201183,17201189,6
48413,17201189,17201254,65
48414,17201254,17201723,469
48415,17201723,17202031,308
48416,17202031,17202049,18
48417,17202049,17202141,92
48418,17202141,17202184,43
48419,17202184,17202189,5
48420,17202189,17202208,19
48421,17202208,17202588,380
48422,17202588,17202791,203
48423,17202791,17202917,126
48424,17202917,17203315,398
48425,17203315,17203357,42
48426,17203357,17203369,12
48427,17203369,17203421,52
48428,17203421,17204184,763
48429,17204184,17204426,242
48430,17204426,17205172,746
48431,17205172,17205231,59
48432,17205231,17205695,464
48433,17205695,17205898,203
48434,17205898,17205937,39
48435,17205937,17205978,41
48436,17205978,17207463,1485
48437,17207463,17207476,13
48438,17207476,17207819,343
48439,17207819,17208058,239
48440,17208058,17208068,10
48441,17208068,17208100,32
48442,17208100,17208414,314
48443,17208414,17208527,113
48444,17208527,17208915,388
48445,17208915,17209555,640
48446,17209555,17209603,48
48447,17209603,17209723,120
48448,17209723,17209744,21
48449,17209744,17209931,187
48450,17209931,17210971,1040
48451,17210971,17212525,1554
48452,17212525,17212714,189
48453,17212714,17212856,142
48454,17212856,17212936,80
48455,17212936,17213446,510
48456,17213446,17213797,351
48457,17213797,17213891,94
48458,17213891,17214748,857
48459,17214748,17214796,48
48460,17214796,17215045,249
48461,17215045,17215167,122
48462,17215167,17215430,263
48463,17215430,17215467,37
48464,17215467,17216126,659
48465,17216126,17216461,335
48466,17216461,17216584,123
48467,17216584,17216661,77
48468,17216661,17216695,34
48469,17216695,17216780,85
48470,17216780,17216990,210
48471,17216990,17217837,847
48472,17217837,17218010,173
48473,17218010,17218129,119
48474,17218129,17218190,61
48475,17218190,17218565,375
48476,17218565,17218870,305
48477,17218870,17218929,59
48478,17218929,17219038,109
48479,17219038,17219053,15
48480,17219053,17219135,82
48481,17219135,17219379,244
48482,17219379,17219527,148
48483,17219527,17219668,141
48484,17219668,17221560,1892
48485,17221560,17221587,27
48486,17221587,17223116,1529
48487,17223116,17223247,131
48488,17223247,17223445,198
48489,17223445,17223526,81
48490,17223526,17223580,54
48491,17223580,17223652,72
48492,17223652,17224191,539
48493,17224191,17224470,279
48494,17224470,17224477,7
48495,17224477,17224578,101
48496,17224578,17224586,8
48497,17224586,17224718,132
48498,17224718,17224952,234
48499,17224952,17225335,383
48500,17225335,17225437,102
48501,17225437,17225472,35
48502,17225472,17226358,886
48503,17226358,17226820,462
48504,17226820,17227072,252
48505,17227072,17227687,615
48506,17227687,17227699,12
48507,17227699,17227832,133
48508,17227832,17227913,81
48509,17227913,17227994,81
48510,17227994,17228753,759
48511,17228753,17228830,77
48512,17228830,17228928,98
48513,17228928,17229367,439
48514,17229367,17229738,371
48515,17229738,17230082,344
48516,17230082,17230147,65
48517,17230147,17230601,454
48518,17230601,17230965,364
48519,17230965,17231031,66
48520,17231031,17231043,12
48521,17231043,17231106,63
48522,17231106,17231123,17
48523,17231123,17231309,186
48524,17231309,17231892,583
48525,17231892,17232415,523
48526,17232415,17232626,211
48527,17232626,17232850,224
48528,17232850,17233407,557
48529,17233407,17233515,108
48530,17233515,17235322,1807
48531,17235322,17235385,63
48532,17235385,17235456,71
48533,17235456,17235462,6
48534,17235462,17235516,54
48535,17235516,17236599,1083
48536,17236599,17236746,147
48537,17236746,17236828,82
48538,17236828,17236933,105
48539,17236933,17237334,401
48540,17237334,17237744,410
48541,17237744,17238124,380
48542,17238124,17238298,174
48543,17238298,17239023,725
48544,17239023,17239310,287
48545,17239310,17239467,157
48546,17239467,17239777,310
48547,17239777,17239884,107
48548,17239884,17240074,190
48549,17240074,17240300,226
48550,17240300,17241074,774
48551,17241074,17241496,422
48552,17241496,17241978,482
48553,17241978,17242039,61
48554,17242039,17242192,153
48555,17242192,17242266,74
48556,17242266,17242302,36
48557,17242302,17242351,49
48558,17242351,17242647,296
48559,17242647,17242678,31
48560,17242678,17242945,267
48561,17242945,17243065,120
48562,17243065,17243151,86
48563,17243151,17243164,13
48564,17243164,17243407,243
48565,17243407,17243566,159
48566,17243566,17243640,74
48567,17243640,17244032,392
48568,17244032,17244122,90
48569,17244122,17244235,113
48570,17244235,17245864,1629
48571,17245864,17245876,12
48572,17245876,17246232,356
48573,17246232,17246715,483
48574,17246715,17246943,228
48575,17246943,17247691,748
48576,17247691,17247697,6
48577,17247697,17247869,172
48578,17247869,17248750,881
48579,17248750,17249134,384
48580,17249134,17249146,12
48581,17249146,17249226,80
48582,17249226,17249408,182
48583,17249408,17249828,420
48584,17249828,17250056,228
48585,17250056,17250074,18
48586,17250074,17250086,12
48587,17250086,17250136,50
48588,17250136,17250243,107
48589,17250243,17250332,89
48590,17250332,17250404,72
48591,17250404,17250638,234
48592,17250638,17250817,179
48593,17250817,17252259,1442
48594,17252259,17254613,2354
48595,17254613,17254923,310
48596,17254923,17255775,852
48597,17255775,17255958,183
48598,17255958,17255965,7
48599,17255965,17255975,10
48600,17255975,17256023,48
48601,17256023,17257794,1771
48602,17257794,17258018,224
48603,17258018,17258699,681
48604,17258699,17259494,795
48605,17259494,17259639,145
48606,17259639,17259677,38
48607,17259677,17259690,13
48608,17259690,17259772,82
48609,17259772,17259822,50
48610,17259822,17259935,113
48611,17259935,17260684,749
48612,17260684,17260748,64
48613,17260748,17261215,467
48614,17261215,17261262,47
48615,17261262,17261623,361
48616,17261623,17262357,734
48617,17262357,17262370,13
48618,17262370,17262411,41
48619,17262411,17263110,699
48620,17263110,17263599,489
48621,17263599,17263809,210
48622,17263809,17263981,172
48623,17263981,17264201,220
48624,17264201,17264217,16
48625,17264217,17264259,42
48626,17264259,17264604,345
48627,17264604,17264801,197
48628,17264801,17265995,1194
48629,17265995,17266577,582
48630,17266577,17266591,14
48631,17266591,17267315,724
48632,17267315,17267641,326
48633,17267641,17267650,9
48634,17267650,17267765,115
48635,17267765,17267952,187
48636,17267952,17268045,93
48637,17268045,17268530,485
48638,17268530,17268694,164
48639,17268694,17268756,62
48640,17268756,17268777,21
48641,17268777,17268801,24
48642,17268801,17268900,99
48643,17268900,17269006,106
48644,17269006,17269016,10
48645,17269016,17269026,10
48646,17269026,17269184,158
48647,17269184,17269227,43
48648,17269227,17269390,163
48649,17269390,17269639,249
48650,17269639,17269643,4
48651,17269643,17270065,422
48652,17270065,17270160,95
48653,17270160,17270818,658
48654,17270818,17271108,290
48655,17271108,17271227,119
48656,17271227,17271239,12
48657,17271239,17271678,439
48658,17271678,17271755,77
48659,17271755,17271764,9
48660,17271764,17272087,323
48661,17272087,17272120,33
48662,17272120,17272441,321
48663,17272441,17272613,172
48664,17272613,17272646,33
48665,17272646,17272710,64
48666,17272710,17272881,171
48667,17272881,17273193,312
48668,17273193,17273588,395
48669,17273588,17274127,539
48670,17274127,17274766,639
48671,17274766,17275209,443
48672,17275209,17275458,249
48673,17275458,17276275,817
48674,17276275,17276585,310
48675,17276585,17276637,52
48676,17276637,17277445,808
48677,17277445,17277704,259
48678,17277704,17277916,212
48679,17277916,17278421,505
48680,17278421,17278681,260
48681,17278681,17278904,223
48682,17278904,17278983,79
48683,17278983,17279222,239
48684,17279222,17279293,71
48685,17279293,17279543,250
48686,17279543,17279627,84
48687,17279627,17279731,104
48688,17279731,17279900,169
48689,17279900,17280138,238
48690,17280138,17280196,58
48691,17280196,17280211,15
48692,17280211,17280217,6
48693,17280217,17280393,176
48694,17280393,17280398,5
48695,17280398,17281101,703
48696,17281101,17281694,593
48697,17281694,17281933,239
48698,17281933,17282065,132
48699,17282065,17282083,18
48700,17282083,17282258,175
48701,17282258,17282328,70
48702,17282328,17282733,405
48703,17282733,17283274,541
48704,17283274,17283618,344
48705,17283618,17283634,16
48706,17283634,17283928,294
48707,17283928,17284090,162
48708,17284090,17284108,18
48709,17284108,17284240,132
48710,17284240,17284787,547
48711,17284787,17285503,716
48712,17285503,17286054,551
48713,17286054,17286828,774
48714,17286828,17286996,168
48715,17286996,17287001,5
48716,17287001,17287005,4
48717,17287005,17287011,6
48718,17287011,17287034,23
48719,17287034,17287101,67
48720,17287101,17287285,184
48721,17287285,17287333,48
48722,17287333,17287835,502
48723,17287835,17287893,58
48724,17287893,17287966,73
48725,17287966,17288107,141
48726,17288107,17288127,20
48727,17288127,17288200,73
48728,17288200,17288316,116
48729,17288316,17288404,88
48730,17288404,17288451,47
48731,17288451,17288557,106
48732,17288557,17288679,122
48733,17288679,17289006,327
48734,17289006,17289097,91
48735,17289097,17289227,130
48736,17289227,17289279,52
48737,17289279,17289283,4
48738,17289283,17290017,734
48739,17290017,17290440,423
48740,17290440,17291499,1059
48741,17291499,17291510,11
48742,17291510,17291976,466
48743,17291976,17292222,246
48744,17292222,17292722,500
48745,17292722,17292858,136
48746,17292858,17292934,76
48747,17292934,17293589,655
48748,17293589,17294796,1207
48749,17294796,17294821,25
48750,17294821,17294851,30
48751,17294851,17294974,123
48752,17294974,17295067,93
48753,17295067,17295965,898
48754,17295965,17296336,371
48755,17296336,17296594,258
48756,17296594,17297560,966
48757,17297560,17297584,24
48758,17297584,17298490,906
48759,17298490,17298759,269
48760,17298759,17298922,163
48761,17298922,17298970,48
48762,17298970,17300784,1814
48763,17300784,17300848,64
48764,17300848,17301377,529
48765,17301377,17302559,1182
48766,17302559,17302895,336
48767,17302895,17303222,327
48768,17303222,17303597,375
48769,17303597,17304140,543
48770,17304140,17304390,250
48771,17304390,17305156,766
48772,17305156,17305425,269
48773,17305425,17305748,323
48774,17305748,17305955,207
48775,17305955,17306143,188
48776,17308601,17308621,20
48777,17308621,17310148,1527
48778,17310148,17310177,29
48779,17310177,17310391,214
48780,17310391,17310397,6
48781,17310397,17310855,458
48782,17310855,17310897,42
48783,17310897,17310915,18
48784,17310915,17311018,103
48785,17311018,17311106,88
48786,17311106,17311214,108
48787,17311214,17311249,35
48788,17311249,17311982,733
48789,17311982,17312928,946
48790,17312928,17312964,36
48791,17312964,17315035,2071
48792,17315035,17315048,13
48793,17315048,17315559,511
48794,17315559,17315644,85
48795,17315644,17315868,224
48796,17315868,17315921,53
48797,17315921,17316097,176
48798,17316097,17316702,605
48799,17316702,17318326,1624
48800,17318326,17318388,62
48801,17318388,17318456,68
48802,17318456,17318662,206
48803,17318662,17320310,1648
48804,17320310,17320960,650
48805,17320960,17321020,60
48806,17321020,17321449,429
48807,17321449,17322145,696
48808,17322145,17322822,677
48809,17322822,17323335,513
48810,17323335,17324242,907
48811,17324242,17324860,618
48812,17324860,17324934,74
48813,17324934,17325207,273
48814,17325207,17326261,1054
48815,17326261,17327044,783
48816,17327044,17327091,47
48817,17327091,17327428,337
48818,17327428,17327435,7
48819,17327435,17327780,345
48820,17327780,17328419,639
48821,17328419,17328423,4
48822,17328423,17328643,220
48823,17328643,17328933,290
48824,17328933,17329695,762
48825,17329695,17329710,15
48826,17329710,17329847,137
48827,17329847,17330229,382
48828,17330229,17330236,7
48829,17330236,17330244,8
48830,17330244,17330252,8
48831,17330252,17331058,806
48832,17331058,17331154,96
48833,17331154,17332127,973
48834,17332127,17332469,342
48835,17332469,17332522,53
48836,17332522,17332837,315
48837,17332837,17333452,615
48838,17333452,17334117,665
48839,17334117,17334312,195
48840,17334312,17335089,777
48841,17335089,17335149,60
48842,17335149,17335326,177
48843,17335326,17335598,272
48844,17335598,17335811,213
48845,17335811,17335877,66
48846,17335877,17337401,1524
48847,17337401,17337972,571
48848,17337972,17337979,7
48849,17337979,17338375,396
48850,17338375,17338779,404
48851,17338779,17340601,1822
48852,17340601,17340701,100
48853,17340701,17340944,243
48854,17340944,17341324,380
48855,17341324,17341331,7
48856,17341331,17341411,80
48857,17341411,17341571,160
48858,17341571,17341737,166
48859,17341737,17341793,56
48860,17341793,17341804,11
48861,17341804,17342191,387
48862,17342191,17342490,299
48863,17342490,17343644,1154
48864,17343644,17343703,59
48865,17343703,17344227,524
48866,17344227,17344407,180
48867,17344407,17345411,1004
48868,17345411,17347204,1793
48869,17347204,17347706,502
48870,17347706,17348272,566
48871,17348272,17348592,320
48872,17348592,17348609,17
48873,17348609,17348797,188
48874,17348797,17348975,178
48875,17348975,17348985,10
48876,17348985,17350312,1327
48877,17350312,17350767,455
48878,17350767,17350915,148
48879,17350915,17350924,9
48880,17350924,17350936,12
48881,17350936,17351003,67
48882,17351003,17351015,12
48883,17351015,17351048,33
48884,17351048,17351690,642
48885,17351690,17352814,1124
48886,17352814,17352853,39
48887,17352853,17352913,60
48888,17352913,17353116,203
48889,17353116,17353147,31
48890,17353147,17353436,289
48891,17353436,17353583,147
48892,17353583,17353598,15
48893,17353598,17353680,82
48894,17353680,17353705,25
48895,17353705,17354116,411
48896,17354116,17354568,452
48897,17354568,17354748,180
48898,17354748,17354762,14
48899,17354762,17354770,8
48900,17354770,17354778,8
48901,17354778,17354785,7
48902,17354785,17354845,60
48903,17354845,17354989,144
48904,17354989,17355310,321
48905,17355310,17355356,46
48906,17355356,17355808,452
48907,17355808,17356137,329
48908,17356137,17356329,192
48909,17356329,17356336,7
48910,17356336,17356643,307
48911,17356643,17356926,283
48912,17356926,17357190,264
48913,17357190,17357466,276
48914,17357466,17358089,623
48915,17358089,17359127,1038
48916,17359127,17360091,964
48917,17360091,17360417,326
48918,17360417,17360447,30
48919,17360447,17361062,615
48920,17361062,17361431,369
48921,17361431,17361542,111
48922,17361542,17362061,519
48923,17362061,17362234,173
48924,17362234,17363370,1136
48925,17363370,17363715,345
48926,17363715,17363854,139
48927,17363854,17363868,14
48928,17363868,17363883,15
48929,17363883,17363962,79
48930,17363962,17363967,5
48931,17363967,17363998,31
48932,17363998,17364027,29
48933,17364027,17364340,313
48934,17364340,17364387,47
48935,17364387,17364391,4
48936,17364391,17364674,283
48937,17364674,17364747,73
48938,17364747,17364801,54
48939,17364801,17364904,103
48940,17364904,17365043,139
48941,17365043,17365050,7
48942,17365050,17365088,38
48943,17365088,17365147,59
48944,17365147,17365196,49
48945,17365196,17365269,73
48946,17365269,17365760,491
48947,17365760,17365769,9
48948,17365769,17365839,70
48949,17365839,17365854,15
48950,17365854,17365869,15
48951,17365869,17365971,102
48952,17365971,17366116,145
48953,17366116,17366127,11
48954,17366127,17366228,101
48955,17366228,17366239,11
48956,17366239,17366301,62
48957,17366301,17366333,32
48958,17366333,17366494,161
48959,17366494,17366620,126
48960,17366620,17366760,140
48961,17366760,17367410,650
48962,17367410,17367771,361
48963,17367771,17367952,181
48964,17367952,17368485,533
48965,17368485,17368503,18
48966,17368503,17368580,77
48967,17368580,17369203,623
48968,17369203,17369207,4
48969,17369207,17369629,422
48970,17369629,17369976,347
48971,17369976,17370927,951
48972,17370927,17371092,165
48973,17371092,17371206,114
48974,17371206,17371523,317
48975,17371523,17371856,333
48976,17371856,17372363,507
48977,17372363,17372433,70
48978,17372433,17372868,435
48979,17372868,17372875,7
48980,17372875,17373328,453
48981,17373328,17373343,15
48982,17373343,17373670,327
48983,17373670,17373763,93
48984,17373763,17374504,741
48985,17374504,17375110,606
48986,17375110,17376158,1048
48987,17376158,17377085,927
48988,17377085,17377263,178
48989,17377263,17377594,331
48990,17377594,17377601,7
48991,17377601,17378028,427
48992,17378028,17378038,10
48993,17378038,17378208,170
48994,17378208,17378232,24
48995,17378232,17378268,36
48996,17378268,17378530,262
48997,17378530,17378577,47
48998,17378577,17378741,164
48999,17378741,17378844,103
49000,17378844,17378917,73
49001,17378917,17378925,8
49002,17378925,17379085,160
49003,17379085,17379146,61
49004,17379146,17379163,17
49005,17379163,17379424,261
49006,17379424,17380074,650
49007,17380074,17380268,194
49008,17380268,17380782,514
49009,17380782,17380817,35
49010,17380817,17381481,664
49011,17381481,17381517,36
49012,17381517,17381981,464
49013,17381981,17382158,177
49014,17382158,17382166,8
49015,17382166,17382185,19
49016,17382185,17382258,73
49017,17384665,17386805,2140
49018,17386805,17387825,1020
49019,17387825,17388093,268
49020,17388093,17388300,207
49021,17388300,17389689,1389
49022,17389689,17390369,680
49023,17390369,17391121,752
49024,17391121,17392782,1661
49025,17392782,17392825,43
49026,17392825,17392857,32
49027,17392857,17393280,423
49028,17393280,17393368,88
49029,17393368,17393460,92
49030,17393460,17393481,21
49031,17393481,17393792,311
49032,17393792,17393842,50
49033,17393842,17393927,85
49034,17393927,17394165,238
49035,17394165,17394176,11
49036,17394176,17394310,134
49037,17394310,17394326,16
49038,17394326,17394542,216
49039,17394542,17395061,519
49040,17395061,17395152,91
49041,17395152,17395172,20
49042,17395172,17395178,6
49043,17395178,17395243,65
49044,17395243,17395354,111
49045,17395354,17395383,29
49046,17395383,17395717,334
49047,17395717,17397084,1367
49048,17397084,17397450,366
49049,17397450,17397926,476
49050,17397926,17398431,505
49051,17398431,17398494,63
49052,17398494,17398896,402
49053,17398896,17399525,629
49054,17399525,17400005,480
49055,17400005,17400042,37
49056,17400042,17400593,551
49057,17400593,17401126,533
49058,17401126,17401137,11
49059,17401137,17401562,425
49060,17401562,17401649,87
49061,17401649,17401913,264
49062,17401913,17402240,327
49063,17402240,17402357,117
49064,17402357,17402392,35
49065,17402392,17402397,5
49066,17402397,17402557,160
49067,17402557,17402741,184
49068,17402741,17402866,125
49069,17402866,17403703,837
49070,17403703,17404412,709
49071,17404412,17404592,180
49072,17404592,17404810,218
49073,17404810,17405355,545
49074,17405355,17406838,1483
49075,17406838,17407210,372
49076,17407210,17407908,698
49077,17407908,17408003,95
49078,17408003,17408464,461
49079,17408464,17408469,5
49080,17408469,17408483,14
49081,17408483,17408786,303
49082,17408786,17408791,5
49083,17408791,17408805,14
49084,17408805,17409116,311
49085,17409116,17409370,254
49086,17409370,17410151,781
49087,17410151,17410450,299
49088,17410450,17411082,632
49089,17411082,17411094,12
49090,17411094,17411129,35
49091,17411129,17411452,323
49092,17411452,17411821,369
49093,17411821,17411988,167
49094,17411988,17411999,11
49095,17411999,17412018,19
49096,17412018,17412424,406
49097,17412424,17412434,10
49098,17412434,17412453,19
49099,17412453,17412596,143
49100,17412596,17413052,456
49101,17413052,17414626,1574
49102,17414626,17414637,11
49103,17414637,17414826,189
49104,17414826,17414893,67
49105,17414893,17414920,27
49106,17414920,17415639,719
49107,17415639,17415644,5
49108,17415644,17415649,5
49109,17415649,17416193,544
49110,17416193,17417028,835
49111,17417028,17417948,920
49112,17417948,17418402,454
49113,17418402,17418703,301
49114,17418703,17419474,771
49115,17419474,17420518,1044
49116,17420518,17420584,66
49117,17420584,17420950,366
49118,17420950,17421092,142
49119,17421092,17421312,220
49120,17421312,17421364,52
49121,17421364,17421491,127
49122,17421491,17421676,185
49123,17421676,17422706,1030
49124,17422706,17422921,215
49125,17422921,17422927,6
49126,17422927,17422972,45
49127,17422972,17424168,1196
49128,17424168,17424315,147
49129,17426039,17426328,289
49130,17426328,17427374,1046
49131,17427374,17430058,2684
49132,17430058,17430776,718
49133,17430776,17430934,158
49134,17430934,17431458,524
49135,17431458,17431494,36
49136,17431494,17431779,285
49137,17431779,17432462,683
49138,17432462,17433254,792
49139,17433254,17435088,1834
49140,17435088,17435622,534
49141,17435622,17436003,381
49142,17436003,17436894,891
49143,17436894,17436951,57
49144,17439829,17440443,614
49145,17440443,17442280,1837
49146,17442280,17442551,271
49147,17442551,17442639,88
49148,17442639,17443371,732
49149,17443371,17444117,746
49150,17444117,17444124,7
49151,17446550,17446630,80
49152,17446630,17446647,17
49153,17446647,17446813,166
49154,17446813,17446976,163
49155,17446976,17446995,19
49156,17446995,17447003,8
49157,17447003,17447181,178
49158,17447181,17448000,819
49159,17448000,17448413,413
49160,17448413,17448631,218
49161,17448631,17448828,197
49162,17448828,17450157,1329
49163,17450157,17450229,72
49164,17450229,17450271,42
49165,17450271,17450493,222
49166,17450493,17450652,159
49167,17450652,17450760,108
49168,17450760,17450793,33
49169,17450793,17450901,108
49170,17450901,17451413,512
49171,17451413,17451457,44
49172,17451457,17451575,118
49173,17451575,17451612,37
49174,17451612,17452048,436
49175,17452048,17452063,15
49176,17452063,17452238,175
49177,17452238,17452448,210
49178,17452448,17452550,102
49179,17452550,17453126,576
49180,17453126,17453315,189
49181,17453315,17453604,289
49182,17453604,17453865,261
49183,17453865,17455799,1934
49184,17455799,17457495,1696
49185,17457495,17457676,181
49186,17457676,17457978,302
49187,17457978,17458005,27
49188,17458005,17458042,37
49189,17458042,17458059,17
49190,17458059,17458430,371
49191,17458430,17458660,230
49192,17458660,17458894,234
49193,17458894,17459058,164
49194,17459058,17459143,85
49195,17459143,17459354,211
49196,17459354,17459362,8
49197,17459362,17459765,403
49198,17459765,17459843,78
49199,17459843,17459909,66
49200,17459909,17459935,26
49201,17459935,17460131,196
49202,17460131,17460169,38
49203,17460169,17460211,42
49204,17460211,17460619,408
49205,17460619,17460724,105
49206,17460724,17460758,34
49207,17460758,17460970,212
49208,17460970,17461075,105
49209,17461075,17461237,162
49210,17461237,17461560,323
49211,17461560,17461729,169
49212,17461729,17461801,72
49213,17461801,17461814,13
49214,17461814,17461964,150
49215,17461964,17461978,14
49216,17461978,17462009,31
49217,17462009,17462623,614
49218,17462623,17462734,111
49219,17462734,17463140,406
49220,17463140,17463207,67
49221,17463207,17463532,325
49222,17463532,17463957,425
49223,17463957,17463990,33
49224,17463990,17464278,288
49225,17464278,17464465,187
49226,17464465,17464489,24
49227,17464489,17464669,180
49228,17464669,17464687,18
49229,17464687,17464770,83
49230,17464770,17465691,921
49231,17465691,17467572,1881
49232,17467572,17467884,312
49233,17467884,17467908,24
49234,17467908,17469404,1496
49235,17469404,17469408,4
49236,17471087,17471241,154
49237,17473958,17474866,908
49238,17474866,17475023,157
49239,17475023,17475129,106
49240,17475129,17475139,10
49241,17475139,17475144,5
49242,17475144,17475364,220
49243,17475364,17475708,344
49244,17475708,17475719,11
49245,17475719,17475723,4
49246,17475723,17475732,9
49247,17475732,17476004,272
49248,17476004,17476368,364
49249,17476368,17477445,1077
49250,17477445,17477678,233
49251,17477678,17478041,363
49252,17478041,17478623,582
49253,17478623,17478676,53
49254,17478676,17479393,717
49255,17481817,17483161,1344
49256,17483161,17483591,430
49257,17483591,17483730,139
49258,17483730,17483826,96
49259,17483826,17484185,359
49260,17484185,17484192,7
49261,17484192,17484323,131
49262,17484323,17485885,1562
49263,17485885,17486171,286
49264,17486171,17487196,1025
49265,17487196,17487859,663
49266,17487859,17487963,104
49267,17487963,17488384,421
49268,17488384,17488731,347
49269,17488731,17488738,7
49270,17488738,17488746,8
49271,17488746,17489281,535
49272,17489281,17489633,352
49273,17489633,17490115,482
49274,17490115,17490618,503
49275,17490618,17490736,118
49276,17490736,17491652,916
49277,17491652,17492244,592
49278,17492244,17492282,38
49279,17492282,17493229,947
49280,17493229,17493539,310
49281,17493539,17494506,967
49282,17494506,17495348,842
49283,17495348,17496095,747
49284,17496095,17496216,121
49285,17496216,17497643,1427
49286,17497643,17498191,548
49287,17498191,17499961,1770
49288,17499961,17500381,420
49289,17500381,17500804,423
49290,17500804,17501074,270
49291,17501074,17501290,216
49292,17501290,17501599,309
49293,17501599,17501690,91
49294,17501690,17501705,15
49295,17501705,17502252,547
49296,17502252,17503492,1240
49297,17503492,17503862,370
49298,17503862,17504184,322
49299,17504184,17505016,832
49300,17505016,17505421,405
49301,17505421,17505487,66
49302,17505487,17505727,240
49303,17505727,17506319,592
49304,17506319,17506327,8
49305,17506327,17506497,170
49306,17506497,17506714,217
49307,17506714,17507523,809
49308,17507523,17507749,226
49309,17507749,17508263,514
49310,17508263,17508284,21
49311,17508284,17509816,1532
49312,17509816,17509983,167
49313,17509983,17510637,654
49314,17510637,17510877,240
49315,17510877,17512107,1230
49316,17512107,17512416,309
49317,17512416,17512527,111
49318,17512527,17512713,186
49319,17512713,17513140,427
49320,17513140,17513150,10
49321,17513150,17513278,128
49322,17513278,17513294,16
49323,17513294,17513475,181
49324,17513475,17513760,285
49325,17513760,17513776,16
49326,17513776,17513784,8
49327,17513784,17513825,41
49328,17513825,17514209,384
49329,17514209,17514348,139
49330,17514348,17514356,8
49331,17514356,17514372,16
49332,17514372,17514380,8
49333,17514380,17514388,8
49334,17514388,17514399,11
49335,17514399,17514526,127
49336,17514526,17515291,765
49337,17515291,17515589,298
49338,17515589,17515744,155
49339,17515744,17516764,1020
49340,17516764,17518109,1345
49341,17518109,17519164,1055
49342,17519164,17519335,171
49343,17519335,17519401,66
49344,17519401,17519585,184
49345,17519585,17519598,13
49346,17519598,17519726,128
49347,17519726,17520255,529
49348,17520255,17520264,9
49349,17522570,17522582,12
49350,17522582,17522671,89
49351,17522671,17522699,28
49352,17522699,17523471,772
49353,17523471,17523788,317
49354,17523788,17525184,1396
49355,17525184,17525284,100
49356,17525284,17525514,230
49357,17525514,17525520,6
49358,17525520,17525742,222
49359,17525742,17526314,572
49360,17526314,17526533,219
49361,17526533,17527115,582
49362,17527115,17527601,486
49363,17527601,17529805,2204
49364,17529805,17530326,521
49365,17530326,17530986,660
49366,17530986,17531440,454
49367,17531440,17531715,275
49368,17531715,17533009,1294
49369,17533009,17533473,464
49370,17533473,17533482,9
49371,17533482,17533703,221
49372,17533703,17534212,509
49373,17534212,17534218,6
49374,17534218,17534634,416
49375,17534634,17534653,19
49376,17534653,17535266,613
49377,17535266,17535668,402
49378,17535668,17535956,288
49379,17535956,17535966,10
49380,17535966,17536016,50
49381,17536016,17536939,923
49382,17536939,17537630,691
49383,17537630,17538082,452
49384,17538082,17538151,69
49385,17538151,17538939,788
49386,17538939,17539308,369
49387,17539308,17539704,396
49388,17539704,17539908,204
49389,17539908,17540294,386
49390,17540294,17540745,451
49391,17540745,17541493,748
49392,17541493,17541520,27
49393,17541520,17541696,176
49394,17541696,17542184,488
49395,17542184,17542502,318
49396,17542502,17542880,378
49397,17542880,17542939,59
49398,17542939,17543192,253
49399,17543192,17543197,5
49400,17543197,17543230,33
49401,17543230,17543947,717
49402,17543947,17543953,6
49403,17543953,17543965,12
49404,17543965,17544109,144
49405,17544109,17544247,138
49406,17544247,17545763,1516
49407,17545763,17546099,336
49408,17546099,17546466,367
49409,17546466,17546672,206
49410,17546672,17546678,6
49411,17546678,17546690,12
49412,17546690,17546732,42
49413,17546732,17547442,710
49414,17547442,17547575,133
49415,17547575,17547647,72
49416,17547647,17548399,752
49417,17548399,17548479,80
49418,17548479,17549723,1244
49419,17551757,17553331,1574
49420,17553331,17553414,83
49421,17553414,17554192,778
49422,17554192,17554669,477
49423,17554669,17554697,28
49424,17554697,17556282,1585
49425,17556282,17557137,855
49426,17557137,17557284,147
49427,17557284,17557307,23
49428,17557307,17557329,22
49429,17557329,17557610,281
49430,17557610,17558394,784
49431,17558394,17558964,570
49432,17558964,17559773,809
49433,17559773,17559777,4
49434,17559777,17560219,442
49435,17560219,17560840,621
49436,17560840,17561064,224
49437,17561064,17561892,828
49438,17561892,17561945,53
49439,17561945,17562069,124
49440,17562069,17562570,501
49441,17562570,17563186,616
49442,17563186,17563559,373
49443,17563559,17563650,91
49444,17563650,17564434,784
49445,17564434,17564440,6
49446,17564440,17565042,602
49447,17565042,17565398,356
49448,17565398,17566198,800
49449,17566198,17566869,671
49450,17566869,17567133,264
49451,17567133,17567168,35
49452,17567168,17567402,234
49453,17567402,17567489,87
49454,17567489,17567571,82
49455,17567571,17567682,111
49456,17567682,17568009,327
49457,17568009,17568060,51
49458,17568060,17568294,234
49459,17568294,17569203,909
49460,17569203,17569389,186
49461,17569389,17569613,224
49462,17569613,17569945,332
49463,17569945,17570636,691
49464,17570636,17570741,105
49465,17570741,17570810,69
49466,17570810,17571390,580
49467,17571390,17571396,6
49468,17571396,17571408,12
49469,17571408,17571568,160
49470,17571568,17571572,4
49471,17571572,17571604,32
49472,17571604,17572097,493
49473,17572097,17572309,212
49474,17572309,17573014,705
49475,17573014,17573056,42
49476,17573056,17573624,568
49477,17573624,17574335,711
49478,17574335,17574600,265
49479,17574600,17574824,224
49480,17574824,17574877,53
49481,17574877,17574902,25
49482,17574902,17574969,67
49483,17574969,17575273,304
49484,17575273,17575304,31
49485,17575304,17575391,87
49486,17575391,17575999,608
49487,17575999,17576374,375
49488,17576374,17576452,78
49489,17576452,17576703,251
49490,17576703,17577196,493
49491,17577196,17577359,163
49492,17577359,17578125,766
49493,17578125,17578243,118
49494,17578243,17578524,281
49495,17578524,17578598,74
49496,17578598,17578619,21
49497,17578619,17578685,66
49498,17578685,17579284,599
49499,17579284,17580657,1373
49500,17580657,17580793,136
49501,17580793,17581212,419
49502,17581212,17581889,677
49503,17581889,17581942,53
49504,17581942,17582005,63
49505,17582005,17582659,654
49506,17582659,17582686,27
49507,17582686,17582940,254
49508,17582940,17582974,34
49509,17582974,17582978,4
49510,17582978,17583617,639
49511,17583617,17583980,363
49512,17583980,17585768,1788
49513,17585768,17586004,236
49514,17586004,17586218,214
49515,17586218,17587121,903
49516,17587121,17587648,527
49517,17587648,17588698,1050
49518,17588698,17588720,22
49519,17588720,17588788,68
49520,17588788,17588840,52
49521,17588840,17589460,620
49522,17589460,17590251,791
49523,17590251,17590742,491
49524,17590742,17592231,1489
49525,17592231,17592483,252
49526,17592483,17592876,393
49527,17592876,17593190,314
49528,17593190,17594224,1034
49529,17594224,17595953,1729
49530,17595953,17596740,787
49531,17596740,17597123,383
49532,17597123,17597156,33
49533,17597156,17597189,33
49534,17597189,17597259,70
49535,17597259,17597577,318
49536,17597577,17597726,149
49537,17597726,17597816,90
49538,17597816,17597858,42
49539,17597858,17598093,235
49540,17598093,17598622,529
49541,17598622,17600741,2119
49542,17600741,17601106,365
49543,17601106,17601173,67
49544,17601173,17601447,274
49545,17601447,17602663,1216
49546,17602663,17602782,119
49547,17602782,17602818,36
49548,17602818,17602940,122
49549,17602940,17602981,41
49550,17602981,17603039,58
49551,17603039,17603087,48
49552,17603087,17603752,665
49553,17603752,17603828,76
49554,17603828,17604148,320
49555,17604148,17604159,11
49556,17604159,17604211,52
49557,17604211,17604262,51
49558,17604262,17604270,8
49559,17604270,17604369,99
49560,17604369,17604607,238
49561,17604607,17604664,57
49562,17604664,17604679,15
49563,17604679,17604699,20
49564,17604699,17604787,88
49565,17604787,17604916,129
49566,17604916,17605040,124
49567,17605040,17605236,196
49568,17605236,17605823,587
49569,17605823,17606166,343
49570,17606166,17606609,443
49571,17606609,17608103,1494
49572,17608103,17608371,268
49573,17608371,17608667,296
49574,17608667,17610615,1948
49575,17610615,17611265,650
49576,17611265,17612712,1447
49577,17612712,17613395,683
49578,17613395,17614705,1310
49579,17614705,17615670,965
49580,17615670,17616090,420
49581,17616090,17616541,451
49582,17616541,17616960,419
49583,17616960,17617134,174
49584,17617134,17617320,186
49585,17617320,17617456,136
49586,17617456,17617679,223
49587,17617679,17618726,1047
49588,17618726,17619918,1192
49589,17619918,17621533,1615
49590,17621533,17622116,583
49591,17622116,17622122,6
49592,17622122,17622725,603
49593,17622725,17623185,460
49594,17623185,17623509,324
49595,17623509,17623844,335
49596,17623844,17623946,102
49597,17623946,17624132,186
49598,17624132,17624178,46
49599,17624178,17624468,290
49600,17624468,17625323,855
49601,17625323,17625587,264
49602,17625587,17626249,662
49603,17626249,17626286,37
49604,17626286,17626614,328
49605,17626614,17626788,174
49606,17626788,17627117,329
49607,17627117,17627168,51
49608,17627168,17627809,641
49609,17627809,17628450,641
49610,17628450,17628685,235
49611,17628685,17628901,216
49612,17628901,17628955,54
49613,17628955,17629109,154
49614,17629109,17629371,262
49615,17629371,17630171,800
49616,17630171,17630904,733
49617,17630904,17630914,10
49618,17630914,17630946,32
49619,17630946,17631282,336
49620,17631282,17631686,404
49621,17631686,17631894,208
49622,17631894,17632085,191
49623,17632085,17632765,680
49624,17632765,17632778,13
49625,17632778,17632959,181
49626,17632959,17633089,130
49627,17633089,17633265,176
49628,17633265,17633646,381
49629,17633646,17634806,1160
49630,17634806,17634841,35
49631,17634841,17635014,173
49632,17635014,17635464,450
49633,17635464,17635540,76
49634,17635540,17635816,276
49635,17635816,17636157,341
49636,17636157,17636165,8
49637,17636165,17636422,257
49638,17636422,17636495,73
49639,17636495,17636531,36
49640,17636531,17636561,30
49641,17636561,17636919,358
49642,17636919,17637033,114
49643,17637033,17637124,91
49644,17637124,17637259,135
49645,17637259,17637399,140
49646,17637399,17637444,45
49647,17637444,17637553,109
49648,17637553,17637713,160
49649,17637713,17637832,119
49650,17637832,17637864,32
49651,17637864,17637985,121
49652,17637985,17638110,125
49653,17638110,17638216,106
49654,17638216,17638411,195
49655,17638411,17638519,108
49656,17638519,17638705,186
49657,17638705,17638744,39
49658,17638744,17639812,1068
49659,17639812,17640734,922
49660,17640734,17641342,608
49661,17641342,17641362,20
49662,17641362,17641366,4
49663,17641366,17641608,242
49664,17641608,17642423,815
49665,17642423,17643385,962
49666,17643385,17643459,74
49667,17643459,17643534,75
49668,17643534,17643693,159
49669,17643693,17643752,59
49670,17643752,17643850,98
49671,17643850,17644105,255
49672,17644105,17644478,373
49673,17644478,17645248,770
49674,17645248,17645261,13
49675,17645261,17645316,55
49676,17645316,17645743,427
49677,17645743,17645958,215
49678,17645958,17646243,285
49679,17646243,17646667,424
49680,17646667,17646970,303
49681,17646970,17647006,36
49682,17647006,17647031,25
49683,17647031,17647191,160
49684,17647191,17647234,43
49685,17647234,17647439,205
49686,17647439,17647583,144
49687,17647583,17647661,78
49688,17647661,17647686,25
49689,17647686,17648254,568
49690,17648254,17648282,28
49691,17648282,17648425,143
49692,17648425,17648494,69
49693,17648494,17648669,175
49694,17648669,17649255,586
49695,17649255,17649394,139
49696,17649394,17649428,34
49697,17649428,17649481,53
49698,17649481,17649508,27
49699,17649508,17649915,407
49700,17649915,17650057,142
49701,17650057,17650098,41
49702,17650098,17651210,1112
49703,17651210,17651665,455
49704,17651665,17651761,96
49705,17651761,17652878,1117
49706,17652878,17652947,69
49707,17652947,17653267,320
49708,17653267,17653280,13
49709,17653280,17653495,215
49710,17653495,17653712,217
49711,17653712,17653760,48
49712,17653760,17653870,110
49713,17653870,17653913,43
49714,17653913,17653969,56
49715,17653969,17654128,159
49716,17654128,17654426,298
49717,17654426,17654465,39
49718,17654465,17654581,116
49719,17654581,17654696,115
49720,17654696,17654951,255
49721,17654951,17655203,252
49722,17655203,17655651,448
49723,17655651,17655669,18
49724,17655669,17655784,115
49725,17655784,17655950,166
49726,17655950,17656193,243
49727,17656193,17656415,222
49728,17656415,17656738,323
49729,17656738,17656786,48
49730,17656786,17657302,516
49731,17657302,17658652,1350
49732,17658652,17658876,224
49733,17658876,17658881,5
49734,17658881,17660842,1961
49735,17660842,17661172,330
49736,17661172,17661213,41
49737,17661213,17661302,89
49738,17661302,17661399,97
49739,17661399,17661434,35
49740,17661434,17661644,210
49741,17661644,17662107,463
49742,17662107,17662121,14
49743,17662121,17662527,406
49744,17662527,17662745,218
49745,17662745,17662808,63
49746,17662808,17662863,55
49747,17662863,17662986,123
49748,17662986,17662994,8
49749,17662994,17663132,138
49750,17663132,17663150,18
49751,17663150,17663231,81
49752,17663231,17663244,13
49753,17663244,17663285,41
49754,17663285,17663310,25
49755,17663310,17663322,12
49756,17663322,17663336,14
49757,17663336,17663570,234
49758,17663570,17663651,81
49759,17663651,17663765,114
49760,17663765,17663828,63
49761,17663828,17664021,193
49762,17664021,17664132,111
49763,17664132,17664266,134
49764,17664266,17664290,24
49765,17664290,17664360,70
49766,17664360,17664381,21
49767,17664381,17664387,6
49768,17664387,17664491,104
49769,17664491,17664503,12
49770,17664503,17664582,79
49771,17664582,17664854,272
49772,17664854,17664897,43
49773,17664897,17665029,132
49774,17665029,17665413,384
49775,17665413,17665496,83
49776,17665496,17665544,48
49777,17665544,17665595,51
49778,17665595,17665787,192
49779,17665787,17665841,54
49780,17665841,17665883,42
49781,17665883,17665890,7
49782,17665890,17666040,150
49783,17666040,17666057,17
49784,17666057,17666238,181
49785,17666238,17666310,72
49786,17666310,17666331,21
49787,17666331,17666550,219
49788,17666550,17666564,14
49789,17666564,17666771,207
49790,17666771,17666957,186
49791,17666957,17667062,105
49792,17667062,17667153,91
49793,17667153,17667352,199
49794,17667352,17667968,616
49795,17667968,17668146,178
49796,17668146,17668368,222
49797,17668368,17668538,170
49798,17668538,17668595,57
49799,17668595,17668678,83
49800,17668678,17668860,182
49801,17668860,17668908,48
49802,17668908,17669378,470
49803,17669378,17669515,137
49804,17669515,17669650,135
49805,17669650,17669797,147
49806,17669797,17669967,170
49807,17669967,17670022,55
49808,17670022,17670118,96
49809,17670118,17670220,102
49810,17670220,17670338,118
49811,17670338,17670423,85
49812,17670423,17670487,64
49813,17670487,17670654,167
49814,17670654,17670752,98
49815,17670752,17670826,74
49816,17670826,17670851,25
49817,17670851,17671658,807
49818,17671658,17671740,82
49819,17671740,17671836,96
49820,17671836,17671959,123
49821,17671959,17671978,19
49822,17671978,17671983,5
49823,17671983,17672236,253
49824,17672236,17672300,64
49825,17672300,17672312,12
49826,17672312,17672435,123
49827,17672435,17672616,181
49828,17672616,17672949,333
49829,17672949,17673131,182
49830,17673131,17673406,275
49831,17673406,17673720,314
49832,17673720,17674336,616
49833,17674336,17674399,63
49834,17674399,17674456,57
49835,17674456,17674568,112
49836,17674568,17674618,50
49837,17674618,17675941,1323
49838,17675941,17676008,67
49839,17676008,17676056,48
49840,17676056,17676173,117
49841,17676173,17676351,178
49842,17676351,17676497,146
49843,17676497,17676536,39
49844,17676536,17677000,464
49845,17677000,17677058,58
49846,17677058,17677232,174
49847,17677232,17677281,49
49848,17677281,17677764,483
49849,17677764,17678277,513
49850,17678277,17678783,506
49851,17678783,17678921,138
49852,17678921,17679727,806
49853,17679727,17679893,166
49854,17679893,17680001,108
49855,17680001,17680014,13
49856,17680014,17680149,135
49857,17680149,17680301,152
49858,17680301,17680550,249
49859,17680550,17680929,379
49860,17680929,17681768,839
49861,17681768,17682921,1153
49862,17682921,17683614,693
49863,17683614,17683626,12
49864,17683626,17683678,52
49865,17683678,17683957,279
49866,17683957,17684098,141
49867,17684098,17684116,18
49868,17684116,17684168,52
49869,17684168,17684342,174
49870,17684342,17684584,242
49871,17684584,17684632,48
49872,17684632,17685230,598
49873,17685230,17685973,743
49874,17685973,17685990,17
49875,17685990,17686362,372
49876,17686362,17686703,341
49877,17686703,17686954,251
49878,17686954,17687135,181
49879,17687135,17687191,56
49880,17687191,17687983,792
49881,17687983,17688349,366
49882,17688349,17688588,239
49883,17688588,17688627,39
49884,17688627,17688752,125
49885,17688752,17688797,45
49886,17688797,17689496,699
49887,17689496,17689644,148
49888,17689644,17689881,237
49889,17689881,17689951,70
49890,17689951,17689965,14
49891,17689965,17690069,104
49892,17690069,17690336,267
49893,17690336,17691488,1152
49894,17691488,17692226,738
49895,17692226,17693142,916
49896,17693142,17693355,213
49897,17693355,17693593,238
49898,17693593,17693901,308
49899,17693901,17694210,309
49900,17694210,17694303,93
49901,17694303,17694489,186
49902,17694489,17694577,88
49903,17694577,17694674,97
49904,17694674,17695256,582
49905,17695256,17696132,876
49906,17696132,17696136,4
49907,17696136,17696330,194
49908,17696330,17696386,56
49909,17696386,17696403,17
49910,17696403,17696943,540
49911,17696943,17697047,104
49912,17697047,17697171,124
49913,17697171,17697272,101
49914,17697272,17697385,113
49915,17697385,17697526,141
49916,17697526,17697558,32
49917,17697558,17697761,203
49918,17697761,17697776,15
49919,17697776,17697930,154
49920,17697930,17697958,28
49921,17697958,17697974,16
49922,17697974,17698428,454
49923,17698428,17698448,20
49924,17698448,17698453,5
49925,17698453,17698458,5
49926,17698458,17698526,68
49927,17698526,17698637,111
49928,17698637,17698706,69
49929,17698706,17698892,186
49930,17698892,17699110,218
49931,17699110,17699240,130
49932,17699240,17699245,5
49933,17699245,17699250,5
49934,17699250,17699572,322
49935,17699572,17699613,41
49936,17699613,17700007,394
49937,17700007,17700803,796
49938,17700803,17700859,56
49939,17700859,17701234,375
49940,17701234,17701314,80
49941,17701314,17701457,143
49942,17701457,17701494,37
49943,17701494,17701527,33
49944,17701527,17701635,108
49945,17701635,17702980,1345
49946,17702980,17703323,343
49947,17703323,17703537,214
49948,17703537,17703546,9
49949,17703546,17703551,5
49950,17703551,17703630,79
49951,17703630,17703639,9
49952,17703639,17704497,858
49953,17704497,17704512,15
49954,17704512,17704669,157
49955,17704669,17705016,347
49956,17705016,17705056,40
49957,17705056,17705150,94
49958,17705150,17705220,70
49959,17705220,17705233,13
49960,17705233,17705539,306
49961,17705539,17705615,76
49962,17705615,17706104,489
49963,17706104,17706279,175
49964,17706279,17706697,418
49965,17706697,17706791,94
49966,17706791,17707095,304
49967,17707095,17707346,251
49968,17707346,17707705,359
49969,17707705,17708478,773
49970,17708478,17708516,38
49971,17708516,17708836,320
49972,17708836,17708953,117
49973,17708953,17709062,109
49974,17709062,17709252,190
49975,17709252,17709321,69
49976,17709321,17710326,1005
49977,17710326,17711426,1100
49978,17711426,17711649,223
49979,17711649,17712477,828
49980,17712477,17713004,527
49981,17713004,17713724,720
49982,17713724,17714609,885
49983,17714609,17714897,288
49984,17714897,17714970,73
49985,17714970,17715428,458
49986,17715428,17715765,337
49987,17715765,17716155,390
49988,17716155,17716193,38
49989,17716193,17716437,244
49990,17716437,17717796,1359
49991,17720311,17720611,300
49992,17720611,17720660,49
49993,17720660,17721132,472
49994,17721132,17721413,281
49995,17721413,17721953,540
49996,17721953,17722215,262
49997,17722215,17722451,236
49998,17722451,17722560,109
49999,17722560,17722644,84
50000,17722644,17723132,488
50001,17723132,17723961,829
50002,17723961,17724073,112
50003,17724073,17725265,1192
50004,17725265,17725670,405
50005,17725670,17725741,71
50006,17725741,17726044,303
50007,17726044,17726110,66
50008,17726110,17726191,81
50009,17726191,17726565,374
50010,17726565,17727522,957
50011,17727522,17727721,199
50012,17727721,17728049,328
50013,17728049,17728058,9
50014,17728058,17728126,68
50015,17728126,17728950,824
50016,17728950,17729232,282
50017,17729232,17729330,98
50018,17729330,17729544,214
50019,17729544,17729671,127
50020,17729671,17729811,140
50021,17729811,17730610,799
50022,17730610,17730807,197
50023,17730807,17730895,88
50024,17730895,17731019,124
50025,17731019,17731407,388
50026,17731407,17731888,481
50027,17733945,17734515,570
50028,17734515,17734565,50
50029,17734565,17734676,111
50030,17734676,17735227,551
50031,17735227,17735315,88
50032,17735315,17735866,551
50033,17735866,17736535,669
50034,17736535,17737124,589
50035,17737124,17737344,220
50036,17737344,17738158,814
50037,17738158,17738196,38
50038,17738196,17738303,107
50039,17738303,17738408,105
50040,17738408,17738413,5
50041,17738413,17739450,1037
50042,17739450,17740099,649
50043,17740099,17740690,591
50044,17740690,17740702,12
50045,17740702,17740866,164
50046,17740866,17740883,17
50047,17740883,17740901,18
50048,17740901,17740908,7
50049,17740908,17740950,42
50050,17740950,17741137,187
50051,17741137,17741160,23
50052,17741160,17741165,5
50053,17741165,17741200,35
50054,17741200,17741381,181
50055,17741381,17741478,97
50056,17741478,17741671,193
50057,17741671,17741679,8
50058,17741679,17741958,279
50059,17741958,17742251,293
50060,17742251,17742286,35
50061,17742286,17742352,66
50062,17742352,17742619,267
50063,17742619,17742649,30
50064,17742649,17742698,49
50065,17742698,17743640,942
50066,17743640,17743696,56
50067,17743696,17743828,132
50068,17743828,17743890,62
50069,17743890,17743908,18
50070,17743908,17744044,136
50071,17744044,17744054,10
50072,17744054,17744058,4
50073,17744058,17744232,174
50074,17744232,17744246,14
50075,17744246,17744328,82
50076,17744328,17745053,725
50077,17745053,17746600,1547
50078,17746600,17746769,169
50079,17746769,17746826,57
50080,17746826,17746966,140
50081,17746966,17747081,115
50082,17747081,17747106,25
50083,17747106,17747127,21
50084,17747127,17747281,154
50085,17747281,17747337,56
50086,17747337,17747402,65
50087,17747402,17747556,154
50088,17747556,17747667,111
50089,17747667,17747767,100
50090,17747767,17747785,18
50091,17747785,17747929,144
50092,17747929,17748123,194
50093,17748123,17748393,270
50094,17748393,17748502,109
50095,17748502,17748641,139
50096,17748641,17748811,170
50097,17748811,17749171,360
50098,17749171,17749353,182
50099,17749353,17749474,121
50100,17749474,17749543,69
50101,17749543,17749552,9
50102,17749552,17749853,301
50103,17749853,17750359,506
50104,17750359,17750405,46
50105,17750405,17750793,388
50106,17750793,17751104,311
50107,17751104,17751613,509
50108,17751613,17751903,290
50109,17751903,17752018,115
50110,17752018,17752027,9
50111,17752027,17752234,207
50112,17752234,17752351,117
50113,17752351,17752422,71
50114,17752422,17753908,1486
50115,17753908,17754611,703
50116,17754611,17755082,471
50117,17755082,17756048,966
50118,17756048,17756053,5
50119,17756053,17756548,495
50120,17756548,17756585,37
50121,17756585,17756763,178
50122,17756763,17757818,1055
50123,17757818,17758813,995
50124,17758813,17759602,789
50125,17759602,17759608,6
50126,17759608,17759614,6
50127,17759614,17759620,6
50128,17759620,17759657,37
50129,17759657,17760164,507
50130,17760164,17760236,72
50131,17760236,17760707,471
50132,17760707,17760874,167
50133,17760874,17761217,343
50134,17761217,17761243,26
50135,17761243,17761257,14
50136,17761257,17761347,90
50137,17761347,17761359,12
50138,17761359,17761651,292
50139,17761651,17761738,87
50140,17761738,17761909,171
50141,17761909,17762879,970
50142,17762879,17763729,850
50143,17763729,17764164,435
50144,17764164,17764203,39
50145,17764203,17764734,531
50146,17764734,17765246,512
50147,17765246,17765333,87
50148,17765333,17766707,1374
50149,17766707,17766810,103
50150,17766810,17767059,249
50151,17767059,17767577,518
50152,17767577,17768295,718
50153,17768295,17769550,1255
50154,17769550,17769597,47
50155,17769597,17769889,292
50156,17769889,17770057,168
50157,17770057,17770456,399
50158,17770456,17770572,116
50159,17770572,17770624,52
50160,17770624,17770660,36
50161,17770660,17770802,142
50162,17770802,17770823,21
50163,17770823,17770830,7
50164,17770830,17770902,72
50165,17770902,17770906,4
50166,17770906,17770920,14
50167,17770920,17770930,10
50168,17770930,17771192,262
50169,17771192,17771346,154
50170,17771346,17771457,111
50171,17771457,17771731,274
50172,17771731,17771842,111
50173,17771842,17771980,138
50174,17771980,17772085,105
50175,17772085,17772266,181
50176,17772266,17772670,404
50177,17772670,17773518,848
50178,17773518,17774298,780
50179,17774298,17775397,1099
50180,17775397,17775511,114
50181,17775511,17775521,10
50182,17775521,17776289,768
50183,17776289,17776822,533
50184,17776822,17776895,73
50185,17776895,17777244,349
50186,17777244,17777660,416
50187,17777660,17777666,6
50188,17777666,17777781,115
50189,17777781,17777862,81
50190,17777862,17778838,976
50191,17778838,17779205,367
50192,17779205,17779306,101
50193,17779306,17779810,504
50194,17779810,17780187,377
50195,17780187,17780496,309
50196,17780496,17780668,172
50197,17780668,17780867,199
50198,17780867,17780885,18
50199,17780885,17781087,202
50200,17781087,17781425,338
50201,17781425,17781434,9
50202,17781434,17781497,63
50203,17781497,17782267,770
50204,17782267,17783785,1518
50205,17783785,17784032,247
50206,17784032,17784317,285
50207,17784317,17785382,1065
50208,17785382,17785908,526
50209,17785908,17785912,4
50210,17785912,17787139,1227
50211,17787139,17787959,820
50212,17787959,17788899,940
50213,17788899,17790630,1731
50214,17790630,17791069,439
50215,17791069,17791278,209
50216,17791278,17791360,82
50217,17791360,17791384,24
50218,17791384,17791826,442
50219,17791826,17792185,359
50220,17792185,17792607,422
50221,17792607,17793115,508
50222,17793115,17793875,760
50223,17793875,17794173,298
50224,17794173,17794559,386
50225,17794559,17794761,202
50226,17794761,17795143,382
50227,17795143,17795255,112
50228,17795255,17795564,309
50229,17795564,17795726,162
50230,17795726,17795954,228
50231,17795954,17796080,126
50232,17796080,17796709,629
50233,17796709,17796774,65
50234,17796774,17796784,10
50235,17796784,17796794,10
50236,17796794,17797278,484
50237,17797278,17797577,299
50238,17799670,17800396,726
50239,17800396,17800727,331
50240,17800727,17800905,178
50241,17800905,17801094,189
50242,17801094,17801102,8
50243,17803904,17804280,376
50244,17804280,17804390,110
50245,17804390,17804475,85
50246,17804475,17804520,45
50247,17804520,17804533,13
50248,17804533,17804591,58
50249,17804591,17804773,182
50250,17804773,17804781,8
50251,17804781,17804789,8
50252,17804789,17804797,8
50253,17804797,17805250,453
50254,17805250,17805308,58
50255,17805308,17805660,352
50256,17805660,17805733,73
50257,17805733,17805892,159
50258,17805892,17805967,75
50259,17805967,17806223,256
50260,17806223,17806233,10
50261,17806233,17806320,87
50262,17806320,17806330,10
50263,17806330,17806703,373
50264,17806703,17806710,7
50265,17806710,17806767,57
50266,17806767,17806781,14
50267,17806781,17807456,675
50268,17807456,17807514,58
50269,17807514,17807519,5
50270,17807519,17807529,10
50271,17807529,17807604,75
50272,17807604,17807697,93
50273,17807697,17808068,371
50274,17808068,17808142,74
50275,17808142,17808152,10
50276,17808152,17808585,433
50277,17808585,17809296,711
50278,17809296,17809461,165
50279,17809461,17811693,2232
50280,17811693,17811703,10
50281,17811703,17811883,180
50282,17811883,17812100,217
50283,17812100,17813061,961
50284,17813061,17813088,27
50285,17813088,17813489,401
50286,17813489,17813562,73
50287,17813562,17813694,132
50288,17813694,17813751,57
50289,17813751,17813920,169
50290,17813920,17814442,522
50291,17814442,17814688,246
50292,17814688,17814964,276
50293,17814964,17815084,120
50294,17815084,17815170,86
50295,17815170,17815216,46
50296,17815216,17815423,207
50297,17815423,17815431,8
50298,17815431,17815439,8
50299,17815439,17815447,8
50300,17815447,17815455,8
50301,17815455,17815463,8
50302,17815463,17815471,8
50303,17815471,17815549,78
50304,17815549,17815583,34
50305,17815583,17816037,454
50306,17816037,17816067,30
50307,17816067,17816133,66
50308,17816133,17816672,539
50309,17816672,17818059,1387
50310,17818059,17818382,323
50311,17818382,17818434,52
50312,17818434,17818657,223
50313,17818657,17818832,175
50314,17818832,17819246,414
50315,17819246,17819341,95
50316,17819341,17819427,86
50317,17819427,17819495,68
50318,17819495,17819678,183
50319,17819678,17819840,162
50320,17819840,17819862,22
50321,17819862,17821309,1447
50322,17821309,17821437,128
50323,17821437,17821944,507
50324,17821944,17822524,580
50325,17822524,17822961,437
50326,17822961,17823138,177
50327,17823138,17823425,287
50328,17823425,17823537,112
50329,17823537,17824237,700
50330,17824237,17824362,125
50331,17824362,17824758,396
50332,17824758,17824893,135
50333,17824893,17824973,80
50334,17824973,17825079,106
50335,17825079,17825313,234
50336,17825313,17825363,50
50337,17825363,17826736,1373
50338,17826736,17826748,12
50339,17826748,17827380,632
50340,17827380,17827385,5
50341,17827385,17827409,24
50342,17827409,17827872,463
50343,17827872,17827992,120
50344,17827992,17828257,265
50345,17828257,17828988,731
50346,17828988,17829957,969
50347,17829957,17830046,89
50348,17830046,17830244,198
50349,17830244,17830525,281
50350,17830525,17830852,327
50351,17830852,17831187,335
50352,17831187,17831299,112
50353,17831299,17831355,56
50354,17831355,17831364,9
50355,17831364,17831388,24
50356,17831388,17831725,337
50357,17831725,17831767,42
50358,17831767,17832561,794
50359,17832561,17833850,1289
50360,17833850,17833901,51
50361,17833901,17834028,127
50362,17834028,17834370,342
50363,17834370,17834431,61
50364,17834431,17835926,1495
50365,17835926,17836271,345
50366,17836271,17836303,32
50367,17836303,17836366,63
50368,17836366,17836765,399
50369,17836765,17837088,323
50370,17837088,17837482,394
50371,17837482,17837542,60
50372,17837542,17837902,360
50373,17837902,17837909,7
50374,17837909,17838888,979
50375,17838888,17839003,115
50376,17839003,17839131,128
50377,17839131,17839295,164
50378,17839295,17839302,7
50379,17839302,17839328,26
50380,17839328,17839427,99
50381,17839427,17839438,11
50382,17839438,17839760,322
50383,17839760,17840251,491
50384,17840251,17840373,122
50385,17840373,17840427,54
50386,17840427,17840781,354
50387,17840781,17841044,263
50388,17841044,17841163,119
50389,17841163,17841364,201
50390,17841364,17841973,609
50391,17841973,17842287,314
50392,17842287,17842329,42
50393,17842329,17842929,600
50394,17842929,17842985,56
50395,17842985,17843088,103
50396,17843088,17843458,370
50397,17843458,17843583,125
50398,17843583,17843600,17
50399,17843600,17843783,183
50400,17843783,17843858,75
50401,17843858,17843942,84
50402,17843942,17843946,4
50403,17843946,17844033,87
50404,17844033,17844132,99
50405,17844132,17844201,69
50406,17844201,17844282,81
50407,17844282,17844303,21
50408,17844303,17844578,275
50409,17844578,17845715,1137
50410,17845715,17846074,359
50411,17846074,17846827,753
50412,17846827,17846939,112
50413,17846939,17847158,219
50414,17847158,17847272,114
50415,17847272,17847350,78
50416,17847350,17847498,148
50417,17847498,17847622,124
50418,17847622,17847634,12
50419,17847634,17847856,222
50420,17847856,17848406,550
50421,17848406,17848637,231
50422,17848637,17848840,203
50423,17848840,17849014,174
50424,17849014,17849272,258
50425,17849272,17849529,257
50426,17849529,17849575,46
50427,17849575,17849610,35
50428,17849610,17849643,33
50429,17849643,17850055,412
50430,17850055,17850660,605
50431,17850660,17851054,394
50432,17851054,17851074,20
50433,17851074,17851374,300
50434,17851374,17851552,178
50435,17851552,17851828,276
50436,17851828,17852006,178
50437,17852006,17852211,205
50438,17852211,17852364,153
50439,17852364,17852372,8
50440,17852372,17852393,21
50441,17852393,17853187,794
50442,17853187,17853271,84
50443,17853271,17853280,9
50444,17853280,17853462,182
50445,17853462,17853859,397
50446,17853859,17853928,69
50447,17853928,17853973,45
50448,17853973,17854009,36
50449,17854009,17854107,98
50450,17854107,17854212,105
50451,17854212,17854263,51
50452,17854263,17854269,6
50453,17854269,17854409,140
50454,17854409,17854521,112
50455,17854521,17854548,27
50456,17854548,17855432,884
50457,17855432,17855588,156
50458,17855588,17857471,1883
50459,17857471,17857507,36
50460,17857507,17857725,218
50461,17857725,17858095,370
50462,17858095,17858182,87
50463,17858182,17858216,34
50464,17858216,17858262,46
50465,17858262,17858275,13
50466,17858275,17858320,45
50467,17858320,17858785,465
50468,17858785,17859194,409
50469,17859194,17859662,468
50470,17859662,17859942,280
50471,17859942,17860198,256
50472,17860198,17860426,228
50473,17860426,17860517,91
50474,17860517,17860533,16
50475,17860533,17860647,114
50476,17860647,17860746,99
50477,17860746,17861137,391
50478,17861137,17861918,781
50479,17861918,17862059,141
50480,17862059,17862106,47
50481,17862106,17862309,203
50482,17862309,17862617,308
50483,17862617,17862945,328
50484,17862945,17863123,178
50485,17863123,17863223,100
50486,17863223,17863326,103
50487,17863326,17863809,483
50488,17863809,17863824,15
50489,17863824,17864239,415
50490,17864239,17864778,539
50491,17864778,17865508,730
50492,17865508,17865515,7
50493,17865515,17867081,1566
50494,17867081,17867198,117
50495,17867198,17868160,962
50496,17868160,17868225,65
50497,17868225,17868588,363
50498,17868588,17869085,497
50499,17869085,17869118,33
50500,17869118,17869399,281
50501,17869399,17869404,5
50502,17869404,17869508,104
50503,17869508,17869573,65
50504,17869573,17869648,75
50505,17869648,17869813,165
50506,17869813,17869928,115
50507,17869928,17869934,6
50508,17869934,17870184,250
50509,17870184,17870312,128
50510,17870312,17870357,45
50511,17870357,17870472,115
50512,17870472,17870486,14
50513,17870486,17870498,12
50514,17870498,17870509,11
50515,17870509,17870770,261
50516,17870770,17870863,93
50517,17870863,17872221,1358
50518,17872221,17872492,271
50519,17872492,17872533,41
50520,17872533,17872647,114
50521,17872647,17872823,176
50522,17872823,17872834,11
50523,17872834,17873286,452
50524,17873286,17873423,137
50525,17873423,17873546,123
50526,17873546,17873702,156
50527,17873702,17874454,752
50528,17874454,17874488,34
50529,17874488,17874579,91
50530,17874579,17874611,32
50531,17874611,17874833,222
50532,17874833,17875002,169
50533,17875002,17875012,10
50534,17875012,17875262,250
50535,17875262,17875271,9
50536,17875271,17875288,17
50537,17875288,17875537,249
50538,17875537,17876320,783
50539,17876320,17876330,10
50540,17876330,17876335,5
50541,17876335,17876340,5
50542,17876340,17876345,5
50543,17876345,17876366,21
50544,17876366,17876913,547
50545,17876913,17877362,449
50546,17877362,17877400,38
50547,17877400,17878242,842
50548,17878242,17879822,1580
50549,17879822,17879833,11
50550,17879833,17879875,42
50551,17879875,17879882,7
50552,17879882,17879889,7
50553,17879889,17880008,119
50554,17880008,17880302,294
50555,17880302,17880572,270
50556,17880572,17881572,1000
50557,17881572,17882082,510
50558,17882082,17882092,10
50559,17882092,17882293,201
50560,17882293,17882937,644
50561,17882937,17884023,1086
50562,17884023,17884035,12
50563,17884035,17884041,6
50564,17884041,17884059,18
50565,17884059,17884089,30
50566,17884089,17884355,266
50567,17884355,17884973,618
50568,17884973,17885039,66
50569,17885039,17885069,30
50570,17885069,17885284,215
50571,17885284,17885353,69
50572,17885353,17885495,142
50573,17885495,17886819,1324
50574,17886819,17888260,1441
50575,17888260,17888278,18
50576,17888278,17888338,60
50577,17888338,17888466,128
50578,17888466,17888499,33
50579,17888499,17888550,51
50580,17888550,17888592,42
50581,17888592,17888682,90
50582,17888682,17888770,88
50583,17888770,17889712,942
50584,17889712,17889941,229
50585,17889941,17889948,7
50586,17889948,17889986,38
50587,17889986,17890114,128
50588,17890114,17890531,417
50589,17890531,17890600,69
50590,17890600,17890707,107
50591,17890707,17891133,426
50592,17891133,17891438,305
50593,17891438,17891508,70
50594,17891508,17891614,106
50595,17891614,17891680,66
50596,17891680,17891874,194
50597,17891874,17892225,351
50598,17892225,17892751,526
50599,17892751,17893767,1016
50600,17893767,17894269,502
50601,17894269,17895122,853
50602,17895122,17895252,130
50603,17895252,17895447,195
50604,17895447,17896082,635
50605,17896082,17896419,337
50606,17896419,17896513,94
50607,17896513,17896549,36
50608,17896549,17896601,52
50609,17896601,17896839,238
50610,17896839,17897301,462
50611,17897301,17897692,391
50612,17897692,17897892,200
50613,17897892,17897903,11
50614,17897903,17897921,18
50615,17897921,17898191,270
50616,17898191,17898256,65
50617,17898256,17898298,42
50618,17898298,17898421,123
50619,17898421,17898455,34
50620,17898455,17898654,199
50621,17898654,17898705,51
50622,17898705,17898747,42
50623,17898747,17898837,90
50624,17898837,17898925,88
50625,17898925,17899867,942
50626,17899867,17900096,229
50627,17900096,17900103,7
50628,17900103,17900141,38
50629,17900141,17900269,128
50630,17900269,17900686,417
50631,17900686,17900755,69
50632,17900755,17900862,107
50633,17900862,17901288,426
50634,17901288,17901593,305
50635,17901593,17901663,70
50636,17901663,17901769,106
50637,17901769,17901835,66
50638,17901835,17902029,194
50639,17902029,17902380,351
50640,17902380,17902906,526
50641,17902906,17903839,933
50642,17903839,17903933,94
50643,17903933,17903969,36
50644,17903969,17904021,52
50645,17904021,17904259,238
50646,17904259,17904723,464
50647,17904723,17905114,391
50648,17905114,17905314,200
50649,17905314,17905325,11
50650,17905325,17905343,18
50651,17905343,17905613,270
50652,17905613,17905678,65
50653,17905678,17905720,42
50654,17905720,17905843,123
50655,17905843,17905877,34
50656,17905877,17906333,456
50657,17906333,17906397,64
50658,17906397,17906916,519
50659,17906916,17907150,234
50660,17907150,17907155,5
50661,17907155,17908035,880
50662,17908035,17908243,208
50663,17908243,17908248,5
50664,17908248,17908610,362
50665,17908610,17908637,27
50666,17908637,17908916,279
50667,17908916,17908992,76
50668,17908992,17909271,279
50669,17909271,17909369,98
50670,17909369,17909392,23
50671,17909392,17909597,205
50672,17909597,17909637,40
50673,17909637,17909714,77
50674,17909714,17910128,414
50675,17910128,17910398,270
50676,17910398,17910562,164
50677,17910562,17910922,360
50678,17910922,17910964,42
50679,17910964,17911403,439
50680,17911403,17911467,64
50681,17911467,17911506,39
50682,17911506,17912835,1329
50683,17912835,17912993,158
50684,17912993,17913233,240
50685,17913233,17913390,157
50686,17913390,17913442,52
50687,17913442,17913883,441
50688,17913883,17914741,858
50689,17914741,17914913,172
50690,17914913,17916007,1094
50691,17916007,17916595,588
50692,17916595,17916705,110
50693,17916705,17916854,149
50694,17916854,17917385,531
50695,17917385,17918333,948
50696,17918333,17918444,111
50697,17918444,17918877,433
50698,17918877,17919418,541
50699,17919418,17919607,189
50700,17919607,17919616,9
50701,17919616,17919624,8
50702,17919624,17919665,41
50703,17919665,17919699,34
50704,17919699,17920659,960
50705,17920659,17920817,158
50706,17920817,17920860,43
50707,17920860,17921144,284
50708,17921144,17921251,107
50709,17921251,17921461,210
50710,17921461,17921474,13
50711,17921474,17921933,459
50712,17921933,17921981,48
50713,17921981,17922061,80
50714,17922061,17922080,19
50715,17922080,17922264,184
50716,17922264,17922712,448
50717,17922712,17922741,29
50718,17922741,17922825,84
50719,17922825,17922847,22
50720,17922847,17922964,117
50721,17922964,17923088,124
50722,17923088,17923096,8
50723,17923096,17923243,147
50724,17923243,17923343,100
50725,17923343,17923409,66
50726,17923409,17923564,155
50727,17923564,17923688,124
50728,17923688,17923778,90
50729,17923778,17923820,42
50730,17923820,17923838,18
50731,17923838,17924217,379
50732,17924217,17924509,292
50733,17924509,17925273,764
50734,17925273,17925732,459
50735,17925732,17925845,113
50736,17925845,17926675,830
50737,17926675,17927469,794
50738,17927469,17927473,4
50739,17927473,17927821,348
50740,17927821,17928112,291
50741,17928112,17928212,100
50742,17928212,17930341,2129
50743,17930341,17930454,113
50744,17930454,17930524,70
50745,17930524,17930651,127
50746,17930651,17930730,79
50747,17930730,17930921,191
50748,17930921,17930926,5
50749,17930926,17930931,5
50750,17930931,17931790,859
50751,17931790,17931801,11
50752,17931801,17931815,14
50753,17931815,17931822,7
50754,17931822,17931932,110
50755,17931932,17932045,113
50756,17932045,17932339,294
50757,17932339,17932755,416
50758,17932755,17932777,22
50759,17932777,17932925,148
50760,17932925,17933277,352
50761,17933277,17933726,449
50762,17933726,17934023,297
50763,17934023,17934035,12
50764,17934035,17934107,72
50765,17934107,17934204,97
50766,17934204,17934223,19
50767,17934223,17934259,36
50768,17934259,17935800,1541
50769,17935800,17935844,44
50770,17935844,17936056,212
50771,17936056,17936131,75
50772,17936131,17936371,240
50773,17936371,17936381,10
50774,17936381,17937223,842
50775,17937223,17937227,4
50776,17937227,17937936,709
50777,17937936,17938119,183
50778,17938119,17938616,497
50779,17938616,17938821,205
50780,17938821,17939309,488
50781,17939309,17939518,209
50782,17939518,17939985,467
50783,17939985,17940014,29
50784,17940014,17940268,254
50785,17940268,17940283,15
50786,17940283,17940445,162
50787,17940445,17940975,530
50788,17940975,17941527,552
50789,17941527,17942016,489
50790,17942016,17942185,169
50791,17942185,17942291,106
50792,17942291,17942847,556
50793,17942847,17942939,92
50794,17942939,17943104,165
50795,17943104,17945691,2587
50796,17945691,17945795,104
50797,17945795,17945909,114
50798,17945909,17946079,170
50799,17946079,17946197,118
50800,17946197,17946255,58
50801,17946255,17946540,285
50802,17946540,17946737,197
50803,17946737,17946749,12
50804,17946749,17946766,17
50805,17946766,17947358,592
50806,17947358,17947718,360
50807,17947718,17948310,592
50808,17948310,17948345,35
50809,17948345,17948566,221
50810,17948566,17948662,96
50811,17948662,17948884,222
50812,17948884,17948896,12
50813,17948896,17948904,8
50814,17948904,17948917,13
50815,17948917,17948926,9
50816,17948926,17949655,729
50817,17949655,17949694,39
50818,17949694,17950221,527
50819,17950221,17950225,4
50820,17950225,17951249,1024
50821,17951249,17951921,672
50822,17951921,17952086,165
50823,17952086,17952695,609
50824,17952695,17953086,391
50825,17953086,17953159,73
50826,17953159,17953251,92
50827,17953251,17953764,513
50828,17953764,17954738,974
50829,17954738,17954865,127
50830,17954865,17955909,1044
50831,17955909,17957029,1120
50832,17957029,17957208,179
50833,17957208,17957592,384
50834,17957592,17957598,6
50835,17957598,17957627,29
50836,17957627,17958048,421
50837,17958048,17958851,803
50838,17958851,17959021,170
50839,17959021,17960098,1077
50840,17960098,17961613,1515
50841,17961613,17962607,994
50842,17968423,17969505,1082
50843,17969505,17969583,78
50844,17969583,17970739,1156
50845,17970739,17971115,376
50846,17975724,17975830,106
50847,17975830,17976412,582
50848,17976412,17976492,80
50849,17976492,17976694,202
50850,17976694,17976819,125
50851,17976819,17979179,2360
50852,17979179,17979314,135
50853,17979314,17980742,1428
50854,17980742,17981599,857
50855,17981599,17981622,23
50856,17981622,17983606,1984
50857,17983606,17983970,364
50858,17983970,17984852,882
50859,17984852,17986702,1850
50860,17986702,17987339,637
50861,17987339,17988282,943
50862,17988282,17988638,356
50863,17988638,17989392,754
50864,17989392,17989405,13
50865,17989405,17990132,727
50866,17990132,17990863,731
50867,17992937,17993113,176
50868,17993113,17993543,430
50869,17993543,17993870,327
50870,17993870,17993936,66
50871,17993936,17993962,26
50872,17993962,17993979,17
50873,17993979,17994066,87
50874,17994066,17994079,13
50875,17994079,17994281,202
50876,17996874,17998114,1240
50877,17998114,17999875,1761
50878,17999875,17999977,102
50879,17999977,18000277,300
50880,18000277,18000284,7
50881,18000284,18000290,6
50882,18000290,18000302,12
50883,18000302,18001335,1033
50884,18001335,18001391,56
50885,18001391,18001631,240
50886,18001631,18003282,1651
50887,18003282,18003844,562
50888,18003844,18006195,2351
50889,18006195,18006441,246
50890,18006441,18006717,276
50891,18006717,18006884,167
50892,18006884,18007340,456
50893,18007340,18007346,6
50894,18007346,18007352,6
50895,18007352,18007358,6
50896,18007358,18007364,6
50897,18007364,18007467,103
50898,18007467,18009218,1751
50899,18009218,18010452,1234
50900,18010452,18010900,448
50901,18010900,18011779,879
50902,18011779,18012500,721
50903,18012500,18013401,901
50904,18013401,18013409,8
50905,18013409,18013439,30
50906,18013439,18014001,562
50907,18014001,18014052,51
50908,18014052,18014137,85
50909,18014137,18014146,9
50910,18014146,18014155,9
50911,18014155,18014161,6
50912,18014161,18014366,205
50913,18014366,18014493,127
50914,18014493,18015052,559
50915,18015052,18015074,22
50916,18015074,18015113,39
50917,18015113,18015213,100
50918,18015213,18015344,131
50919,18015344,18015444,100
50920,18015444,18016310,866
50921,18016310,18016959,649
50922,18016959,18017486,527
50923,18017486,18017500,14
50924,18017500,18017513,13
50925,18017513,18017661,148
50926,18017661,18017835,174
50927,18017835,18018068,233
50928,18018068,18018354,286
50929,18021128,18022034,906
50930,18022034,18022190,156
50931,18022190,18022252,62
50932,18022252,18022505,253
50933,18022505,18022951,446
50934,18022951,18023025,74
50935,18023025,18024235,1210
50936,18024235,18024546,311
50937,18024546,18024912,366
50938,18024912,18025004,92
50939,18025004,18025182,178
50940,18025182,18025190,8
50941,18025190,18025244,54
50942,18025244,18025295,51
50943,18025295,18025935,640
50944,18025935,18026079,144
50945,18026079,18026453,374
50946,18026453,18026549,96
50947,18026549,18026556,7
50948,18026556,18026831,275
50949,18026831,18026915,84
50950,18026915,18026927,12
50951,18026927,18027216,289
50952,18027216,18027234,18
50953,18027234,18027267,33
50954,18027267,18027472,205
50955,18027472,18027671,199
50956,18027671,18028178,507
50957,18028178,18028187,9
50958,18028187,18028301,114
50959,18028301,18028972,671
50960,18028972,18029801,829
50961,18029801,18031338,1537
50962,18031338,18032159,821
50963,18032159,18032526,367
50964,18032526,18033402,876
50965,18033402,18033773,371
50966,18036481,18037816,1335
50967,18037816,18038026,210
50968,18038026,18039259,1233
50969,18039259,18039369,110
50970,18039369,18040077,708
50971,18040077,18040656,579
50972,18040656,18041008,352
50973,18041008,18042178,1170
50974,18042178,18042845,667
50975,18042845,18043909,1064
50976,18043909,18044642,733
50977,18044642,18044779,137
50978,18044779,18044840,61
50979,18044840,18045161,321
50980,18045161,18045210,49
50981,18045210,18045301,91
50982,18045301,18045347,46
50983,18045347,18045578,231
50984,18045578,18045595,17
50985,18045595,18045951,356
50986,18045951,18046633,682
50987,18046633,18046831,198
50988,18046831,18047041,210
50989,18047041,18047071,30
50990,18047071,18047085,14
50991,18047085,18047597,512
50992,18047597,18047601,4
50993,18047601,18048232,631
50994,18048232,18048501,269
50995,18048501,18050139,1638
50996,18050139,18050450,311
50997,18050450,18051256,806
50998,18053743,18056068,2325
50999,18056068,18056396,328
51000,18056396,18056751,355
51001,18056751,18057229,478
51002,18057229,18057839,610
51003,18057839,18059645,1806
51004,18059645,18060067,422
51005,18060067,18060408,341
51006,18060408,18060859,451
51007,18060859,18061055,196
51008,18061055,18061924,869
51009,18061924,18062490,566
51010,18062490,18062800,310
51011,18062800,18064166,1366
51012,18064166,18064378,212
51013,18064378,18064559,181
51014,18064559,18064624,65
51015,18064624,18064657,33
51016,18064657,18064766,109
51017,18064766,18064832,66
51018,18064832,18064865,33
51019,18064865,18065041,176
51020,18065041,18065069,28
51021,18065069,18065080,11
51022,18065080,18065195,115
51023,18065195,18065331,136
51024,18065331,18065445,114
51025,18065445,18065526,81
51026,18065526,18066093,567
51027,18066093,18066110,17
51028,18066110,18066180,70
51029,18066180,18066285,105
51030,18066285,18066612,327
51031,18066612,18066628,16
51032,18066628,18066710,82
51033,18066710,18066943,233
51034,18066943,18067052,109
51035,18067052,18067162,110
51036,18067162,18067622,460
51037,18067622,18067721,99
51038,18067721,18067838,117
51039,18067838,18067845,7
51040,18067845,18068180,335
51041,18068180,18068301,121
51042,18068301,18068491,190
51043,18068491,18068637,146
51044,18068637,18068720,83
51045,18068720,18068944,224
51046,18068944,18069066,122
51047,18069066,18069082,16
51048,18069082,18069138,56
51049,18069138,18069153,15
51050,18069153,18069274,121
51051,18069274,18069420,146
51052,18069420,18069459,39
51053,18069459,18069516,57
51054,18069516,18069689,173
51055,18069689,18069811,122
51056,18069811,18069817,6
51057,18069817,18069977,160
51058,18069977,18070220,243
51059,18070220,18070544,324
51060,18070544,18070619,75
51061,18070619,18070658,39
51062,18070658,18070698,40
51063,18070698,18070731,33
51064,18070731,18070837,106
51065,18070837,18070891,54
51066,18070891,18070900,9
51067,18070900,18070920,20
51068,18070920,18071022,102
51069,18071022,18071066,44
51070,18071066,18071166,100
51071,18071166,18071427,261
51072,18071427,18071556,129
51073,18071556,18071672,116
51074,18071672,18071720,48
51075,18071720,18071886,166
51076,18071886,18072041,155
51077,18072041,18072201,160
51078,18072201,18072392,191
51079,18072392,18072413,21
51080,18072413,18072480,67
51081,18072480,18072618,138
51082,18072618,18072713,95
51083,18072713,18072756,43
51084,18072756,18072849,93
51085,18072849,18072891,42
51086,18072891,18072981,90
51087,18072981,18073226,245
51088,18073226,18073311,85
51089,18073311,18073513,202
51090,18073513,18073528,15
51091,18073528,18073627,99
51092,18073627,18073654,27
51093,18073654,18073853,199
51094,18073853,18074355,502
51095,18074355,18074448,93
51096,18074448,18074499,51
51097,18074499,18074532,33
51098,18074532,18074614,82
51099,18074614,18074782,168
51100,18074782,18074886,104
51101,18074886,18074890,4
51102,18074890,18074916,26
51103,18074916,18074952,36
51104,18074952,18075030,78
51105,18075030,18075046,16
51106,18075046,18075063,17
51107,18075063,18075250,187
51108,18075250,18075356,106
51109,18075356,18075369,13
51110,18075369,18075383,14
51111,18075383,18075533,150
51112,18075533,18075566,33
51113,18075566,18075692,126
51114,18075692,18075696,4
51115,18075696,18075759,63
51116,18075759,18075863,104
51117,18075863,18075989,126
51118,18075989,18076004,15
51119,18076004,18076397,393
51120,18076397,18076417,20
51121,18076417,18076422,5
51122,18076422,18076526,104
51123,18076526,18076697,171
51124,18076697,18076724,27
51125,18076724,18076779,55
51126,18076779,18076929,150
51127,18076929,18076968,39
51128,18076968,18077058,90
51129,18077058,18077154,96
51130,18077154,18077217,63
51131,18077217,18077225,8
51132,18077225,18077314,89
51133,18077314,18077555,241
51134,18077555,18077559,4
51135,18077559,18077720,161
51136,18077720,18077813,93
51137,18077813,18077903,90
51138,18077903,18078258,355
51139,18078258,18078329,71
51140,18078329,18078884,555
51141,18078884,18079001,117
51142,18079001,18079134,133
51143,18079134,18079677,543
51144,18079677,18079685,8
51145,18079685,18079696,11
51146,18079696,18079730,34
51147,18079730,18079779,49
51148,18079779,18080095,316
51149,18080095,18080368,273
51150,18080368,18080443,75
51151,18080443,18080697,254
51152,18080697,18080914,217
51153,18080914,18080926,12
51154,18080926,18080973,47
51155,18080973,18080986,13
51156,18080986,18081255,269
51157,18081255,18081681,426
51158,18081681,18081808,127
51159,18081808,18081861,53
51160,18081861,18082003,142
51161,18082003,18082337,334
51162,18082337,18082342,5
51163,18082342,18082355,13
51164,18082355,18083006,651
51165,18083006,18083433,427
51166,18083433,18083834,401
51167,18083834,18083838,4
51168,18083838,18083878,40
51169,18083878,18084110,232
51170,18084110,18084406,296
51171,18084406,18084609,203
51172,18084609,18084634,25
51173,18084634,18084749,115
51174,18084749,18085485,736
51175,18085485,18086175,690
51176,18086175,18086193,18
51177,18086193,18086304,111
51178,18086304,18086332,28
51179,18086332,18086626,294
51180,18086626,18086748,122
51181,18086748,18087130,382
51182,18087130,18087203,73
51183,18087203,18087257,54
51184,18087257,18087504,247
51185,18087504,18088010,506
51186,18088010,18088503,493
51187,18088503,18088567,64
51188,18088567,18088658,91
51189,18088658,18088772,114
51190,18088772,18088914,142
51191,18088914,18088935,21
51192,18088935,18089051,116
51193,18089051,18089124,73
51194,18089124,18089190,66
51195,18089190,18089196,6
51196,18089196,18089204,8
51197,18089204,18089696,492
51198,18089696,18089838,142
51199,18089838,18090107,269
51200,18090107,18090136,29
51201,18090136,18090341,205
51202,18090341,18090530,189
51203,18090530,18091383,853
51204,18091383,18091413,30
51205,18091413,18091718,305
51206,18091718,18091777,59
51207,18091777,18091792,15
51208,18091792,18091830,38
51209,18091830,18092034,204
51210,18092034,18092044,10
51211,18092044,18092179,135
51212,18092179,18092274,95
51213,18092274,18092307,33
51214,18092307,18092370,63
51215,18092370,18092409,39
51216,18092409,18092709,300
51217,18092709,18092749,40
51218,18092749,18093251,502
51219,18093251,18093284,33
51220,18093284,18093658,374
51221,18093658,18093752,94
51222,18093752,18094052,300
51223,18094052,18095396,1344
51224,18095396,18095624,228
51225,18095624,18095756,132
51226,18095756,18095807,51
51227,18095807,18095840,33
51228,18095840,18096203,363
51229,18096203,18096228,25
51230,18096228,18096523,295
51231,18096523,18096714,191
51232,18096714,18096753,39
51233,18096753,18096846,93
51234,18096846,18097143,297
51235,18097143,18097170,27
51236,18097170,18097270,100
51237,18097270,18098006,736
51238,18098006,18098439,433
51239,18098439,18098758,319
51240,18098758,18098984,226
51241,18098984,18099125,141
51242,18099125,18100091,966
51243,18100091,18100125,34
51244,18100125,18100166,41
51245,18100166,18100592,426
51246,18100592,18100715,123
51247,18100715,18101175,460
51248,18101175,18101240,65
51249,18101240,18102095,855
51250,18102095,18102109,14
51251,18102109,18102268,159
51252,18102268,18102277,9
51253,18102277,18102373,96
51254,18102373,18102386,13
51255,18102386,18102527,141
51256,18102527,18102810,283
51257,18102810,18103108,298
51258,18103108,18103461,353
51259,18103461,18103475,14
51260,18103475,18103581,106
51261,18103581,18103889,308
51262,18103889,18104072,183
51263,18104072,18104142,70
51264,18104142,18104418,276
51265,18104418,18104518,100
51266,18104518,18104710,192
51267,18104710,18105000,290
51268,18105000,18105442,442
51269,18105442,18105456,14
51270,18105456,18105671,215
51271,18105671,18105776,105
51272,18105776,18106164,388
51273,18106164,18106225,61
51274,18106225,18106286,61
51275,18106286,18106363,77
51276,18106363,18106384,21
51277,18106384,18106471,87
51278,18106471,18106670,199
51279,18106670,18106900,230
51280,18106900,18106921,21
51281,18106921,18106928,7
51282,18106928,18107531,603
51283,18107531,18107549,18
51284,18107549,18108171,622
51285,18108171,18108245,74
51286,18108245,18108407,162
51287,18108407,18109501,1094
51288,18109501,18109860,359
51289,18109860,18109891,31
51290,18109891,18110081,190
51291,18110081,18110757,676
51292,18110757,18111093,336
51293,18111093,18111533,440
51294,18111533,18111553,20
51295,18111553,18111894,341
51296,18111894,18112500,606
51297,18112500,18112593,93
51298,18112593,18112642,49
51299,18112642,18112791,149
51300,18112791,18112918,127
51301,18112918,18113212,294
51302,18113212,18113219,7
51303,18113219,18113410,191
51304,18113410,18113548,138
51305,18113548,18113768,220
51306,18113768,18114150,382
51307,18114150,18114288,138
51308,18114288,18114336,48
51309,18114336,18114863,527
51310,18114863,18115142,279
51311,18115142,18115254,112
51312,18115254,18115266,12
51313,18115266,18115578,312
51314,18115578,18116146,568
51315,18116146,18116752,606
51316,18116752,18116805,53
51317,18116805,18116858,53
51318,18116858,18116868,10
51319,18116868,18116873,5
51320,18116873,18117028,155
51321,18117028,18117040,12
51322,18117040,18117117,77
51323,18117117,18117189,72
51324,18117189,18117195,6
51325,18117195,18117963,768
51326,18117963,18117985,22
51327,18117985,18118375,390
51328,18118375,18118754,379
51329,18118754,18121497,2743
51330,18121497,18121771,274
51331,18121771,18121911,140
51332,18121911,18122580,669
51333,18122580,18122585,5
51334,18122585,18122590,5
51335,18122590,18123050,460
51336,18123050,18124397,1347
51337,18124397,18124524,127
51338,18124524,18126887,2363
51339,18126887,18127001,114
51340,18127001,18127331,330
51341,18127331,18127760,429
51342,18127760,18128861,1101
51343,18128861,18128904,43
51344,18128904,18129067,163
51345,18129067,18129136,69
51346,18129136,18129275,139
51347,18129275,18129893,618
51348,18129893,18130176,283
51349,18130176,18130975,799
51350,18130975,18131072,97
51351,18131072,18131750,678
51352,18131750,18131932,182
51353,18131932,18132331,399
51354,18132331,18133937,1606
51355,18133937,18133976,39
51356,18133976,18134008,32
51357,18134008,18134162,154
51358,18134162,18134288,126
51359,18134288,18134489,201
51360,18134489,18135195,706
51361,18135195,18135462,267
51362,18135462,18135477,15
51363,18135477,18135722,245
51364,18135722,18135844,122
51365,18135844,18135973,129
51366,18135973,18136062,89
51367,18136062,18136174,112
51368,18136174,18136468,294
51369,18136468,18137989,1521
51370,18137989,18138152,163
51371,18138152,18138174,22
51372,18138174,18138187,13
51373,18138187,18138703,516
51374,18138703,18138746,43
51375,18138746,18140065,1319
51376,18140065,18140287,222
51377,18140287,18140858,571
51378,18140858,18142032,1174
51379,18142032,18142731,699
51380,18142731,18142753,22
51381,18142753,18143064,311
51382,18143064,18144996,1932
51383,18144996,18145138,142
51384,18145138,18146089,951
51385,18146089,18146241,152
51386,18146241,18147135,894
51387,18147135,18147812,677
51388,18147812,18148186,374
51389,18148186,18148560,374
51390,18148560,18149640,1080
51391,18149640,18149806,166
51392,18149806,18151937,2131
51393,18151937,18152933,996
51394,18152933,18152968,35
51395,18152968,18153671,703
51396,18153671,18153978,307
51397,18153978,18155819,1841
51398,18155819,18155889,70
51399,18155889,18156657,768
51400,18156657,18156741,84
51401,18156741,18156892,151
51402,18156892,18157753,861
51403,18157753,18158530,777
51404,18158530,18158536,6
51405,18158536,18159853,1317
51406,18159853,18159921,68
51407,18159921,18160753,832
51408,18160753,18161267,514
51409,18161267,18162382,1115
51410,18165045,18165495,450
51411,18165495,18166369,874
51412,18168441,18168513,72
51413,18168513,18169216,703
51414,18169216,18169768,552
51415,18169768,18170041,273
51416,18170041,18170048,7
51417,18170048,18170114,66
51418,18170114,18170258,144
51419,18170258,18170916,658
51420,18170916,18171288,372
51421,18171288,18171582,294
51422,18171582,18172438,856
51423,18172438,18172618,180
51424,18172618,18172667,49
51425,18172667,18173576,909
51426,18173576,18174855,1279
51427,18174855,18176328,1473
51428,18176328,18176344,16
51429,18176344,18176388,44
51430,18176388,18176672,284
51431,18176672,18176804,132
51432,18176804,18177177,373
51433,18177177,18178451,1274
51434,18178451,18179029,578
51435,18179029,18179113,84
51436,18179113,18179201,88
51437,18179201,18179292,91
51438,18179292,18179317,25
51439,18179317,18179385,68
51440,18179385,18180691,1306
51441,18180691,18181015,324
51442,18181015,18181476,461
51443,18181476,18181516,40
51444,18181516,18181717,201
51445,18181717,18182679,962
51446,18182679,18184530,1851
51447,18184530,18185591,1061
51448,18185591,18185655,64
51449,18185655,18186531,876
51450,18186531,18187331,800
51451,18187331,18187373,42
51452,18187373,18187439,66
51453,18187439,18188230,791
51454,18188230,18189109,879
51455,18189109,18190108,999
51456,18190108,18190545,437
51457,18190545,18190654,109
51458,18190654,18190926,272
51459,18190926,18191004,78
51460,18191004,18192329,1325
51461,18192329,18192538,209
51462,18192538,18193171,633
51463,18193171,18194412,1241
51464,18194412,18194441,29
51465,18194441,18194556,115
51466,18194556,18194577,21
51467,18194577,18195111,534
51468,18195111,18195721,610
51469,18195721,18195763,42
51470,18195763,18196695,932
51471,18196695,18196763,68
51472,18196763,18197032,269
51473,18197032,18199716,2684
51474,18199716,18199747,31
51475,18199747,18201091,1344
51476,18201091,18201344,253
51477,18201344,18201351,7
51478,18201351,18201375,24
51479,18201375,18201417,42
51480,18201417,18201538,121
51481,18201538,18202002,464
51482,18202002,18203307,1305
51483,18203307,18204595,1288
51484,18204595,18205067,472
51485,18205067,18205144,77
51486,18205144,18206096,952
51487,18206096,18206235,139
51488,18206235,18206243,8
51489,18206243,18206391,148
51490,18206391,18206606,215
51491,18206606,18206617,11
51492,18206617,18206627,10
51493,18206627,18206991,364
51494,18206991,18207085,94
51495,18207085,18207189,104
51496,18207189,18207332,143
51497,18207332,18207527,195
51498,18207527,18208422,895
51499,18208422,18208427,5
51500,18208427,18208432,5
51501,18208432,18208452,20
51502,18208452,18208515,63
51503,18208515,18208783,268
51504,18208783,18209368,585
51505,18209368,18209477,109
51506,18209477,18209575,98
51507,18209575,18209653,78
51508,18209653,18209674,21
51509,18209674,18209680,6
51510,18209680,18209704,24
51511,18209704,18209710,6
51512,18209710,18210255,545
51513,18210255,18210267,12
51514,18210267,18210425,158
51515,18210425,18210648,223
51516,18210648,18211167,519
51517,18211167,18211282,115
51518,18211282,18211557,275
51519,18211557,18212036,479
51520,18212036,18212048,12
51521,18212048,18212054,6
51522,18212054,18212472,418
51523,18212472,18212478,6
51524,18212478,18212539,61
51525,18212539,18212811,272
51526,18212811,18212948,137
51527,18212948,18213016,68
51528,18213016,18213277,261
51529,18213277,18213418,141
51530,18213418,18213522,104
51531,18213522,18213691,169
51532,18213691,18213718,27
51533,18213718,18213733,15
51534,18213733,18213809,76
51535,18213809,18213826,17
51536,18213826,18213907,81
51537,18213907,18214115,208
51538,18214115,18214540,425
51539,18214540,18215340,800
51540,18215340,18215374,34
51541,18215374,18215420,46
51542,18215420,18216054,634
51543,18216054,18216107,53
51544,18216107,18216187,80
51545,18216187,18216380,193
51546,18216380,18217601,1221
51547,18217601,18218593,992
51548,18218593,18220000,1407
51549,18220000,18220663,663
51550,18220663,18220668,5
51551,18220668,18220785,117
51552,18220785,18222030,1245
51553,18222030,18222035,5
51554,18222035,18222411,376
51555,18222411,18223250,839
51556,18223250,18224154,904
51557,18224154,18224516,362
51558,18224516,18224697,181
51559,18224697,18225521,824
51560,18225521,18225969,448
51561,18225969,18226242,273
51562,18226242,18228742,2500
51563,18228742,18230185,1443
51564,18230185,18231393,1208
51565,18231393,18233012,1619
51566,18233012,18233093,81
51567,18233093,18233236,143
51568,18233236,18233568,332
51569,18233568,18233897,329
51570,18233897,18234419,522
51571,18234419,18234570,151
51572,18234570,18234635,65
51573,18234635,18235927,1292
51574,18235927,18237565,1638
51575,18237565,18237707,142
51576,18237707,18238362,655
51577,18238362,18239735,1373
51578,18239735,18239751,16
51579,18239751,18239861,110
51580,18239861,18240005,144
51581,18240005,18240036,31
51582,18240036,18241360,1324
51583,18241360,18241390,30
51584,18241390,18241600,210
51585,18241600,18241710,110
51586,18241710,18241790,80
51587,18241790,18242042,252
51588,18242042,18242550,508
51589,18242550,18242657,107
51590,18242657,18242759,102
51591,18242759,18242907,148
51592,18242907,18242999,92
51593,18242999,18243005,6
51594,18243005,18243346,341
51595,18243346,18243494,148
51596,18243494,18243512,18
51597,18243512,18243794,282
51598,18243794,18244153,359
51599,18244153,18244245,92
51600,18244245,18244584,339
51601,18244584,18244720,136
51602,18244720,18244842,122
51603,18244842,18244875,33
51604,18244875,18244912,37
51605,18244912,18244992,80
51606,18244992,18244999,7
51607,18244999,18245004,5
51608,18245004,18245009,5
51609,18245009,18245964,955
51610,18245964,18246136,172
51611,18246136,18246148,12
51612,18246148,18246495,347
51613,18246495,18246562,67
51614,18246562,18246694,132
51615,18246694,18246710,16
51616,18246710,18246772,62
51617,18246772,18246788,16
51618,18246788,18246953,165
51619,18246953,18247439,486
51620,18247439,18248297,858
51621,18248297,18248413,116
51622,18248413,18248428,15
51623,18248428,18248433,5
51624,18248433,18249216,783
51625,18249216,18249986,770
51626,18249986,18250373,387
51627,18250373,18250830,457
51628,18250830,18251649,819
51629,18251649,18251766,117
51630,18251766,18251822,56
51631,18251822,18252047,225
51632,18252047,18252608,561
51633,18252608,18253226,618
51634,18253226,18253234,8
51635,18253234,18253556,322
51636,18253556,18253656,100
51637,18253656,18254116,460
51638,18254116,18254242,126
51639,18254242,18254488,246
51640,18254488,18255471,983
51641,18255471,18255579,108
51642,18255579,18255589,10
51643,18255589,18255597,8
51644,18255597,18255601,4
51645,18255601,18255605,4
51646,18255605,18255983,378
51647,18255983,18256261,278
51648,18256261,18256403,142
51649,18256403,18256861,458
51650,18256861,18256895,34
51651,18256895,18256905,10
51652,18256905,18257123,218
51653,18257123,18257263,140
51654,18257263,18257358,95
51655,18257358,18257743,385
51656,18257743,18257791,48
51657,18257791,18257912,121
51658,18257912,18257918,6
51659,18257918,18257924,6
51660,18257924,18257976,52
51661,18257976,18258019,43
51662,18258019,18258451,432
51663,18258451,18258843,392
51664,18258843,18258864,21
51665,18258864,18258923,59
51666,18258923,18258936,13
51667,18258936,18259247,311
51668,18259247,18259318,71
51669,18259318,18259682,364
51670,18259682,18259752,70
51671,18259752,18259992,240
51672,18259992,18260160,168
51673,18260160,18260345,185
51674,18260345,18260352,7
51675,18260352,18260359,7
51676,18260359,18260473,114
51677,18260473,18260479,6
51678,18260479,18260819,340
51679,18260819,18261196,377
51680,18261196,18261353,157
51681,18261353,18261357,4
51682,18261357,18261408,51
51683,18261408,18261593,185
51684,18261593,18261655,62
51685,18261655,18262441,786
51686,18262441,18263929,1488
51687,18263929,18263964,35
51688,18263964,18264120,156
51689,18264120,18264144,24
51690,18264144,18264209,65
51691,18264209,18264252,43
51692,18264252,18264632,380
51693,18264632,18264739,107
51694,18264739,18264937,198
51695,18264937,18265063,126
51696,18265063,18265069,6
51697,18265069,18265514,445
51698,18265514,18266885,1371
51699,18266885,18267154,269
51700,18267154,18267251,97
51701,18267251,18267257,6
51702,18267257,18267559,302
51703,18267559,18267911,352
51704,18267911,18268066,155
51705,18268066,18268501,435
51706,18268501,18268741,240
51707,18268741,18269101,360
51708,18269101,18269232,131
51709,18269232,18270486,1254
51710,18270486,18270570,84
51711,18270570,18270693,123
51712,18270693,18271119,426
51713,18271119,18271129,10
51714,18271129,18271234,105
51715,18271234,18271658,424
51716,18271658,18271663,5
51717,18271663,18272086,423
51718,18272086,18272115,29
51719,18272115,18272140,25
51720,18272140,18272224,84
51721,18272224,18272786,562
51722,18272786,18272886,100
51723,18272886,18273133,247
51724,18273133,18273143,10
51725,18273143,18273621,478
51726,18273621,18274567,946
51727,18274567,18274964,397
51728,18274964,18275495,531
51729,18275495,18275535,40
51730,18275535,18275595,60
51731,18275595,18275787,192
51732,18275787,18276101,314
51733,18276101,18276116,15
51734,18276116,18276126,10
51735,18276126,18276158,32
51736,18276158,18276333,175
51737,18276333,18276354,21
51738,18276354,18277254,900
51739,18277254,18277428,174
51740,18277428,18279550,2122
51741,18279550,18279585,35
51742,18279585,18279984,399
51743,18279984,18280053,69
51744,18280053,18280250,197
51745,18280250,18280631,381
51746,18280631,18280817,186
51747,18280817,18280827,10
51748,18280827,18280848,21
51749,18280848,18280856,8
51750,18280856,18280886,30
51751,18280886,18280890,4
51752,18280890,18281474,584
51753,18281474,18281603,129
51754,18281603,18281640,37
51755,18281640,18281930,290
51756,18281930,18282020,90
51757,18282020,18282048,28
51758,18282048,18282192,144
51759,18282192,18282203,11
51760,18282203,18282257,54
51761,18282257,18282360,103
51762,18282360,18282460,100
51763,18282460,18282855,395
51764,18282855,18283113,258
51765,18283113,18283293,180
51766,18283293,18283932,639
51767,18283932,18284772,840
51768,18284772,18284897,125
51769,18284897,18284903,6
51770,18284903,18284909,6
51771,18284909,18285100,191
51772,18285100,18285499,399
51773,18285499,18285510,11
51774,18285510,18285524,14
51775,18285524,18285542,18
51776,18285542,18285576,34
51777,18285576,18285781,205
51778,18285781,18286238,457
51779,18286238,18286368,130
51780,18286368,18287009,641
51781,18287009,18287483,474
51782,18287483,18287666,183
51783,18287666,18287670,4
51784,18287670,18287853,183
51785,18287853,18287988,135
51786,18287988,18288292,304
51787,18288292,18288733,441
51788,18288733,18289126,393
51789,18289126,18289324,198
51790,18289324,18289329,5
51791,18289329,18289339,10
51792,18289339,18289607,268
51793,18289607,18289662,55
51794,18289662,18289866,204
51795,18289866,18289872,6
51796,18289872,18290012,140
51797,18290012,18290022,10
51798,18290022,18290029,7
51799,18290029,18290036,7
51800,18290036,18290043,7
51801,18290043,18290050,7
51802,18290050,18290064,14
51803,18290064,18290071,7
51804,18290071,18290087,16
51805,18290087,18290198,111
51806,18290198,18290210,12
51807,18290210,18290769,559
51808,18290769,18291433,664
51809,18291433,18291834,401
51810,18291834,18291908,74
51811,18291908,18291929,21
51812,18291929,18292465,536
51813,18292465,18292965,500
51814,18292965,18293045,80
51815,18293045,18293115,70
51816,18293115,18293324,209
51817,18293324,18293493,169
51818,18293493,18293502,9
51819,18293502,18294238,736
51820,18294238,18294649,411
51821,18294649,18295714,1065
51822,18295714,18295744,30
51823,18295744,18296224,480
51824,18296224,18297768,1544
51825,18297768,18298377,609
51826,18298377,18298418,41
51827,18298418,18298628,210
51828,18298628,18298987,359
51829,18298987,18299182,195
51830,18299182,18299252,70
51831,18299252,18299837,585
51832,18299837,18299851,14
51833,18299851,18300043,192
51834,18300043,18300941,898
51835,18300941,18301467,526
51836,18301467,18302150,683
51837,18302150,18302928,778
51838,18302928,18303384,456
51839,18303384,18303388,4
51840,18303388,18303437,49
51841,18303437,18304314,877
51842,18304314,18304724,410
51843,18304724,18304777,53
51844,18304777,18304843,66
51845,18304843,18304900,57
51846,18304900,18304918,18
51847,18304918,18304924,6
51848,18304924,18304986,62
51849,18304986,18305496,510
51850,18305496,18305617,121
51851,18305617,18305656,39
51852,18305656,18305978,322
51853,18305978,18306275,297
51854,18306275,18306438,163
51855,18306438,18306549,111
51856,18306549,18306743,194
51857,18306743,18306753,10
51858,18306753,18307207,454
51859,18307207,18307268,61
51860,18307268,18307353,85
51861,18307353,18307410,57
51862,18307410,18307925,515
51863,18307925,18308046,121
51864,18308046,18308067,21
51865,18308067,18308301,234
51866,18308301,18308316,15
51867,18308316,18308506,190
51868,18308506,18308668,162
51869,18308668,18308740,72
51870,18308740,18308782,42
51871,18308782,18308839,57
51872,18308839,18308850,11
51873,18308850,18308914,64
51874,18308914,18309032,118
51875,18309032,18309393,361
51876,18309393,18309404,11
51877,18309404,18309450,46
51878,18309450,18309596,146
51879,18309596,18309853,257
51880,18309853,18311026,1173
51881,18311026,18311032,6
51882,18311032,18311488,456
51883,18311488,18311667,179
51884,18311667,18311788,121
51885,18311788,18313117,1329
51886,18313117,18313135,18
51887,18313135,18313422,287
51888,18313422,18313505,83
51889,18313505,18314372,867
51890,18314372,18314504,132
51891,18314504,18314584,80
51892,18314584,18314710,126
51893,18314710,18314723,13
51894,18314723,18314902,179
51895,18314902,18315157,255
51896,18315157,18315393,236
51897,18315393,18315465,72
51898,18315465,18315562,97
51899,18315562,18315884,322
51900,18315884,18317094,1210
51901,18317094,18317098,4
51902,18317098,18317192,94
51903,18317192,18317477,285
51904,18317477,18317783,306
51905,18317783,18318164,381
51906,18318164,18318469,305
51907,18318469,18318621,152
51908,18318621,18318976,355
51909,18318976,18319000,24
51910,18319000,18319884,884
51911,18319884,18320589,705
51912,18320589,18320835,246
51913,18320835,18320908,73
51914,18320908,18321854,946
51915,18321854,18322292,438
51916,18322292,18323547,1255
51917,18323547,18324270,723
51918,18324270,18324352,82
51919,18324352,18324452,100
51920,18324452,18324730,278
51921,18324730,18326055,1325
51922,18326055,18326299,244
51923,18326299,18326751,452
51924,18326751,18327526,775
51925,18327526,18327680,154
51926,18327680,18327805,125
51927,18327805,18327874,69
51928,18327874,18327899,25
51929,18327899,18327925,26
51930,18327925,18329108,1183
51931,18329108,18329208,100
51932,18329208,18329332,124
51933,18329332,18329583,251
51934,18329583,18331464,1881
51935,18331464,18331486,22
51936,18331486,18332389,903
51937,18332389,18334508,2119
51938,18334508,18335173,665
51939,18335173,18336561,1388
51940,18336561,18337444,883
51941,18337444,18337947,503
51942,18337947,18338141,194
51943,18338141,18339369,1228
51944,18339369,18340191,822
51945,18340191,18340638,447
51946,18340638,18343146,2508
51947,18343146,18344445,1299
51948,18344445,18344671,226
51949,18344671,18345560,889
51950,18345560,18345710,150
51951,18345710,18346447,737
51952,18346447,18346535,88
51953,18348605,18350093,1488
51954,18350093,18351443,1350
51955,18351443,18352171,728
51956,18352171,18352289,118
51957,18352289,18352366,77
51958,18352366,18352763,397
51959,18352763,18353921,1158
51960,18353921,18355012,1091
51961,18355012,18355436,424
51962,18355436,18355952,516
51963,18355952,18358312,2360
51964,18358312,18358823,511
51965,18358823,18358905,82
51966,18358905,18358961,56
51967,18358961,18359162,201
51968,18359162,18359261,99
51969,18359261,18359338,77
51970,18359338,18359387,49
51971,18359387,18359444,57
51972,18359444,18359525,81
51973,18359525,18359803,278
51974,18359803,18360317,514
51975,18360317,18361226,909
51976,18361226,18362110,884
51977,18362110,18363315,1205
51978,18363315,18363887,572
51979,18363887,18364145,258
51980,18364145,18365083,938
51981,18365083,18365838,755
51982,18365838,18365868,30
51983,18365868,18367543,1675
51984,18367543,18367841,298
51985,18367841,18368874,1033
51986,18368874,18369609,735
51987,18369609,18371075,1466
51988,18371075,18371937,862
51989,18371937,18372113,176
51990,18372113,18372122,9
51991,18372122,18372487,365
51992,18372487,18373269,782
51993,18373269,18373285,16
51994,18373285,18373309,24
51995,18373309,18373420,111
51996,18373420,18373432,12
51997,18373432,18373470,38
51998,18373470,18373561,91
51999,18373561,18373695,134
52000,18373695,18373699,4
52001,18373699,18373781,82
52002,18373781,18373893,112
52003,18373893,18374230,337
52004,18374230,18375343,1113
52005,18375343,18375862,519
52006,18375862,18375882,20
52007,18375882,18376142,260
52008,18376142,18376200,58
52009,18376200,18376204,4
52010,18376204,18376287,83
52011,18376287,18377018,731
52012,18377018,18377132,114
52013,18377132,18377219,87
52014,18377219,18377444,225
52015,18377444,18378131,687
52016,18378131,18378162,31
52017,18378162,18378549,387
52018,18378549,18378706,157
52019,18378706,18378742,36
52020,18378742,18378792,50
52021,18378792,18378955,163
52022,18378955,18379363,408
52023,18379363,18379710,347
52024,18379710,18380091,381
52025,18380091,18380357,266
52026,18380357,18380790,433
52027,18380790,18381026,236
52028,18381026,18381041,15
52029,18381041,18381057,16
52030,18381057,18381743,686
52031,18381743,18381910,167
52032,18381910,18382495,585
52033,18382495,18382615,120
52034,18382615,18382677,62
52035,18382677,18382848,171
52036,18382848,18383019,171
52037,18383019,18383089,70
52038,18383089,18383552,463
52039,18383552,18383576,24
52040,18383576,18384138,562
52041,18384138,18384189,51
52042,18384189,18384406,217
52043,18384406,18384456,50
52044,18384456,18384663,207
52045,18384663,18384877,214
52046,18384877,18384922,45
52047,18384922,18384982,60
52048,18384982,18385011,29
52049,18385011,18385986,975
52050,18385986,18386109,123
52051,18386109,18386157,48
52052,18386157,18386350,193
52053,18386350,18386355,5
52054,18386355,18386677,322
52055,18386677,18387152,475
52056,18387152,18387164,12
52057,18387164,18387433,269
52058,18387433,18387486,53
52059,18387486,18387557,71
52060,18387557,18388007,450
52061,18388007,18388122,115
52062,18388122,18388176,54
52063,18388176,18388221,45
52064,18388221,18388244,23
52065,18388244,18388331,87
52066,18388331,18388340,9
52067,18388340,18388691,351
52068,18388691,18388740,49
52069,18388740,18388748,8
52070,18388748,18388839,91
52071,18388839,18389307,468
52072,18389307,18389348,41
52073,18389348,18389378,30
52074,18389378,18389685,307
52075,18389685,18389754,69
52076,18389754,18389839,85
52077,18389839,18389970,131
52078,18389970,18390022,52
52079,18390022,18390232,210
52080,18390232,18390242,10
52081,18390242,18390279,37
52082,18390279,18390299,20
52083,18390299,18390753,454
52084,18390753,18391143,390
52085,18391143,18391407,264
52086,18391407,18391569,162
52087,18391569,18391681,112
52088,18391681,18391765,84
52089,18391765,18391846,81
52090,18391846,18392003,157
52091,18392003,18392017,14
52092,18392017,18392059,42
52093,18392059,18392273,214
52094,18392273,18392502,229
52095,18392502,18392660,158
52096,18392660,18392679,19
52097,18392679,18392892,213
52098,18392892,18393231,339
52099,18393231,18393287,56
52100,18393287,18393295,8
52101,18393295,18393887,592
52102,18393887,18394769,882
52103,18394769,18394895,126
52104,18394895,18395272,377
52105,18395272,18395734,462
52106,18395734,18395815,81
52107,18395815,18395927,112
52108,18398926,18399470,544
52109,18399470,18399871,401
52110,18399871,18399892,21
52111,18399892,18400607,715
52112,18400607,18402546,1939
52113,18402546,18403415,869
52114,18403415,18403419,4
52115,18403419,18403444,25
52116,18403444,18403479,35
52117,18403479,18403957,478
52118,18403957,18403973,16
52119,18403973,18404063,90
52120,18404063,18404082,19
52121,18404082,18404124,42
52122,18404124,18404390,266
52123,18404390,18404416,26
52124,18404416,18404420,4
52125,18404420,18404928,508
52126,18404928,18404936,8
52127,18404936,18405030,94
52128,18405030,18405198,168
52129,18405198,18406100,902
52130,18406100,18406436,336
52131,18406436,18407926,1490
52132,18407926,18408564,638
52133,18408564,18408833,269
52134,18408833,18409110,277
52135,18409110,18409722,612
52136,18409722,18410518,796
52137,18410518,18410747,229
52138,18410747,18412130,1383
52139,18412130,18412569,439
52140,18412569,18412670,101
52141,18412670,18413436,766
52142,18413436,18414118,682
52143,18414118,18414964,846
52144,18414964,18415660,696
52145,18415660,18415893,233
52146,18415893,18416071,178
52147,18416071,18416086,15
52148,18416086,18417496,1410
52149,18417496,18418090,594
52150,18418090,18419172,1082
52151,18419172,18420942,1770
52152,18420942,18421167,225
52153,18421167,18421190,23
52154,18421190,18422130,940
52155,18422130,18422908,778
52156,18422908,18423522,614
52157,18423522,18423778,256
52158,18423778,18423785,7
52159,18423785,18424342,557
52160,18424342,18424932,590
52161,18424932,18425031,99
52162,18425031,18425101,70
52163,18425101,18426519,1418
52164,18426519,18427224,705
52165,18427224,18429303,2079
52166,18429303,18429664,361
52167,18429664,18429822,158
52168,18429822,18429888,66
52169,18429888,18430614,726
52170,18430614,18431131,517
52171,18431131,18431478,347
52172,18431478,18431505,27
52173,18431505,18431557,52
52174,18431557,18431664,107
52175,18431664,18431745,81
52176,18431745,18431883,138
52177,18431883,18431894,11
52178,18431894,18432489,595
52179,18432489,18432540,51
52180,18432540,18433068,528
52181,18433068,18433134,66
52182,18433134,18433780,646
52183,18433780,18434004,224
52184,18434004,18434340,336
52185,18434340,18434587,247
52186,18434587,18434745,158
52187,18434745,18435267,522
52188,18435267,18435935,668
52189,18435935,18436145,210
52190,18436145,18436150,5
52191,18436150,18436211,61
52192,18436211,18437119,908
52193,18437119,18437283,164
52194,18437283,18437383,100
52195,18437383,18437764,381
52196,18437764,18437924,160
52197,18437924,18438031,107
52198,18438031,18438120,89
52199,18438120,18438645,525
52200,18438645,18438979,334
52201,18438979,18439036,57
52202,18439036,18439056,20
52203,18439056,18439171,115
52204,18439171,18439493,322
52205,18439493,18439845,352
52206,18439845,18439859,14
52207,18439859,18440531,672
52208,18440531,18441783,1252
52209,18441783,18442653,870
52210,18442653,18443253,600
52211,18443253,18443264,11
52212,18443264,18443834,570
52213,18443834,18443848,14
52214,18443848,18443855,7
52215,18443855,18443862,7
52216,18443862,18443877,15
52217,18443877,18443940,63
52218,18443940,18444361,421
52219,18444361,18444414,53
52220,18444414,18444446,32
52221,18444446,18444476,30
52222,18444476,18444858,382
52223,18444858,18444890,32
52224,18444890,18445183,293
52225,18445183,18445539,356
52226,18445539,18445733,194
52227,18445733,18445894,161
52228,18445894,18446342,448
52229,18446342,18446485,143
52230,18446485,18446496,11
52231,18446496,18447009,513
52232,18447009,18447136,127
52233,18447136,18447246,110
52234,18447246,18448249,1003
52235,18448249,18449532,1283
52236,18449532,18449549,17
52237,18449549,18450252,703
52238,18450252,18451123,871
52239,18451123,18451165,42
52240,18451165,18451815,650
52241,18451815,18451824,9
52242,18451824,18452408,584
52243,18452408,18452442,34
52244,18452442,18452517,75
52245,18454777,18454783,6
52246,18454783,18455418,635
52247,18455418,18456087,669
52248,18456087,18457212,1125
52249,18457212,18457798,586
52250,18457798,18458313,515
52251,18458313,18458712,399
52252,18458712,18458904,192
52253,18458904,18458935,31
52254,18458935,18458950,15
52255,18458950,18459284,334
52256,18459284,18459296,12
52257,18459296,18459308,12
52258,18459308,18459320,12
52259,18459320,18459332,12
52260,18459332,18459344,12
52261,18459344,18459368,24
52262,18459368,18459404,36
52263,18459404,18459440,36
52264,18459440,18460021,581
52265,18460021,18460087,66
52266,18460087,18460100,13
52267,18460100,18460245,145
52268,18460245,18460286,41
52269,18460286,18461029,743
52270,18461029,18462023,994
52271,18462023,18462164,141
52272,18462164,18462381,217
52273,18462381,18462737,356
52274,18462737,18463357,620
52275,18463357,18463482,125
52276,18463482,18463853,371
52277,18463853,18464827,974
52278,18464827,18465572,745
52279,18465572,18465885,313
52280,18465885,18466832,947
52281,18466832,18468768,1936
52282,18468768,18469117,349
52283,18469117,18469323,206
52284,18469323,18469922,599
52285,18469922,18470415,493
52286,18470415,18471537,1122
52287,18471537,18472138,601
52288,18475103,18475822,719
52289,18475822,18476977,1155
52290,18476977,18477053,76
52291,18477053,18478081,1028
52292,18478081,18478981,900
52293,18478981,18479153,172
52294,18479153,18480097,944
52295,18480097,18480123,26
52296,18480123,18480254,131
52297,18480254,18480442,188
52298,18480442,18480464,22
52299,18480464,18480481,17
52300,18480481,18480595,114
52301,18480595,18480604,9
52302,18480604,18480923,319
52303,18480923,18481046,123
52304,18481046,18481051,5
52305,18481051,18481390,339
52306,18481390,18481486,96
52307,18481486,18481490,4
52308,18481490,18481594,104
52309,18481594,18481677,83
52310,18481677,18481743,66
52311,18481743,18482343,600
52312,18482343,18482480,137
52313,18482480,18482519,39
52314,18482519,18482624,105
52315,18482624,18482778,154
52316,18482778,18482821,43
52317,18482821,18483020,199
52318,18483020,18483876,856
52319,18483876,18483938,62
52320,18483938,18483948,10
52321,18483948,18484527,579
52322,18484527,18484545,18
52323,18484545,18484576,31
52324,18484576,18484590,14
52325,18484590,18484851,261
52326,18484851,18484876,25
52327,18484876,18484975,99
52328,18484975,18484982,7
52329,18484982,18485107,125
52330,18485107,18485222,115
52331,18485222,18485252,30
52332,18485252,18485425,173
52333,18485425,18485495,70
52334,18485495,18485621,126
52335,18485621,18485626,5
52336,18485626,18485659,33
52337,18485659,18485783,124
52338,18485783,18485847,64
52339,18485847,18486049,202
52340,18486049,18486365,316
52341,18486365,18486702,337
52342,18486702,18487050,348
52343,18487050,18487119,69
52344,18487119,18487514,395
52345,18487514,18487898,384
52346,18487898,18487925,27
52347,18487925,18488192,267
52348,18488192,18488317,125
52349,18488317,18488512,195
52350,18488512,18488612,100
52351,18488612,18488830,218
52352,18488830,18488965,135
52353,18488965,18489008,43
52354,18489008,18489145,137
52355,18489145,18489210,65
52356,18489210,18489369,159
52357,18489369,18489373,4
52358,18489373,18489444,71
52359,18489444,18489608,164
52360,18489608,18489627,19
52361,18489627,18489718,91
52362,18489718,18490086,368
52363,18490086,18490172,86
52364,18490172,18490178,6
52365,18490178,18490404,226
52366,18490404,18490451,47
52367,18490451,18490621,170
52368,18490621,18490698,77
52369,18490698,18490719,21
52370,18490719,18490939,220
52371,18490939,18491348,409
52372,18491348,18491803,455
52373,18491803,18491896,93
52374,18491896,18492167,271
52375,18492167,18492467,300
52376,18492467,18493070,603
52377,18493070,18493108,38
52378,18493108,18493156,48
52379,18493156,18493193,37
52380,18493193,18493303,110
52381,18493303,18493586,283
52382,18493586,18493796,210
52383,18493796,18493932,136
52384,18493932,18494517,585
52385,18494517,18495139,622
52386,18495139,18495309,170
52387,18495309,18495762,453
52388,18495762,18495807,45
52389,18495807,18495888,81
52390,18495888,18496356,468
52391,18496356,18496368,12
52392,18496368,18496614,246
52393,18496614,18496996,382
52394,18496996,18497002,6
52395,18497002,18497119,117
52396,18497119,18497169,50
52397,18497169,18497418,249
52398,18497418,18497491,73
52399,18497491,18497967,476
52400,18497967,18498095,128
52401,18498095,18498124,29
52402,18498124,18498205,81
52403,18498205,18498258,53
52404,18498258,18499213,955
52405,18499213,18499336,123
52406,18499336,18499403,67
52407,18499403,18499637,234
52408,18499637,18500249,612
52409,18500249,18500354,105
52410,18500354,18500372,18
52411,18500372,18500567,195
52412,18500567,18500577,10
52413,18500577,18500831,254
52414,18500831,18501308,477
52415,18501308,18502085,777
52416,18502085,18502122,37
52417,18502122,18502146,24
52418,18502146,18502230,84
52419,18502230,18502287,57
52420,18502287,18502509,222
52421,18502509,18502601,92
52422,18502601,18502761,160
52423,18502761,18503225,464
52424,18503225,18503521,296
52425,18503521,18503601,80
52426,18503601,18503758,157
52427,18503758,18503792,34
52428,18503792,18504245,453
52429,18504245,18504347,102
52430,18504347,18504392,45
52431,18504392,18504464,72
52432,18504464,18504542,78
52433,18504542,18505033,491
52434,18505033,18505800,767
52435,18505800,18506121,321
52436,18506121,18506347,226
52437,18506347,18506574,227
52438,18506574,18507612,1038
52439,18507612,18507692,80
52440,18507692,18507768,76
52441,18507768,18507791,23
52442,18507791,18508085,294
52443,18508085,18508124,39
52444,18508124,18508725,601
52445,18508725,18508731,6
52446,18508731,18508737,6
52447,18508737,18508804,67
52448,18508804,18509312,508
52449,18509312,18509316,4
52450,18509316,18509605,289
52451,18509605,18509731,126
52452,18509731,18509746,15
52453,18509746,18509755,9
52454,18509755,18509786,31
52455,18509786,18509860,74
52456,18509860,18510007,147
52457,18510007,18510217,210
52458,18510217,18510242,25
52459,18510242,18510387,145
52460,18510387,18510422,35
52461,18510422,18510621,199
52462,18510621,18510631,10
52463,18510631,18510953,322
52464,18510953,18511357,404
52465,18511357,18511384,27
52466,18511384,18511461,77
52467,18511461,18511467,6
52468,18511467,18512322,855
52469,18512322,18512339,17
52470,18512339,18513042,703
52471,18513042,18513259,217
52472,18513259,18513448,189
52473,18513448,18513567,119
52474,18513567,18513706,139
52475,18513706,18513872,166
52476,18513872,18513963,91
52477,18513963,18514135,172
52478,18514135,18514279,144
52479,18514279,18514488,209
52480,18514488,18514580,92
52481,18514580,18515173,593
52482,18515173,18515637,464
52483,18515637,18515902,265
52484,18515902,18516757,855
52485,18516757,18517110,353
52486,18517110,18517138,28
52487,18517138,18517809,671
52488,18517809,18517962,153
52489,18517962,18518182,220
52490,18518182,18518862,680
52491,18518862,18518878,16
52492,18518878,18518892,14
52493,18518892,18518952,60
52494,18518952,18519070,118
52495,18519070,18519377,307
52496,18519377,18519687,310
52497,18519687,18519734,47
52498,18519734,18520153,419
52499,18520153,18520167,14
52500,18520167,18520634,467
52501,18520634,18520747,113
52502,18520747,18520765,18
52503,18520765,18521413,648
52504,18521413,18521423,10
52505,18521423,18521490,67
52506,18521490,18521627,137
52507,18521627,18521657,30
52508,18521657,18521666,9
52509,18521666,18521926,260
52510,18521926,18522214,288
52511,18522214,18522268,54
52512,18522268,18522497,229
52513,18522497,18523036,539
52514,18523036,18523931,895
52515,18523931,18524121,190
52516,18524121,18524320,199
52517,18524320,18524729,409
52518,18524729,18525181,452
52519,18525181,18525586,405
52520,18525586,18526826,1240
52521,18526826,18527429,603
52522,18527429,18527512,83
52523,18527512,18527600,88
52524,18527600,18527705,105
52525,18527705,18527731,26
52526,18527731,18527792,61
52527,18527792,18528059,267
52528,18528059,18528152,93
52529,18528152,18528657,505
52530,18528657,18528772,115
52531,18528772,18528923,151
52532,18528923,18529056,133
52533,18529056,18529064,8
52534,18529064,18530021,957
52535,18530021,18530252,231
52536,18530252,18530815,563
52537,18530815,18530827,12
52538,18530827,18530961,134
52539,18530961,18531317,356
52540,18531317,18531399,82
52541,18531399,18531912,513
52542,18531912,18532142,230
52543,18532142,18532169,27
52544,18532169,18532273,104
52545,18532273,18532486,213
52546,18532486,18533096,610
52547,18533096,18533553,457
52548,18533553,18533825,272
52549,18533825,18535020,1195
52550,18535020,18535098,78
52551,18535098,18535448,350
52552,18535448,18535654,206
52553,18535654,18536497,843
52554,18536497,18536571,74
52555,18536571,18536679,108
52556,18536679,18537261,582
52557,18537261,18537306,45
52558,18537306,18537473,167
52559,18537473,18537673,200
52560,18537673,18537816,143
52561,18537816,18538060,244
52562,18538060,18538695,635
52563,18538695,18538981,286
52564,18538981,18539165,184
52565,18539165,18539430,265
52566,18539430,18539439,9
52567,18539439,18539444,5
52568,18539444,18539685,241
52569,18539685,18539696,11
52570,18539696,18539705,9
52571,18539705,18539904,199
52572,18539904,18540200,296
52573,18540200,18540207,7
52574,18540207,18540415,208
52575,18540415,18540782,367
52576,18540782,18541180,398
52577,18541180,18543767,2587
52578,18543767,18544226,459
52579,18544226,18545783,1557
52580,18545783,18545855,72
52581,18545855,18546556,701
52582,18546556,18547424,868
52583,18547424,18547550,126
52584,18547550,18548472,922
52585,18548472,18548599,127
52586,18548599,18549564,965
52587,18549564,18550192,628
52588,18550192,18551305,1113
52589,18551305,18552055,750
52590,18552055,18552062,7
52591,18552062,18552911,849
52592,18552911,18553552,641
52593,18553552,18553837,285
52594,18553837,18553855,18
52595,18553855,18553955,100
52596,18553955,18554662,707
52597,18554662,18554763,101
52598,18554763,18555525,762
52599,18555525,18555668,143
52600,18555668,18556405,737
52601,18556405,18556562,157
52602,18556562,18557744,1182
52603,18557744,18558053,309
52604,18558053,18558158,105
52605,18558158,18558248,90
52606,18558248,18558398,150
52607,18558398,18558429,31
52608,18558429,18558434,5
52609,18558434,18558439,5
52610,18558439,18558444,5
52611,18558444,18559016,572
52612,18559016,18559433,417
52613,18559433,18559564,131
52614,18559564,18559798,234
52615,18559798,18560056,258
52616,18560056,18560066,10
52617,18560066,18560071,5
52618,18560071,18560097,26
52619,18560097,18560102,5
52620,18560102,18560107,5
52621,18560107,18560112,5
52622,18560112,18560117,5
52623,18560117,18560952,835
52624,18560952,18561440,488
52625,18561440,18562278,838
52626,18562278,18562286,8
52627,18562286,18563977,1691
52628,18563977,18564062,85
52629,18564062,18564764,702
52630,18564764,18565717,953
52631,18565717,18566016,299
52632,18566016,18566347,331
52633,18566347,18566527,180
52634,18566527,18567552,1025
52635,18569856,18570813,957
52636,18570813,18570979,166
52637,18570979,18571165,186
52638,18571165,18571429,264
52639,18571429,18571568,139
52640,18571568,18571820,252
52641,18571820,18571869,49
52642,18571869,18572164,295
52643,18572164,18572174,10
52644,18572174,18573388,1214
52645,18573388,18574128,740
52646,18574128,18574263,135
52647,18574263,18574358,95
52648,18574358,18574498,140
52649,18574498,18576101,1603
52650,18576101,18576380,279
52651,18576380,18576664,284
52652,18576664,18576717,53
52653,18578798,18579168,370
52654,18579168,18579474,306
52655,18579474,18580236,762
52656,18580236,18580596,360
52657,18580596,18581014,418
52658,18581014,18583538,2524
52659,18583538,18585005,1467
52660,18585005,18587452,2447
52661,18587452,18588040,588
52662,18588040,18588480,440
52663,18588480,18590239,1759
52664,18590239,18590875,636
52665,18590875,18591414,539
52666,18591414,18591518,104
52667,18591518,18591541,23
52668,18591541,18592013,472
52669,18592013,18592526,513
52670,18592526,18593532,1006
52671,18593532,18593555,23
52672,18593555,18593613,58
52673,18593613,18594584,971
52674,18594584,18594798,214
52675,18594798,18594852,54
52676,18594852,18597472,2620
52677,18597472,18598161,689
52678,18598161,18598166,5
52679,18598166,18599306,1140
52680,18599306,18599559,253
52681,18599559,18599964,405
52682,18599964,18600535,571
52683,18600535,18600709,174
52684,18600709,18602660,1951
52685,18602660,18602773,113
52686,18602773,18602977,204
52687,18602977,18603023,46
52688,18603023,18603430,407
52689,18603430,18603757,327
52690,18603757,18604171,414
52691,18604171,18604398,227
52692,18604398,18604696,298
52693,18604696,18604865,169
52694,18604865,18605017,152
52695,18605017,18605061,44
52696,18605061,18605170,109
52697,18605170,18605676,506
52698,18605676,18606282,606
52699,18607846,18607901,55
52700,18607901,18607918,17
52701,18607918,18607954,36
52702,18607954,18608031,77
52703,18608031,18608116,85
52704,18608116,18608666,550
52705,18608666,18609436,770
52706,18609436,18609445,9
52707,18609445,18609598,153
52708,18609598,18609832,234
52709,18609832,18609898,66
52710,18609898,18610716,818
52711,18610716,18610866,150
52712,18610866,18611246,380
52713,18611246,18611549,303
52714,18611549,18611864,315
52715,18611864,18611912,48
52716,18611912,18611936,24
52717,18611936,18611972,36
52718,18611972,18611984,12
52719,18611984,18612020,36
52720,18612020,18612176,156
52721,18612176,18612200,24
52722,18612200,18612212,12
52723,18612212,18612224,12
52724,18612224,18612248,24
52725,18612248,18612272,24
52726,18612272,18612308,36
52727,18612308,18612590,282
52728,18612590,18612695,105
52729,18612695,18612845,150
52730,18612845,18614810,1965
52731,18614810,18616017,1207
52732,18616017,18616651,634
52733,18616651,18617053,402
52734,18617053,18617074,21
52735,18617074,18617242,168
52736,18617242,18617666,424
52737,18617666,18617696,30
52738,18617696,18617935,239
52739,18617935,18619075,1140
52740,18619075,18619266,191
52741,18619266,18619614,348
52742,18619614,18619837,223
52743,18619837,18619943,106
52744,18619943,18619959,16
52745,18619959,18619965,6
52746,18619965,18620502,537
52747,18620502,18622116,1614
52748,18622116,18622287,171
52749,18622287,18622617,330
52750,18622617,18622624,7
52751,18622624,18623086,462
52752,18623086,18623095,9
52753,18623095,18623115,20
52754,18623115,18623778,663
52755,18623778,18623982,204
52756,18623982,18624457,475
52757,18624457,18624839,382
52758,18624839,18625070,231
52759,18625070,18625234,164
52760,18625234,18625589,355
52761,18625589,18625607,18
52762,18625607,18626447,840
52763,18626447,18626992,545
52764,18626992,18627116,124
52765,18627116,18627597,481
52766,18627597,18627648,51
52767,18627648,18627796,148
52768,18627796,18627803,7
52769,18627803,18628057,254
52770,18628057,18628075,18
52771,18628075,18628816,741
52772,18628816,18628917,101
52773,18628917,18628995,78
52774,18628995,18629565,570
52775,18629565,18629580,15
52776,18629580,18629627,47
52777,18629627,18630015,388
52778,18630015,18630482,467
52779,18630482,18630606,124
52780,18630606,18630629,23
52781,18630629,18630923,294
52782,18630923,18630929,6
52783,18630929,18630935,6
52784,18630935,18630995,60
52785,18630995,18631097,102
52786,18631097,18631121,24
52787,18631121,18631128,7
52788,18631128,18631201,73
52789,18631201,18631322,121
52790,18631322,18631912,590
52791,18631912,18632067,155
52792,18632067,18632681,614
52793,18632681,18632730,49
52794,18632730,18632826,96
52795,18632826,18633180,354
52796,18633180,18633189,9
52797,18633189,18633819,630
52798,18633819,18634061,242
52799,18634061,18634219,158
52800,18634219,18634247,28
52801,18634247,18634260,13
52802,18634260,18634283,23
52803,18634283,18634442,159
52804,18634442,18634452,10
52805,18634452,18634462,10
52806,18634462,18634568,106
52807,18634568,18634576,8
52808,18634576,18634630,54
52809,18634630,18634634,4
52810,18634634,18634857,223
52811,18634857,18634903,46
52812,18634903,18636247,1344
52813,18636247,18636334,87
52814,18636334,18636616,282
52815,18636616,18637100,484
52816,18637100,18637283,183
52817,18637283,18637450,167
52818,18637450,18637602,152
52819,18637602,18637690,88
52820,18637690,18637701,11
52821,18637701,18638089,388
52822,18638089,18638475,386
52823,18638475,18638503,28
52824,18638503,18638719,216
52825,18638719,18639155,436
52826,18639155,18639644,489
52827,18639644,18639655,11
52828,18639655,18639952,297
52829,18639952,18640183,231
52830,18640183,18640672,489
52831,18640672,18640685,13
52832,18640685,18641254,569
52833,18641254,18641964,710
52834,18641964,18642153,189
52835,18642153,18642583,430
52836,18642583,18642628,45
52837,18642628,18642933,305
52838,18642933,18643466,533
52839,18643466,18644013,547
52840,18644013,18644146,133
52841,18644146,18644181,35
52842,18644181,18644207,26
52843,18644207,18644613,406
52844,18644613,18644679,66
52845,18644679,18644709,30
52846,18644709,18644719,10
52847,18644719,18644909,190
52848,18644909,18645014,105
52849,18645014,18645665,651
52850,18645665,18646333,668
52851,18646333,18646348,15
52852,18646348,18647238,890
52853,18647238,18647267,29
52854,18647267,18647273,6
52855,18647273,18648386,1113
52856,18648386,18649161,775
52857,18649161,18649207,46
52858,18649207,18649619,412
52859,18649619,18649703,84
52860,18649703,18649918,215
52861,18649918,18650047,129
52862,18650047,18650171,124
52863,18650171,18650693,522
52864,18650693,18651014,321
52865,18651014,18651592,578
52866,18651592,18651735,143
52867,18651735,18652819,1084
52868,18652819,18652875,56
52869,18652875,18652930,55
52870,18652930,18653469,539
52871,18653469,18653672,203
52872,18653672,18653801,129
52873,18653801,18654024,223
52874,18654024,18654176,152
52875,18654176,18654327,151
52876,18654327,18654339,12
52877,18654339,18654665,326
52878,18654665,18654817,152
52879,18654817,18655019,202
52880,18655019,18655180,161
52881,18655180,18655258,78
52882,18655258,18655954,696
52883,18655954,18656186,232
52884,18656186,18656192,6
52885,18656192,18656267,75
52886,18656267,18656359,92
52887,18656359,18656446,87
52888,18656446,18656931,485
52889,18656931,18657098,167
52890,18657098,18657116,18
52891,18657116,18657632,516
52892,18657632,18657876,244
52893,18657876,18657940,64
52894,18657940,18658108,168
52895,18658108,18658283,175
52896,18658283,18658387,104
52897,18658387,18658543,156
52898,18658543,18658769,226
52899,18658769,18658784,15
52900,18658784,18658958,174
52901,18658958,18659002,44
52902,18659002,18659044,42
52903,18659044,18659153,109
52904,18659153,18659546,393
52905,18659546,18659698,152
52906,18659698,18659998,300
52907,18659998,18660425,427
52908,18660425,18660499,74
52909,18660499,18660664,165
52910,18660664,18660900,236
52911,18660900,18661394,494
52912,18661394,18662577,1183
52913,18662577,18662595,18
52914,18662595,18662876,281
52915,18662876,18662986,110
52916,18662986,18663359,373
52917,18663359,18663942,583
52918,18663942,18663950,8
52919,18663950,18664132,182
52920,18664132,18665904,1772
52921,18665904,18666939,1035
52922,18666939,18667197,258
52923,18667197,18668160,963
52924,18668160,18668169,9
52925,18668169,18668203,34
52926,18668203,18668271,68
52927,18668271,18669746,1475
52928,18669746,18669786,40
52929,18669786,18669816,30
52930,18669816,18669831,15
52931,18669831,18669983,152
52932,18669983,18670090,107
52933,18670090,18670767,677
52934,18670767,18671057,290
52935,18671057,18671381,324
52936,18671381,18671453,72
52937,18671453,18671577,124
52938,18671577,18671821,244
52939,18671821,18672111,290
52940,18672111,18672193,82
52941,18672193,18672636,443
52942,18672636,18672771,135
52943,18672771,18672922,151
52944,18672922,18673962,1040
52945,18673962,18673967,5
52946,18673967,18673977,10
52947,18673977,18673982,5
52948,18673982,18673987,5
52949,18673987,18674244,257
52950,18674244,18674560,316
52951,18674560,18675063,503
52952,18675063,18675116,53
52953,18675116,18676709,1593
52954,18676709,18676870,161
52955,18676870,18676903,33
52956,18676903,18676910,7
52957,18676910,18677228,318
52958,18677228,18677522,294
52959,18677522,18678003,481
52960,18678003,18678858,855
52961,18678858,18679091,233
52962,18679091,18679631,540
52963,18679631,18679666,35
52964,18679666,18679670,4
52965,18679670,18679674,4
52966,18679674,18679678,4
52967,18679678,18679682,4
52968,18679682,18679686,4
52969,18679686,18679690,4
52970,18679690,18679698,8
52971,18679698,18679785,87
52972,18679785,18679838,53
52973,18679838,18679960,122
52974,18679960,18679967,7
52975,18679967,18679981,14
52976,18679981,18680008,27
52977,18680008,18680375,367
52978,18680375,18681407,1032
52979,18681407,18681521,114
52980,18681521,18681557,36
52981,18681557,18681735,178
52982,18681735,18681740,5
52983,18681740,18681745,5
52984,18681745,18681750,5
52985,18681750,18681760,10
52986,18681760,18681765,5
52987,18681765,18681891,126
52988,18681891,18681918,27
52989,18681918,18682238,320
52990,18682238,18682285,47
52991,18682285,18682395,110
52992,18682395,18682942,547
52993,18682942,18682991,49
52994,18682991,18683438,447
52995,18683438,18683589,151
52996,18683589,18683971,382
52997,18683971,18684301,330
52998,18684301,18684321,20
52999,18684321,18684521,200
53000,18684521,18684577,56
53001,18684577,18684597,20
53002,18684597,18684605,8
53003,18684605,18684613,8
53004,18684613,18684756,143
53005,18684756,18684763,7
53006,18684763,18684792,29
53007,18684792,18684819,27
53008,18684819,18685375,556
53009,18685375,18685420,45
53010,18685420,18685432,12
53011,18685432,18685805,373
53012,18685805,18686349,544
53013,18686349,18686758,409
53014,18686758,18687058,300
53015,18687058,18687365,307
53016,18687365,18687521,156
53017,18687521,18687793,272
53018,18687793,18689177,1384
53019,18689177,18689496,319
53020,18689496,18689608,112
53021,18689608,18689755,147
53022,18689755,18689812,57
53023,18689812,18689851,39
53024,18689851,18689919,68
53025,18689919,18690081,162
53026,18690081,18690225,144
53027,18690225,18690232,7
53028,18690232,18690413,181
53029,18690413,18690457,44
53030,18690457,18690482,25
53031,18690482,18690527,45
53032,18690527,18690593,66
53033,18690593,18690652,59
53034,18690652,18690692,40
53035,18690692,18690951,259
53036,18690951,18691328,377
53037,18691328,18691562,234
53038,18691562,18691900,338
53039,18691900,18691961,61
53040,18691961,18692194,233
53041,18692194,18692819,625
53042,18692819,18693287,468
53043,18693287,18693695,408
53044,18693695,18693746,51
53045,18693746,18694164,418
53046,18694164,18694240,76
53047,18694240,18694436,196
53048,18694436,18694485,49
53049,18694485,18694490,5
53050,18694490,18694495,5
53051,18694495,18694510,15
53052,18694510,18695009,499
53053,18695009,18695121,112
53054,18695121,18695286,165
53055,18695286,18695299,13
53056,18695299,18695484,185
53057,18695484,18695537,53
53058,18695537,18695648,111
53059,18695648,18696142,494
53060,18696142,18696200,58
53061,18696200,18696219,19
53062,18696219,18696227,8
53063,18696227,18696231,4
53064,18696231,18696952,721
53065,18696952,18697491,539
53066,18697491,18697763,272
53067,18697763,18698241,478
53068,18698241,18698247,6
53069,18698247,18699052,805
53070,18699052,18699413,361
53071,18699413,18699667,254
53072,18699667,18699827,160
53073,18699827,18699969,142
53074,18699969,18700106,137
53075,18700106,18700549,443
53076,18700549,18700988,439
53077,18700988,18701079,91
53078,18701079,18701383,304
53079,18701383,18701393,10
53080,18701393,18701398,5
53081,18701398,18701451,53
53082,18701451,18701864,413
53083,18701864,18701884,20
53084,18701884,18701999,115
53085,18701999,18702964,965
53086,18702964,18703960,996
53087,18703960,18704029,69
53088,18704029,18704039,10
53089,18704039,18704055,16
53090,18704055,18704148,93
53091,18704148,18704314,166
53092,18704314,18706096,1782
53093,18706096,18706427,331
53094,18706427,18707537,1110
53095,18707537,18707920,383
53096,18707920,18707948,28
53097,18707948,18708284,336
53098,18708284,18708598,314
53099,18708598,18708684,86
53100,18708684,18708870,186
53101,18708870,18708978,108
53102,18708978,18709078,100
53103,18709078,18709339,261
53104,18709339,18709423,84
53105,18709423,18710220,797
53106,18710220,18710425,205
53107,18710425,18710499,74
53108,18710499,18710702,203
53109,18710702,18710998,296
53110,18710998,18711115,117
53111,18711115,18711257,142
53112,18711257,18711449,192
53113,18711449,18711901,452
53114,18711901,18713831,1930
53115,18713831,18713849,18
53116,18713849,18714369,520
53117,18716888,18717816,928
53118,18717816,18718537,721
53119,18718537,18718938,401
53120,18718938,18720349,1411
53121,18720349,18720910,561
53122,18720910,18721395,485
53123,18721395,18722824,1429
53124,18722824,18723018,194
53125,18723018,18723634,616
53126,18723634,18723883,249
53127,18723883,18723971,88
53128,18723971,18725151,1180
53129,18725151,18725428,277
53130,18725428,18725552,124
53131,18725552,18726090,538
53132,18726090,18726108,18
53133,18726108,18726138,30
53134,18726138,18726184,46
53135,18726184,18726208,24
53136,18726208,18726297,89
53137,18726297,18726643,346
53138,18726643,18727776,1133
53139,18727776,18728195,419
53140,18728195,18729502,1307
53141,18729502,18730275,773
53142,18730275,18730846,571
53143,18730846,18731041,195
53144,18731041,18731185,144
53145,18731185,18732347,1162
53146,18734488,18735080,592
53147,18735080,18736060,980
53148,18736060,18736370,310
53149,18736370,18737297,927
53150,18737297,18738439,1142
53151,18738439,18739421,982
53152,18739421,18739542,121
53153,18739542,18739558,16
53154,18739558,18739670,112
53155,18739670,18739778,108
53156,18739778,18740358,580
53157,18740358,18741198,840
53158,18741198,18742441,1243
53159,18742441,18742563,122
53160,18742563,18743598,1035
53161,18743598,18743880,282
53162,18743880,18744212,332
53163,18744212,18744810,598
53164,18744810,18747048,2238
53165,18747048,18747358,310
53166,18747358,18747496,138
53167,18747496,18747571,75
53168,18747571,18747822,251
53169,18747822,18747913,91
53170,18747913,18747971,58
53171,18747971,18748121,150
53172,18748121,18749201,1080
53173,18749201,18749695,494
53174,18749695,18750954,1259
53175,18750954,18751312,358
53176,18751312,18751334,22
53177,18751334,18752233,899
53178,18752233,18752417,184
53179,18752417,18752590,173
53180,18752590,18753177,587
53181,18753177,18754685,1508
53182,18754685,18755278,593
53183,18755278,18755408,130
53184,18755408,18755723,315
53185,18755723,18756559,836
53186,18756559,18756575,16
53187,18756575,18756813,238
53188,18756813,18756900,87
53189,18756900,18756945,45
53190,18756945,18757376,431
53191,18757376,18757878,502
53192,18757878,18758210,332
53193,18758210,18758318,108
53194,18758318,18759813,1495
53195,18759813,18760242,429
53196,18760242,18761005,763
53197,18761005,18761156,151
53198,18761156,18762113,957
53199,18762113,18762388,275
53200,18762388,18763308,920
53201,18763308,18763840,532
53202,18763840,18763853,13
53203,18763853,18764570,717
53204,18764570,18764641,71
53205,18764641,18764677,36
53206,18764677,18765015,338
53207,18765015,18765102,87
53208,18765102,18765123,21
53209,18765123,18765386,263
53210,18765386,18765441,55
53211,18765441,18765456,15
53212,18765456,18766313,857
53213,18766313,18766344,31
53214,18766344,18767034,690
53215,18767034,18767310,276
53216,18767310,18769564,2254
53217,18769564,18770125,561
53218,18770125,18770859,734
53219,18770859,18771738,879
53220,18771738,18772267,529
53221,18772267,18772871,604
53222,18772871,18774386,1515
53223,18774386,18774416,30
53224,18774416,18774426,10
53225,18774426,18774732,306
53226,18774732,18774755,23
53227,18774755,18775487,732
53228,18775487,18775868,381
53229,18775868,18775997,129
53230,18775997,18776554,557
53231,18776554,18776718,164
53232,18776718,18776726,8
53233,18776726,18777101,375
53234,18777101,18777591,490
53235,18777591,18777774,183
53236,18777774,18778407,633
53237,18778407,18778776,369
53238,18778776,18778902,126
53239,18778902,18778935,33
53240,18778935,18779517,582
53241,18779517,18779651,134
53242,18779651,18779807,156
53243,18779807,18779855,48
53244,18779855,18779892,37
53245,18779892,18779964,72
53246,18779964,18780551,587
53247,18780551,18780743,192
53248,18780743,18780928,185
53249,18780928,18780985,57
53250,18780985,18781050,65
53251,18781050,18781646,596
53252,18781646,18782337,691
53253,18782337,18782739,402
53254,18782739,18782783,44
53255,18782783,18783067,284
53256,18783067,18783072,5
53257,18783072,18783112,40
53258,18783112,18783161,49
53259,18783161,18784131,970
53260,18784131,18784518,387
53261,18784518,18784525,7
53262,18784525,18785139,614
53263,18785139,18785252,113
53264,18785252,18785305,53
53265,18785305,18785417,112
53266,18785417,18785777,360
53267,18785777,18785851,74
53268,18785851,18785908,57
53269,18785908,18785973,65
53270,18785973,18786354,381
53271,18786354,18787022,668
53272,18787022,18787424,402
53273,18787424,18787468,44
53274,18787468,18787752,284
53275,18787752,18787757,5
53276,18787757,18787846,89
53277,18787846,18788921,1075
53278,18788921,18789554,633
53279,18789554,18789574,20
53280,18789574,18789580,6
53281,18789580,18789588,8
53282,18789588,18790044,456
53283,18790044,18790119,75
53284,18790119,18790628,509
53285,18790628,18790776,148
53286,18790776,18790791,15
53287,18790791,18791047,256
53288,18791047,18791201,154
53289,18791201,18791463,262
53290,18791463,18791526,63
53291,18791526,18791753,227
53292,18791753,18791798,45
53293,18791798,18791806,8
53294,18791806,18791921,115
53295,18791921,18792187,266
53296,18792187,18792244,57
53297,18792244,18792275,31
53298,18792275,18792280,5
53299,18792280,18792332,52
53300,18792332,18792424,92
53301,18792424,18792526,102
53302,18792526,18792782,256
53303,18792782,18793026,244
53304,18793026,18793258,232
53305,18793258,18794214,956
53306,18794214,18794462,248
53307,18794462,18794497,35
53308,18794497,18794684,187
53309,18794684,18794702,18
53310,18794702,18794802,100
53311,18794802,18795150,348
53312,18795150,18795633,483
53313,18795633,18795729,96
53314,18795729,18796008,279
53315,18796008,18796671,663
53316,18796671,18797072,401
53317,18797072,18797286,214
53318,18797286,18797722,436
53319,18797722,18797917,195
53320,18797917,18798193,276
53321,18798193,18798221,28
53322,18798221,18798250,29
53323,18798250,18798656,406
53324,18798656,18798703,47
53325,18798703,18798843,140
53326,18798843,18799079,236
53327,18799079,18799108,29
53328,18799108,18799775,667
53329,18799775,18799799,24
53330,18799799,18799808,9
53331,18799808,18800171,363
53332,18800171,18800400,229
53333,18800400,18800422,22
53334,18800422,18800644,222
53335,18800644,18800665,21
53336,18800665,18800972,307
53337,18800972,18801131,159
53338,18801131,18801828,697
53339,18801828,18801956,128
53340,18801956,18801967,11
53341,18801967,18802434,467
53342,18802434,18802849,415
53343,18802849,18803025,176
53344,18803025,18803035,10
53345,18803035,18803046,11
53346,18803046,18803338,292
53347,18803338,18803911,573
53348,18803911,18803961,50
53349,18803961,18804150,189
53350,18804150,18804184,34
53351,18804184,18804197,13
53352,18804197,18804221,24
53353,18804221,18804228,7
53354,18804228,18804235,7
53355,18804235,18804493,258
53356,18804493,18804654,161
53357,18804654,18804983,329
53358,18804983,18805379,396
53359,18805379,18807250,1871
53360,18807250,18807345,95
53361,18807345,18808358,1013
53362,18808358,18808555,197
53363,18808555,18808615,60
53364,18808615,18809000,385
53365,18809000,18809157,157
53366,18809157,18809584,427
53367,18809584,18809683,99
53368,18809683,18809774,91
53369,18809774,18809874,100
53370,18809874,18809928,54
53371,18809928,18810260,332
53372,18810260,18810320,60
53373,18810320,18810359,39
53374,18810359,18810402,43
53375,18810402,18810450,48
53376,18810450,18810468,18
53377,18810468,18810607,139
53378,18810607,18810842,235
53379,18810842,18810909,67
53380,18810909,18811011,102
53381,18811011,18811395,384
53382,18811395,18812564,1169
53383,18812564,18812570,6
53384,18812570,18812586,16
53385,18812586,18814768,2182
53386,18814768,18814794,26
53387,18814794,18815260,466
53388,18815260,18815417,157
53389,18815417,18815724,307
53390,18815724,18815748,24
53391,18815748,18816179,431
53392,18816179,18816908,729
53393,18819696,18819856,160
53394,18819856,18820458,602
53395,18820458,18820559,101
53396,18820559,18820697,138
53397,18820697,18821405,708
53398,18821405,18821596,191
53399,18821596,18821617,21
53400,18821617,18821819,202
53401,18821819,18821973,154
53402,18821973,18822070,97
53403,18822070,18822367,297
53404,18822367,18822531,164
53405,18822531,18822969,438
53406,18822969,18823007,38
53407,18823007,18823094,87
53408,18823094,18823145,51
53409,18823145,18823552,407
53410,18823552,18823744,192
53411,18823744,18823839,95
53412,18823839,18823848,9
53413,18823848,18824117,269
53414,18824117,18824293,176
53415,18824293,18824895,602
53416,18824895,18824969,74
53417,18824969,18825027,58
53418,18825027,18825343,316
53419,18825343,18825480,137
53420,18825480,18825517,37
53421,18825517,18825525,8
53422,18825525,18825540,15
53423,18825540,18825736,196
53424,18825736,18825799,63
53425,18825799,18827003,1204
53426,18827003,18827172,169
53427,18827172,18827254,82
53428,18827254,18827387,133
53429,18827387,18827812,425
53430,18827812,18827965,153
53431,18827965,18828010,45
53432,18828010,18828025,15
53433,18828025,18828441,416
53434,18828441,18829327,886
53435,18829327,18829353,26
53436,18829353,18829458,105
53437,18829458,18829536,78
53438,18829536,18831211,1675
53439,18831211,18831245,34
53440,18831245,18831305,60
53441,18831305,18831584,279
53442,18831584,18831683,99
53443,18831683,18831698,15
53444,18831698,18831764,66
53445,18831764,18832461,697
53446,18832461,18832524,63
53447,18832524,18832741,217
53448,18832741,18832756,15
53449,18832756,18833261,505
53450,18833261,18833477,216
53451,18833477,18833952,475
53452,18833952,18834205,253
53453,18834205,18834348,143
53454,18834348,18834500,152
53455,18834500,18834635,135
53456,18834635,18834833,198
53457,18834833,18835061,228
53458,18835061,18835568,507
53459,18835568,18835701,133
53460,18835701,18835887,186
53461,18835887,18836190,303
53462,18836190,18838131,1941
53463,18838131,18838264,133
53464,18838264,18838768,504
53465,18838768,18838775,7
53466,18838775,18838782,7
53467,18838782,18838821,39
53468,18838821,18839115,294
53469,18839115,18839157,42
53470,18839157,18839321,164
53471,18839321,18839853,532
53472,18839853,18839907,54
53473,18839907,18839997,90
53474,18839997,18840008,11
53475,18840008,18840675,667
53476,18840675,18840741,66
53477,18840741,18840767,26
53478,18840767,18840777,10
53479,18840777,18841160,383
53480,18841160,18841184,24
53481,18841184,18841199,15
53482,18841199,18842241,1042
53483,18842241,18842277,36
53484,18842277,18843245,968
53485,18843245,18843261,16
53486,18843261,18843267,6
53487,18843267,18843645,378
53488,18843645,18843980,335
53489,18843980,18843984,4
53490,18843984,18844085,101
53491,18844085,18844205,120
53492,18844205,18844504,299
53493,18844504,18844711,207
53494,18844711,18844746,35
53495,18844746,18845380,634
53496,18845380,18845416,36
53497,18845416,18845467,51
53498,18845467,18845960,493
53499,18845960,18846062,102
53500,18846062,18846199,137
53501,18846199,18846216,17
53502,18846216,18847135,919
53503,18847135,18847186,51
53504,18847186,18847208,22
53505,18847208,18847469,261
53506,18847469,18847810,341
53507,18847810,18847838,28
53508,18847838,18848300,462
53509,18848300,18849660,1360
53510,18849660,18850060,400
53511,18850060,18850171,111
53512,18850171,18850281,110
53513,18850281,18850515,234
53514,18850515,18851025,510
53515,18851025,18851090,65
53516,18851090,18851106,16
53517,18851106,18851171,65
53518,18851171,18851337,166
53519,18851337,18851577,240
53520,18851577,18851611,34
53521,18851611,18851908,297
53522,18851908,18852208,300
53523,18852208,18852243,35
53524,18852243,18852291,48
53525,18852291,18852503,212
53526,18852503,18852846,343
53527,18852846,18852874,28
53528,18852874,18852985,111
53529,18852985,18853352,367
53530,18853352,18853776,424
53531,18853776,18854203,427
53532,18854203,18854551,348
53533,18854551,18854558,7
53534,18854558,18854636,78
53535,18854636,18855064,428
53536,18855064,18855074,10
53537,18855074,18855090,16
53538,18855090,18855098,8
53539,18855098,18855417,319
53540,18855417,18855449,32
53541,18855449,18855464,15
53542,18855464,18855471,7
53543,18855471,18855519,48
53544,18855519,18856167,648
53545,18856167,18856322,155
53546,18856322,18856583,261
53547,18856583,18856620,37
53548,18856620,18856626,6
53549,18856626,18857192,566
53550,18857192,18857222,30
53551,18857222,18857346,124
53552,18857346,18857363,17
53553,18857363,18857422,59
53554,18857422,18857562,140
53555,18857562,18857569,7
53556,18857569,18857580,11
53557,18857580,18857641,61
53558,18857641,18858600,959
53559,18858600,18858750,150
53560,18858750,18858813,63
53561,18858813,18858826,13
53562,18858826,18859149,323
53563,18859149,18859165,16
53564,18859165,18859275,110
53565,18859275,18859393,118
53566,18859393,18859539,146
53567,18859539,18859795,256
53568,18859795,18859864,69
53569,18859864,18859896,32
53570,18859896,18859952,56
53571,18859952,18860112,160
53572,18860112,18860391,279
53573,18860391,18860679,288
53574,18860679,18860701,22
53575,18860701,18860852,151
53576,18860852,18860944,92
53577,18860944,18861047,103
53578,18861047,18861061,14
53579,18861061,18861923,862
53580,18861923,18862412,489
53581,18862412,18862445,33
53582,18862445,18862487,42
53583,18862487,18862931,444
53584,18862931,18863054,123
53585,18863054,18863126,72
53586,18863126,18863204,78
53587,18863204,18863369,165
53588,18863369,18863894,525
53589,18863894,18865073,1179
53590,18865073,18867513,2440
53591,18867513,18867899,386
53592,18867899,18869547,1648
53593,18869547,18869964,417
53594,18869964,18870113,149
53595,18870113,18870207,94
53596,18870207,18870697,490
53597,18870697,18870888,191
53598,18870888,18871857,969
53599,18871857,18872301,444
53600,18872301,18872322,21
53601,18872322,18872379,57
53602,18872379,18872404,25
53603,18872404,18872424,20
53604,18872424,18872701,277
53605,18872701,18872729,28
53606,18872729,18872755,26
53607,18872755,18872783,28
53608,18872783,18873084,301
53609,18873084,18873326,242
53610,18873326,18873407,81
53611,18873407,18873441,34
53612,18873441,18873543,102
53613,18873543,18874089,546
53614,18874089,18874128,39
53615,18874128,18874158,30
53616,18874158,18874164,6
53617,18874164,18874181,17
53618,18874181,18874821,640
53619,18874821,18874962,141
53620,18874962,18875177,215
53621,18875177,18875233,56
53622,18875233,18875354,121
53623,18875354,18876025,671
53624,18876025,18876125,100
53625,18876125,18876223,98
53626,18876223,18876260,37
53627,18876260,18877357,1097
53628,18877357,18877516,159
53629,18877516,18877581,65
53630,18877581,18877641,60
53631,18877641,18877938,297
53632,18877938,18877998,60
53633,18877998,18878053,55
53634,18878053,18878087,34
53635,18878087,18878623,536
53636,18878623,18878692,69
53637,18878692,18878705,13
53638,18878705,18879218,513
53639,18879218,18879571,353
53640,18879571,18879641,70
53641,18879641,18879922,281
53642,18879922,18880153,231
53643,18880153,18880504,351
53644,18880504,18880679,175
53645,18880679,18880758,79
53646,18880758,18880820,62
53647,18880820,18880937,117
53648,18880937,18880995,58
53649,18880995,18881000,5
53650,18881000,18881028,28
53651,18881028,18881033,5
53652,18881033,18881539,506
53653,18881539,18881673,134
53654,18881673,18881731,58
53655,18881731,18881816,85
53656,18881816,18882000,184
53657,18882000,18882184,184
53658,18882184,18882262,78
53659,18885027,18885396,369
53660,18885396,18886048,652
53661,18886048,18886143,95
53662,18886143,18886206,63
53663,18886206,18886896,690
53664,18886896,18887077,181
53665,18887077,18887338,261
53666,18887338,18887457,119
53667,18887457,18887787,330
53668,18887787,18888520,733
53669,18888520,18889220,700
53670,18889220,18889288,68
53671,18889288,18889777,489
53672,18889777,18890145,368
53673,18890145,18890945,800
53674,18890945,18890996,51
53675,18890996,18891083,87
53676,18891083,18891108,25
53677,18891108,18891149,41
53678,18891149,18891294,145
53679,18891294,18891372,78
53680,18891372,18891381,9
53681,18891381,18891399,18
53682,18891399,18891681,282
53683,18891681,18892076,395
53684,18892076,18892149,73
53685,18892149,18892202,53
53686,18892202,18892276,74
53687,18892276,18892304,28
53688,18892304,18892475,171
53689,18892475,18892484,9
53690,18892484,18892505,21
53691,18892505,18892605,100
53692,18892605,18893097,492
53693,18893097,18893458,361
53694,18893458,18893736,278
53695,18893736,18894119,383
53696,18894119,18894130,11
53697,18894130,18894178,48
53698,18894178,18894225,47
53699,18894225,18895042,817
53700,18895042,18895057,15
53701,18895057,18895222,165
53702,18895222,18895364,142
53703,18895364,18895386,22
53704,18895386,18895454,68
53705,18895454,18895460,6
53706,18895460,18895668,208
53707,18895668,18895707,39
53708,18895707,18895755,48
53709,18895755,18896020,265
53710,18896020,18896619,599
53711,18896619,18896637,18
53712,18896637,18896689,52
53713,18896689,18896773,84
53714,18896773,18896779,6
53715,18896779,18896797,18
53716,18896797,18896803,6
53717,18896803,18897739,936
53718,18897739,18898011,272
53719,18898011,18898729,718
53720,18898729,18899232,503
53721,18899232,18899251,19
53722,18899251,18899450,199
53723,18899450,18899528,78
53724,18899528,18899596,68
53725,18899596,18899605,9
53726,18899605,18899984,379
53727,18899984,18900106,122
53728,18900106,18900691,585
53729,18900691,18902088,1397
53730,18902088,18902265,177
53731,18902265,18902943,678
53732,18902943,18903013,70
53733,18903013,18903143,130
53734,18903143,18903200,57
53735,18903200,18903207,7
53736,18903207,18903545,338
53737,18903545,18904477,932
53738,18904477,18904812,335
53739,18904812,18904968,156
53740,18904968,18906543,1575
53741,18906543,18906557,14
53742,18906557,18906659,102
53743,18906659,18907329,670
53744,18907329,18907485,156
53745,18907485,18907678,193
53746,18907678,18907870,192
53747,18907870,18908525,655
53748,18908525,18908679,154
53749,18908679,18908820,141
53750,18908820,18908887,67
53751,18908887,18908919,32
53752,18908919,18908950,31
53753,18908950,18909134,184
53754,18909134,18909170,36
53755,18909170,18909182,12
53756,18909182,18909520,338
53757,18909520,18909541,21
53758,18909541,18909732,191
53759,18909732,18910177,445
53760,18910177,18910552,375
53761,18910552,18910641,89
53762,18910641,18910784,143
53763,18910784,18911164,380
53764,18911164,18911714,550
53765,18911714,18912564,850
53766,18912564,18914207,1643
53767,18914207,18914341,134
53768,18914341,18914613,272
53769,18914613,18914851,238
53770,18914851,18914938,87
53771,18914938,18915068,130
53772,18915068,18915115,47
53773,18915115,18915137,22
53774,18915137,18915585,448
53775,18915585,18916689,1104
53776,18916689,18917575,886
53777,18917575,18917874,299
53778,18917874,18919798,1924
53779,18919798,18920055,257
53780,18920055,18920463,408
53781,18920463,18920936,473
53782,18920936,18922196,1260
53783,18922196,18922318,122
53784,18922318,18922339,21
53785,18922339,18923289,950
53786,18923289,18923315,26
53787,18923315,18924419,1104
53788,18924419,18924591,172
53789,18924591,18924799,208
53790,18924799,18925294,495
53791,18925294,18925876,582
53792,18925876,18926095,219
53793,18926095,18926152,57
53794,18926152,18926815,663
53795,18926815,18926893,78
53796,18926893,18928214,1321
53797,18928214,18929008,794
53798,18929008,18929026,18
53799,18929026,18931097,2071
53800,18931097,18931117,20
53801,18931117,18931125,8
53802,18931125,18931130,5
53803,18931130,18931334,204
53804,18931334,18932016,682
53805,18932016,18932394,378
53806,18932394,18933508,1114
53807,18933508,18933977,469
53808,18933977,18935807,1830
53809,18935807,18936594,787
53810,18936594,18937357,763
53811,18937357,18937504,147
53812,18937504,18938294,790
53813,18938294,18938435,141
53814,18938435,18939871,1436
53815,18939871,18939918,47
53816,18939918,18940480,562
53817,18940480,18940716,236
53818,18942558,18942791,233
53819,18942791,18943664,873
53820,18943664,18943845,181
53821,18943845,18944201,356
53822,18944201,18945368,1167
53823,18948032,18948160,128
53824,18948160,18948438,278
53825,18948438,18948573,135
53826,18948573,18949085,512
53827,18950948,18951344,396
53828,18951344,18951581,237
53829,18951581,18951690,109
53830,18951690,18951703,13
53831,18955756,18955828,72
53832,18955828,18957371,1543
53833,18957371,18958112,741
53834,18958112,18958757,645
53835,18958757,18958926,169
53836,18958926,18959113,187
53837,18959113,18959832,719
53838,18959832,18959949,117
53839,18959949,18960660,711
53840,18960660,18960784,124
53841,18960784,18960907,123
53842,18960907,18960967,60
53843,18960967,18960989,22
53844,18960989,18961293,304
53845,18961293,18961374,81
53846,18961374,18961866,492
53847,18961866,18962388,522
53848,18962388,18962619,231
53849,18962619,18963510,891
53850,18963510,18963669,159
53851,18963669,18963714,45
53852,18963714,18964281,567
53853,18964281,18964294,13
53854,18964294,18965548,1254
53855,18965548,18966643,1095
53856,18966643,18966824,181
53857,18966824,18966832,8
53858,18966832,18966890,58
53859,18966890,18967290,400
53860,18967290,18967482,192
53861,18967482,18968035,553
53862,18968035,18968067,32
53863,18968067,18968669,602
53864,18968669,18970132,1463
53865,18970132,18972411,2279
53866,18972411,18973280,869
53867,18973280,18973729,449
53868,18973729,18973862,133
53869,18973862,18974038,176
53870,18974038,18974262,224
53871,18974262,18974372,110
53872,18974372,18974379,7
53873,18974379,18974394,15
53874,18974394,18974969,575
53875,18974969,18975067,98
53876,18975067,18975264,197
53877,18975264,18975429,165
53878,18975429,18975437,8
53879,18975437,18975490,53
53880,18975490,18975504,14
53881,18975504,18975748,244
53882,18975748,18975946,198
53883,18975946,18976225,279
53884,18976225,18976502,277
53885,18980523,18980980,457
53886,18980980,18981011,31
53887,18981011,18981079,68
53888,18981079,18981340,261
53889,18981340,18981351,11
53890,18981351,18982969,1618
53891,18982969,18983300,331
53892,18983300,18984096,796
53893,18984096,18985482,1386
53894,18985482,18985549,67
53895,18985549,18985592,43
53896,18985592,18985653,61
53897,18985653,18985660,7
53898,18985660,18985950,290
53899,18985950,18986572,622
53900,18986572,18987065,493
53901,18987065,18988151,1086
53902,18988151,18988603,452
53903,18991312,18991544,232
53904,18991544,18991551,7
53905,18991551,18991986,435
53906,18991986,18991991,5
53907,18991991,18992612,621
53908,18992612,18993820,1208
53909,18993820,18993846,26
53910,18995954,18996736,782
53911,18996736,18997535,799
53912,18997535,18999458,1923
53913,18999458,18999661,203
53914,18999661,18999737,76
53915,18999737,19000103,366
53916,19000103,19000110,7
53917,19000110,19000192,82
53918,19000192,19001320,1128
53919,19001320,19002044,724
53920,19002044,19002447,403
53921,19002447,19002895,448
53922,19005213,19006274,1061
53923,19006274,19006632,358
53924,19006632,19007729,1097
53925,19007729,19008328,599
53926,19008328,19009079,751
53927,19009079,19009698,619
53928,19009698,19010518,820
53929,19010518,19011139,621
53930,19011139,19011494,355
53931,19011494,19012265,771
53932,19012265,19012325,60
53933,19012325,19012360,35
53934,19012360,19012557,197
53935,19012557,19012727,170
53936,19012727,19012959,232
53937,19012959,19013018,59
53938,19013018,19013112,94
53939,19013112,19013196,84
53940,19013196,19013656,460
53941,19013656,19013895,239
53942,19013895,19014942,1047
53943,19014942,19015239,297
53944,19015239,19015773,534
53945,19015773,19016812,1039
53946,19016812,19017934,1122
53947,19017934,19019657,1723
53948,19019657,19019898,241
53949,19019898,19020545,647
53950,19020545,19021934,1389
53951,19025800,19025833,33
53952,19025833,19026298,465
53953,19026298,19026455,157
53954,19026455,19026687,232
53955,19026687,19026734,47
53956,19026734,19027486,752
53957,19027486,19028139,653
53958,19028139,19028145,6
53959,19028145,19028157,12
53960,19028157,19028604,447
53961,19028604,19028840,236
53962,19028840,19028851,11
53963,19028851,19028867,16
53964,19028867,19030221,1354
53965,19030221,19031186,965
53966,19031186,19031672,486
53967,19031672,19032536,864
53968,19032536,19033089,553
53969,19033089,19033732,643
53970,19033732,19033836,104
53971,19033836,19034123,287
53972,19034123,19035009,886
53973,19035009,19035158,149
53974,19035158,19035177,19
53975,19035177,19035193,16
53976,19035193,19035199,6
53977,19035199,19035301,102
53978,19035301,19035378,77
53979,19035378,19037015,1637
53980,19037015,19038104,1089
53981,19038104,19040406,2302
53982,19040406,19040601,195
53983,19040601,19041478,877
53984,19043752,19044895,1143
53985,19044895,19046367,1472
53986,19046367,19046655,288
53987,19046655,19046728,73
53988,19046728,19047871,1143
53989,19047871,19048225,354
53990,19048225,19048243,18
53991,19048243,19048732,489
53992,19048732,19048918,186
53993,19048918,19049824,906
53994,19049824,19049883,59
53995,19049883,19050093,210
53996,19050093,19050590,497
53997,19050590,19050780,190
53998,19050780,19051454,674
53999,19051454,19051709,255
54000,19051709,19052022,313
54001,19052022,19052358,336
54002,19052358,19052988,630
54003,19052988,19053935,947
54004,19053935,19053957,22
54005,19053957,19054043,86
54006,19054043,19054713,670
54007,19054713,19055015,302
54008,19055015,19055029,14
54009,19055029,19056651,1622
54010,19056651,19056714,63
54011,19056714,19056829,115
54012,19056829,19056887,58
54013,19056887,19057267,380
54014,19057267,19057609,342
54015,19057609,19058866,1257
54016,19058866,19059590,724
54017,19059590,19060239,649
54018,19060239,19062012,1773
54019,19062012,19062329,317
54020,19062329,19062645,316
54021,19062645,19062718,73
54022,19062718,19062848,130
54023,19062848,19062930,82
54024,19062930,19063872,942
54025,19063872,19064187,315
54026,19064187,19064507,320
54027,19064507,19064870,363
54028,19064870,19065210,340
54029,19065210,19066007,797
54030,19066007,19066036,29
54031,19066036,19066567,531
54032,19066567,19066627,60
54033,19066627,19066859,232
54034,19066859,19067090,231
54035,19067090,19067138,48
54036,19067138,19067225,87
54037,19067225,19067323,98
54038,19067323,19067611,288
54039,19067611,19068585,974
54040,19068585,19068615,30
54041,19068615,19068676,61
54042,19068676,19069357,681
54043,19069357,19069463,106
54044,19069463,19070116,653
54045,19070116,19071029,913
54046,19071029,19071299,270
54047,19071299,19071658,359
54048,19071658,19072199,541
54049,19072199,19072205,6
54050,19072205,19072893,688
54051,19072893,19073030,137
54052,19073030,19073182,152
54053,19073182,19073521,339
54054,19073521,19073675,154
54055,19073675,19073755,80
54056,19073755,19074507,752
54057,19074507,19074539,32
54058,19074539,19074544,5
54059,19074544,19074631,87
54060,19074631,19074640,9
54061,19074640,19075194,554
54062,19075194,19075894,700
54063,19075894,19076536,642
54064,19076536,19076543,7
54065,19076543,19076634,91
54066,19076634,19077293,659
54067,19077293,19077303,10
54068,19077303,19077493,190
54069,19077493,19078087,594
54070,19078087,19078099,12
54071,19078099,19078168,69
54072,19078168,19078273,105
54073,19078273,19078285,12
54074,19078285,19078653,368
54075,19078653,19079998,1345
54076,19079998,19080135,137
54077,19080135,19080159,24
54078,19080159,19080473,314
54079,19080473,19080558,85
54080,19080558,19080577,19
54081,19080577,19080879,302
54082,19080879,19081288,409
54083,19081288,19081676,388
54084,19081676,19082091,415
54085,19082091,19082103,12
54086,19082103,19082286,183
54087,19082286,19082312,26
54088,19082312,19082751,439
54089,19082751,19082996,245
54090,19082996,19083073,77
54091,19083073,19083090,17
54092,19083090,19083182,92
54093,19086617,19086637,20
54094,19086637,19087131,494
54095,19087131,19087418,287
54096,19087418,19088024,606
54097,19088024,19088593,569
54098,19088593,19089037,444
54099,19089037,19089071,34
54100,19089071,19091465,2394
54101,19091465,19092166,701
54102,19092166,19092216,50
54103,19092216,19093370,1154
54104,19093370,19093433,63
54105,19093433,19095758,2325
54106,19095758,19096529,771
54107,19096529,19096878,349
54108,19096878,19097877,999
54109,19097877,19098462,585
54110,19098462,19098980,518
54111,19098980,19099146,166
54112,19099146,19099436,290
54113,19101699,19101802,103
54114,19103614,19104539,925
54115,19104539,19104854,315
54116,19104854,19105469,615
54117,19105469,19106110,641
54118,19106110,19106336,226
54119,19106336,19106920,584
54120,19106920,19107591,671
54121,19107591,19107690,99
54122,19107690,19107780,90
54123,19107780,19108415,635
54124,19108415,19108462,47
54125,19108462,19108818,356
54126,19108818,19108931,113
54127,19108931,19109033,102
54128,19109033,19109105,72
54129,19109105,19109333,228
54130,19109333,19109493,160
54131,19109493,19110893,1400
54132,19110893,19111016,123
54133,19111016,19112418,1402
54134,19112418,19112719,301
54135,19112719,19113340,621
54136,19113340,19115174,1834
54137,19115174,19115781,607
54138,19115781,19116652,871
54139,19116652,19117968,1316
54140,19117968,19117989,21
54141,19117989,19119363,1374
54142,19119363,19119679,316
54143,19119679,19119745,66
54144,19119745,19119757,12
54145,19119757,19119929,172
54146,19119929,19120559,630
54147,19120559,19120580,21
54148,19120580,19122276,1696
54149,19122276,19122284,8
54150,19122284,19122323,39
54151,19122323,19122339,16
54152,19122339,19122345,6
54153,19122345,19122768,423
54154,19122768,19123862,1094
54155,19123862,19123913,51
54156,19123913,19124024,111
54157,19124024,19124119,95
54158,19124119,19124439,320
54159,19124439,19124607,168
54160,19124607,19124716,109
54161,19124716,19125048,332
54162,19125048,19125281,233
54163,19125281,19125506,225
54164,19125506,19126006,500
54165,19126006,19126184,178
54166,19126184,19126233,49
54167,19126233,19126920,687
54168,19126920,19127148,228
54169,19127148,19127189,41
54170,19127189,19127700,511
54171,19127700,19128841,1141
54172,19128841,19129411,570
54173,19129411,19130365,954
54174,19130365,19130393,28
54175,19130393,19130411,18
54176,19130411,19131697,1286
54177,19131697,19131709,12
54178,19131709,19132152,443
54179,19132152,19132725,573
54180,19132725,19132789,64
54181,19132789,19133064,275
54182,19133064,19133250,186
54183,19133250,19133523,273
54184,19133523,19135281,1758
54185,19135281,19135538,257
54186,19135538,19135563,25
54187,19135563,19135597,34
54188,19135597,19136732,1135
54189,19136732,19138225,1493
54190,19138225,19138411,186
54191,19138411,19138423,12
54192,19138423,19138472,49
54193,19138472,19138545,73
54194,19138545,19138768,223
54195,19138768,19138777,9
54196,19138777,19138935,158
54197,19138935,19139751,816
54198,19139751,19140202,451
54199,19140202,19142305,2103
54200,19142305,19143113,808
54201,19143113,19143528,415
54202,19143528,19143622,94
54203,19143622,19143635,13
54204,19143635,19143930,295
54205,19143930,19143966,36
54206,19143966,19144221,255
54207,19144221,19144365,144
54208,19144365,19144738,373
54209,19144738,19144881,143
54210,19144881,19145180,299
54211,19145180,19145210,30
54212,19145210,19145241,31
54213,19145241,19145678,437
54214,19145678,19145738,60
54215,19145738,19146018,280
54216,19146018,19146103,85
54217,19146103,19147049,946
54218,19147049,19147190,141
54219,19147190,19147303,113
54220,19147303,19147384,81
54221,19147384,19147508,124
54222,19147508,19147729,221
54223,19147729,19147860,131
54224,19147860,19148451,591
54225,19148451,19148688,237
54226,19148688,19149999,1311
54227,19149999,19150351,352
54228,19150351,19150702,351
54229,19150702,19151143,441
54230,19151143,19151214,71
54231,19151214,19151251,37
54232,19151251,19151280,29
54233,19151280,19151292,12
54234,19151292,19151598,306
54235,19151598,19151637,39
54236,19151637,19151727,90
54237,19151727,19152222,495
54238,19152222,19152729,507
54239,19152729,19152773,44
54240,19152773,19153479,706
54241,19153479,19153585,106
54242,19153585,19154025,440
54243,19154025,19154141,116
54244,19154141,19154256,115
54245,19154256,19154362,106
54246,19154362,19154815,453
54247,19154815,19155685,870
54248,19155685,19155883,198
54249,19155883,19156045,162
54250,19156045,19156371,326
54251,19156371,19156411,40
54252,19156411,19156457,46
54253,19156457,19156464,7
54254,19156464,19156650,186
54255,19156650,19157666,1016
54256,19157666,19158011,345
54257,19158011,19158015,4
54258,19158015,19158703,688
54259,19158703,19158832,129
54260,19158832,19159269,437
54261,19159269,19159527,258
54262,19159527,19159788,261
54263,19159788,19160609,821
54264,19160609,19161109,500
54265,19161109,19161775,666
54266,19161775,19163547,1772
54267,19163547,19163563,16
54268,19163563,19163749,186
54269,19163749,19163791,42
54270,19163791,19163902,111
54271,19163902,19163938,36
54272,19163938,19164185,247
54273,19164185,19164221,36
54274,19164221,19164311,90
54275,19164311,19164352,41
54276,19164352,19164361,9
54277,19164361,19164397,36
54278,19164397,19164678,281
54279,19164678,19165005,327
54280,19165005,19165553,548
54281,19165553,19166018,465
54282,19166018,19166096,78
54283,19166096,19168026,1930
54284,19168026,19168108,82
54285,19168108,19168349,241
54286,19168349,19168402,53
54287,19168402,19168953,551
54288,19168953,19168977,24
54289,19168977,19168987,10
54290,19168987,19169384,397
54291,19169384,19169422,38
54292,19169422,19170173,751
54293,19170173,19170294,121
54294,19170294,19170388,94
54295,19170388,19170393,5
54296,19170393,19170668,275
54297,19170668,19170686,18
54298,19170686,19170756,70
54299,19170756,19170819,63
54300,19170819,19170824,5
54301,19170824,19171775,951
54302,19171775,19172216,441
54303,19172216,19172224,8
54304,19172224,19173336,1112
54305,19173336,19173355,19
54306,19173355,19173486,131
54307,19173486,19173619,133
54308,19173619,19174110,491
54309,19174110,19174584,474
54310,19174584,19174661,77
54311,19174661,19174810,149
54312,19174810,19175106,296
54313,19175106,19175112,6
54314,19175112,19175660,548
54315,19175660,19176237,577
54316,19176237,19176638,401
54317,19176638,19177132,494
54318,19177132,19177287,155
54319,19177287,19177566,279
54320,19177566,19177925,359
54321,19177925,19179091,1166
54322,19179091,19179142,51
54323,19179142,19179307,165
54324,19179307,19179399,92
54325,19179399,19179589,190
54326,19179589,19180420,831
54327,19180420,19180438,18
54328,19180438,19180702,264
54329,19180702,19181028,326
54330,19181028,19181325,297
54331,19181325,19181333,8
54332,19181333,19182528,1195
54333,19182528,19182701,173
54334,19182701,19182727,26
54335,19182727,19182774,47
54336,19182774,19183073,299
54337,19183073,19183520,447
54338,19183520,19183590,70
54339,19183590,19183599,9
54340,19183599,19183800,201
54341,19183800,19183854,54
54342,19183854,19184380,526
54343,19184380,19184716,336
54344,19184716,19184720,4
54345,19184720,19184788,68
54346,19184788,19184803,15
54347,19184803,19184808,5
54348,19184808,19184813,5
54349,19184813,19184837,24
54350,19184837,19184929,92
54351,19184929,19185062,133
54352,19185062,19185164,102
54353,19185164,19185227,63
54354,19185227,19185399,172
54355,19185399,19185671,272
54356,19185671,19185717,46
54357,19185717,19185744,27
54358,19185744,19185816,72
54359,19185816,19185907,91
54360,19185907,19186006,99
54361,19186006,19186171,165
54362,19186171,19186237,66
54363,19186237,19186248,11
54364,19186248,19186264,16
54365,19186264,19186412,148
54366,19186412,19187448,1036
54367,19187448,19187594,146
54368,19187594,19187834,240
54369,19187834,19188067,233
54370,19188067,19188411,344
54371,19188411,19188471,60
54372,19188471,19189088,617
54373,19189088,19189157,69
54374,19189157,19189347,190
54375,19189347,19189583,236
54376,19189583,19189588,5
54377,19189588,19189720,132
54378,19189720,19190353,633
54379,19190353,19190371,18
54380,19190371,19190389,18
54381,19190389,19190717,328
54382,19190717,19190751,34
54383,19190751,19190857,106
54384,19190857,19190914,57
54385,19190914,19191209,295
54386,19191209,19191403,194
54387,19191403,19192291,888
54388,19192291,19192343,52
54389,19192343,19192349,6
54390,19192349,19192440,91
54391,19192440,19192523,83
54392,19192523,19193012,489
54393,19193012,19193301,289
54394,19193301,19193654,353
54395,19193654,19193730,76
54396,19193730,19193897,167
54397,19193897,19194207,310
54398,19194207,19194257,50
54399,19194257,19194589,332
54400,19194589,19194670,81
54401,19194670,19194722,52
54402,19194722,19194794,72
54403,19194794,19194841,47
54404,19194841,19195436,595
54405,19195436,19196331,895
54406,19196331,19196513,182
54407,19196513,19196517,4
54408,19196517,19196735,218
54409,19196735,19196966,231
54410,19196966,19197167,201
54411,19197167,19197174,7
54412,19197174,19197570,396
54413,19197570,19197585,15
54414,19197585,19197856,271
54415,19197856,19198042,186
54416,19198042,19198108,66
54417,19198108,19198309,201
54418,19198309,19198470,161
54419,19198470,19198479,9
54420,19198479,19198562,83
54421,19198562,19198586,24
54422,19198586,19198631,45
54423,19198631,19199247,616
54424,19199247,19199461,214
54425,19199461,19199497,36
54426,19199497,19200003,506
54427,19200003,19201479,1476
54428,19201479,19201920,441
54429,19201920,19202444,524
54430,19202444,19203402,958
54431,19203402,19204308,906
54432,19204308,19204523,215
54433,19204523,19204814,291
54434,19204814,19204908,94
54435,19204908,19205215,307
54436,19205215,19205329,114
54437,19205329,19205448,119
54438,19205448,19205517,69
54439,19205517,19205582,65
54440,19205582,19205856,274
54441,19205856,19205944,88
54442,19205944,19205964,20
54443,19205964,19206018,54
54444,19206018,19206135,117
54445,19206135,19206198,63
54446,19206198,19206231,33
54447,19206231,19206250,19
54448,19206250,19206312,62
54449,19206312,19206333,21
54450,19206333,19206355,22
54451,19206355,19206433,78
54452,19206433,19206643,210
54453,19206643,19206676,33
54454,19206676,19206754,78
54455,19206754,19206850,96
54456,19206850,19206867,17
54457,19206867,19206927,60
54458,19206927,19207059,132
54459,19207059,19207164,105
54460,19207164,19207168,4
54461,19207168,19207298,130
54462,19207298,19207526,228
54463,19207526,19209149,1623
54464,19209149,19209198,49
54465,19209198,19209333,135
54466,19209333,19209480,147
54467,19209480,19209822,342
54468,19209822,19210065,243
54469,19210065,19210116,51
54470,19210116,19210251,135
54471,19210251,19210893,642
54472,19210893,19210914,21
54473,19210914,19210993,79
54474,19210993,19211028,35
54475,19211028,19211064,36
54476,19211064,19211090,26
54477,19211090,19211151,61
54478,19211151,19211340,189
54479,19211340,19211443,103
54480,19211443,19211903,460
54481,19211903,19212615,712
54482,19212615,19212730,115
54483,19212730,19212847,117
54484,19212847,19212885,38
54485,19212885,19213213,328
54486,19213213,19213264,51
54487,19213264,19215212,1948
54488,19215212,19215366,154
54489,19215366,19215615,249
54490,19215615,19216435,820
54491,19216435,19216931,496
54492,19216931,19217615,684
54493,19217615,19218174,559
54494,19218174,19218295,121
54495,19218295,19218645,350
54496,19218645,19219459,814
54497,19219459,19219690,231
54498,19219690,19220568,878
54499,19220568,19220731,163
54500,19220731,19220954,223
54501,19220954,19220966,12
54502,19220966,19220977,11
54503,19220977,19221024,47
54504,19221024,19221169,145
54505,19221169,19221982,813
54506,19221982,19222029,47
54507,19222029,19222041,12
54508,19222041,19222132,91
54509,19222132,19222137,5
54510,19222137,19222147,10
54511,19222147,19222152,5
54512,19222152,19222205,53
54513,19222205,19222212,7
54514,19222212,19222238,26
54515,19222238,19222247,9
54516,19222247,19222270,23
54517,19222270,19222936,666
54518,19222936,19223104,168
54519,19223104,19223491,387
54520,19223491,19223794,303
54521,19223794,19224528,734
54522,19224528,19224546,18
54523,19224546,19225474,928
54524,19225474,19225777,303
54525,19225777,19225999,222
54526,19225999,19226481,482
54527,19226481,19226541,60
54528,19226541,19226654,113
54529,19226654,19226858,204
54530,19226858,19226976,118
54531,19226976,19227009,33
54532,19227009,19227685,676
54533,19227685,19227931,246
54534,19227931,19228088,157
54535,19228088,19228187,99
54536,19228187,19228231,44
54537,19228231,19228284,53
54538,19228284,19228497,213
54539,19228497,19228684,187
54540,19228684,19229601,917
54541,19229601,19229757,156
54542,19229757,19229877,120
54543,19229877,19230399,522
54544,19230399,19230720,321
54545,19230720,19230946,226
54546,19230946,19231033,87
54547,19231033,19232100,1067
54548,19232100,19232149,49
54549,19232149,19232173,24
54550,19232173,19232281,108
54551,19232281,19232356,75
54552,19232356,19232365,9
54553,19232365,19232391,26
54554,19232391,19232556,165
54555,19232556,19233155,599
54556,19233155,19233234,79
54557,19233234,19233250,16
54558,19233250,19233339,89
54559,19233339,19233395,56
54560,19233395,19233759,364
54561,19233759,19233768,9
54562,19233768,19233839,71
54563,19233839,19233893,54
54564,19233893,19234297,404
54565,19234297,19234428,131
54566,19234428,19234483,55
54567,19234483,19234555,72
54568,19234555,19234785,230
54569,19234785,19234931,146
54570,19234931,19235218,287
54571,19235218,19235489,271
54572,19235489,19235562,73
54573,19235562,19235621,59
54574,19235621,19235887,266
54575,19235887,19236520,633
54576,19236520,19236541,21
54577,19236541,19236601,60
54578,19236601,19236643,42
54579,19236643,19236664,21
54580,19236664,19236963,299
54581,19236963,19237005,42
54582,19237005,19237230,225
54583,19237230,19237289,59
54584,19237289,19237342,53
54585,19237342,19237467,125
54586,19237467,19237519,52
54587,19237519,19237624,105
54588,19237624,19237696,72
54589,19237696,19238108,412
54590,19238108,19238335,227
54591,19238335,19238379,44
54592,19238379,19238629,250
54593,19238629,19238695,66
54594,19238695,19238723,28
54595,19238723,19239241,518
54596,19239241,19240395,1154
54597,19240395,19240425,30
54598,19240425,19240665,240
54599,19240665,19241356,691
54600,19241356,19241735,379
54601,19241735,19241906,171
54602,19241906,19241911,5
54603,19241911,19241929,18
54604,19241929,19243320,1391
54605,19243320,19243903,583
54606,19243903,19244014,111
54607,19244014,19244023,9
54608,19244023,19244494,471
54609,19244494,19244517,23
54610,19244517,19244783,266
54611,19244783,19244986,203
54612,19244986,19245328,342
54613,19245328,19245370,42
54614,19245370,19245547,177
54615,19245547,19245700,153
54616,19245700,19245808,108
54617,19245808,19245995,187
54618,19245995,19246030,35
54619,19246030,19246168,138
54620,19246168,19246234,66
54621,19246234,19246318,84
54622,19246318,19246534,216
54623,19246534,19246540,6
54624,19246540,19246863,323
54625,19246863,19246947,84
54626,19246947,19246962,15
54627,19246962,19247027,65
54628,19247027,19247482,455
54629,19247482,19247599,117
54630,19247599,19249244,1645
54631,19249244,19250121,877
54632,19250121,19250230,109
54633,19250230,19250630,400
54634,19250630,19250772,142
54635,19250772,19250903,131
54636,19250903,19250987,84
54637,19250987,19250994,7
54638,19250994,19251168,174
54639,19251168,19251261,93
54640,19251261,19251352,91
54641,19251352,19251769,417
54642,19251769,19251836,67
54643,19251836,19251851,15
54644,19251851,19252358,507
54645,19252358,19252490,132
54646,19252490,19252703,213
54647,19252703,19253419,716
54648,19253419,19255087,1668
54649,19255087,19255257,170
54650,19255257,19255329,72
54651,19255329,19256179,850
54652,19256179,19256599,420
54653,19256599,19257502,903
54654,19257502,19257836,334
54655,19257836,19257877,41
54656,19257877,19258063,186
54657,19258063,19258183,120
54658,19258183,19258221,38
54659,19258221,19258277,56
54660,19258277,19258705,428
54661,19258705,19258805,100
54662,19258805,19259023,218
54663,19259023,19259229,206
54664,19259229,19259311,82
54665,19259311,19259386,75
54666,19259386,19259600,214
54667,19259600,19259610,10
54668,19259610,19259634,24
54669,19259634,19259683,49
54670,19259683,19259905,222
54671,19259905,19259912,7
54672,19259912,19260523,611
54673,19260523,19260539,16
54674,19260539,19260782,243
54675,19260782,19261169,387
54676,19261169,19262392,1223
54677,19262392,19262475,83
54678,19262475,19262554,79
54679,19262554,19262910,356
54680,19262910,19263120,210
54681,19263120,19263188,68
54682,19263188,19263201,13
54683,19263201,19263306,105
54684,19263306,19263834,528
54685,19263834,19264033,199
54686,19264033,19264039,6
54687,19264039,19264463,424
54688,19264463,19264685,222
54689,19264685,19264767,82
54690,19264767,19264795,28
54691,19264795,19264949,154
54692,19264949,19265779,830
54693,19265779,19266122,343
54694,19266122,19266302,180
54695,19266302,19267048,746
54696,19267048,19268015,967
54697,19268015,19268364,349
54698,19268364,19268459,95
54699,19268459,19268557,98
54700,19268557,19268684,127
54701,19268684,19269533,849
54702,19269533,19269902,369
54703,19269902,19269909,7
54704,19269909,19270131,222
54705,19270131,19270206,75
54706,19270206,19270307,101
54707,19270307,19270577,270
54708,19270577,19270669,92
54709,19270669,19270762,93
54710,19270762,19270841,79
54711,19270841,19270883,42
54712,19270883,19271024,141
54713,19271024,19271087,63
54714,19271087,19271202,115
54715,19271202,19271258,56
54716,19271258,19271318,60
54717,19271318,19271805,487
54718,19271805,19272425,620
54719,19272425,19273633,1208
54720,19273633,19273903,270
54721,19273903,19274087,184
54722,19274087,19274188,101
54723,19274188,19274206,18
54724,19274206,19274321,115
54725,19274321,19274368,47
54726,19274368,19274461,93
54727,19274461,19274984,523
54728,19274984,19275332,348
54729,19275332,19275479,147
54730,19275479,19276680,1201
54731,19276680,19276711,31
54732,19276711,19277346,635
54733,19277346,19277392,46
54734,19277392,19277428,36
54735,19277428,19278346,918
54736,19278346,19278650,304
54737,19278650,19279095,445
54738,19279095,19279341,246
54739,19279341,19279738,397
54740,19279738,19280289,551
54741,19280289,19280304,15
54742,19280304,19280568,264
54743,19280568,19281096,528
54744,19281096,19281619,523
54745,19281619,19281994,375
54746,19281994,19282455,461
54747,19282455,19282575,120
54748,19282575,19282670,95
54749,19282670,19282982,312
54750,19282982,19283020,38
54751,19283020,19283123,103
54752,19283123,19283143,20
54753,19283143,19283422,279
54754,19283422,19283632,210
54755,19283632,19283809,177
54756,19283809,19284179,370
54757,19284179,19284333,154
54758,19284333,19284407,74
54759,19284407,19284551,144
54760,19284551,19284630,79
54761,19284630,19285018,388
54762,19285018,19285333,315
54763,19285333,19285849,516
54764,19285849,19286065,216
54765,19286065,19286193,128
54766,19286193,19286550,357
54767,19286550,19286698,148
54768,19286698,19287160,462
54769,19287160,19287728,568
54770,19287728,19287747,19
54771,19287747,19287753,6
54772,19287753,19288169,416
54773,19288169,19289048,879
54774,19289048,19289422,374
54775,19289422,19289680,258
54776,19289680,19290316,636
54777,19290316,19290470,154
54778,19290470,19290678,208
54779,19290678,19290718,40
54780,19290718,19290760,42
54781,19290760,19290871,111
54782,19290871,19290955,84
54783,19290955,19291035,80
54784,19291035,19291240,205
54785,19291240,19292849,1609
54786,19292849,19293216,367
54787,19293216,19294188,972
54788,19294188,19294328,140
54789,19294328,19294365,37
54790,19294365,19294987,622
54791,19294987,19295450,463
54792,19295450,19295578,128
54793,19295578,19295805,227
54794,19295805,19295853,48
54795,19295853,19296182,329
54796,19296182,19296218,36
54797,19296218,19296252,34
54798,19296252,19296308,56
54799,19296308,19298263,1955
54800,19298263,19298285,22
54801,19298285,19298401,116
54802,19298401,19298588,187
54803,19298588,19298605,17
54804,19298605,19298918,313
54805,19298918,19299275,357
54806,19299275,19299770,495
54807,19299770,19300098,328
54808,19300098,19300133,35
54809,19300133,19300776,643
54810,19300776,19300782,6
54811,19300782,19300964,182
54812,19300964,19301143,179
54813,19301143,19301163,20
54814,19301163,19301270,107
54815,19301270,19301578,308
54816,19301578,19301708,130
54817,19301708,19301729,21
54818,19301729,19301815,86
54819,19301815,19301896,81
54820,19301896,19302064,168
54821,19302064,19302093,29
54822,19302093,19302132,39
54823,19302132,19302187,55
54824,19302187,19302202,15
54825,19302202,19302252,50
54826,19302252,19302639,387
54827,19302639,19302690,51
54828,19302690,19302727,37
54829,19302727,19302955,228
54830,19302955,19303031,76
54831,19303031,19303490,459
54832,19303490,19303707,217
54833,19303707,19303811,104
54834,19303811,19304064,253
54835,19304064,19304403,339
54836,19304403,19304458,55
54837,19304458,19304707,249
54838,19304707,19305004,297
54839,19305004,19305395,391
54840,19305395,19305646,251
54841,19305646,19306627,981
54842,19306627,19308663,2036
54843,19308663,19309178,515
54844,19309178,19309246,68
54845,19309246,19309331,85
54846,19309331,19309928,597
54847,19309928,19311385,1457
54848,19311385,19311832,447
54849,19311832,19311850,18
54850,19311850,19311856,6
54851,19311856,19312021,165
54852,19312021,19312146,125
54853,19312146,19312359,213
54854,19312359,19312365,6
54855,19312365,19312612,247
54856,19312612,19312635,23
54857,19312635,19312728,93
54858,19312728,19312906,178
54859,19312906,19312987,81
54860,19312987,19313399,412
54861,19313399,19313595,196
54862,19313595,19313702,107
54863,19313702,19313884,182
54864,19313884,19314286,402
54865,19314286,19314475,189
54866,19314475,19314563,88
54867,19314563,19314723,160
54868,19314723,19314903,180
54869,19314903,19314910,7
54870,19314910,19314924,14
54871,19314924,19315154,230
54872,19315154,19315234,80
54873,19315234,19315768,534
54874,19315768,19315786,18
54875,19315786,19315790,4
54876,19315790,19316329,539
54877,19316329,19316496,167
54878,19316496,19316934,438
54879,19316934,19317263,329
54880,19317263,19317506,243
54881,19317506,19317635,129
54882,19317635,19317908,273
54883,19317908,19318321,413
54884,19318321,19319453,1132
54885,19319453,19319709,256
54886,19319709,19321141,1432
54887,19321141,19321146,5
54888,19321146,19321637,491
54889,19321637,19321722,85
54890,19321722,19322237,515
54891,19322237,19322732,495
54892,19322732,19322744,12
54893,19322744,19323014,270
54894,19323014,19323391,377
54895,19323391,19323562,171
54896,19323562,19324991,1429
54897,19324991,19326221,1230
54898,19326221,19326611,390
54899,19326611,19327582,971
54900,19327582,19327933,351
54901,19327933,19327979,46
54902,19327979,19328264,285
54903,19328264,19328681,417
54904,19328681,19328945,264
54905,19328945,19329866,921
54906,19329866,19330691,825
54907,19330691,19330719,28
54908,19330719,19330725,6
54909,19330725,19330866,141
54910,19330866,19331365,499
54911,19331365,19331510,145
54912,19331510,19332524,1014
54913,19332524,19333137,613
54914,19333137,19333428,291
54915,19333428,19333880,452
54916,19333880,19334181,301
54917,19334181,19334731,550
54918,19334731,19335713,982
54919,19335713,19335936,223
54920,19337677,19337848,171
54921,19337848,19337877,29
54922,19337877,19338721,844
54923,19338721,19338806,85
54924,19338806,19340491,1685
54925,19340491,19340850,359
54926,19340850,19340874,24
54927,19340874,19341055,181
54928,19341055,19341128,73
54929,19341128,19341302,174
54930,19341302,19341551,249
54931,19341551,19341814,263
54932,19341814,19341906,92
54933,19341906,19342376,470
54934,19342376,19342465,89
54935,19342465,19342493,28
54936,19342493,19342779,286
54937,19342779,19343164,385
54938,19343164,19343381,217
54939,19343381,19343394,13
54940,19343394,19343591,197
54941,19343591,19343709,118
54942,19343709,19344020,311
54943,19344020,19344133,113
54944,19344133,19344526,393
54945,19344526,19345738,1212
54946,19345738,19347675,1937
54947,19347675,19347980,305
54948,19347980,19349173,1193
54949,19349173,19349848,675
54950,19349848,19349854,6
54951,19349854,19350158,304
54952,19350158,19350187,29
54953,19350187,19350633,446
54954,19350633,19350670,37
54955,19350670,19351179,509
54956,19351179,19351426,247
54957,19351426,19351554,128
54958,19351554,19352417,863
54959,19352417,19353636,1219
54960,19353636,19354240,604
54961,19354240,19354292,52
54962,19354292,19354673,381
54963,19354673,19355507,834
54964,19355507,19355721,214
54965,19355721,19355779,58
54966,19355779,19357567,1788
54967,19357567,19358747,1180
54968,19358747,19358989,242
54969,19358989,19359510,521
54970,19361343,19363511,2168
54971,19363511,19365233,1722
54972,19365233,19367452,2219
54973,19367452,19367594,142
54974,19367594,19368873,1279
54975,19368873,19370389,1516
54976,19370389,19370700,311
54977,19370700,19370749,49
54978,19370749,19371150,401
54979,19371150,19371351,201
54980,19371351,19371810,459
54981,19371810,19371823,13
54982,19371823,19372487,664
54983,19372487,19374495,2008
54984,19374495,19374596,101
54985,19374596,19376950,2354
54986,19376950,19377778,828
54987,19377778,19378314,536
54988,19378314,19378440,126
54989,19378440,19379148,708
54990,19381972,19382142,170
54991,19382142,19382146,4
54992,19382146,19383108,962
54993,19383108,19383245,137
54994,19383245,19383438,193
54995,19383438,19384132,694
54996,19384132,19385206,1074
54997,19385206,19386854,1648
54998,19386854,19387295,441
54999,19391412,19391565,153
55000,19391565,19392486,921
55001,19392486,19392819,333
55002,19392819,19393931,1112
55003,19393931,19394124,193
55004,19394124,19394131,7
55005,19394131,19394478,347
55006,19394478,19394546,68
55007,19394546,19394911,365
55008,19394911,19394916,5
55009,19401435,19401448,13
55010,19401448,19402625,1177
55011,19402625,19402661,36
55012,19402661,19403321,660
55013,19403321,19403326,5
55014,19406564,19407072,508
55015,19407072,19407491,419
55016,19407491,19408257,766
55017,19408257,19411040,2783
55018,19411040,19411806,766
55019,19411806,19411812,6
55020,19411812,19412442,630
55021,19415543,19416076,533
55022,19416076,19416101,25
55023,19416101,19416639,538
55024,19416639,19417384,745
55025,19417384,19418795,1411
55026,19418795,19419668,873
55027,19419668,19420339,671
55028,19420339,19420344,5
55029,19420344,19423125,2781
55030,19423125,19423136,11
55031,19423136,19425760,2624
55032,19425760,19426000,240
55033,19426000,19426348,348
55034,19426348,19426490,142
55035,19426490,19426987,497
55036,19426987,19427382,395
55037,19427382,19429703,2321
55038,19429703,19430771,1068
55039,19430771,19431495,724
55040,19431495,19431927,432
55041,19431927,19432933,1006
55042,19432933,19434276,1343
55043,19434276,19434553,277
55044,19434553,19435145,592
55045,19435145,19436137,992
55046,19436137,19436726,589
55047,19436726,19437268,542
55048,19437268,19437523,255
55049,19437523,19438633,1110
55050,19438633,19439429,796
55051,19439429,19439847,418
55052,19439847,19440029,182
55053,19440029,19440381,352
55054,19440381,19440827,446
55055,19440827,19441649,822
55056,19441649,19442147,498
55057,19442147,19442644,497
55058,19442644,19442655,11
55059,19442655,19443247,592
55060,19443247,19444076,829
55061,19444076,19444115,39
55062,19444115,19444153,38
55063,19444153,19444191,38
55064,19444191,19444408,217
55065,19444408,19446456,2048
55066,19446456,19447783,1327
55067,19450698,19451099,401
55068,19454124,19454197,73
55069,19454197,19454335,138
55070,19454335,19454975,640
55071,19454975,19455053,78
55072,19455053,19455201,148
55073,19455201,19455413,212
55074,19455413,19455720,307
55075,19455720,19456575,855
55076,19456575,19458457,1882
55077,19458457,19458703,246
55078,19458703,19459429,726
55079,19459429,19460093,664
55080,19460093,19460358,265
55081,19460358,19462569,2211
55082,19462569,19463775,1206
55083,19463775,19464300,525
55084,19464300,19464713,413
55085,19464713,19464977,264
55086,19464977,19465124,147
55087,19465124,19465142,18
55088,19465142,19465317,175
55089,19465317,19465400,83
55090,19465400,19465878,478
55091,19465878,19466027,149
55092,19466027,19466186,159
55093,19466186,19467421,1235
55094,19467421,19468122,701
55095,19468122,19468227,105
55096,19468227,19468372,145
55097,19468372,19468422,50
55098,19468422,19468502,80
55099,19468502,19468912,410
55100,19468912,19469066,154
55101,19469066,19469297,231
55102,19469297,19469429,132
55103,19469429,19469565,136
55104,19469565,19469703,138
55105,19469703,19471188,1485
55106,19471188,19471339,151
55107,19471339,19472214,875
55108,19472214,19472250,36
55109,19472250,19472673,423
55110,19472673,19472679,6
55111,19472679,19473541,862
55112,19473541,19474223,682
55113,19474223,19474374,151
55114,19474374,19474696,322
55115,19474696,19475079,383
55116,19475079,19475211,132
55117,19475211,19475252,41
55118,19475252,19475324,72
55119,19475324,19475330,6
55120,19475330,19475373,43
55121,19475373,19475393,20
55122,19475393,19475405,12
55123,19475405,19475764,359
55124,19475764,19476199,435
55125,19476199,19476227,28
55126,19476227,19476480,253
55127,19476480,19476720,240
55128,19476720,19477116,396
55129,19477116,19477295,179
55130,19477295,19477312,17
55131,19477312,19477702,390
55132,19477702,19477904,202
55133,19477904,19478060,156
55134,19478060,19478140,80
55135,19478140,19478525,385
55136,19478525,19478641,116
55137,19478641,19479169,528
55138,19479169,19479188,19
55139,19479188,19479197,9
55140,19479197,19479591,394
55141,19479591,19479855,264
55142,19479855,19480484,629
55143,19480484,19480492,8
55144,19480492,19480633,141
55145,19480633,19481067,434
55146,19481067,19481307,240
55147,19481307,19481334,27
55148,19481334,19481415,81
55149,19481415,19481707,292
55150,19481707,19481744,37
55151,19481744,19481800,56
55152,19481800,19481884,84
55153,19481884,19482326,442
55154,19482326,19482380,54
55155,19482380,19482514,134
55156,19482514,19483157,643
55157,19483157,19483653,496
55158,19483653,19483999,346
55159,19483999,19484209,210
55160,19484209,19484214,5
55161,19484214,19484219,5
55162,19484219,19484239,20
55163,19484239,19484244,5
55164,19484244,19485100,856
55165,19485100,19485502,402
55166,19485502,19485687,185
55167,19485687,19485817,130
55168,19485817,19485967,150
55169,19485967,19486034,67
55170,19486034,19486620,586
55171,19486620,19486650,30
55172,19486650,19487262,612
55173,19487262,19487532,270
55174,19487532,19487581,49
55175,19487581,19487667,86
55176,19487667,19487804,137
55177,19487804,19488028,224
55178,19488028,19488054,26
55179,19488054,19488322,268
55180,19488322,19488385,63
55181,19488385,19488804,419
55182,19488804,19488811,7
55183,19488811,19488820,9
55184,19488820,19488891,71
55185,19488891,19489217,326
55186,19489217,19489275,58
55187,19489275,19490050,775
55188,19490050,19490245,195
55189,19490245,19490389,144
55190,19490389,19490406,17
55191,19490406,19490613,207
55192,19490613,19490641,28
55193,19490641,19490718,77
55194,19490718,19491127,409
55195,19491127,19491132,5
55196,19491132,19491171,39
55197,19491171,19491214,43
55198,19491214,19491282,68
55199,19491282,19491529,247
55200,19491529,19491860,331
55201,19491860,19492802,942
55202,19492802,19492835,33
55203,19492835,19493091,256
55204,19493091,19493613,522
55205,19493613,19493736,123
55206,19493736,19494072,336
55207,19494072,19494575,503
55208,19494575,19494785,210
55209,19494785,19495585,800
55210,19495585,19495595,10
55211,19495595,19496217,622
55212,19496217,19496366,149
55213,19496366,19497636,1270
55214,19497636,19497981,345
55215,19497981,19498201,220
55216,19498201,19498206,5
55217,19498206,19498231,25
55218,19498231,19498241,10
55219,19498241,19498246,5
55220,19498246,19498824,578
55221,19498824,19498849,25
55222,19498849,19498855,6
55223,19498855,19499759,904
55224,19499759,19500406,647
55225,19500406,19500447,41
55226,19500447,19500608,161
55227,19500608,19500869,261
55228,19500869,19501267,398
55229,19501267,19501635,368
55230,19501635,19501666,31
55231,19501666,19501843,177
55232,19501843,19502420,577
55233,19502420,19503477,1057
55234,19503477,19503497,20
55235,19503497,19503515,18
55236,19503515,19503600,85
55237,19503600,19503655,55
55238,19503655,19504389,734
55239,19504389,19504495,106
55240,19504495,19504530,35
55241,19504530,19505139,609
55242,19505139,19505247,108
55243,19505247,19505320,73
55244,19505320,19505708,388
55245,19505708,19506126,418
55246,19506126,19506291,165
55247,19506291,19506499,208
55248,19506499,19506628,129
55249,19506628,19507143,515
55250,19507143,19507215,72
55251,19507215,19507440,225
55252,19507440,19507504,64
55253,19507504,19507902,398
55254,19507902,19508001,99
55255,19508001,19508125,124
55256,19508125,19508665,540
55257,19508665,19508839,174
55258,19508839,19509704,865
55259,19509704,19510013,309
55260,19510013,19510028,15
55261,19510028,19511161,1133
55262,19511161,19511963,802
55263,19511963,19512280,317
55264,19512280,19512716,436
55265,19512716,19513325,609
55266,19513325,19513418,93
55267,19513418,19514122,704
55268,19514122,19514171,49
55269,19514171,19514303,132
55270,19514303,19514377,74
55271,19514377,19514615,238
55272,19514615,19514639,24
55273,19514639,19514887,248
55274,19514887,19515110,223
55275,19515110,19515431,321
55276,19515431,19515959,528
55277,19515959,19516257,298
55278,19516257,19516582,325
55279,19516582,19516674,92
55280,19516674,19516740,66
55281,19516740,19516764,24
55282,19516764,19516964,200
55283,19516964,19517102,138
55284,19517102,19517616,514
55285,19517616,19517877,261
55286,19517877,19517970,93
55287,19517970,19517974,4
55288,19517974,19519276,1302
55289,19519276,19519301,25
55290,19519301,19519342,41
55291,19519342,19520001,659
55292,19520001,19520034,33
55293,19520034,19520235,201
55294,19520235,19520737,502
55295,19520737,19520863,126
55296,19520863,19521282,419
55297,19521282,19521448,166
55298,19521448,19521706,258
55299,19521706,19522237,531
55300,19522237,19522311,74
55301,19522311,19522582,271
55302,19522582,19523619,1037
55303,19523619,19523658,39
55304,19523658,19523797,139
55305,19523797,19524067,270
55306,19524067,19524202,135
55307,19524202,19524343,141
55308,19524343,19524986,643
55309,19524986,19525115,129
55310,19525115,19525422,307
55311,19525422,19525763,341
55312,19525763,19526050,287
55313,19526050,19526091,41
55314,19526091,19526208,117
55315,19526208,19526239,31
55316,19526239,19526396,157
55317,19526396,19526953,557
55318,19526953,19527115,162
55319,19527115,19527206,91
55320,19527206,19527436,230
55321,19527436,19527611,175
55322,19527611,19527702,91
55323,19527702,19527706,4
55324,19527706,19527959,253
55325,19527959,19528057,98
55326,19528057,19528114,57
55327,19528114,19528127,13
55328,19528127,19528774,647
55329,19528774,19528795,21
55330,19528795,19528979,184
55331,19528979,19529522,543
55332,19529522,19529871,349
55333,19529871,19530052,181
55334,19530052,19530234,182
55335,19530234,19531567,1333
55336,19531567,19531767,200
55337,19531767,19532404,637
55338,19532404,19532419,15
55339,19532419,19532424,5
55340,19532424,19532429,5
55341,19532429,19532434,5
55342,19532434,19532769,335
55343,19532769,19532887,118
55344,19532887,19532899,12
55345,19532899,19532904,5
55346,19532904,19532909,5
55347,19532909,19532915,6
55348,19532915,19532921,6
55349,19532921,19532927,6
55350,19532927,19532933,6
55351,19532933,19533130,197
55352,19533130,19533787,657
55353,19533787,19533791,4
55354,19533791,19533802,11
55355,19533802,19533809,7
55356,19533809,19533821,12
55357,19533821,19533903,82
55358,19533903,19534104,201
55359,19534104,19534126,22
55360,19534126,19534278,152
55361,19534278,19537008,2730
55362,19537008,19537118,110
55363,19537118,19537769,651
55364,19537769,19537836,67
55365,19537836,19538342,506
55366,19538342,19538449,107
55367,19538449,19538649,200
55368,19538649,19538658,9
55369,19538658,19538912,254
55370,19538912,19539849,937
55371,19539849,19541003,1154
55372,19541003,19541029,26
55373,19541029,19541790,761
55374,19541790,19541987,197
55375,19541987,19542852,865
55376,19542852,19543050,198
55377,19543050,19543711,661
55378,19543711,19543732,21
55379,19543732,19543740,8
55380,19543740,19544049,309
55381,19544049,19544167,118
55382,19544167,19544312,145
55383,19544312,19544392,80
55384,19544392,19545023,631
55385,19545023,19545117,94
55386,19545117,19545303,186
55387,19545303,19545308,5
55388,19545308,19545318,10
55389,19545318,19545324,6
55390,19545324,19545350,26
55391,19545350,19545802,452
55392,19545802,19545861,59
55393,19545861,19546559,698
55394,19546559,19547443,884
55395,19547443,19547831,388
55396,19547831,19549052,1221
55397,19549052,19549749,697
55398,19549749,19549831,82
55399,19549831,19550911,1080
55400,19550911,19551000,89
55401,19551000,19551986,986
55402,19551986,19552759,773
55403,19552759,19553839,1080
55404,19553839,19554713,874
55405,19554713,19554774,61
55406,19554774,19554928,154
55407,19554928,19555016,88
55408,19555016,19555036,20
55409,19555036,19555133,97
55410,19555133,19556274,1141
55411,19556274,19557608,1334
55412,19557608,19557690,82
55413,19557690,19558852,1162
55414,19558852,19559223,371
55415,19559223,19559374,151
55416,19559374,19560812,1438
55417,19560812,19561105,293
55418,19561105,19561614,509
55419,19561614,19561696,82
55420,19561696,19561737,41
55421,19561737,19561776,39
55422,19561776,19562506,730
55423,19562506,19562718,212
55424,19562718,19562736,18
55425,19562736,19562880,144
55426,19562880,19562886,6
55427,19562886,19563038,152
55428,19563038,19563061,23
55429,19563061,19563217,156
55430,19563217,19563260,43
55431,19563260,19563310,50
55432,19563310,19563325,15
55433,19563325,19563647,322
55434,19563647,19563677,30
55435,19563677,19563785,108
55436,19563785,19563830,45
55437,19563830,19563845,15
55438,19563845,19563941,96
55439,19563941,19563998,57
55440,19563998,19564331,333
55441,19564331,19564494,163
55442,19564494,19564658,164
55443,19564658,19564689,31
55444,19564689,19564703,14
55445,19564703,19565143,440
55446,19565143,19565168,25
55447,19565168,19565228,60
55448,19565228,19565233,5
55449,19565233,19565254,21
55450,19565254,19565304,50
55451,19565304,19565378,74
55452,19565378,19565424,46
55453,19565424,19566202,778
55454,19566202,19566472,270
55455,19566472,19566515,43
55456,19566515,19566916,401
55457,19566916,19567016,100
55458,19567016,19567024,8
55459,19567024,19567046,22
55460,19567046,19567378,332
55461,19567378,19568138,760
55462,19568138,19568408,270
55463,19568408,19569033,625
55464,19569033,19569140,107
55465,19569140,19569248,108
55466,19569248,19569508,260
55467,19569508,19570627,1119
55468,19570627,19570780,153
55469,19570780,19570868,88
55470,19570868,19571051,183
55471,19571051,19571172,121
55472,19571172,19571220,48
55473,19571220,19571323,103
55474,19571323,19572024,701
55475,19572024,19572820,796
55476,19572820,19572879,59
55477,19572879,19572901,22
55478,19572901,19573026,125
55479,19573026,19573131,105
55480,19573131,19573298,167
55481,19573298,19573470,172
55482,19573470,19573880,410
55483,19573880,19574360,480
55484,19574360,19575219,859
55485,19575219,19575428,209
55486,19575428,19575539,111
55487,19575539,19576251,712
55488,19576251,19576850,599
55489,19576850,19577048,198
55490,19577048,19577338,290
55491,19577338,19577460,122
55492,19577460,19577601,141
55493,19577601,19577874,273
55494,19577874,19578908,1034
55495,19578908,19579152,244
55496,19579152,19579671,519
55497,19579671,19579804,133
55498,19579804,19580664,860
55499,19580664,19580832,168
55500,19580832,19581058,226
55501,19581058,19581313,255
55502,19581313,19581586,273
55503,19581586,19581596,10
55504,19581596,19581666,70
55505,19581666,19581844,178
55506,19581844,19581941,97
55507,19581941,19583643,1702
55508,19583643,19583773,130
55509,19583773,19583858,85
55510,19583858,19583866,8
55511,19583866,19584285,419
55512,19584285,19584399,114
55513,19584399,19584703,304
55514,19584703,19584920,217
55515,19584920,19585016,96
55516,19585016,19585193,177
55517,19585193,19585240,47
55518,19585240,19585313,73
55519,19585313,19585350,37
55520,19585350,19585520,170
55521,19585520,19585529,9
55522,19585529,19585737,208
55523,19585737,19585890,153
55524,19585890,19585974,84
55525,19585974,19586378,404
55526,19586378,19586432,54
55527,19586432,19586450,18
55528,19586450,19587195,745
55529,19587195,19587287,92
55530,19587287,19587909,622
55531,19587909,19587969,60
55532,19587969,19588326,357
55533,19588326,19588539,213
55534,19588539,19588574,35
55535,19588574,19588759,185
55536,19588759,19588857,98
55537,19588857,19589011,154
55538,19589011,19589156,145
55539,19589156,19589237,81
55540,19589237,19589246,9
55541,19589246,19589317,71
55542,19589317,19589395,78
55543,19589395,19589803,408
55544,19589803,19589821,18
55545,19589821,19589863,42
55546,19589863,19589941,78
55547,19589941,19590100,159
55548,19590100,19590407,307
55549,19590407,19590441,34
55550,19590441,19590460,19
55551,19590460,19590656,196
55552,19590656,19590782,126
55553,19590782,19590922,140
55554,19590922,19591178,256
55555,19591178,19591511,333
55556,19591511,19591558,47
55557,19591558,19592164,606
55558,19592164,19592192,28
55559,19592192,19592202,10
55560,19592202,19592358,156
55561,19592358,19592592,234
55562,19592592,19592853,261
55563,19592853,19592913,60
55564,19592913,19593088,175
55565,19593088,19593092,4
55566,19593092,19593356,264
55567,19593356,19593693,337
55568,19593693,19593883,190
55569,19593883,19594429,546
55570,19594429,19594519,90
55571,19594519,19594589,70
55572,19594589,19594904,315
55573,19594904,19595233,329
55574,19595233,19595391,158
55575,19595391,19595500,109
55576,19595500,19597540,2040
55577,19597540,19598364,824
55578,19598364,19598462,98
55579,19598462,19598492,30
55580,19598492,19598543,51
55581,19598543,19598561,18
55582,19598561,19598690,129
55583,19598690,19598796,106
55584,19598796,19598902,106
55585,19598902,19598983,81
55586,19598983,19599049,66
55587,19599049,19599164,115
55588,19599164,19600492,1328
55589,19600492,19600522,30
55590,19600522,19600887,365
55591,19600887,19600968,81
55592,19600968,19601013,45
55593,19601013,19601025,12
55594,19601025,19601073,48
55595,19601073,19601103,30
55596,19601103,19601366,263
55597,19601366,19601860,494
55598,19601860,19602694,834
55599,19602694,19603044,350
55600,19603044,19603177,133
55601,19603177,19603187,10
55602,19603187,19604524,1337
55603,19604524,19604553,29
55604,19604553,19604714,161
55605,19604714,19604723,9
55606,19604723,19605051,328
55607,19605051,19605707,656
55608,19605707,19606157,450
55609,19606157,19606375,218
55610,19606375,19607739,1364
55611,19607739,19607744,5
55612,19607744,19607849,105
55613,19607849,19607895,46
55614,19607895,19608101,206
55615,19608101,19608524,423
55616,19608524,19609073,549
55617,19609073,19609235,162
55618,19609235,19609821,586
55619,19609821,19610017,196
55620,19610017,19610071,54
55621,19610071,19610133,62
55622,19610133,19610455,322
55623,19610455,19610995,540
55624,19610995,19611264,269
55625,19611264,19611831,567
55626,19611831,19611854,23
55627,19611854,19611867,13
55628,19611867,19612057,190
55629,19612057,19612163,106
55630,19612163,19612228,65
55631,19612228,19612301,73
55632,19612301,19612494,193
55633,19612494,19612703,209
55634,19612703,19612996,293
55635,19612996,19613242,246
55636,19613242,19613291,49
55637,19613291,19613715,424
55638,19613715,19613782,67
55639,19613782,19613804,22
55640,19613804,19614081,277
55641,19614081,19614228,147
55642,19614228,19614946,718
55643,19614946,19615073,127
55644,19615073,19616148,1075
55645,19616148,19616565,417
55646,19616565,19616721,156
55647,19616721,19616978,257
55648,19616978,19617127,149
55649,19617127,19617225,98
55650,19617225,19617491,266
55651,19617491,19617911,420
55652,19617911,19619104,1193
55653,19619104,19619409,305
55654,19619409,19619455,46
55655,19619455,19619601,146
55656,19619601,19619626,25
55657,19619626,19619658,32
55658,19619658,19619961,303
55659,19619961,19619996,35
55660,19619996,19620048,52
55661,19620048,19620299,251
55662,19620299,19620360,61
55663,19620360,19620447,87
55664,19620447,19620501,54
55665,19620501,19620519,18
55666,19620519,19620573,54
55667,19620573,19620701,128
55668,19620701,19620845,144
55669,19620845,19620892,47
55670,19620892,19621038,146
55671,19621038,19621177,139
55672,19621177,19621610,433
55673,19621610,19621647,37
55674,19621647,19621680,33
55675,19621680,19622026,346
55676,19622026,19622116,90
55677,19622116,19622448,332
55678,19622448,19622990,542
55679,19622990,19623379,389
55680,19623379,19623462,83
55681,19623462,19623559,97
55682,19623559,19623812,253
55683,19623812,19623974,162
55684,19623974,19624019,45
55685,19624019,19624056,37
55686,19624056,19624236,180
55687,19624236,19624454,218
55688,19624454,19624756,302
55689,19624756,19624969,213
55690,19624969,19625132,163
55691,19625132,19625328,196
55692,19625328,19625584,256
55693,19625584,19625931,347
55694,19625931,19626081,150
55695,19626081,19626256,175
55696,19626256,19626330,74
55697,19626330,19626355,25
55698,19626355,19626703,348
55699,19626703,19626723,20
55700,19626723,19627050,327
55701,19627050,19627057,7
55702,19627057,19628572,1515
55703,19628572,19628586,14
55704,19628586,19628643,57
55705,19628643,19629688,1045
55706,19629688,19629769,81
55707,19629769,19630346,577
55708,19630346,19630524,178
55709,19630524,19630537,13
55710,19630537,19631023,486
55711,19631023,19631122,99
55712,19631122,19632061,939
55713,19632061,19632159,98
55714,19632159,19632556,397
55715,19632556,19632665,109
55716,19632665,19632812,147
55717,19632812,19632826,14
55718,19632826,19632850,24
55719,19632850,19633134,284
55720,19633134,19633192,58
55721,19633192,19633258,66
55722,19633258,19633803,545
55723,19633803,19633857,54
55724,19633857,19633911,54
55725,19633911,19634001,90
55726,19634001,19634228,227
55727,19634228,19634416,188
55728,19634416,19634607,191
55729,19634607,19634843,236
55730,19634843,19634871,28
55731,19634871,19635168,297
55732,19635168,19635366,198
55733,19635366,19635535,169
55734,19635535,19635894,359
55735,19635894,19636187,293
55736,19636187,19636205,18
55737,19636205,19636333,128
55738,19636333,19636384,51
55739,19636384,19636496,112
55740,19636496,19638576,2080
55741,19638576,19638937,361
55742,19638937,19639173,236
55743,19639173,19639289,116
55744,19639289,19639456,167
55745,19639456,19639912,456
55746,19639912,19639936,24
55747,19639936,19639971,35
55748,19639971,19640014,43
55749,19640014,19640174,160
55750,19640174,19640332,158
55751,19640332,19640442,110
55752,19640442,19641412,970
55753,19641412,19641460,48
55754,19641460,19641521,61
55755,19641521,19641859,338
55756,19641859,19641868,9
55757,19641868,19641931,63
55758,19641931,19641950,19
55759,19641950,19642340,390
55760,19642340,19642376,36
55761,19642376,19642583,207
55762,19642583,19643679,1096
55763,19643679,19643939,260
55764,19643939,19643990,51
55765,19643990,19644151,161
55766,19644151,19644751,600
55767,19644751,19644767,16
55768,19644767,19644878,111
55769,19644878,19645062,184
55770,19645062,19645290,228
55771,19645290,19645325,35
55772,19645325,19645522,197
55773,19645522,19645640,118
55774,19645640,19645712,72
55775,19645712,19645748,36
55776,19645748,19646755,1007
55777,19646755,19647169,414
55778,19647169,19647276,107
55779,19647276,19647441,165
55780,19647441,19647650,209
55781,19647650,19647777,127
55782,19647777,19648296,519
55783,19648296,19648327,31
55784,19648327,19648374,47
55785,19648374,19648447,73
55786,19648447,19648659,212
55787,19648659,19648969,310
55788,19648969,19649028,59
55789,19649028,19649093,65
55790,19649093,19649371,278
55791,19649371,19649518,147
55792,19649518,19649793,275
55793,19649793,19650067,274
55794,19650067,19650469,402
55795,19650469,19650919,450
55796,19650919,19651081,162
55797,19651081,19651242,161
55798,19651242,19651453,211
55799,19651453,19651465,12
55800,19651465,19651694,229
55801,19651694,19652381,687
55802,19652381,19652766,385
55803,19652766,19652871,105
55804,19652871,19653078,207
55805,19653078,19653403,325
55806,19653403,19653437,34
55807,19653437,19653625,188
55808,19653625,19653751,126
55809,19653751,19654208,457
55810,19654208,19654237,29
55811,19654237,19654600,363
55812,19654600,19654621,21
55813,19654621,19654868,247
55814,19654868,19654975,107
55815,19654975,19655174,199
55816,19655174,19655237,63
55817,19655237,19655652,415
55818,19655652,19656010,358
55819,19656010,19656149,139
55820,19656149,19656258,109
55821,19656258,19656409,151
55822,19656409,19656595,186
55823,19656595,19656607,12
55824,19656607,19656707,100
55825,19656707,19657016,309
55826,19657016,19657262,246
55827,19657262,19657274,12
55828,19657274,19657497,223
55829,19657497,19657600,103
55830,19657600,19658695,1095
55831,19658695,19658868,173
55832,19658868,19658952,84
55833,19658952,19659007,55
55834,19659007,19659104,97
55835,19659104,19659256,152
55836,19659256,19659264,8
55837,19659264,19659470,206
55838,19659470,19659486,16
55839,19659486,19659708,222
55840,19659708,19659790,82
55841,19659790,19660104,314
55842,19660104,19660236,132
55843,19660236,19660275,39
55844,19660275,19661573,1298
55845,19661573,19662074,501
55846,19662074,19662131,57
55847,19662131,19662157,26
55848,19662157,19662226,69
55849,19662226,19662774,548
55850,19662774,19662951,177
55851,19662951,19662980,29
55852,19662980,19664266,1286
55853,19664266,19664651,385
55854,19664651,19665197,546
55855,19665197,19665292,95
55856,19665292,19665439,147
55857,19665439,19665461,22
55858,19665461,19665505,44
55859,19665505,19666337,832
55860,19666337,19666649,312
55861,19666649,19666819,170
55862,19666819,19667010,191
55863,19667010,19667116,106
55864,19667116,19667159,43
55865,19667159,19667302,143
55866,19667302,19667710,408
55867,19667710,19668089,379
55868,19668089,19668838,749
55869,19668838,19669410,572
55870,19669410,19669425,15
55871,19669425,19669473,48
55872,19669473,19669510,37
55873,19669510,19669522,12
55874,19669522,19669541,19
55875,19669541,19669898,357
55876,19669898,19669928,30
55877,19669928,19669933,5
55878,19669933,19669938,5
55879,19669938,19670135,197
55880,19670135,19670457,322
55881,19670457,19670482,25
55882,19670482,19670497,15
55883,19670497,19670599,102
55884,19670599,19670616,17
55885,19670616,19671005,389
55886,19671005,19671033,28
55887,19671033,19671039,6
55888,19671039,19671045,6
55889,19671045,19671202,157
55890,19671202,19671220,18
55891,19671220,19671279,59
55892,19671279,19671324,45
55893,19671324,19671420,96
55894,19671420,19671654,234
55895,19671654,19672038,384
55896,19672038,19672079,41
55897,19672079,19672370,291
55898,19672370,19672420,50
55899,19672420,19672449,29
55900,19672449,19673013,564
55901,19673013,19673106,93
55902,19673106,19673312,206
55903,19673312,19673362,50
55904,19673362,19673430,68
55905,19673430,19673653,223
55906,19673653,19673939,286
55907,19673939,19673955,16
55908,19673955,19674350,395
55909,19674350,19674696,346
55910,19674696,19675019,323
55911,19675019,19675060,41
55912,19675060,19675803,743
55913,19675803,19675859,56
55914,19675859,19675878,19
55915,19675878,19676136,258
55916,19676136,19676409,273
55917,19676409,19676422,13
55918,19676422,19676573,151
55919,19676573,19676665,92
55920,19676665,19676821,156
55921,19676821,19676888,67
55922,19676888,19677122,234
55923,19677122,19677203,81
55924,19677203,19677260,57
55925,19677260,19677386,126
55926,19677386,19677476,90
55927,19677476,19677775,299
55928,19677775,19678074,299
55929,19678074,19678139,65
55930,19678139,19678152,13
55931,19678152,19678285,133
55932,19678285,19678704,419
55933,19678704,19678780,76
55934,19678780,19678840,60
55935,19678840,19678888,48
55936,19678888,19679088,200
55937,19679088,19679100,12
55938,19679100,19679197,97
55939,19679197,19679283,86
55940,19679283,19679287,4
55941,19679287,19679325,38
55942,19679325,19679850,525
55943,19679850,19679873,23
55944,19679873,19679882,9
55945,19679882,19680146,264
55946,19680146,19681267,1121
55947,19681267,19682322,1055
55948,19682322,19682328,6
55949,19682328,19682631,303
55950,19682631,19682891,260
55951,19682891,19683438,547
55952,19683438,19684692,1254
55953,19684692,19684709,17
55954,19684709,19684873,164
55955,19684873,19685240,367
55956,19685240,19685542,302
55957,19685542,19685993,451
55958,19685993,19686247,254
55959,19686247,19686363,116
55960,19686363,19686426,63
55961,19686426,19686763,337
55962,19686763,19686881,118
55963,19686881,19687370,489
55964,19687370,19687635,265
55965,19687635,19687892,257
55966,19687892,19688119,227
55967,19688119,19688128,9
55968,19688128,19688413,285
55969,19688413,19688425,12
55970,19688425,19688707,282
55971,19688707,19688857,150
55972,19688857,19688869,12
55973,19688869,19688895,26
55974,19688895,19689347,452
55975,19689347,19689404,57
55976,19689404,19689429,25
55977,19689429,19690193,764
55978,19690193,19690243,50
55979,19690243,19690319,76
55980,19690319,19690399,80
55981,19690399,19690918,519
55982,19690918,19690978,60
55983,19690978,19691065,87
55984,19691065,19691221,156
55985,19691221,19691380,159
55986,19691380,19691665,285
55987,19691665,19691817,152
55988,19691817,19691903,86
55989,19691903,19692411,508
55990,19692411,19692449,38
55991,19692449,19692636,187
55992,19692636,19692645,9
55993,19692645,19692851,206
55994,19692851,19692925,74
55995,19692925,19693826,901
55996,19693826,19694557,731
55997,19694557,19694714,157
55998,19694714,19694954,240
55999,19694954,19695522,568
56000,19695522,19695769,247
56001,19695769,19695841,72
56002,19695841,19696090,249
56003,19696090,19696205,115
56004,19696205,19696279,74
56005,19696279,19696396,117
56006,19696396,19696802,406
56007,19696802,19696969,167
56008,19696969,19697270,301
56009,19697270,19698091,821
56010,19698091,19698149,58
56011,19698149,19699045,896
56012,19699045,19699441,396
56013,19699441,19699589,148
56014,19699589,19700249,660
56015,19700249,19700441,192
56016,19700441,19700605,164
56017,19700605,19701000,395
56018,19701000,19701091,91
56019,19701091,19701220,129
56020,19701220,19701668,448
56021,19701668,19702394,726
56022,19702394,19702825,431
56023,19702825,19702840,15
56024,19702840,19703702,862
56025,19703702,19703777,75
56026,19703777,19703873,96
56027,19703873,19704437,564
56028,19704437,19704472,35
56029,19704472,19704509,37
56030,19704509,19704605,96
56031,19704605,19704723,118
56032,19704723,19705287,564
56033,19705287,19705325,38
56034,19705325,19705395,70
56035,19705395,19705455,60
56036,19705455,19705526,71
56037,19705526,19705587,61
56038,19705587,19705871,284
56039,19705871,19706097,226
56040,19706097,19706156,59
56041,19706156,19706257,101
56042,19706257,19706269,12
56043,19706269,19706340,71
56044,19706340,19706843,503
56045,19706843,19707301,458
56046,19707301,19707406,105
56047,19707406,19707482,76
56048,19707482,19707638,156
56049,19707638,19707667,29
56050,19707667,19707845,178
56051,19707845,19708784,939
56052,19708784,19708813,29
56053,19708813,19708888,75
56054,19708888,19709753,865
56055,19709753,19709858,105
56056,19709858,19710030,172
56057,19710030,19710056,26
56058,19710056,19710061,5
56059,19710061,19710513,452
56060,19710513,19710622,109
56061,19710622,19710647,25
56062,19710647,19710704,57
56063,19710704,19711034,330
56064,19711034,19711077,43
56065,19711077,19711201,124
56066,19711201,19711490,289
56067,19711490,19712055,565
56068,19712055,19713056,1001
56069,19713056,19713160,104
56070,19713160,19713175,15
56071,19713175,19713461,286
56072,19713461,19713470,9
56073,19713470,19713503,33
56074,19713503,19713556,53
56075,19713556,19713716,160
56076,19713716,19714157,441
56077,19714157,19714724,567
56078,19714724,19714921,197
56079,19714921,19715144,223
56080,19715144,19715224,80
56081,19715224,19715472,248
56082,19715472,19715479,7
56083,19715479,19715486,7
56084,19715486,19715493,7
56085,19715493,19715501,8
56086,19715501,19715505,4
56087,19715505,19715509,4
56088,19715509,19715523,14
56089,19715523,19715676,153
56090,19715676,19715782,106
56091,19715782,19715827,45
56092,19715827,19716219,392
56093,19716219,19716375,156
56094,19716375,19716391,16
56095,19716391,19716608,217
56096,19716608,19716617,9
56097,19716617,19716725,108
56098,19716725,19717065,340
56099,19717065,19717219,154
56100,19717219,19718702,1483
56101,19718702,19719487,785
56102,19719487,19720583,1096
56103,19720583,19720969,386
56104,19720969,19721293,324
56105,19722942,19723227,285
56106,19723227,19723253,26
56107,19723253,19723273,20
56108,19723273,19724071,798
56109,19724071,19724269,198
56110,19724269,19724275,6
56111,19724275,19724771,496
56112,19724771,19725084,313
56113,19725084,19725191,107
56114,19725191,19725233,42
56115,19725233,19725308,75
56116,19725308,19725445,137
56117,19725445,19725459,14
56118,19725459,19726033,574
56119,19726033,19726568,535
56120,19726568,19726588,20
56121,19726588,19726594,6
56122,19726594,19726834,240
56123,19726834,19726859,25
56124,19726859,19726877,18
56125,19726877,19727461,584
56126,19727461,19727634,173
56127,19727634,19727701,67
56128,19727701,19727784,83
56129,19727784,19728463,679
56130,19728463,19728471,8
56131,19728471,19729041,570
56132,19729041,19729048,7
56133,19729048,19730185,1137
56134,19730185,19730362,177
56135,19730362,19730655,293
56136,19730655,19730849,194
56137,19730849,19731440,591
56138,19731440,19731509,69
56139,19731509,19731749,240
56140,19731749,19731798,49
56141,19731798,19731897,99
56142,19731897,19732389,492
56143,19732389,19732427,38
56144,19732427,19732590,163
56145,19732590,19732751,161
56146,19732751,19733018,267
56147,19733018,19733262,244
56148,19733262,19733345,83
56149,19733345,19733755,410
56150,19733755,19733941,186
56151,19733941,19734428,487
56152,19734428,19734808,380
56153,19734808,19734854,46
56154,19734854,19734867,13
56155,19734867,19735015,148
56156,19735015,19735224,209
56157,19735224,19735678,454
56158,19735678,19735940,262
56159,19735940,19736312,372
56160,19736312,19736387,75
56161,19736387,19737156,769
56162,19737156,19737180,24
56163,19737180,19737431,251
56164,19737431,19737536,105
56165,19737536,19737754,218
56166,19737754,19737824,70
56167,19737824,19737942,118
56168,19737942,19738170,228
56169,19738170,19738258,88
56170,19738258,19738329,71
56171,19738329,19738355,26
56172,19738355,19738361,6
56173,19738361,19738680,319
56174,19738680,19738729,49
56175,19738729,19738925,196
56176,19738925,19739151,226
56177,19739151,19739408,257
56178,19739408,19739417,9
56179,19739417,19739500,83
56180,19739500,19740508,1008
56181,19740508,19740588,80
56182,19740588,19740639,51
56183,19740639,19740646,7
56184,19740646,19740653,7
56185,19740653,19740677,24
56186,19740677,19740839,162
56187,19740839,19741290,451
56188,19741290,19741636,346
56189,19741636,19742485,849
56190,19742485,19742564,79
56191,19742564,19742576,12
56192,19742576,19742588,12
56193,19742588,19742600,12
56194,19742600,19742612,12
56195,19742612,19742755,143
56196,19742755,19742831,76
56197,19742831,19742889,58
56198,19742889,19742964,75
56199,19742964,19743008,44
56200,19743008,19743779,771
56201,19743779,19743784,5
56202,19743784,19743905,121
56203,19743905,19743929,24
56204,19743929,19744201,272
56205,19744201,19744393,192
56206,19744393,19744568,175
56207,19744568,19744801,233
56208,19744801,19744996,195
56209,19744996,19745492,496
56210,19745492,19745728,236
56211,19745728,19745788,60
56212,19745788,19745796,8
56213,19745796,19746077,281
56214,19746077,19746433,356
56215,19746433,19746686,253
56216,19746686,19746800,114
56217,19746800,19746836,36
56218,19746836,19746854,18
56219,19746854,19746895,41
56220,19746895,19747509,614
56221,19747509,19747554,45
56222,19747554,19747596,42
56223,19747596,19747603,7
56224,19747603,19747711,108
56225,19747711,19748021,310
56226,19748021,19748128,107
56227,19748128,19748314,186
56228,19748314,19748346,32
56229,19748346,19748426,80
56230,19748426,19748663,237
56231,19748663,19748688,25
56232,19748688,19749109,421
56233,19749109,19749315,206
56234,19749315,19749435,120
56235,19749435,19750289,854
56236,19750289,19751406,1117
56237,19751406,19751560,154
56238,19751560,19751697,137
56239,19751697,19752038,341
56240,19752038,19752079,41
56241,19752079,19752724,645
56242,19752724,19752869,145
56243,19752869,19754082,1213
56244,19754082,19754503,421
56245,19754503,19754543,40
56246,19754543,19754855,312
56247,19754855,19755098,243
56248,19755098,19755103,5
56249,19755103,19755108,5
56250,19755108,19755113,5
56251,19755113,19755118,5
56252,19755118,19755130,12
56253,19755130,19755210,80
56254,19755210,19755463,253
56255,19755463,19755542,79
56256,19755542,19755763,221
56257,19755763,19756079,316
56258,19756079,19756263,184
56259,19756263,19756450,187
56260,19756450,19756549,99
56261,19756549,19756561,12
56262,19756561,19756581,20
56263,19756581,19756705,124
56264,19756705,19756869,164
56265,19756869,19757222,353
56266,19757222,19757345,123
56267,19757345,19757864,519
56268,19757864,19758024,160
56269,19758024,19758090,66
56270,19758090,19758342,252
56271,19758342,19758397,55
56272,19758397,19758477,80
56273,19758477,19758727,250
56274,19758727,19758796,69
56275,19758796,19759412,616
56276,19759412,19759463,51
56277,19759463,19759576,113
56278,19759576,19759661,85
56279,19759661,19759701,40
56280,19759701,19759789,88
56281,19759789,19759817,28
56282,19759817,19759943,126
56283,19759943,19759989,46
56284,19759989,19760005,16
56285,19760005,19760207,202
56286,19760207,19760330,123
56287,19760330,19760760,430
56288,19760760,19760784,24
56289,19760784,19760832,48
56290,19760832,19760918,86
56291,19760918,19760928,10
56292,19760928,19760976,48
56293,19760976,19761005,29
56294,19761005,19761681,676
56295,19761681,19761699,18
56296,19761699,19761962,263
56297,19761962,19762335,373
56298,19762335,19762358,23
56299,19762358,19763240,882
56300,19763240,19764671,1431
56301,19764671,19765446,775
56302,19765446,19766266,820
56303,19766266,19766280,14
56304,19766280,19767471,1191
56305,19767471,19767495,24
56306,19767495,19767953,458
56307,19767953,19768470,517
56308,19768470,19768491,21
56309,19768491,19769076,585
56310,19769076,19769237,161
56311,19769237,19769245,8
56312,19769245,19769278,33
56313,19769278,19769445,167
56314,19769445,19769721,276
56315,19769721,19769728,7
56316,19769728,19769831,103
56317,19769831,19770533,702
56318,19770533,19770695,162
56319,19770695,19771571,876
56320,19771571,19772054,483
56321,19772054,19773486,1432
56322,19773486,19773723,237
56323,19773723,19773957,234
56324,19773957,19774056,99
56325,19774056,19774358,302
56326,19774358,19774798,440
56327,19774798,19774900,102
56328,19774900,19775136,236
56329,19775136,19775254,118
56330,19775254,19775296,42
56331,19775296,19775312,16
56332,19775312,19777016,1704
56333,19777016,19777106,90
56334,19777106,19777387,281
56335,19777387,19777411,24
56336,19777411,19777427,16
56337,19777427,19777519,92
56338,19777519,19777569,50
56339,19777569,19778007,438
56340,19778007,19778091,84
56341,19778091,19778308,217
56342,19778308,19778348,40
56343,19778348,19778448,100
56344,19778448,19778458,10
56345,19778458,19778508,50
56346,19778508,19778730,222
56347,19778730,19778747,17
56348,19778747,19778821,74
56349,19778821,19778842,21
56350,19778842,19779171,329
56351,19779171,19779207,36
56352,19779207,19779663,456
56353,19779663,19779681,18
56354,19779681,19780524,843
56355,19780524,19780866,342
56356,19780866,19780915,49
56357,19780915,19780945,30
56358,19780945,19781157,212
56359,19781157,19781288,131
56360,19781288,19781854,566
56361,19781854,19781964,110
56362,19781964,19782164,200
56363,19782164,19782354,190
56364,19782354,19782418,64
56365,19782418,19782807,389
56366,19782807,19782820,13
56367,19782820,19783125,305
56368,19783125,19783246,121
56369,19783246,19783279,33
56370,19783279,19783284,5
56371,19783284,19783907,623
56372,19783907,19784206,299
56373,19784206,19784281,75
56374,19784281,19784447,166
56375,19784447,19784614,167
56376,19784614,19785020,406
56377,19785020,19785131,111
56378,19785131,19785769,638
56379,19785769,19785928,159
56380,19785928,19786532,604
56381,19786532,19786801,269
56382,19786801,19786807,6
56383,19786807,19786952,145
56384,19786952,19787309,357
56385,19787309,19787558,249
56386,19787558,19787750,192
56387,19787750,19787955,205
56388,19787955,19788002,47
56389,19788002,19788049,47
56390,19788049,19788458,409
56391,19788458,19788512,54
56392,19788512,19788670,158
56393,19788670,19789301,631
56394,19789301,19791163,1862
56395,19791163,19791637,474
56396,19791637,19794041,2404
56397,19794041,19794101,60
56398,19794101,19795136,1035
56399,19797472,19797624,152
56400,19797624,19797647,23
56401,19797647,19798076,429
56402,19798076,19798231,155
56403,19798231,19799113,882
56404,19799113,19800628,1515
56405,19800628,19801272,644
56406,19801272,19803078,1806
56407,19803078,19803138,60
56408,19803138,19803150,12
56409,19803150,19803179,29
56410,19803179,19803277,98
56411,19803277,19804033,756
56412,19804033,19804321,288
56413,19804321,19804473,152
56414,19804473,19804496,23
56415,19804496,19804892,396
56416,19804892,19805191,299
56417,19805191,19805217,26
56418,19805217,19805349,132
56419,19805349,19805623,274
56420,19805623,19805829,206
56421,19805829,19805986,157
56422,19805986,19806003,17
56423,19806003,19807150,1147
56424,19807150,19807383,233
56425,19807383,19807854,471
56426,19807854,19808092,238
56427,19808092,19808396,304
56428,19808396,19809290,894
56429,19809290,19810101,811
56430,19810101,19810141,40
56431,19810141,19810147,6
56432,19810147,19810507,360
56433,19810507,19810526,19
56434,19810526,19810561,35
56435,19810561,19810782,221
56436,19810782,19811285,503
56437,19811285,19811926,641
56438,19811926,19812052,126
56439,19812052,19812573,521
56440,19812573,19812636,63
56441,19812636,19812841,205
56442,19812841,19813091,250
56443,19813091,19813154,63
56444,19813154,19813207,53
56445,19813207,19813243,36
56446,19813243,19813540,297
56447,19813540,19813688,148
56448,19813688,19815142,1454
56449,19815142,19815989,847
56450,19815989,19816178,189
56451,19816178,19816322,144
56452,19816322,19816428,106
56453,19816428,19816475,47
56454,19816475,19816491,16
56455,19816491,19816544,53
56456,19816544,19819800,3256
56457,19819800,19820924,1124
56458,19820924,19820943,19
56459,19820943,19821179,236
56460,19821179,19821311,132
56461,19821311,19821741,430
56462,19821741,19821963,222
56463,19821963,19822049,86
56464,19822049,19822106,57
56465,19822106,19822133,27
56466,19822133,19822233,100
56467,19822233,19822318,85
56468,19822318,19822870,552
56469,19822870,19823588,718
56470,19823588,19823657,69
56471,19823657,19823785,128
56472,19823785,19823896,111
56473,19823896,19823954,58
56474,19823954,19824138,184
56475,19824138,19824392,254
56476,19824392,19825327,935
56477,19825327,19826142,815
56478,19826142,19826578,436
56479,19828730,19828945,215
56480,19828945,19829476,531
56481,19829476,19829867,391
56482,19829867,19831084,1217
56483,19831084,19831266,182
56484,19831266,19831386,120
56485,19831386,19831534,148
56486,19831534,19831545,11
56487,19831545,19832132,587
56488,19832132,19832302,170
56489,19832302,19833210,908
56490,19833210,19833730,520
56491,19833730,19833885,155
56492,19833885,19833930,45
56493,19833930,19834164,234
56494,19834164,19834184,20
56495,19834184,19834315,131
56496,19834315,19834969,654
56497,19834969,19835579,610
56498,19835579,19835600,21
56499,19835600,19835652,52
56500,19835652,19835845,193
56501,19835845,19836244,399
56502,19836244,19836475,231
56503,19836475,19836570,95
56504,19836570,19836616,46
56505,19836616,19836751,135
56506,19836751,19836921,170
56507,19836921,19837730,809
56508,19837730,19838415,685
56509,19838415,19838842,427
56510,19838842,19839446,604
56511,19839446,19839527,81
56512,19839527,19839556,29
56513,19839556,19840484,928
56514,19840484,19840541,57
56515,19840541,19840619,78
56516,19842018,19842242,224
56517,19842242,19842831,589
56518,19842831,19843279,448
56519,19843279,19843728,449
56520,19843728,19843902,174
56521,19843902,19844362,460
56522,19844362,19844391,29
56523,19844391,19844401,10
56524,19844401,19845985,1584
56525,19845985,19846664,679
56526,19846664,19846829,165
56527,19846829,19846970,141
56528,19846970,19847668,698
56529,19847668,19849889,2221
56530,19849889,19849947,58
56531,19849947,19850205,258
56532,19850205,19850547,342
56533,19850547,19851144,597
56534,19851144,19852509,1365
56535,19852509,19852596,87
56536,19852596,19852780,184
56537,19852780,19853058,278
56538,19853058,19853466,408
56539,19853466,19853553,87
56540,19853553,19853563,10
56541,19853563,19853715,152
56542,19853715,19853800,85
56543,19853800,19853986,186
56544,19853986,19854080,94
56545,19854080,19854128,48
56546,19854128,19854344,216
56547,19854344,19854407,63
56548,19854407,19854419,12
56549,19854419,19854497,78
56550,19854497,19854600,103
56551,19854600,19855278,678
56552,19855278,19855378,100
56553,19855378,19855405,27
56554,19855405,19855681,276
56555,19855681,19856273,592
56556,19856273,19856499,226
56557,19856499,19856692,193
56558,19856692,19856758,66
56559,19856758,19857158,400
56560,19857158,19857352,194
56561,19857352,19857358,6
56562,19857358,19857424,66
56563,19857424,19857590,166
56564,19857590,19857649,59
56565,19857649,19857724,75
56566,19857724,19857806,82
56567,19857806,19857851,45
56568,19857851,19858069,218
56569,19858069,19858351,282
56570,19858351,19858567,216
56571,19858567,19858758,191
56572,19858758,19858879,121
56573,19858879,19859003,124
56574,19859003,19859126,123
56575,19859126,19859541,415
56576,19859541,19859694,153
56577,19859694,19859782,88
56578,19859782,19859837,55
56579,19859837,19860009,172
56580,19860009,19860242,233
56581,19860242,19860387,145
56582,19860387,19860482,95
56583,19860482,19860558,76
56584,19860558,19860733,175
56585,19860733,19860803,70
56586,19860803,19860870,67
56587,19860870,19861316,446
56588,19861316,19861387,71
56589,19861387,19861403,16
56590,19861403,19861495,92
56591,19861495,19862531,1036
56592,19862531,19862756,225
56593,19862756,19862955,199
56594,19862955,19863636,681
56595,19863636,19863978,342
56596,19863978,19864135,157
56597,19864135,19864273,138
56598,19864273,19864438,165
56599,19864438,19864533,95
56600,19864533,19864885,352
56601,19864885,19865021,136
56602,19865021,19865048,27
56603,19865048,19865133,85
56604,19865133,19865163,30
56605,19865163,19865448,285
56606,19865448,19865557,109
56607,19865557,19865741,184
56608,19865741,19865860,119
56609,19865860,19866819,959
56610,19866819,19867380,561
56611,19867380,19868631,1251
56612,19868631,19868641,10
56613,19868641,19868861,220
56614,19868861,19869113,252
56615,19869113,19869715,602
56616,19869715,19869805,90
56617,19869805,19869824,19
56618,19869824,19870041,217
56619,19870041,19870498,457
56620,19870498,19870880,382
56621,19870880,19871087,207
56622,19871087,19871222,135
56623,19871222,19871909,687
56624,19871909,19871942,33
56625,19871942,19872434,492
56626,19872434,19872902,468
56627,19872902,19872928,26
56628,19872928,19872964,36
56629,19872964,19872980,16
56630,19872980,19872986,6
56631,19872986,19873918,932
56632,19873918,19874439,521
56633,19874439,19874657,218
56634,19878063,19878735,672
56635,19878735,19879290,555
56636,19879290,19879807,517
56637,19879807,19881584,1777
56638,19881584,19883819,2235
56639,19883819,19883933,114
56640,19883933,19884636,703
56641,19884636,19885164,528
56642,19885164,19885342,178
56643,19885342,19885348,6
56644,19885348,19885596,248
56645,19885596,19886371,775
56646,19886371,19886610,239
56647,19886610,19888186,1576
56648,19888186,19888534,348
56649,19888534,19888649,115
56650,19888649,19888660,11
56651,19888660,19888787,127
56652,19888787,19888947,160
56653,19888947,19888954,7
56654,19888954,19889321,367
56655,19889321,19889629,308
56656,19889629,19890488,859
56657,19890488,19890696,208
56658,19890696,19890952,256
56659,19890952,19891347,395
56660,19891347,19891609,262
56661,19891609,19891617,8
56662,19891617,19891686,69
56663,19891686,19891742,56
56664,19891742,19891892,150
56665,19891892,19891930,38
56666,19891930,19893235,1305
56667,19893235,19893251,16
56668,19893251,19893301,50
56669,19893301,19893914,613
56670,19893914,19894306,392
56671,19894306,19894583,277
56672,19894583,19896243,1660
56673,19896243,19896443,200
56674,19896443,19896917,474
56675,19896917,19898067,1150
56676,19898067,19898393,326
56677,19898393,19898508,115
56678,19898508,19898877,369
56679,19898877,19898897,20
56680,19898897,19899840,943
56681,19899840,19900246,406
56682,19900246,19900341,95
56683,19900341,19900429,88
56684,19900429,19900655,226
56685,19900655,19900785,130
56686,19900785,19901242,457
56687,19901242,19901845,603
56688,19901845,19901962,117
56689,19901962,19902544,582
56690,19902544,19903065,521
56691,19903065,19903313,248
56692,19903313,19903336,23
56693,19903336,19903555,219
56694,19903555,19903819,264
56695,19903819,19904048,229
56696,19904048,19904291,243
56697,19904291,19904555,264
56698,19904555,19904612,57
56699,19904612,19904978,366
56700,19904978,19905149,171
56701,19905149,19905849,700
56702,19905849,19906302,453
56703,19906302,19906876,574
56704,19906876,19906925,49
56705,19906925,19907208,283
56706,19907208,19907734,526
56707,19907734,19907748,14
56708,19907748,19908048,300
56709,19908048,19908232,184
56710,19908232,19908411,179
56711,19908411,19908486,75
56712,19908486,19908794,308
56713,19908794,19908966,172
56714,19908966,19909317,351
56715,19909317,19909811,494
56716,19909811,19909907,96
56717,19909907,19909952,45
56718,19909952,19910255,303
56719,19910255,19910593,338
56720,19910593,19910743,150
56721,19910743,19911360,617
56722,19911360,19911757,397
56723,19911757,19912051,294
56724,19912051,19912258,207
56725,19912258,19912370,112
56726,19912370,19912504,134
56727,19912504,19912846,342
56728,19912846,19912898,52
56729,19912898,19912912,14
56730,19912912,19913212,300
56731,19913212,19913396,184
56732,19913396,19913575,179
56733,19913575,19913650,75
56734,19913650,19913958,308
56735,19913958,19914481,523
56736,19914481,19914975,494
56737,19914975,19915071,96
56738,19915071,19915116,45
56739,19915116,19915419,303
56740,19915419,19915757,338
56741,19915757,19915907,150
56742,19915907,19916524,617
56743,19916524,19916921,397
56744,19916921,19917215,294
56745,19917215,19917422,207
56746,19917422,19917534,112
56747,19917534,19917668,134
56748,19917668,19918010,342
56749,19918010,19918062,52
56750,19918062,19918076,14
56751,19918076,19918376,300
56752,19918376,19918560,184
56753,19918560,19918739,179
56754,19918739,19918814,75
56755,19918814,19919116,302
56756,19919116,19919640,524
56757,19919640,19920138,498
56758,19920138,19920234,96
56759,19920234,19920279,45
56760,19920279,19920573,294
56761,19920573,19921235,662
56762,19921235,19921466,231
56763,19921466,19921511,45
56764,19921511,19921596,85
56765,19921596,19921670,74
56766,19921670,19922145,475
56767,19922145,19922260,115
56768,19922260,19922426,166
56769,19922426,19923220,794
56770,19923220,19923350,130
56771,19923350,19923411,61
56772,19923411,19923423,12
56773,19923423,19923739,316
56774,19923739,19923816,77
56775,19923816,19924166,350
56776,19924166,19924265,99
56777,19924265,19924370,105
56778,19924370,19925127,757
56779,19925127,19926015,888
56780,19926015,19926273,258
56781,19926273,19926572,299
56782,19926572,19927098,526
56783,19927098,19927326,228
56784,19927326,19927413,87
56785,19927413,19927491,78
56786,19927491,19927687,196
56787,19927687,19927885,198
56788,19927885,19928415,530
56789,19928415,19928722,307
56790,19928722,19928872,150
56791,19928872,19928968,96
56792,19928968,19929013,45
56793,19929013,19929314,301
56794,19929314,19929652,338
56795,19929652,19929802,150
56796,19929802,19930419,617
56797,19930419,19930816,397
56798,19930816,19931110,294
56799,19931110,19931317,207
56800,19931317,19931429,112
56801,19931429,19931563,134
56802,19931563,19931905,342
56803,19931905,19931957,52
56804,19931957,19931971,14
56805,19931971,19932271,300
56806,19932271,19932455,184
56807,19932455,19932634,179
56808,19932634,19932709,75
56809,19932709,19933017,308
56810,19933017,19933189,172
56811,19933189,19933540,351
56812,19933540,19933847,307
56813,19933847,19933997,150
56814,19933997,19934093,96
56815,19934093,19934138,45
56816,19934138,19934430,292
56817,19934430,19935092,662
56818,19935092,19935323,231
56819,19935323,19935368,45
56820,19935368,19935830,462
56821,19935830,19936088,258
56822,19936088,19936388,300
56823,19936388,19936914,526
56824,19936914,19937229,315
56825,19937229,19937307,78
56826,19937307,19937503,196
56827,19937503,19937701,198
56828,19937701,19938231,530
56829,19938231,19938538,307
56830,19938538,19938688,150
56831,19938688,19938784,96
56832,19938784,19938829,45
56833,19938829,19939130,301
56834,19939130,19939468,338
56835,19939468,19939618,150
56836,19939618,19940235,617
56837,19940235,19940632,397
56838,19940632,19940926,294
56839,19940926,19941133,207
56840,19941133,19941245,112
56841,19941245,19941379,134
56842,19941379,19941721,342
56843,19941721,19941773,52
56844,19941773,19941787,14
56845,19941787,19942087,300
56846,19942087,19942271,184
56847,19942271,19942450,179
56848,19942450,19942525,75
56849,19942525,19942833,308
56850,19942833,19943356,523
56851,19943356,19943850,494
56852,19943850,19943946,96
56853,19943946,19943991,45
56854,19943991,19944282,291
56855,19944282,19944944,662
56856,19944944,19945171,227
56857,19945171,19945216,45
56858,19945216,19945679,463
56859,19945679,19945943,264
56860,19945943,19946243,300
56861,19946243,19946769,526
56862,19946769,19947084,315
56863,19947084,19947162,78
56864,19947162,19947358,196
56865,19947358,19947556,198
56866,19947556,19948078,522
56867,19948078,19948576,498
56868,19948576,19948672,96
56869,19948672,19948717,45
56870,19948717,19949012,295
56871,19949012,19949674,662
56872,19949674,19949905,231
56873,19949905,19949950,45
56874,19949950,19950412,462
56875,19950412,19950676,264
56876,19950676,19950976,300
56877,19950976,19951502,526
56878,19951502,19951730,228
56879,19951730,19951817,87
56880,19951817,19951895,78
56881,19951895,19952091,196
56882,19952091,19952289,198
56883,19952289,19952813,524
56884,19952813,19953311,498
56885,19953311,19953407,96
56886,19953407,19953452,45
56887,19953452,19953747,295
56888,19953747,19954409,662
56889,19954409,19954640,231
56890,19954640,19954685,45
56891,19954685,19955147,462
56892,19955147,19955411,264
56893,19955411,19955711,300
56894,19955711,19956237,526
56895,19956237,19956465,228
56896,19956465,19956552,87
56897,19956552,19956630,78
56898,19956630,19956826,196
56899,19956826,19957024,198
56900,19957024,19957547,523
56901,19957547,19958045,498
56902,19958045,19958141,96
56903,19958141,19958186,45
56904,19958186,19958479,293
56905,19958479,19958783,304
56906,19958783,19959093,310
56907,19959093,19959340,247
56908,19959340,19959551,211
56909,19959551,19959937,386
56910,19959937,19960184,247
56911,19960184,19960227,43
56912,19960227,19960257,30
56913,19960257,19960803,546
56914,19960803,19960845,42
56915,19960845,19960861,16
56916,19960861,19960867,6
56917,19960867,19961114,247
56918,19961114,19961455,341
56919,19961455,19962754,1299
56920,19962754,19962790,36
56921,19962790,19962797,7
56922,19962797,19964855,2058
56923,19964855,19965066,211
56924,19965066,19965078,12
56925,19965078,19965094,16
56926,19965094,19965205,111
56927,19965205,19965413,208
56928,19965413,19965427,14
56929,19965427,19965606,179
56930,19965606,19965648,42
56931,19965648,19965652,4
56932,19965652,19965798,146
56933,19965798,19965853,55
56934,19965853,19965934,81
56935,19965934,19966164,230
56936,19966164,19966171,7
56937,19966171,19966286,115
56938,19966286,19966305,19
56939,19966305,19966416,111
56940,19966416,19966425,9
56941,19966425,19966524,99
56942,19966524,19966549,25
56943,19966549,19966858,309
56944,19966858,19967039,181
56945,19967039,19967334,295
56946,19967334,19967363,29
56947,19967363,19967477,114
56948,19967477,19967610,133
56949,19967610,19967777,167
56950,19967777,19967805,28
56951,19970834,19972420,1586
56952,19972420,19973337,917
56953,19973337,19973515,178
56954,19973515,19973610,95
56955,19973610,19975371,1761
56956,19975371,19975649,278
56957,19975649,19975980,331
56958,19975980,19976551,571
56959,19976551,19976718,167
56960,19976718,19976819,101
56961,19976819,19976830,11
56962,19976830,19978155,1325
56963,19978155,19980113,1958
56964,19980113,19980302,189
56965,19980302,19980806,504
56966,19980806,19982027,1221
56967,19982027,19983008,981
56968,19983008,19983113,105
56969,19983113,19983298,185
56970,19983298,19983379,81
56971,19983379,19983501,122
56972,19983501,19983738,237
56973,19983738,19984116,378
56974,19984116,19984699,583
56975,19984699,19984716,17
56976,19984716,19984727,11
56977,19984727,19985681,954
56978,19985681,19985754,73
56979,19985754,19986649,895
56980,19986649,19987136,487
56981,19987136,19987213,77
56982,19987213,19987330,117
56983,19987330,19987810,480
56984,19987810,19989499,1689
56985,19989499,19990095,596
56986,19990095,19990443,348
56987,19990443,19990849,406
56988,19990849,19991547,698
56989,19991547,19992690,1143
56990,19992690,19992795,105
56991,19992795,19994510,1715
56992,19994510,19995117,607
56993,19995117,19995154,37
56994,19995154,19995590,436
56995,19995590,19998541,2951
56996,19998541,19998642,101
56997,19998642,19998654,12
56998,19998654,19998931,277
56999,19998931,19998969,38
57000,19998969,19998975,6
57001,19998975,19999133,158
57002,19999133,19999297,164
57003,19999297,19999364,67
57004,19999364,19999615,251
57005,19999615,19999737,122
57006,19999737,20001086,1349
57007,20001086,20001180,94
57008,20001180,20001380,200
57009,20001380,20001650,270
57010,20001650,20001918,268
57011,20001918,20002043,125
57012,20002043,20002187,144
57013,20002187,20002327,140
57014,20002327,20003148,821
57015,20003148,20003954,806
57016,20003954,20004048,94
57017,20004048,20004212,164
57018,20004212,20005002,790
57019,20005002,20005246,244
57020,20005246,20005961,715
57021,20005961,20005967,6
57022,20005967,20005998,31
57023,20005998,20006794,796
57024,20006794,20006882,88
57025,20006882,20007033,151
57026,20007033,20008811,1778
57027,20008811,20008919,108
57028,20008919,20009079,160
57029,20009079,20009469,390
57030,20009469,20009474,5
57031,20009474,20009670,196
57032,20009670,20010900,1230
57033,20010900,20012111,1211
57034,20012111,20013127,1016
57035,20013127,20014052,925
57036,20014052,20014744,692
57037,20014744,20015095,351
57038,20015095,20015571,476
57039,20015571,20015579,8
57040,20015579,20015587,8
57041,20015587,20016206,619
57042,20016206,20016719,513
57043,20016719,20017823,1104
57044,20017823,20018577,754
57045,20018577,20019533,956
57046,20019533,20020732,1199
57047,20020732,20021381,649
57048,20021381,20022576,1195
57049,20022576,20022835,259
57050,20022835,20023097,262
57051,20023097,20023220,123
57052,20023220,20023658,438
57053,20023658,20024316,658
57054,20024316,20024695,379
57055,20024695,20025624,929
57056,20025624,20025973,349
57057,20025973,20026748,775
57058,20026748,20027986,1238
57059,20027986,20028225,239
57060,20028225,20028495,270
57061,20028495,20029679,1184
57062,20029679,20029726,47
57063,20029726,20029783,57
57064,20029783,20029796,13
57065,20029796,20030214,418
57066,20030214,20030610,396
57067,20030610,20030619,9
57068,20030619,20030979,360
57069,20030979,20032351,1372
57070,20032351,20033664,1313
57071,20033664,20034257,593
57072,20034257,20034387,130
57073,20034387,20034702,315
57074,20034702,20035463,761
57075,20035463,20035479,16
57076,20035479,20035717,238
57077,20035717,20036312,595
57078,20036312,20036814,502
57079,20036814,20037033,219
57080,20037033,20037039,6
57081,20037039,20038692,1653
57082,20038692,20040003,1311
57083,20040003,20040707,704
57084,20043662,20044313,651
57085,20044313,20045170,857
57086,20045170,20045907,737
57087,20045907,20045947,40
57088,20045947,20046498,551
57089,20046498,20047840,1342
57090,20047840,20048861,1021
57091,20048861,20048971,110
57092,20048971,20049157,186
57093,20049157,20049205,48
57094,20049205,20050304,1099
57095,20050304,20050531,227
57096,20050531,20051240,709
57097,20051240,20051613,373
57098,20051613,20051664,51
57099,20051664,20051968,304
57100,20051968,20051974,6
57101,20051974,20052161,187
57102,20052161,20052973,812
57103,20052973,20053358,385
57104,20053358,20053582,224
57105,20053582,20054344,762
57106,20054344,20055187,843
57107,20055187,20055817,630
57108,20055817,20056434,617
57109,20056434,20056692,258
57110,20056692,20056848,156
57111,20056848,20057813,965
57112,20057813,20057917,104
57113,20057917,20059183,1266
57114,20059183,20060375,1192
57115,20060375,20060550,175
57116,20060550,20061737,1187
57117,20061737,20061784,47
57118,20061784,20062680,896
57119,20062680,20062860,180
57120,20062860,20063339,479
57121,20063339,20063348,9
57122,20063348,20063373,25
57123,20063373,20063514,141
57124,20065670,20065764,94
57125,20065764,20066883,1119
57126,20066883,20069448,2565
57127,20069448,20069586,138
57128,20069586,20071116,1530
57129,20071116,20071700,584
57130,20071700,20071752,52
57131,20071752,20071879,127
57132,20071879,20072464,585
57133,20072464,20072618,154
57134,20072618,20072640,22
57135,20072640,20072962,322
57136,20072962,20073690,728
57137,20073690,20073733,43
57138,20073733,20073750,17
57139,20073750,20073916,166
57140,20073916,20073945,29
57141,20073945,20074471,526
57142,20074471,20074972,501
57143,20074972,20075146,174
57144,20075146,20075268,122
57145,20077502,20077556,54
57146,20077556,20078027,471
57147,20078027,20078331,304
57148,20078331,20079334,1003
57149,20079334,20079660,326
57150,20079660,20079942,282
57151,20079942,20081182,1240
57152,20081182,20081365,183
57153,20081365,20081473,108
57154,20081473,20081508,35
57155,20081508,20081752,244
57156,20081752,20082075,323
57157,20082075,20082183,108
57158,20082183,20082601,418
57159,20082601,20083477,876
57160,20083477,20084650,1173
57161,20084650,20085194,544
57162,20085194,20085699,505
57163,20085699,20086389,690
57164,20086389,20087033,644
57165,20087033,20088769,1736
57166,20088769,20090125,1356
57167,20090125,20090294,169
57168,20090294,20090397,103
57169,20090397,20090957,560
57170,20090957,20091964,1007
57171,20091964,20091979,15
57172,20091979,20092009,30
57173,20092009,20092067,58
57174,20092067,20092121,54
57175,20092121,20092133,12
57176,20092133,20092341,208
57177,20092341,20092454,113
57178,20092454,20092522,68
57179,20092522,20092584,62
57180,20092584,20093045,461
57181,20093045,20093799,754
57182,20093799,20093862,63
57183,20093862,20093868,6
57184,20093868,20094654,786
57185,20094654,20094684,30
57186,20094684,20094747,63
57187,20094747,20095122,375
57188,20095122,20095307,185
57189,20095307,20095398,91
57190,20095398,20095434,36
57191,20095434,20095596,162
57192,20095596,20096302,706
57193,20096302,20096413,111
57194,20096413,20096496,83
57195,20096496,20096754,258
57196,20096754,20096832,78
57197,20096832,20096959,127
57198,20096959,20097216,257
57199,20097216,20097375,159
57200,20099774,20100001,227
57201,20100001,20100478,477
57202,20100478,20100598,120
57203,20100598,20100678,80
57204,20100678,20100784,106
57205,20100784,20100896,112
57206,20100896,20101051,155
57207,20101051,20101401,350
57208,20101401,20101689,288
57209,20101689,20102212,523
57210,20102212,20102217,5
57211,20102217,20102338,121
57212,20102338,20102468,130
57213,20102468,20102593,125
57214,20102593,20103307,714
57215,20103307,20103955,648
57216,20103955,20104489,534
57217,20104489,20105095,606
57218,20105095,20105966,871
57219,20105966,20106752,786
57220,20106752,20107068,316
57221,20107068,20107843,775
57222,20107843,20108082,239
57223,20108082,20108801,719
57224,20108801,20109249,448
57225,20109249,20109712,463
57226,20109712,20109752,40
57227,20109752,20109778,26
57228,20109778,20110241,463
57229,20110241,20110286,45
57230,20110286,20110409,123
57231,20110409,20110592,183
57232,20110592,20110985,393
57233,20110985,20111064,79
57234,20111064,20111162,98
57235,20111162,20111240,78
57236,20111240,20111498,258
57237,20111498,20111576,78
57238,20111576,20112063,487
57239,20112063,20112927,864
57240,20112927,20113957,1030
57241,20113957,20115524,1567
57242,20115524,20116391,867
57243,20116391,20117568,1177
57244,20117568,20117775,207
57245,20117775,20118113,338
57246,20118113,20118410,297
57247,20118410,20119507,1097
57248,20119507,20120456,949
57249,20120456,20121947,1491
57250,20121947,20122254,307
57251,20122254,20122518,264
57252,20122518,20122668,150
57253,20122668,20123196,528
57254,20123196,20123313,117
57255,20123313,20124100,787
57256,20124100,20124263,163
57257,20124263,20124800,537
57258,20124800,20125717,917
57259,20125717,20126342,625
57260,20126342,20126502,160
57261,20126502,20127010,508
57262,20127010,20127144,134
57263,20127144,20127917,773
57264,20127917,20128160,243
57265,20128160,20128598,438
57266,20128598,20129221,623
57267,20129221,20129303,82
57268,20129303,20130027,724
57269,20130027,20130401,374
57270,20130401,20130792,391
57271,20130792,20130955,163
57272,20130955,20132944,1989
57273,20132944,20133258,314
57274,20133258,20133273,15
57275,20133273,20133335,62
57276,20133335,20133401,66
57277,20133401,20134524,1123
57278,20134524,20134529,5
57279,20134529,20135223,694
57280,20135223,20135526,303
57281,20135526,20135583,57
57282,20135583,20136630,1047
57283,20136630,20136707,77
57284,20136707,20136890,183
57285,20136890,20137939,1049
57286,20137939,20138375,436
57287,20138375,20139915,1540
57288,20139915,20139934,19
57289,20139934,20139961,27
57290,20139961,20140299,338
57291,20140299,20140395,96
57292,20140395,20140657,262
57293,20140657,20140782,125
57294,20140782,20141168,386
57295,20141168,20141279,111
57296,20141279,20141985,706
57297,20141985,20142147,162
57298,20142147,20142183,36
57299,20142183,20142274,91
57300,20142274,20142459,185
57301,20142459,20142834,375
57302,20142834,20142897,63
57303,20142897,20142927,30
57304,20142927,20143715,788
57305,20143715,20143721,6
57306,20143721,20143785,64
57307,20143785,20144188,403
57308,20144188,20144681,493
57309,20144681,20145248,567
57310,20145248,20145642,394
57311,20145642,20145779,137
57312,20145779,20146174,395
57313,20146174,20146181,7
57314,20146181,20147347,1166
57315,20147347,20147746,399
57316,20147746,20147849,103
57317,20147849,20148016,167
57318,20148016,20148747,731
57319,20148747,20148774,27
57320,20148774,20148817,43
57321,20148817,20149305,488
57322,20149305,20149330,25
57323,20149330,20149518,188
57324,20149518,20149555,37
57325,20149555,20149673,118
57326,20149673,20149992,319
57327,20149992,20150045,53
57328,20150045,20150191,146
57329,20150191,20150217,26
57330,20150217,20150350,133
57331,20150350,20151019,669
57332,20151019,20151245,226
57333,20151245,20151367,122
57334,20151367,20151610,243
57335,20151610,20152068,458
57336,20152068,20152279,211
57337,20152279,20152364,85
57338,20152364,20154243,1879
57339,20154243,20154322,79
57340,20154322,20154646,324
57341,20154646,20154877,231
57342,20154877,20154885,8
57343,20154885,20155161,276
57344,20155161,20155536,375
57345,20155536,20155740,204
57346,20155740,20156489,749
57347,20156489,20156873,384
57348,20156873,20156931,58
57349,20156931,20156950,19
57350,20156950,20157471,521
57351,20157471,20157677,206
57352,20157677,20157815,138
57353,20157815,20158003,188
57354,20158003,20158138,135
57355,20158138,20158180,42
57356,20158180,20158277,97
57357,20158277,20158928,651
57358,20158928,20159487,559
57359,20159487,20160442,955
57360,20160442,20160858,416
57361,20160858,20160891,33
57362,20160891,20161402,511
57363,20161402,20161441,39
57364,20161441,20161564,123
57365,20161564,20162585,1021
57366,20162585,20162624,39
57367,20162624,20162781,157
57368,20162781,20163117,336
57369,20163117,20165213,2096
57370,20165213,20166150,937
57371,20166150,20166962,812
57372,20166962,20167193,231
57373,20167193,20167367,174
57374,20167367,20167806,439
57375,20167806,20167978,172
57376,20167978,20168221,243
57377,20168221,20168278,57
57378,20168278,20168519,241
57379,20168519,20168743,224
57380,20168743,20168783,40
57381,20168783,20169094,311
57382,20169094,20169371,277
57383,20169371,20169566,195
57384,20169566,20169734,168
57385,20169734,20169812,78
57386,20169812,20169933,121
57387,20169933,20170275,342
57388,20170275,20170787,512
57389,20170787,20170931,144
57390,20170931,20171224,293
57391,20171224,20171403,179
57392,20171403,20171410,7
57393,20171410,20171533,123
57394,20171533,20171598,65
57395,20171598,20171681,83
57396,20171681,20172029,348
57397,20172029,20172070,41
57398,20172070,20172106,36
57399,20172106,20172434,328
57400,20172434,20172560,126
57401,20172560,20172653,93
57402,20172653,20172689,36
57403,20172689,20172785,96
57404,20172785,20172823,38
57405,20172823,20172869,46
57406,20172869,20173696,827
57407,20173696,20174011,315
57408,20174011,20174134,123
57409,20174134,20174504,370
57410,20174504,20174540,36
57411,20174540,20174591,51
57412,20174591,20174615,24
57413,20174615,20175135,520
57414,20175135,20175423,288
57415,20175423,20175685,262
57416,20175685,20175819,134
57417,20175819,20175949,130
57418,20175949,20176265,316
57419,20176265,20176500,235
57420,20176500,20176865,365
57421,20176865,20177569,704
57422,20177569,20178242,673
57423,20178242,20178483,241
57424,20178483,20178696,213
57425,20178696,20178761,65
57426,20178761,20178844,83
57427,20178844,20179192,348
57428,20179192,20179233,41
57429,20179233,20179269,36
57430,20179269,20179597,328
57431,20179597,20179718,121
57432,20179718,20179723,5
57433,20179723,20179755,32
57434,20179755,20180117,362
57435,20180117,20180871,754
57436,20180871,20181026,155
57437,20181026,20181402,376
57438,20181402,20181809,407
57439,20181809,20182233,424
57440,20182233,20182364,131
57441,20182364,20182576,212
57442,20182576,20182962,386
57443,20182962,20183250,288
57444,20183250,20183512,262
57445,20183512,20183646,134
57446,20183646,20183776,130
57447,20183776,20184087,311
57448,20184087,20184322,235
57449,20184322,20184687,365
57450,20184687,20185391,704
57451,20185391,20186117,726
57452,20186117,20186358,241
57453,20186358,20186571,213
57454,20186571,20186636,65
57455,20186636,20186719,83
57456,20186719,20187067,348
57457,20187067,20187108,41
57458,20187108,20187144,36
57459,20187144,20187472,328
57460,20187472,20187593,121
57461,20187593,20187598,5
57462,20187598,20187630,32
57463,20187630,20187992,362
57464,20187992,20188731,739
57465,20188731,20188886,155
57466,20188886,20189262,376
57467,20189262,20189669,407
57468,20189669,20189987,318
57469,20189987,20190118,131
57470,20190118,20190265,147
57471,20190265,20190686,421
57472,20190686,20190974,288
57473,20190974,20191236,262
57474,20191236,20191370,134
57475,20191370,20191500,130
57476,20191500,20191816,316
57477,20191816,20192051,235
57478,20192051,20192416,365
57479,20192416,20193120,704
57480,20193120,20193847,727
57481,20193847,20194088,241
57482,20194088,20194301,213
57483,20194301,20194366,65
57484,20194366,20194449,83
57485,20194449,20194797,348
57486,20194797,20194838,41
57487,20194838,20194874,36
57488,20194874,20195206,332
57489,20195206,20195327,121
57490,20195327,20195332,5
57491,20195332,20195364,32
57492,20195364,20195726,362
57493,20195726,20196447,721
57494,20196447,20196602,155
57495,20196602,20196978,376
57496,20196978,20197385,407
57497,20197385,20197703,318
57498,20197703,20197834,131
57499,20197834,20197981,147
57500,20197981,20198402,421
57501,20198402,20198690,288
57502,20198690,20198952,262
57503,20198952,20199086,134
57504,20199086,20199216,130
57505,20199216,20199532,316
57506,20199532,20199767,235
57507,20199767,20200132,365
57508,20200132,20200836,704
57509,20200836,20201563,727
57510,20201563,20201804,241
57511,20201804,20202017,213
57512,20202017,20202082,65
57513,20202082,20202165,83
57514,20202165,20202513,348
57515,20202513,20202554,41
57516,20202554,20202590,36
57517,20202590,20202922,332
57518,20202922,20203043,121
57519,20203043,20203048,5
57520,20203048,20203080,32
57521,20203080,20203442,362
57522,20203442,20204171,729
57523,20204171,20204326,155
57524,20204326,20204702,376
57525,20204702,20205109,407
57526,20205109,20205427,318
57527,20205427,20205558,131
57528,20205558,20205705,147
57529,20205705,20206126,421
57530,20206126,20206414,288
57531,20206414,20206676,262
57532,20206676,20206810,134
57533,20206810,20206940,130
57534,20206940,20207256,316
57535,20207256,20207491,235
57536,20207491,20207856,365
57537,20207856,20208560,704
57538,20208560,20209233,673
57539,20209233,20209474,241
57540,20209474,20209687,213
57541,20209687,20209752,65
57542,20209752,20209835,83
57543,20209835,20210183,348
57544,20210183,20210224,41
57545,20210224,20210260,36
57546,20210260,20210592,332
57547,20210592,20210713,121
57548,20210713,20210718,5
57549,20210718,20210750,32
57550,20210750,20211112,362
57551,20211112,20211866,754
57552,20211866,20212021,155
57553,20212021,20212397,376
57554,20212397,20212804,407
57555,20212804,20213122,318
57556,20213122,20213253,131
57557,20213253,20213607,354
57558,20213607,20213787,180
57559,20213787,20214075,288
57560,20214075,20214337,262
57561,20214337,20214471,134
57562,20214471,20214601,130
57563,20214601,20214912,311
57564,20214912,20215147,235
57565,20215147,20215512,365
57566,20215512,20216216,704
57567,20216216,20216889,673
57568,20216889,20217130,241
57569,20217130,20217343,213
57570,20217343,20217408,65
57571,20217408,20217491,83
57572,20217491,20217839,348
57573,20217839,20217880,41
57574,20217880,20217916,36
57575,20217916,20218244,328
57576,20218244,20218365,121
57577,20218365,20218370,5
57578,20218370,20218402,32
57579,20218402,20218764,362
57580,20218764,20219518,754
57581,20219518,20219673,155
57582,20219673,20220049,376
57583,20220049,20220456,407
57584,20220456,20220774,318
57585,20220774,20220905,131
57586,20220905,20221289,384
57587,20221289,20221469,180
57588,20221469,20221757,288
57589,20221757,20222019,262
57590,20222019,20222153,134
57591,20222153,20222283,130
57592,20222283,20222594,311
57593,20222594,20222829,235
57594,20222829,20223194,365
57595,20223194,20223898,704
57596,20223898,20224624,726
57597,20224624,20224865,241
57598,20224865,20225078,213
57599,20225078,20225143,65
57600,20225143,20225226,83
57601,20225226,20225574,348
57602,20225574,20225615,41
57603,20225615,20225651,36
57604,20225651,20225979,328
57605,20225979,20226100,121
57606,20226100,20226105,5
57607,20226105,20226137,32
57608,20226137,20226499,362
57609,20226499,20227253,754
57610,20227253,20227408,155
57611,20227408,20227784,376
57612,20227784,20228190,406
57613,20228190,20228614,424
57614,20228614,20228745,131
57615,20228745,20228957,212
57616,20228957,20229343,386
57617,20229343,20229631,288
57618,20229631,20229893,262
57619,20229893,20230027,134
57620,20230027,20230157,130
57621,20230157,20230468,311
57622,20230468,20230703,235
57623,20230703,20231336,633
57624,20231336,20231479,143
57625,20231479,20231533,54
57626,20231533,20232708,1175
57627,20232708,20232963,255
57628,20232963,20233108,145
57629,20233108,20233219,111
57630,20233219,20233544,325
57631,20233544,20234025,481
57632,20234025,20234747,722
57633,20234747,20234978,231
57634,20234978,20235429,451
57635,20235429,20235515,86
57636,20235515,20235573,58
57637,20235573,20235596,23
57638,20235596,20235656,60
57639,20235656,20235724,68
57640,20235724,20236429,705
57641,20236429,20237658,1229
57642,20237658,20237938,280
57643,20237938,20238031,93
57644,20238031,20238083,52
57645,20238083,20238093,10
57646,20238093,20238097,4
57647,20238097,20238378,281
57648,20238378,20238699,321
57649,20238699,20238842,143
57650,20238842,20238911,69
57651,20238911,20238991,80
57652,20238991,20239039,48
57653,20239039,20239276,237
57654,20239276,20239282,6
57655,20239282,20239471,189
57656,20239471,20239935,464
57657,20239935,20240043,108
57658,20240043,20240057,14
57659,20240057,20240065,8
57660,20240065,20240077,12
57661,20240077,20240195,118
57662,20240195,20240201,6
57663,20240201,20240338,137
57664,20240338,20240357,19
57665,20240357,20240873,516
57666,20240873,20240954,81
57667,20240954,20241192,238
57668,20241192,20241666,474
57669,20241666,20241916,250
57670,20241916,20241934,18
57671,20241934,20242015,81
57672,20242015,20242024,9
57673,20242024,20242628,604
57674,20242628,20243165,537
57675,20243165,20243342,177
57676,20243342,20244064,722
57677,20244064,20244911,847
57678,20244911,20245339,428
57679,20245339,20245406,67
57680,20245406,20245418,12
57681,20245418,20245459,41
57682,20245459,20245563,104
57683,20245563,20245673,110
57684,20245673,20245738,65
57685,20245738,20245748,10
57686,20245748,20245882,134
57687,20245882,20246020,138
57688,20246020,20246304,284
57689,20246304,20246922,618
57690,20246922,20247116,194
57691,20247116,20247333,217
57692,20247333,20247355,22
57693,20247355,20247390,35
57694,20247390,20247651,261
57695,20247651,20247681,30
57696,20247681,20247779,98
57697,20247779,20247790,11
57698,20247790,20248650,860
57699,20248650,20248769,119
57700,20248769,20249048,279
57701,20249048,20249057,9
57702,20249057,20249086,29
57703,20249086,20249267,181
57704,20249267,20249400,133
57705,20249400,20249449,49
57706,20249449,20249622,173
57707,20249622,20249852,230
57708,20249852,20250236,384
57709,20250236,20250457,221
57710,20250457,20250488,31
57711,20250488,20250493,5
57712,20250493,20250574,81
57713,20250574,20250910,336
57714,20250910,20250980,70
57715,20250980,20251454,474
57716,20251454,20251671,217
57717,20251671,20251922,251
57718,20251922,20252051,129
57719,20252051,20252280,229
57720,20252280,20252533,253
57721,20252533,20252672,139
57722,20252672,20252714,42
57723,20252714,20252977,263
57724,20252977,20253002,25
57725,20253002,20253212,210
57726,20253212,20253677,465
57727,20253677,20253701,24
57728,20253701,20253719,18
57729,20253719,20253733,14
57730,20253733,20253866,133
57731,20253866,20254127,261
57732,20254127,20254166,39
57733,20254166,20254932,766
57734,20254932,20255019,87
57735,20255019,20255117,98
57736,20255117,20255147,30
57737,20255147,20255300,153
57738,20255300,20255330,30
57739,20255330,20255437,107
57740,20255437,20255480,43
57741,20255480,20255707,227
57742,20255707,20256446,739
57743,20256446,20256503,57
57744,20256503,20256632,129
57745,20256632,20256779,147
57746,20256779,20256881,102
57747,20256881,20256904,23
57748,20256904,20256917,13
57749,20256917,20256980,63
57750,20256980,20258771,1791
57751,20258771,20259088,317
57752,20259088,20259199,111
57753,20259199,20259379,180
57754,20259379,20259398,19
57755,20259398,20259556,158
57756,20259556,20259793,237
57757,20259793,20259946,153
57758,20259946,20260345,399
57759,20260345,20260839,494
57760,20260839,20262727,1888
57761,20262727,20262926,199
57762,20262926,20263157,231
57763,20263157,20263455,298
57764,20263455,20263462,7
57765,20263462,20264164,702
57766,20264164,20264233,69
57767,20264233,20264918,685
57768,20264918,20265191,273
57769,20265191,20265241,50
57770,20265241,20265455,214
57771,20265455,20265979,524
57772,20268006,20268108,102
57773,20268108,20268120,12
57774,20268120,20268517,397
57775,20268517,20268742,225
57776,20268742,20268858,116
57777,20268858,20269050,192
57778,20269050,20269128,78
57779,20269128,20269256,128
57780,20269256,20269344,88
57781,20269344,20269431,87
57782,20269431,20269961,530
57783,20269961,20270095,134
57784,20270095,20270378,283
57785,20270378,20271920,1542
57786,20271920,20274867,2947
57787,20274867,20275756,889
57788,20275756,20276781,1025
57789,20276781,20276843,62
57790,20276843,20277123,280
57791,20277123,20279262,2139
57792,20279262,20280634,1372
57793,20280634,20281511,877
57794,20281511,20282287,776
57795,20282287,20283110,823
57796,20283110,20283961,851
57797,20283961,20283968,7
57798,20283968,20284205,237
57799,20284205,20284212,7
57800,20284212,20284527,315
57801,20284527,20284717,190
57802,20284717,20285026,309
57803,20285026,20285402,376
57804,20285402,20286168,766
57805,20286168,20287490,1322
57806,20287490,20287779,289
57807,20287779,20288792,1013
57808,20288792,20289979,1187
57809,20289979,20290016,37
57810,20290016,20291774,1758
57811,20291774,20292904,1130
57812,20292904,20293138,234
57813,20293138,20293556,418
57814,20293556,20294210,654
57815,20294210,20294255,45
57816,20294255,20294319,64
57817,20294319,20294453,134
57818,20294453,20295324,871
57819,20295324,20295612,288
57820,20295612,20295645,33
57821,20295645,20296798,1153
57822,20296798,20297968,1170
57823,20297968,20298886,918
57824,20298886,20299430,544
57825,20299430,20299726,296
57826,20299726,20300294,568
57827,20300294,20301681,1387
57828,20301681,20302811,1130
57829,20302811,20303045,234
57830,20303045,20303463,418
57831,20303463,20304117,654
57832,20304117,20304162,45
57833,20304162,20304226,64
57834,20304226,20304360,134
57835,20304360,20305231,871
57836,20305231,20305519,288
57837,20305519,20305552,33
57838,20305552,20306705,1153
57839,20306705,20307875,1170
57840,20307875,20308793,918
57841,20308793,20309337,544
57842,20309337,20309633,296
57843,20309633,20310201,568
57844,20310201,20310712,511
57845,20310712,20310791,79
57846,20310791,20310800,9
57847,20310800,20310815,15
57848,20310815,20310874,59
57849,20310874,20311031,157
57850,20311031,20311148,117
57851,20311148,20311157,9
57852,20311157,20311244,87
57853,20311244,20311292,48
57854,20311292,20311367,75
57855,20311367,20311430,63
57856,20311430,20312118,688
57857,20312118,20312475,357
57858,20312475,20314264,1789
57859,20314264,20314628,364
57860,20314628,20314668,40
57861,20314668,20314681,13
57862,20314681,20314857,176
57863,20314857,20314972,115
57864,20321042,20321144,102
57865,20321144,20322151,1007
57866,20322151,20322313,162
57867,20322313,20322430,117
57868,20322430,20322538,108
57869,20322538,20322787,249
57870,20322787,20324121,1334
57871,20324121,20325683,1562
57872,20325683,20326928,1245
57873,20326928,20327635,707
57874,20327635,20327770,135
57875,20327770,20327797,27
57876,20327797,20327916,119
57877,20327916,20328142,226
57878,20328142,20328285,143
57879,20328285,20328292,7
57880,20328292,20328326,34
57881,20328326,20328612,286
57882,20328612,20328668,56
57883,20328668,20329038,370
57884,20329038,20329115,77
57885,20329115,20329137,22
57886,20329137,20331024,1887
57887,20331024,20331231,207
57888,20331231,20331311,80
57889,20331311,20332032,721
57890,20332032,20332677,645
57891,20332677,20334607,1930
57892,20334607,20335750,1143
57893,20335750,20335756,6
57894,20335756,20336565,809
57895,20336565,20337611,1046
57896,20337611,20338109,498
57897,20338109,20338163,54
57898,20338163,20338890,727
57899,20338890,20338916,26
57900,20338916,20340279,1363
57901,20340279,20340341,62
57902,20340341,20340809,468
57903,20340809,20341178,369
57904,20341178,20341482,304
57905,20341482,20342808,1326
57906,20342808,20342854,46
57907,20342854,20342865,11
57908,20342865,20343073,208
57909,20343073,20344295,1222
57910,20344295,20344331,36
57911,20344331,20344347,16
57912,20344347,20344394,47
57913,20344394,20344975,581
57914,20344975,20345013,38
57915,20345013,20345091,78
57916,20345091,20345694,603
57917,20345694,20346567,873
57918,20346567,20347000,433
57919,20347000,20347603,603
57920,20347603,20347643,40
57921,20347643,20348242,599
57922,20348242,20350429,2187
57923,20350429,20351020,591
57924,20351020,20351046,26
57925,20351046,20351202,156
57926,20351202,20351873,671
57927,20356397,20358218,1821
57928,20358218,20358224,6
57929,20358224,20358230,6
57930,20358230,20358888,658
57931,20358888,20359431,543
57932,20359431,20359581,150
57933,20359581,20359680,99
57934,20359680,20359697,17
57935,20359697,20359772,75
57936,20359772,20360484,712
57937,20360484,20362603,2119
57938,20362603,20362738,135
57939,20362738,20362849,111
57940,20362849,20362862,13
57941,20362862,20363086,224
57942,20363086,20363290,204
57943,20363290,20363912,622
57944,20363912,20364000,88
57945,20364000,20364701,701
57946,20364701,20365065,364
57947,20365065,20365359,294
57948,20365359,20365558,199
57949,20365558,20366962,1404
57950,20366962,20367490,528
57951,20367490,20367563,73
57952,20367563,20367667,104
57953,20367667,20367679,12
57954,20367679,20367690,11
57955,20367690,20367721,31
57956,20367721,20367740,19
57957,20367740,20368850,1110
57958,20368850,20369619,769
57959,20369619,20370011,392
57960,20370011,20370086,75
57961,20370086,20370962,876
57962,20370962,20371699,737
57963,20371699,20371812,113
57964,20371812,20371876,64
57965,20371876,20372478,602
57966,20372478,20372940,462
57967,20372940,20373143,203
57968,20373143,20373302,159
57969,20373302,20373708,406
57970,20373708,20373912,204
57971,20373912,20373927,15
57972,20373927,20373995,68
57973,20373995,20374090,95
57974,20374090,20375089,999
57975,20375089,20375797,708
57976,20375797,20376068,271
57977,20376068,20376077,9
57978,20376077,20376136,59
57979,20376136,20376203,67
57980,20376203,20376353,150
57981,20376353,20377025,672
57982,20377025,20377075,50
57983,20377075,20378257,1182
57984,20378257,20378570,313
57985,20378570,20378888,318
57986,20378888,20380025,1137
57987,20380025,20380965,940
57988,20380965,20381901,936
57989,20381901,20381973,72
57990,20381973,20382051,78
57991,20382051,20382202,151
57992,20382202,20382257,55
57993,20382257,20382493,236
57994,20382493,20382669,176
57995,20382669,20383077,408
57996,20383077,20383657,580
57997,20383657,20383861,204
57998,20383861,20385130,1269
57999,20385130,20385381,251
58000,20385381,20385410,29
58001,20385410,20385492,82
58002,20385492,20386498,1006
58003,20386498,20387882,1384
58004,20387882,20388631,749
58005,20388631,20388944,313
58006,20388944,20389199,255
58007,20389199,20390522,1323
58008,20390522,20390549,27
58009,20390549,20391245,696
58010,20391245,20391671,426
58011,20391671,20391780,109
58012,20391780,20391816,36
58013,20391816,20392122,306
58014,20392122,20392800,678
58015,20392800,20393164,364
58016,20393164,20393220,56
58017,20393220,20393287,67
58018,20393287,20393563,276
58019,20393563,20393683,120
58020,20393683,20394634,951
58021,20394634,20394910,276
58022,20394910,20395033,123
58023,20395033,20395039,6
58024,20395039,20395045,6
58025,20395045,20395057,12
58026,20395057,20395086,29
58027,20395086,20395137,51
58028,20395137,20395193,56
58029,20395193,20395526,333
58030,20395526,20396013,487
58031,20396013,20396375,362
58032,20396375,20396480,105
58033,20396480,20396514,34
58034,20396514,20397909,1395
58035,20397909,20398025,116
58036,20398025,20398151,126
58037,20398151,20398201,50
58038,20398201,20398337,136
58039,20398337,20398513,176
58040,20398513,20399357,844
58041,20399357,20399611,254
58042,20399611,20400029,418
58043,20400029,20400203,174
58044,20400203,20400429,226
58045,20400429,20401431,1002
58046,20401431,20401550,119
58047,20401550,20401801,251
58048,20401801,20401810,9
58049,20401810,20402238,428
58050,20402238,20402258,20
58051,20402258,20402404,146
58052,20402404,20402486,82
58053,20402486,20403354,868
58054,20403354,20403407,53
58055,20403407,20403460,53
58056,20403460,20403513,53
58057,20403513,20403927,414
58058,20403927,20404268,341
58059,20404268,20404347,79
58060,20404347,20404500,153
58061,20404500,20404574,74
58062,20404574,20404629,55
58063,20404629,20404828,199
58064,20404828,20405001,173
58065,20405001,20405132,131
58066,20405132,20405196,64
58067,20405196,20405225,29
58068,20405225,20405270,45
58069,20405270,20405424,154
58070,20405424,20405491,67
58071,20405491,20405556,65
58072,20405556,20405689,133
58073,20405689,20405987,298
58074,20405987,20406262,275
58075,20406262,20406281,19
58076,20406281,20406314,33
58077,20406314,20406411,97
58078,20406411,20406978,567
58079,20406978,20407198,220
58080,20407198,20407216,18
58081,20407216,20407704,488
58082,20407704,20407715,11
58083,20407715,20407784,69
58084,20407784,20407903,119
58085,20407903,20408118,215
58086,20408118,20408607,489
58087,20408607,20408661,54
58088,20408661,20408935,274
58089,20408935,20408995,60
58090,20408995,20409215,220
58091,20409215,20409470,255
58092,20409470,20409514,44
58093,20409514,20409595,81
58094,20409595,20409826,231
58095,20409826,20409918,92
58096,20409918,20410379,461
58097,20410379,20410516,137
58098,20410516,20410573,57
58099,20410573,20410656,83
58100,20410656,20411028,372
58101,20411028,20411625,597
58102,20411625,20411632,7
58103,20411632,20411905,273
58104,20411905,20412169,264
58105,20412169,20412294,125
58106,20412294,20412386,92
58107,20412386,20412966,580
58108,20412966,20413003,37
58109,20413003,20413057,54
58110,20413057,20413083,26
58111,20413083,20413111,28
58112,20413111,20413206,95
58113,20413206,20413510,304
58114,20413510,20413518,8
58115,20413518,20413526,8
58116,20413526,20414077,551
58117,20414077,20414092,15
58118,20414092,20414532,440
58119,20414532,20414606,74
58120,20414606,20415377,771
58121,20415377,20415410,33
58122,20415410,20415671,261
58123,20415671,20416139,468
58124,20416139,20416281,142
58125,20416281,20416490,209
58126,20416490,20416597,107
58127,20416597,20416632,35
58128,20416632,20416826,194
58129,20416826,20416884,58
58130,20416884,20417091,207
58131,20417091,20417129,38
58132,20417129,20417148,19
58133,20417148,20417557,409
58134,20417557,20417604,47
58135,20417604,20417658,54
58136,20417658,20417971,313
58137,20417971,20418123,152
58138,20418123,20418456,333
58139,20418456,20418608,152
58140,20418608,20418662,54
58141,20418662,20419024,362
58142,20419024,20419234,210
58143,20419234,20419261,27
58144,20419261,20419438,177
58145,20419438,20419457,19
58146,20419457,20419642,185
58147,20419642,20419799,157
58148,20419799,20420001,202
58149,20420001,20420012,11
58150,20420012,20420017,5
58151,20420017,20420220,203
58152,20420220,20420533,313
58153,20420533,20420708,175
58154,20420708,20421508,800
58155,20421508,20421521,13
58156,20421521,20421554,33
58157,20421554,20422254,700
58158,20422254,20422387,133
58159,20422387,20422414,27
58160,20422414,20422445,31
58161,20422445,20422519,74
58162,20422519,20422747,228
58163,20422747,20422795,48
58164,20422795,20422819,24
58165,20422819,20424207,1388
58166,20424207,20424222,15
58167,20424222,20424246,24
58168,20424246,20424252,6
58169,20424252,20424276,24
58170,20424276,20424291,15
58171,20424291,20424516,225
58172,20424516,20424861,345
58173,20424861,20424924,63
58174,20424924,20424968,44
58175,20424968,20424996,28
58176,20424996,20425181,185
58177,20425181,20425355,174
58178,20425355,20425446,91
58179,20425446,20425611,165
58180,20425611,20426051,440
58181,20426051,20426204,153
58182,20426204,20426643,439
58183,20426643,20426805,162
58184,20426805,20427808,1003
58185,20427808,20427991,183
58186,20427991,20428123,132
58187,20428123,20428484,361
58188,20428484,20428525,41
58189,20428525,20428597,72
58190,20428597,20428889,292
58191,20428889,20429033,144
58192,20429033,20429079,46
58193,20429079,20429106,27
58194,20429106,20429512,406
58195,20429512,20430417,905
58196,20430417,20430844,427
58197,20430844,20431209,365
58198,20431209,20431256,47
58199,20431256,20431618,362
58200,20431618,20431764,146
58201,20431764,20431912,148
58202,20431912,20431917,5
58203,20431917,20432163,246
58204,20432163,20432194,31
58205,20432194,20432226,32
58206,20432226,20432524,298
58207,20432524,20432588,64
58208,20432588,20432626,38
58209,20432626,20432748,122
58210,20432748,20432850,102
58211,20432850,20433710,860
58212,20433710,20434797,1087
58213,20434797,20435231,434
58214,20435231,20436504,1273
58215,20436504,20437609,1105
58216,20437609,20438534,925
58217,20438534,20438632,98
58218,20438632,20439542,910
58219,20439542,20439560,18
58220,20439560,20439643,83
58221,20439643,20439803,160
58222,20439803,20439839,36
58223,20439839,20439879,40
58224,20439879,20439900,21
58225,20439900,20439993,93
58226,20439993,20440073,80
58227,20440073,20440216,143
58228,20440216,20440258,42
58229,20440258,20440486,228
58230,20440486,20440757,271
58231,20440757,20441023,266
58232,20441023,20441129,106
58233,20441129,20441186,57
58234,20441186,20441472,286
58235,20441472,20441566,94
58236,20441566,20441817,251
58237,20441817,20441889,72
58238,20441889,20441898,9
58239,20441898,20441994,96
58240,20441994,20442009,15
58241,20442009,20442126,117
58242,20442126,20442393,267
58243,20442393,20442578,185
58244,20442578,20442656,78
58245,20442656,20442791,135
58246,20442791,20442912,121
58247,20442912,20442934,22
58248,20442934,20443047,113
58249,20443047,20443377,330
58250,20443377,20443416,39
58251,20443416,20443542,126
58252,20443542,20443772,230
58253,20443772,20444044,272
58254,20444044,20444432,388
58255,20444432,20445180,748
58256,20445180,20445523,343
58257,20445523,20445638,115
58258,20445638,20446188,550
58259,20446188,20446299,111
58260,20446299,20446465,166
58261,20446465,20446484,19
58262,20446484,20446642,158
58263,20446642,20446920,278
58264,20446920,20447412,492
58265,20447412,20447420,8
58266,20447420,20447429,9
58267,20447429,20447441,12
58268,20449974,20450955,981
58269,20450955,20452208,1253
58270,20452208,20453300,1092
58271,20453300,20454057,757
58272,20454057,20454616,559
58273,20454616,20454706,90
58274,20454706,20454724,18
58275,20454724,20455631,907
58276,20455631,20457737,2106
58277,20457737,20458031,294
58278,20458031,20458423,392
58279,20458423,20459651,1228
58280,20459651,20460119,468
58281,20460119,20460325,206
58282,20460325,20460556,231
58283,20460556,20460637,81
58284,20460637,20460929,292
58285,20460929,20460965,36
58286,20460965,20460981,16
58287,20460981,20460987,6
58288,20460987,20461356,369
58289,20461356,20461407,51
58290,20461407,20461420,13
58291,20461420,20461735,315
58292,20461735,20461769,34
58293,20461769,20461834,65
58294,20461834,20461849,15
58295,20461849,20461904,55
58296,20461904,20462017,113
58297,20462017,20462062,45
58298,20462062,20462115,53
58299,20462115,20462128,13
58300,20462128,20462570,442
58301,20462570,20462937,367
58302,20462937,20463027,90
58303,20463027,20463365,338
58304,20463365,20463536,171
58305,20463536,20463554,18
58306,20463554,20463596,42
58307,20463596,20463605,9
58308,20463605,20463853,248
58309,20463853,20463983,130
58310,20463983,20464831,848
58311,20464831,20464909,78
58312,20464909,20465044,135
58313,20465044,20465165,121
58314,20465165,20465187,22
58315,20465187,20465300,113
58316,20465300,20465569,269
58317,20465569,20465748,179
58318,20465748,20466604,856
58319,20466604,20466745,141
58320,20466745,20467128,383
58321,20467128,20467670,542
58322,20467670,20467727,57
58323,20467727,20468136,409
58324,20468136,20468356,220
58325,20468356,20468474,118
58326,20468474,20468798,324
58327,20468798,20469404,606
58328,20469404,20469541,137
58329,20469541,20469556,15
58330,20469556,20469697,141
58331,20469697,20470615,918
58332,20470615,20470705,90
58333,20470705,20471109,404
58334,20471109,20471116,7
58335,20471116,20471410,294
58336,20471410,20472086,676
58337,20472086,20472262,176
58338,20472262,20472579,317
58339,20472579,20472788,209
58340,20472788,20472866,78
58341,20472866,20472919,53
58342,20472919,20473411,492
58343,20473411,20473535,124
58344,20473535,20473742,207
58345,20473742,20474332,590
58346,20474332,20474341,9
58347,20474341,20474376,35
58348,20474376,20474543,167
58349,20474543,20475126,583
58350,20475126,20475243,117
58351,20475243,20475664,421
58352,20475664,20475862,198
58353,20475862,20475946,84
58354,20475946,20476045,99
58355,20476045,20476055,10
58356,20476055,20476080,25
58357,20476080,20476188,108
58358,20476188,20476440,252
58359,20476440,20476457,17
58360,20476457,20476524,67
58361,20476524,20477270,746
58362,20477270,20477286,16
58363,20477286,20477503,217
58364,20477503,20477523,20
58365,20477523,20477684,161
58366,20477684,20477712,28
58367,20477712,20478144,432
58368,20478144,20478181,37
58369,20478181,20478193,12
58370,20478193,20478709,516
58371,20478709,20478969,260
58372,20478969,20478975,6
58373,20478975,20479541,566
58374,20479541,20480400,859
58375,20480400,20480701,301
58376,20480701,20481232,531
58377,20481232,20481238,6
58378,20481238,20482120,882
58379,20482120,20482418,298
58380,20482418,20482422,4
58381,20482422,20483224,802
58382,20483224,20483655,431
58383,20483655,20483840,185
58384,20483840,20483885,45
58385,20483885,20485048,1163
58386,20485048,20485490,442
58387,20485490,20485812,322
58388,20485812,20486015,203
58389,20486015,20486166,151
58390,20486166,20486417,251
58391,20486417,20486573,156
58392,20486573,20487232,659
58393,20487232,20487313,81
58394,20487313,20487360,47
58395,20487360,20488079,719
58396,20488079,20488392,313
58397,20488392,20488428,36
58398,20488428,20488584,156
58399,20488584,20488809,225
58400,20488809,20489323,514
58401,20489323,20489661,338
58402,20489661,20490592,931
58403,20490592,20491326,734
58404,20491326,20491366,40
58405,20491366,20491513,147
58406,20491513,20491527,14
58407,20491527,20491600,73
58408,20491600,20491727,127
58409,20491727,20492101,374
58410,20492101,20492913,812
58411,20492913,20493152,239
58412,20493152,20494393,1241
58413,20494393,20494916,523
58414,20494916,20494948,32
58415,20494948,20494953,5
58416,20494953,20494960,7
58417,20494960,20495217,257
58418,20495217,20495341,124
58419,20495341,20495446,105
58420,20495446,20495618,172
58421,20495618,20495873,255
58422,20495873,20496453,580
58423,20496453,20497317,864
58424,20497317,20497330,13
58425,20497330,20497531,201
58426,20497531,20497755,224
58427,20497755,20497860,105
58428,20497860,20497880,20
58429,20497880,20498098,218
58430,20498098,20498283,185
58431,20498283,20498387,104
58432,20498387,20498971,584
58433,20498971,20499103,132
58434,20499103,20499321,218
58435,20499321,20499970,649
58436,20499970,20502205,2235
58437,20502205,20502476,271
58438,20502476,20502923,447
58439,20502923,20504271,1348
58440,20504271,20504414,143
58441,20504414,20505152,738
58442,20505152,20505309,157
58443,20505309,20506244,935
58444,20506244,20506866,622
58445,20506866,20506965,99
58446,20506965,20507479,514
58447,20510379,20510556,177
58448,20510556,20511083,527
58449,20511083,20511454,371
58450,20511454,20512062,608
58451,20512062,20512112,50
58452,20512112,20512150,38
58453,20512150,20512163,13
58454,20512163,20512182,19
58455,20512182,20513026,844
58456,20513026,20513083,57
58457,20513083,20513137,54
58458,20513137,20513155,18
58459,20513155,20513351,196
58460,20513351,20513380,29
58461,20513380,20513414,34
58462,20513414,20513428,14
58463,20513428,20513588,160
58464,20513588,20513647,59
58465,20513647,20513744,97
58466,20513744,20513976,232
58467,20513976,20514071,95
58468,20514071,20514676,605
58469,20514676,20516052,1376
58470,20516052,20516273,221
58471,20516273,20516277,4
58472,20516277,20516367,90
58473,20516367,20516861,494
58474,20516861,20516915,54
58475,20516915,20517056,141
58476,20517056,20517659,603
58477,20517659,20517684,25
58478,20517684,20517688,4
58479,20517688,20517722,34
58480,20517722,20517744,22
58481,20517744,20517986,242
58482,20517986,20518197,211
58483,20518197,20518203,6
58484,20518203,20518371,168
58485,20518371,20518836,465
58486,20518836,20518966,130
58487,20518966,20519059,93
58488,20519059,20519583,524
58489,20519583,20519710,127
58490,20519710,20519730,20
58491,20519730,20519846,116
58492,20519846,20519898,52
58493,20519898,20520215,317
58494,20520215,20520363,148
58495,20520363,20520400,37
58496,20520400,20520427,27
58497,20520427,20520437,10
58498,20520437,20520833,396
58499,20520833,20521195,362
58500,20521195,20521259,64
58501,20521259,20521284,25
58502,20521284,20521473,189
58503,20521473,20521489,16
58504,20521489,20521533,44
58505,20521533,20521675,142
58506,20521675,20521690,15
58507,20521690,20522057,367
58508,20522057,20522320,263
58509,20522320,20522361,41
58510,20522361,20522459,98
58511,20522459,20522511,52
58512,20522511,20523140,629
58513,20523140,20523379,239
58514,20523379,20523535,156
58515,20523535,20524307,772
58516,20524307,20524488,181
58517,20524488,20525007,519
58518,20525007,20525256,249
58519,20525256,20526725,1469
58520,20526725,20526874,149
58521,20526874,20527034,160
58522,20527034,20527040,6
58523,20527040,20527056,16
58524,20527056,20527100,44
58525,20527100,20527547,447
58526,20527547,20527727,180
58527,20527727,20527746,19
58528,20527746,20527889,143
58529,20527889,20528286,397
58530,20528286,20529132,846
58531,20529132,20530723,1591
58532,20530723,20532398,1675
58533,20532398,20532925,527
58534,20532925,20533491,566
58535,20533491,20534422,931
58536,20534422,20535799,1377
58537,20535799,20535860,61
58538,20535860,20537676,1816
58539,20537676,20538273,597
58540,20538273,20538618,345
58541,20538618,20538722,104
58542,20538722,20538734,12
58543,20540726,20541256,530
58544,20541256,20541541,285
58545,20541541,20541613,72
58546,20541613,20541620,7
58547,20541620,20541874,254
58548,20541874,20542013,139
58549,20542013,20542399,386
58550,20542399,20544136,1737
58551,20544136,20544841,705
58552,20544841,20545806,965
58553,20545806,20545840,34
58554,20545840,20546878,1038
58555,20546878,20547633,755
58556,20547633,20547904,271
58557,20547904,20548842,938
58558,20548842,20549949,1107
58559,20549949,20550148,199
58560,20550148,20550222,74
58561,20550222,20550540,318
58562,20550540,20550976,436
58563,20550976,20552653,1677
58564,20552653,20552660,7
58565,20552660,20552846,186
58566,20552846,20553522,676
58567,20553522,20553671,149
58568,20553671,20553733,62
58569,20553733,20554426,693
58570,20554426,20556109,1683
58571,20556109,20556337,228
58572,20556337,20557004,667
58573,20557004,20557167,163
58574,20557167,20558569,1402
58575,20558569,20559151,582
58576,20559151,20560653,1502
58577,20560653,20562091,1438
58578,20562091,20562509,418
58579,20562509,20563610,1101
58580,20563610,20564405,795
58581,20564405,20564924,519
58582,20564924,20565075,151
58583,20565075,20565258,183
58584,20565258,20565638,380
58585,20565638,20565734,96
58586,20565734,20565754,20
58587,20565754,20565846,92
58588,20565846,20565872,26
58589,20565872,20566644,772
58590,20566644,20566912,268
58591,20566912,20567940,1028
58592,20567940,20568272,332
58593,20568272,20568310,38
58594,20568310,20568350,40
58595,20568350,20568718,368
58596,20568718,20569221,503
58597,20569221,20571290,2069
58598,20571290,20571332,42
58599,20571332,20571873,541
58600,20571873,20572103,230
58601,20572103,20572844,741
58602,20572844,20574002,1158
58603,20574002,20574189,187
58604,20574189,20574386,197
58605,20574386,20574405,19
58606,20574405,20574548,143
58607,20574548,20576119,1571
58608,20576119,20576125,6
58609,20576125,20576141,16
58610,20576141,20576169,28
58611,20576169,20577251,1082
58612,20577251,20577375,124
58613,20577375,20577493,118
58614,20577493,20578548,1055
58615,20578548,20579352,804
58616,20579352,20579689,337
58617,20579689,20580603,914
58618,20580603,20580876,273
58619,20580876,20581827,951
58620,20581827,20582126,299
58621,20582126,20582502,376
58622,20582502,20584316,1814
58623,20584316,20584892,576
58624,20584892,20585431,539
58625,20585431,20586760,1329
58626,20586760,20587287,527
58627,20587287,20587745,458
58628,20587745,20588020,275
58629,20588020,20588847,827
58630,20588847,20588939,92
58631,20588939,20589070,131
58632,20589070,20589495,425
58633,20589495,20589657,162
58634,20589657,20590813,1156
58635,20590813,20591421,608
58636,20591421,20591717,296
58637,20591717,20591724,7
58638,20591724,20592290,566
58639,20592290,20592373,83
58640,20592373,20593123,750
58641,20593123,20593210,87
58642,20593210,20593342,132
58643,20593342,20593356,14
58644,20593356,20593437,81
58645,20593437,20593553,116
58646,20593553,20594470,917
58647,20594470,20596188,1718
58648,20596188,20597117,929
58649,20597117,20597255,138
58650,20597255,20597559,304
58651,20597559,20598335,776
58652,20598335,20598617,282
58653,20598617,20598689,72
58654,20598689,20599504,815
58655,20599504,20599878,374
58656,20599878,20600533,655
58657,20600533,20602324,1791
58658,20602324,20603287,963
58659,20603287,20603856,569
58660,20603856,20604335,479
58661,20604335,20604979,644
58662,20604979,20605741,762
58663,20605741,20605748,7
58664,20605748,20605920,172
58665,20608129,20610034,1905
58666,20610034,20611148,1114
58667,20611148,20611195,47
58668,20611195,20611526,331
58669,20611526,20612011,485
58670,20612011,20612148,137
58671,20612148,20612195,47
58672,20612195,20612275,80
58673,20612275,20612459,184
58674,20612459,20612576,117
58675,20612576,20612908,332
58676,20612908,20613814,906
58677,20613814,20614441,627
58678,20614441,20615104,663
58679,20615104,20616221,1117
58680,20616221,20616790,569
58681,20616790,20616802,12
58682,20616802,20616811,9
58683,20616811,20616893,82
58684,20616893,20617007,114
58685,20617007,20618027,1020
58686,20618027,20618252,225
58687,20618252,20618862,610
58688,20618862,20619552,690
58689,20619552,20620149,597
58690,20622639,20622998,359
58691,20622998,20623177,179
58692,20623177,20623203,26
58693,20623203,20623281,78
58694,20623281,20623311,30
58695,20623311,20623327,16
58696,20623327,20623341,14
58697,20623341,20623467,126
58698,20623467,20623507,40
58699,20623507,20626775,3268
58700,20626775,20626883,108
58701,20626883,20627247,364
58702,20627247,20628505,1258
58703,20628505,20628646,141
58704,20628646,20630111,1465
58705,20630111,20630749,638
58706,20630749,20631239,490
58707,20631239,20631321,82
58708,20631321,20631872,551
58709,20631872,20632119,247
58710,20632119,20632170,51
58711,20632170,20632180,10
58712,20632180,20632310,130
58713,20632310,20632427,117
58714,20632427,20632819,392
58715,20632819,20633118,299
58716,20633118,20633453,335
58717,20633453,20633558,105
58718,20633558,20633571,13
58719,20633571,20633589,18
58720,20633589,20633601,12
58721,20633601,20633607,6
58722,20633607,20633672,65
58723,20633672,20633761,89
58724,20633761,20634381,620
58725,20634381,20635421,1040
58726,20635421,20635621,200
58727,20635621,20635787,166
58728,20635787,20635847,60
58729,20635847,20635863,16
58730,20635863,20635976,113
58731,20635976,20636123,147
58732,20636123,20636213,90
58733,20638759,20638764,5
58734,20638764,20639192,428
58735,20639192,20639218,26
58736,20639218,20639272,54
58737,20639272,20639291,19
58738,20639291,20639409,118
58739,20639409,20639772,363
58740,20639772,20639799,27
58741,20639799,20639849,50
58742,20639849,20640829,980
58743,20640829,20641724,895
58744,20641724,20642420,696
58745,20642420,20642927,507
58746,20642927,20643331,404
58747,20643331,20643692,361
58748,20643692,20643812,120
58749,20643812,20643973,161
58750,20643973,20644763,790
58751,20644763,20644811,48
58752,20644811,20644942,131
58753,20644942,20645192,250
58754,20645192,20645197,5
58755,20645197,20645359,162
58756,20645359,20645849,490
58757,20645849,20645857,8
58758,20645857,20646180,323
58759,20646180,20646915,735
58760,20646915,20647355,440
58761,20647355,20647664,309
58762,20647664,20647874,210
58763,20647874,20649395,1521
58764,20649395,20650029,634
58765,20650029,20651255,1226
58766,20651255,20651514,259
58767,20651514,20651771,257
58768,20651771,20652331,560
58769,20652331,20652456,125
58770,20652456,20653817,1361
58771,20653817,20653861,44
58772,20653861,20653952,91
58773,20653952,20654099,147
58774,20654099,20654305,206
58775,20654305,20654783,478
58776,20656836,20657094,258
58777,20657094,20657921,827
58778,20657921,20658034,113
58779,20658034,20658278,244
58780,20658278,20658330,52
58781,20658330,20658397,67
58782,20658397,20658450,53
58783,20658450,20658676,226
58784,20658676,20658810,134
58785,20658810,20659147,337
58786,20659147,20659271,124
58787,20659271,20659823,552
58788,20659823,20659866,43
58789,20659866,20659923,57
58790,20659923,20659969,46
58791,20659969,20660000,31
58792,20660000,20660063,63
58793,20660063,20660156,93
58794,20660156,20660181,25
58795,20660181,20660193,12
58796,20660193,20660232,39
58797,20660232,20660634,402
58798,20660634,20660730,96
58799,20660730,20661258,528
58800,20661258,20661371,113
58801,20661371,20661413,42
58802,20661413,20661659,246
58803,20661659,20661695,36
58804,20661695,20661875,180
58805,20661875,20662320,445
58806,20662320,20662406,86
58807,20662406,20662445,39
58808,20662445,20662453,8
58809,20662453,20663106,653
58810,20663106,20663111,5
58811,20663111,20664242,1131
58812,20664242,20664594,352
58813,20664594,20664603,9
58814,20664603,20664619,16
58815,20664619,20665053,434
58816,20665053,20665248,195
58817,20665248,20665874,626
58818,20665874,20667448,1574
58819,20667448,20667910,462
58820,20667910,20668350,440
58821,20668350,20668462,112
58822,20668462,20669469,1007
58823,20669469,20669818,349
58824,20669818,20669864,46
58825,20669864,20670212,348
58826,20670212,20670258,46
58827,20670258,20670598,340
58828,20670598,20670644,46
58829,20670644,20670978,334
58830,20670978,20670989,11
58831,20670989,20671110,121
58832,20671110,20671243,133
58833,20671243,20671832,589
58834,20671832,20671860,28
58835,20671860,20671868,8
58836,20671868,20672078,210
58837,20672078,20672172,94
58838,20672172,20672497,325
58839,20672497,20673189,692
58840,20673189,20673372,183
58841,20673372,20673716,344
58842,20673716,20673899,183
58843,20673899,20674164,265
58844,20674164,20674235,71
58845,20674235,20674430,195
58846,20674430,20674692,262
58847,20674692,20675096,404
58848,20675096,20675440,344
58849,20675440,20675623,183
58850,20675623,20675954,331
58851,20675954,20676018,64
58852,20676018,20676201,183
58853,20676201,20676532,331
58854,20676532,20676596,64
58855,20676596,20676779,183
58856,20676779,20677281,502
58857,20677281,20677322,41
58858,20677322,20677671,349
58859,20677671,20677689,18
58860,20677689,20677732,43
58861,20677732,20678172,440
58862,20678172,20678255,83
58863,20678255,20678719,464
58864,20678719,20679828,1109
58865,20679828,20680011,183
58866,20680011,20680607,596
58867,20680607,20680679,72
58868,20680679,20680801,122
58869,20680801,20681166,365
58870,20681166,20681461,295
58871,20681461,20681622,161
58872,20681622,20682262,640
58873,20682262,20683649,1387
58874,20683649,20684034,385
58875,20684034,20684041,7
58876,20684041,20685091,1050
58877,20685091,20685496,405
58878,20685496,20685502,6
58879,20685502,20685628,126
58880,20685628,20685652,24
58881,20685652,20685790,138
58882,20685790,20685810,20
58883,20685810,20687065,1255
58884,20687065,20688311,1246
58885,20688311,20688627,316
58886,20688627,20688663,36
58887,20688663,20688769,106
58888,20688769,20688907,138
58889,20688907,20688927,20
58890,20688927,20689081,154
58891,20689081,20689102,21
58892,20689102,20689204,102
58893,20689204,20689307,103
58894,20689307,20689349,42
58895,20689349,20690483,1134
58896,20690483,20690553,70
58897,20690553,20690586,33
58898,20690586,20690660,74
58899,20690660,20690743,83
58900,20690743,20690774,31
58901,20690774,20690843,69
58902,20690843,20691007,164
58903,20691007,20691644,637
58904,20691644,20691687,43
58905,20691687,20691712,25
58906,20691712,20691795,83
58907,20691795,20692589,794
58908,20692589,20692607,18
58909,20692607,20692619,12
58910,20692619,20692626,7
58911,20692626,20692727,101
58912,20692727,20692749,22
58913,20692749,20692761,12
58914,20692761,20692836,75
58915,20692836,20692850,14
58916,20692850,20692858,8
58917,20692858,20692878,20
58918,20692878,20692936,58
58919,20692936,20692955,19
58920,20692955,20693058,103
58921,20693058,20693063,5
58922,20693063,20693574,511
58923,20693574,20694426,852
58924,20694426,20694911,485
58925,20694911,20695056,145
58926,20695056,20695066,10
58927,20695066,20695132,66
58928,20695132,20695256,124
58929,20695256,20695275,19
58930,20695275,20695333,58
58931,20695333,20695449,116
58932,20695449,20695540,91
58933,20695540,20695582,42
58934,20695582,20695610,28
58935,20695610,20695686,76
58936,20695686,20695694,8
58937,20695694,20696417,723
58938,20696417,20696585,168
58939,20696585,20696641,56
58940,20696641,20697263,622
58941,20697263,20697880,617
58942,20697880,20697889,9
58943,20697889,20699579,1690
58944,20699579,20700084,505
58945,20700084,20700772,688
58946,20700772,20700989,217
58947,20700989,20701788,799
58948,20701788,20703410,1622
58949,20703410,20703499,89
58950,20703499,20704135,636
58951,20704135,20704220,85
58952,20706795,20706910,115
58953,20706910,20706924,14
58954,20706924,20707056,132
58955,20707056,20707661,605
58956,20707661,20707889,228
58957,20707889,20709376,1487
58958,20709376,20709390,14
58959,20709390,20709442,52
58960,20709442,20709455,13
58961,20712073,20712090,17
58962,20712090,20713608,1518
58963,20713608,20713614,6
58964,20713614,20713620,6
58965,20713620,20713626,6
58966,20713626,20714166,540
58967,20716655,20717429,774
58968,20717429,20717453,24
58969,20717453,20717531,78
58970,20717531,20718032,501
58971,20718032,20718213,181
58972,20718213,20718772,559
58973,20718772,20719142,370
58974,20719142,20719806,664
58975,20719806,20720924,1118
58976,20720924,20721500,576
58977,20721500,20721588,88
58978,20721588,20721914,326
58979,20724063,20724163,100
58980,20724163,20724898,735
58981,20724898,20725741,843
58982,20725741,20725746,5
58983,20725746,20725758,12
58984,20725758,20726218,460
58985,20726218,20726332,114
58986,20726332,20726819,487
58987,20726819,20727456,637
58988,20727456,20728394,938
58989,20728394,20729655,1261
58990,20729655,20729688,33
58991,20729688,20731117,1429
58992,20731117,20731257,140
58993,20731257,20731463,206
58994,20731463,20731731,268
58995,20731731,20732705,974
58996,20732705,20732895,190
58997,20732895,20732959,64
58998,20732959,20733058,99
58999,20733058,20733288,230
59000,20733288,20733439,151
59001,20733439,20733631,192
59002,20733631,20733706,75
59003,20733706,20734468,762
59004,20734468,20734777,309
59005,20734777,20735140,363
59006,20735140,20735272,132
59007,20735272,20735285,13
59008,20735285,20735295,10
59009,20735295,20735314,19
59010,20735314,20735473,159
59011,20735473,20735543,70
59012,20735543,20735560,17
59013,20735560,20735654,94
59014,20735654,20735973,319
59015,20735973,20736947,974
59016,20736947,20737506,559
59017,20737506,20737528,22
59018,20737528,20739233,1705
59019,20739233,20739571,338
59020,20739571,20740474,903
59021,20740474,20740801,327
59022,20740801,20742322,1521
59023,20742322,20742689,367
59024,20742689,20742710,21
59025,20742710,20742728,18
59026,20742728,20744321,1593
59027,20744321,20745097,776
59028,20745097,20745502,405
59029,20745502,20745506,4
59030,20745506,20745691,185
59031,20745691,20745721,30
59032,20745721,20746828,1107
59033,20746828,20746840,12
59034,20746840,20746864,24
59035,20746864,20747160,296
59036,20747160,20747320,160
59037,20747320,20747343,23
59038,20747343,20747347,4
59039,20747347,20747385,38
59040,20747385,20747512,127
59041,20747512,20747582,70
59042,20747582,20747805,223
59043,20747805,20748918,1113
59044,20748918,20749657,739
59045,20749657,20749788,131
59046,20749788,20750082,294
59047,20751582,20751589,7
59048,20751589,20751602,13
59049,20751602,20751674,72
59050,20751674,20751783,109
59051,20751783,20752314,531
59052,20752314,20752505,191
59053,20752505,20752940,435
59054,20752940,20753525,585
59055,20753525,20753625,100
59056,20753625,20753648,23
59057,20753648,20753807,159
59058,20753807,20753944,137
59059,20753944,20753950,6
59060,20753950,20753956,6
59061,20753956,20753962,6
59062,20753962,20753968,6
59063,20753968,20753974,6
59064,20753974,20754281,307
59065,20754281,20754772,491
59066,20754772,20754781,9
59067,20754781,20755318,537
59068,20755318,20755571,253
59069,20755571,20755798,227
59070,20755798,20755979,181
59071,20755979,20756384,405
59072,20756384,20757425,1041
59073,20757425,20757812,387
59074,20757812,20758575,763
59075,20758575,20758593,18
59076,20758593,20759072,479
59077,20759072,20759316,244
59078,20759316,20759509,193
59079,20759509,20760837,1328
59080,20760837,20761330,493
59081,20761330,20761334,4
59082,20761334,20761394,60
59083,20761394,20761517,123
59084,20761517,20761772,255
59085,20761772,20761986,214
59086,20761986,20762010,24
59087,20762010,20762995,985
59088,20762995,20763266,271
59089,20763266,20763302,36
59090,20763302,20763515,213
59091,20763515,20763523,8
59092,20763523,20763598,75
59093,20763598,20764166,568
59094,20764166,20765132,966
59095,20765132,20765213,81
59096,20765213,20765272,59
59097,20765272,20765298,26
59098,20765298,20765864,566
59099,20765864,20765889,25
59100,20765889,20765930,41
59101,20765930,20766083,153
59102,20766083,20766495,412
59103,20766495,20766915,420
59104,20766915,20767311,396
59105,20767311,20767370,59
59106,20767370,20767443,73
59107,20767443,20767674,231
59108,20767674,20767884,210
59109,20767884,20768084,200
59110,20768084,20768416,332
59111,20768416,20769321,905
59112,20769321,20769332,11
59113,20769332,20769469,137
59114,20769469,20769924,455
59115,20769924,20770382,458
59116,20770382,20770389,7
59117,20770389,20770835,446
59118,20770835,20771934,1099
59119,20771934,20771970,36
59120,20771970,20771989,19
59121,20771989,20772090,101
59122,20772090,20772443,353
59123,20772443,20773455,1012
59124,20773455,20773464,9
59125,20773464,20773473,9
59126,20773473,20773808,335
59127,20773808,20773836,28
59128,20773836,20774153,317
59129,20774153,20774522,369
59130,20774522,20775067,545
59131,20775067,20775316,249
59132,20775316,20775418,102
59133,20775418,20776306,888
59134,20776306,20776644,338
59135,20776644,20777264,620
59136,20777264,20777436,172
59137,20777436,20777615,179
59138,20777615,20777909,294
59139,20777909,20778132,223
59140,20778132,20778940,808
59141,20778940,20779077,137
59142,20779077,20779087,10
59143,20779087,20779494,407
59144,20779494,20779564,70
59145,20779564,20779657,93
59146,20779657,20779799,142
59147,20779799,20780493,694
59148,20780493,20781977,1484
59149,20781977,20782223,246
59150,20782223,20783145,922
59151,20783145,20783153,8
59152,20783153,20783199,46
59153,20783199,20783205,6
59154,20783205,20783574,369
59155,20783574,20783764,190
59156,20783764,20784326,562
59157,20784326,20784414,88
59158,20784414,20784471,57
59159,20784471,20784653,182
59160,20784653,20784768,115
59161,20784768,20785189,421
59162,20785189,20785298,109
59163,20785298,20786091,793
59164,20786091,20786101,10
59165,20786101,20786111,10
59166,20786111,20786178,67
59167,20786178,20786322,144
59168,20786322,20786561,239
59169,20786561,20786631,70
59170,20786631,20786945,314
59171,20786945,20787205,260
59172,20787205,20787470,265
59173,20787470,20787569,99
59174,20787569,20787673,104
59175,20787673,20787693,20
59176,20787693,20787942,249
59177,20787942,20788054,112
59178,20788054,20788277,223
59179,20788277,20789159,882
59180,20789159,20790437,1278
59181,20790437,20790546,109
59182,20790546,20790568,22
59183,20790568,20790580,12
59184,20790580,20790600,20
59185,20790600,20790667,67
59186,20790667,20791274,607
59187,20791274,20791538,264
59188,20791538,20792335,797
59189,20792335,20792594,259
59190,20792594,20792669,75
59191,20792669,20793000,331
59192,20793000,20793024,24
59193,20793024,20794050,1026
59194,20794050,20794064,14
59195,20794064,20794094,30
59196,20794094,20794101,7
59197,20794101,20794797,696
59198,20794797,20794891,94
59199,20794891,20795277,386
59200,20795277,20796243,966
59201,20796243,20796249,6
59202,20796249,20796769,520
59203,20796769,20797145,376
59204,20797145,20797190,45
59205,20798985,20799386,401
59206,20799386,20799754,368
59207,20799754,20800943,1189
59208,20800943,20801302,359
59209,20801302,20801310,8
59210,20801310,20801661,351
59211,20801661,20801885,224
59212,20801885,20803089,1204
59213,20803089,20803181,92
59214,20803181,20803469,288
59215,20803469,20803819,350
59216,20803819,20803908,89
59217,20803908,20803952,44
59218,20803952,20803957,5
59219,20803957,20804092,135
59220,20804092,20804306,214
59221,20804306,20805052,746
59222,20805052,20805830,778
59223,20805830,20806106,276
59224,20806106,20806358,252
59225,20806358,20806402,44
59226,20806402,20806418,16
59227,20806418,20806424,6
59228,20806424,20806565,141
59229,20806565,20807120,555
59230,20807120,20809032,1912
59231,20809032,20810035,1003
59232,20810035,20810139,104
59233,20810139,20810365,226
59234,20810365,20812042,1677
59235,20812042,20812736,694
59236,20812736,20812744,8
59237,20812744,20812824,80
59238,20812824,20813205,381
59239,20813205,20813427,222
59240,20813427,20813626,199
59241,20813626,20814357,731
59242,20814357,20814647,290
59243,20814647,20815291,644
59244,20815291,20815310,19
59245,20815310,20815580,270
59246,20815580,20816336,756
59247,20818133,20818425,292
59248,20818425,20818615,190
59249,20818615,20819038,423
59250,20819038,20820900,1862
59251,20820900,20821702,802
59252,20821702,20821742,40
59253,20821742,20821892,150
59254,20821892,20822234,342
59255,20822234,20822718,484
59256,20822718,20822917,199
59257,20822917,20823044,127
59258,20823044,20824242,1198
59259,20824242,20824509,267
59260,20824509,20824776,267
59261,20824776,20824890,114
59262,20824890,20825095,205
59263,20825095,20825143,48
59264,20825143,20825263,120
59265,20825263,20825458,195
59266,20825458,20825620,162
59267,20825620,20825880,260
59268,20825880,20826106,226
59269,20826106,20826147,41
59270,20826147,20826232,85
59271,20826232,20826302,70
59272,20826302,20826804,502
59273,20826804,20827576,772
59274,20827576,20828021,445
59275,20828021,20828126,105
59276,20828126,20828567,441
59277,20828567,20828976,409
59278,20828976,20829294,318
59279,20829294,20829737,443
59280,20829737,20830507,770
59281,20830507,20830640,133
59282,20830640,20831073,433
59283,20831073,20831604,531
59284,20831604,20831818,214
59285,20831818,20832260,442
59286,20832260,20833347,1087
59287,20833347,20833660,313
59288,20833660,20834090,430
59289,20834090,20834277,187
59290,20834277,20834306,29
59291,20834306,20835104,798
59292,20835104,20836957,1853
59293,20836957,20838206,1249
59294,20838206,20838219,13
59295,20838219,20838786,567
59296,20838786,20838831,45
59297,20838831,20838990,159
59298,20838990,20839881,891
59299,20839881,20840112,231
59300,20840112,20840634,522
59301,20840634,20841126,492
59302,20841126,20841207,81
59303,20841207,20841511,304
59304,20841511,20841533,22
59305,20841533,20841593,60
59306,20841593,20841716,123
59307,20841716,20841840,124
59308,20841840,20842551,711
59309,20842551,20842668,117
59310,20842668,20843331,663
59311,20843331,20843433,102
59312,20843433,20844074,641
59313,20844074,20844329,255
59314,20844329,20845240,911
59315,20845240,20845708,468
59316,20845708,20845836,128
59317,20845836,20846134,298
59318,20846134,20846302,168
59319,20846302,20846379,77
59320,20846379,20847159,780
59321,20847159,20847268,109
59322,20847268,20847579,311
59323,20847579,20848036,457
59324,20848036,20849473,1437
59325,20849473,20850711,1238
59326,20850711,20851624,913
59327,20851624,20852232,608
59328,20852232,20854200,1968
59329,20854200,20854245,45
59330,20854245,20855282,1037
59331,20855282,20855310,28
59332,20855310,20855737,427
59333,20855737,20855810,73
59334,20855810,20856219,409
59335,20856219,20856991,772
59336,20856991,20858543,1552
59337,20858543,20859676,1133
59338,20859676,20859708,32
59339,20859708,20859953,245
59340,20859953,20860118,165
59341,20860118,20860310,192
59342,20860310,20860934,624
59343,20860934,20861250,316
59344,20861250,20862168,918
59345,20862168,20862778,610
59346,20862778,20864539,1761
59347,20864539,20865216,677
59348,20865216,20865223,7
59349,20865223,20865812,589
59350,20865812,20866026,214
59351,20866026,20866992,966
59352,20866992,20868006,1014
59353,20868006,20868096,90
59354,20868096,20868453,357
59355,20868453,20868733,280
59356,20868733,20869107,374
59357,20869107,20869132,25
59358,20869132,20869242,110
59359,20871961,20873020,1059
59360,20873020,20874952,1932
59361,20874952,20875245,293
59362,20875245,20875376,131
59363,20875376,20875653,277
59364,20875653,20875674,21
59365,20875674,20875741,67
59366,20875741,20876256,515
59367,20876256,20876611,355
59368,20876611,20877608,997
59369,20877608,20879325,1717
59370,20879325,20880481,1156
59371,20880481,20880861,380
59372,20880861,20882036,1175
59373,20882036,20882055,19
59374,20882055,20882682,627
59375,20884871,20885927,1056
59376,20885927,20887258,1331
59377,20887258,20888938,1680
59378,20888938,20888944,6
59379,20888944,20889643,699
59380,20889643,20889929,286
59381,20889929,20890573,644
59382,20890573,20890861,288
59383,20890861,20892125,1264
59384,20892125,20892558,433
59385,20892558,20893641,1083
59386,20893641,20894328,687
59387,20894328,20894456,128
59388,20894456,20894909,453
59389,20894909,20894917,8
59390,20894917,20894953,36
59391,20894953,20894969,16
59392,20894969,20895289,320
59393,20895289,20896205,916
59394,20896205,20897311,1106
59395,20897311,20898242,931
59396,20898242,20898567,325
59397,20898567,20899535,968
59398,20899535,20899705,170
59399,20899705,20900195,490
59400,20900195,20900662,467
59401,20900662,20901386,724
59402,20901386,20902817,1431
59403,20905914,20905983,69
59404,20905983,20905998,15
59405,20909212,20909218,6
59406,20909218,20909224,6
59407,20909224,20909937,713
59408,20909937,20910453,516
59409,20910453,20911129,676
59410,20914493,20916435,1942
59411,20916435,20916806,371
59412,20916806,20916867,61
59413,20916867,20917041,174
59414,20917041,20917198,157
59415,20917198,20917511,313
59416,20917511,20917693,182
59417,20917693,20918668,975
59418,20918668,20919983,1315
59419,20919983,20920250,267
59420,20920250,20920607,357
59421,20920607,20921100,493
59422,20921100,20922030,930
59423,20922030,20922189,159
59424,20922189,20922244,55
59425,20922244,20922267,23
59426,20922267,20923106,839
59427,20923106,20923951,845
59428,20925901,20926468,567
59429,20926468,20926557,89
59430,20926557,20927959,1402
59431,20927959,20927976,17
59432,20927976,20928517,541
59433,20928517,20928976,459
59434,20928976,20928982,6
59435,20928982,20928998,16
59436,20928998,20929042,44
59437,20929042,20930170,1128
59438,20930170,20930230,60
59439,20930230,20930603,373
59440,20930603,20930609,6
59441,20930609,20930625,16
59442,20930625,20931187,562
59443,20931187,20931262,75
59444,20931262,20931364,102
59445,20931364,20931638,274
59446,20931638,20931844,206
59447,20931844,20932012,168
59448,20932012,20932061,49
59449,20932061,20932445,384
59450,20932445,20932665,220
59451,20932665,20932756,91
59452,20932756,20932867,111
59453,20932867,20933131,264
59454,20933131,20933543,412
59455,20933543,20933772,229
59456,20933772,20934141,369
59457,20934141,20934599,458
59458,20934599,20935419,820
59459,20935419,20935474,55
59460,20935474,20935569,95
59461,20935569,20935624,55
59462,20935624,20935743,119
59463,20935743,20936002,259
59464,20936002,20936043,41
59465,20936043,20936062,19
59466,20936062,20936413,351
59467,20936413,20936459,46
59468,20936459,20936507,48
59469,20936507,20936809,302
59470,20936809,20936941,132
59471,20936941,20936972,31
59472,20936972,20937210,238
59473,20937210,20937289,79
59474,20937289,20937477,188
59475,20937477,20937573,96
59476,20937573,20937756,183
59477,20937756,20937817,61
59478,20937817,20938376,559
59479,20938376,20938621,245
59480,20938621,20938837,216
59481,20938837,20938903,66
59482,20938903,20938951,48
59483,20938951,20938963,12
59484,20938963,20939278,315
59485,20939278,20939379,101
59486,20939379,20940981,1602
59487,20940981,20941294,313
59488,20941294,20942750,1456
59489,20942750,20943005,255
59490,20945749,20946739,990
59491,20946739,20947007,268
59492,20947007,20947505,498
59493,20947505,20947700,195
59494,20947700,20947898,198
59495,20947898,20948247,349
59496,20948247,20948251,4
59497,20949632,20950180,548
59498,20950180,20950740,560
59499,20950740,20951880,1140
59500,20951880,20952839,959
59501,20952839,20953067,228
59502,20953067,20953225,158
59503,20953225,20953247,22
59504,20953247,20954592,1345
59505,20954592,20954604,12
59506,20954604,20955808,1204
59507,20955808,20956861,1053
59508,20956861,20957696,835
59509,20957696,20957779,83
59510,20957779,20959133,1354
59511,20959133,20959500,367
59512,20959500,20960279,779
59513,20960279,20962472,2193
59514,20962472,20962728,256
59515,20962728,20962914,186
59516,20962914,20962995,81
59517,20962995,20963054,59
59518,20963054,20963189,135
59519,20963189,20964139,950
59520,20964139,20964830,691
59521,20964830,20964911,81
59522,20964911,20964970,59
59523,20964970,20964998,28
59524,20964998,20965105,107
59525,20965105,20965395,290
59526,20965395,20965736,341
59527,20965736,20968229,2493
59528,20968229,20969221,992
59529,20969221,20969625,404
59530,20969625,20970414,789
59531,20970414,20972358,1944
59532,20972358,20972531,173
59533,20972531,20973241,710
59534,20973241,20974155,914
59535,20974155,20974368,213
59536,20974368,20974772,404
59537,20974772,20975792,1020
59538,20975792,20976265,473
59539,20976265,20976396,131
59540,20976396,20976569,173
59541,20976569,20976677,108
59542,20976677,20977112,435
59543,20977112,20977126,14
59544,20977126,20977413,287
59545,20977413,20977514,101
59546,20977514,20977523,9
59547,20977523,20977527,4
59548,20977527,20977551,24
59549,20977551,20978500,949
59550,20978500,20978689,189
59551,20978689,20979689,1000
59552,20979689,20980043,354
59553,20980043,20980559,516
59554,20980559,20980707,148
59555,20980707,20980797,90
59556,20980797,20980857,60
59557,20980857,20981169,312
59558,20981169,20981716,547
59559,20981716,20982370,654
59560,20982370,20984097,1727
59561,20984097,20984369,272
59562,20984369,20984762,393
59563,20984762,20984866,104
59564,20987789,20988072,283
59565,20988072,20988343,271
59566,20988343,20989581,1238
59567,20989581,20989792,211
59568,20989792,20990283,491
59569,20990283,20992272,1989
59570,20992272,20993477,1205
59571,20993477,20993949,472
59572,20993949,20994672,723
59573,20994672,20995714,1042
59574,20995714,20996566,852
59575,20996566,20996582,16
59576,20996582,20996791,209
59577,20996791,20996822,31
59578,20996822,20997883,1061
59579,20997883,20998240,357
59580,20998240,20998667,427
59581,20998667,20999538,871
59582,20999538,20999696,158
59583,20999696,21000024,328
59584,21000024,21000403,379
59585,21000403,21000768,365
59586,21000768,21001419,651
59587,21001419,21002099,680
59588,21002099,21002285,186
59589,21002285,21002527,242
59590,21002527,21002533,6
59591,21002533,21002549,16
59592,21002549,21003110,561
59593,21004819,21004825,6
59594,21004825,21005524,699
59595,21005524,21005569,45
59596,21005569,21006341,772
59597,21006341,21007344,1003
59598,21007344,21007417,73
59599,21007417,21007542,125
59600,21007542,21008415,873
59601,21008415,21008952,537
59602,21008952,21009063,111
59603,21009063,21011148,2085
59604,21011148,21011238,90
59605,21011238,21011751,513
59606,21011751,21011997,246
59607,21011997,21012323,326
59608,21012323,21013773,1450
59609,21013773,21013900,127
59610,21013900,21014161,261
59611,21014161,21014940,779
59612,21014940,21015447,507
59613,21015447,21015936,489
59614,21015936,21017056,1120
59615,21017056,21017284,228
59616,21017284,21017923,639
59617,21017923,21018639,716
59618,21018639,21018804,165
59619,21023958,21024044,86
59620,21024044,21024078,34
59621,21024078,21024225,147
59622,21024225,21024412,187
59623,21024412,21024453,41
59624,21024453,21024457,4
59625,21024457,21024863,406
59626,21024863,21025174,311
59627,21025174,21025178,4
59628,21025178,21025557,379
59629,21025557,21025594,37
59630,21025594,21025691,97
59631,21025691,21025950,259
59632,21025950,21026424,474
59633,21026424,21026442,18
59634,21026442,21026512,70
59635,21026512,21026704,192
59636,21026704,21026713,9
59637,21026713,21026856,143
59638,21026856,21026877,21
59639,21026877,21026881,4
59640,21026881,21028223,1342
59641,21028223,21028317,94
59642,21028317,21029223,906
59643,21029223,21029302,79
59644,21029302,21029529,227
59645,21029529,21030254,725
59646,21030254,21030360,106
59647,21030360,21030408,48
59648,21030408,21030420,12
59649,21030420,21030507,87
59650,21030507,21030543,36
59651,21030543,21030576,33
59652,21030576,21031278,702
59653,21031278,21031395,117
59654,21031395,21031416,21
59655,21031416,21031697,281
59656,21031697,21031774,77
59657,21031774,21031994,220
59658,21031994,21031998,4
59659,21031998,21032277,279
59660,21032277,21032559,282
59661,21032559,21033030,471
59662,21033030,21033155,125
59663,21033155,21033172,17
59664,21033172,21033600,428
59665,21033600,21033648,48
59666,21033648,21034367,719
59667,21034367,21034519,152
59668,21034519,21034877,358
59669,21034877,21035140,263
59670,21035140,21035500,360
59671,21035500,21035559,59
59672,21035559,21035564,5
59673,21035564,21036612,1048
59674,21036612,21037061,449
59675,21037061,21037067,6
59676,21037067,21037083,16
59677,21037083,21037111,28
59678,21037111,21037156,45
59679,21037156,21037190,34
59680,21037190,21037618,428
59681,21037618,21037789,171
59682,21037789,21037795,6
59683,21037795,21037810,15
59684,21037810,21038564,754
59685,21038564,21038754,190
59686,21038754,21039157,403
59687,21039157,21039198,41
59688,21039198,21039206,8
59689,21039206,21039303,97
59690,21039303,21039678,375
59691,21039678,21039798,120
59692,21039798,21040110,312
59693,21040110,21040975,865
59694,21040975,21042179,1204
59695,21042179,21042598,419
59696,21042598,21042796,198
59697,21042796,21043246,450
59698,21043246,21043378,132
59699,21043378,21043733,355
59700,21043733,21043826,93
59701,21043826,21044101,275
59702,21044101,21044322,221
59703,21044322,21044709,387
59704,21044709,21045394,685
59705,21045394,21046619,1225
59706,21046619,21046711,92
59707,21046711,21046883,172
59708,21046883,21047231,348
59709,21047231,21047344,113
59710,21047344,21047513,169
59711,21047513,21047525,12
59712,21047525,21047586,61
59713,21047586,21047800,214
59714,21047800,21047848,48
59715,21047848,21047900,52
59716,21047900,21048040,140
59717,21048040,21048080,40
59718,21048080,21048094,14
59719,21048094,21048584,490
59720,21048584,21048602,18
59721,21048602,21048697,95
59722,21048697,21048706,9
59723,21048706,21048734,28
59724,21048734,21048990,256
59725,21048990,21050290,1300
59726,21050290,21050375,85
59727,21050375,21050395,20
59728,21050395,21050557,162
59729,21050557,21051019,462
59730,21051019,21051602,583
59731,21051602,21051695,93
59732,21051695,21051920,225
59733,21051920,21052004,84
59734,21052004,21052121,117
59735,21052121,21052130,9
59736,21052130,21052359,229
59737,21052359,21052454,95
59738,21052454,21052508,54
59739,21052508,21052532,24
59740,21052532,21052640,108
59741,21052640,21052664,24
59742,21052664,21052722,58
59743,21052722,21052734,12
59744,21052734,21052818,84
59745,21052818,21053166,348
59746,21053166,21053893,727
59747,21053893,21055491,1598
59748,21055491,21055659,168
59749,21055659,21055671,12
59750,21055671,21055816,145
59751,21055816,21056780,964
59752,21056780,21058349,1569
59753,21058349,21059037,688
59754,21059037,21059171,134
59755,21059171,21059204,33
59756,21059204,21059709,505
59757,21059709,21059897,188
59758,21059897,21060949,1052
59759,21060949,21060998,49
59760,21060998,21061055,57
59761,21061055,21061147,92
59762,21061147,21061226,79
59763,21061226,21061255,29
59764,21061255,21061259,4
59765,21061259,21061843,584
59766,21061843,21062165,322
59767,21062165,21063146,981
59768,21063146,21063158,12
59769,21063158,21063246,88
59770,21063246,21063359,113
59771,21063359,21063537,178
59772,21063537,21063571,34
59773,21063571,21063592,21
59774,21063592,21063757,165
59775,21063757,21063767,10
59776,21063767,21063820,53
59777,21063820,21064166,346
59778,21064166,21064185,19
59779,21064185,21064209,24
59780,21064209,21064504,295
59781,21064504,21065209,705
59782,21065209,21065441,232
59783,21065441,21065619,178
59784,21065619,21065995,376
59785,21065995,21066004,9
59786,21066004,21066135,131
59787,21066135,21066168,33
59788,21066168,21066250,82
59789,21066250,21067062,812
59790,21067062,21067074,12
59791,21067074,21067171,97
59792,21067171,21067198,27
59793,21067198,21067400,202
59794,21067400,21067655,255
59795,21067655,21067674,19
59796,21067674,21067743,69
59797,21067743,21067752,9
59798,21067752,21067859,107
59799,21067859,21067976,117
59800,21067976,21067983,7
59801,21067983,21067991,8
59802,21067991,21068341,350
59803,21068341,21068424,83
59804,21068424,21068678,254
59805,21068678,21068738,60
59806,21068738,21068949,211
59807,21068949,21069054,105
59808,21069054,21069157,103
59809,21069157,21069173,16
59810,21069173,21069533,360
59811,21069533,21069547,14
59812,21069547,21069559,12
59813,21069559,21069668,109
59814,21069668,21069677,9
59815,21069677,21069741,64
59816,21069741,21069869,128
59817,21069869,21069929,60
59818,21069929,21069972,43
59819,21069972,21070777,805
59820,21070777,21070785,8
59821,21070785,21071100,315
59822,21071100,21071241,141
59823,21071241,21071464,223
59824,21071464,21072028,564
59825,21072028,21072049,21
59826,21072049,21072135,86
59827,21072135,21072139,4
59828,21072139,21072165,26
59829,21072165,21072204,39
59830,21072204,21072208,4
59831,21072208,21072212,4
59832,21072212,21072264,52
59833,21072264,21072287,23
59834,21072287,21072583,296
59835,21072583,21072714,131
59836,21072714,21072761,47
59837,21072761,21073190,429
59838,21073190,21073521,331
59839,21073521,21073554,33
59840,21073554,21074120,566
59841,21074120,21074155,35
59842,21074155,21074312,157
59843,21074312,21074772,460
59844,21074772,21075315,543
59845,21075315,21075807,492
59846,21075807,21075871,64
59847,21075871,21076162,291
59848,21076162,21076420,258
59849,21076420,21077297,877
59850,21077297,21077303,6
59851,21077303,21078144,841
59852,21078144,21078183,39
59853,21078183,21078273,90
59854,21078273,21078422,149
59855,21078422,21078430,8
59856,21078430,21078434,4
59857,21078434,21078975,541
59858,21078975,21079164,189
59859,21079164,21079219,55
59860,21079219,21079224,5
59861,21079224,21079360,136
59862,21079360,21079722,362
59863,21079722,21079847,125
59864,21079847,21080106,259
59865,21080106,21080185,79
59866,21080185,21080694,509
59867,21080694,21080784,90
59868,21080784,21080810,26
59869,21080810,21080823,13
59870,21080823,21080848,25
59871,21080848,21082207,1359
59872,21082207,21082251,44
59873,21082251,21082259,8
59874,21082259,21082269,10
59875,21082269,21082944,675
59876,21082944,21082950,6
59877,21082950,21083976,1026
59878,21083976,21084080,104
59879,21084080,21084347,267
59880,21084347,21084625,278
59881,21084625,21085030,405
59882,21085030,21085144,114
59883,21085144,21085247,103
59884,21085247,21085483,236
59885,21085483,21085825,342
59886,21085825,21085962,137
59887,21085962,21086047,85
59888,21086047,21086240,193
59889,21086240,21086276,36
59890,21086276,21086699,423
59891,21086699,21086705,6
59892,21086705,21086951,246
59893,21086951,21087287,336
59894,21087287,21087407,120
59895,21087407,21088084,677
59896,21088084,21088090,6
59897,21088090,21088511,421
59898,21088511,21088924,413
59899,21088924,21090182,1258
59900,21090182,21090277,95
59901,21090277,21090298,21
59902,21090298,21090323,25
59903,21090323,21090329,6
59904,21090329,21091024,695
59905,21091024,21091341,317
59906,21091341,21092198,857
59907,21092198,21093016,818
59908,21093016,21093282,266
59909,21093282,21094304,1022
59910,21094304,21094359,55
59911,21094359,21094608,249
59912,21094608,21094695,87
59913,21094695,21094702,7
59914,21094702,21096027,1325
59915,21096027,21096177,150
59916,21096177,21096276,99
59917,21096276,21096335,59
59918,21096335,21096360,25
59919,21096360,21096470,110
59920,21096470,21097194,724
59921,21097194,21097210,16
59922,21097210,21097216,6
59923,21097216,21097582,366
59924,21097582,21098072,490
59925,21098072,21098301,229
59926,21098301,21098426,125
59927,21098426,21098463,37
59928,21098463,21098482,19
59929,21098482,21098631,149
59930,21098631,21099739,1108
59931,21099739,21099889,150
59932,21099889,21100913,1024
59933,21100913,21101763,850
59934,21101763,21102064,301
59935,21102064,21102386,322
59936,21102386,21102980,594
59937,21102980,21103310,330
59938,21103310,21103636,326
59939,21103636,21104508,872
59940,21104508,21105000,492
59941,21105000,21105559,559
59942,21105559,21105568,9
59943,21105568,21105972,404
59944,21105972,21106698,726
59945,21106698,21108148,1450
59946,21108148,21108363,215
59947,21108363,21109227,864
59948,21109227,21109916,689
59949,21109916,21110031,115
59950,21110031,21110071,40
59951,21110071,21110224,153
59952,21110224,21110254,30
59953,21110254,21110565,311
59954,21110565,21110628,63
59955,21110628,21110979,351
59956,21110979,21111029,50
59957,21111029,21111049,20
59958,21111049,21111087,38
59959,21111087,21111096,9
59960,21111096,21111666,570
59961,21111666,21111936,270
59962,21111936,21112108,172
59963,21112108,21112336,228
59964,21112336,21113055,719
59965,21113055,21113178,123
59966,21113178,21113188,10
59967,21113188,21113416,228
59968,21113416,21113545,129
59969,21113545,21113599,54
59970,21113599,21113943,344
59971,21113943,21114420,477
59972,21114420,21114588,168
59973,21114588,21114665,77
59974,21114665,21114975,310
59975,21114975,21115031,56
59976,21115031,21115364,333
59977,21115364,21115647,283
59978,21115647,21115727,80
59979,21115727,21116126,399
59980,21116126,21116142,16
59981,21116142,21116374,232
59982,21116374,21116570,196
59983,21116570,21117432,862
59984,21117432,21117524,92
59985,21117524,21117585,61
59986,21117585,21117886,301
59987,21117886,21118040,154
59988,21118040,21118710,670
59989,21118710,21118867,157
59990,21118867,21119262,395
59991,21119262,21119340,78
59992,21119340,21119699,359
59993,21119699,21120221,522
59994,21122920,21122971,51
59995,21122971,21123333,362
59996,21123333,21123570,237
59997,21123570,21123683,113
59998,21123683,21123696,13
59999,21123696,21124789,1093
60000,21124789,21125010,221
60001,21125010,21125629,619
60002,21125629,21125641,12
60003,21125641,21125649,8
60004,21125649,21126158,509
60005,21126158,21126341,183
60006,21126341,21126353,12
60007,21126353,21126463,110
60008,21126463,21127127,664
60009,21127127,21127278,151
60010,21127278,21127470,192
60011,21127470,21128001,531
60012,21128001,21128047,46
60013,21128047,21128570,523
60014,21128570,21128596,26
60015,21128596,21128732,136
60016,21128732,21129185,453
60017,21129185,21129200,15
60018,21129200,21129214,14
60019,21129214,21129220,6
60020,21129220,21129823,603
60021,21129823,21130063,240
60022,21130063,21130124,61
60023,21130124,21130423,299
60024,21130423,21131422,999
60025,21131422,21131519,97
60026,21131519,21131620,101
60027,21131620,21131704,84
60028,21131704,21132388,684
60029,21132388,21132405,17
60030,21132405,21132536,131
60031,21132536,21132581,45
60032,21132581,21132598,17
60033,21132598,21132816,218
60034,21132816,21132915,99
60035,21132915,21132925,10
60036,21132925,21133326,401
60037,21133326,21133451,125
60038,21133451,21133570,119
60039,21133570,21133904,334
60040,21133904,21134287,383
60041,21134287,21134500,213
60042,21134500,21134689,189
60043,21134689,21134752,63
60044,21134752,21134851,99
60045,21134851,21134933,82
60046,21134933,21135381,448
60047,21135381,21135463,82
60048,21135463,21136201,738
60049,21136201,21136342,141
60050,21136342,21136381,39
60051,21136381,21137224,843
60052,21137224,21137447,223
60053,21137447,21137820,373
60054,21137820,21138227,407
60055,21138227,21138311,84
60056,21138311,21138380,69
60057,21138380,21138548,168
60058,21138548,21139368,820
60059,21139368,21139530,162
60060,21139530,21139622,92
60061,21139622,21140016,394
60062,21140016,21140043,27
60063,21140043,21140888,845
60064,21140888,21141198,310
60065,21141198,21141319,121
60066,21141319,21142111,792
60067,21145063,21145322,259
60068,21145322,21145682,360
60069,21145682,21145737,55
60070,21145737,21145760,23
60071,21145760,21146276,516
60072,21146276,21146775,499
60073,21146775,21146835,60
60074,21146835,21146871,36
60075,21146871,21146916,45
60076,21146916,21148394,1478
60077,21148394,21148619,225
60078,21148619,21149655,1036
60079,21149655,21149697,42
60080,21149697,21150105,408
60081,21150105,21150272,167
60082,21150272,21150608,336
60083,21150608,21150715,107
60084,21150715,21150996,281
60085,21150996,21151205,209
60086,21151205,21151217,12
60087,21151217,21151620,403
60088,21151620,21152198,578
60089,21152198,21152390,192
60090,21152390,21152558,168
60091,21152558,21152645,87
60092,21152645,21152836,191
60093,21152836,21152872,36
60094,21152872,21152888,16
60095,21152888,21153707,819
60096,21153707,21154277,570
60097,21154277,21154307,30
60098,21154307,21154357,50
60099,21154357,21154399,42
60100,21154399,21155427,1028
60101,21155427,21155926,499
60102,21155926,21155985,59
60103,21155985,21156021,36
60104,21156021,21156066,45
60105,21156066,21156693,627
60106,21156693,21157066,373
60107,21157066,21157274,208
60108,21157274,21157633,359
60109,21157633,21157719,86
60110,21157719,21157942,223
60111,21157942,21157964,22
60112,21157964,21158197,233
60113,21158197,21159613,1416
60114,21159613,21159838,225
60115,21159838,21160874,1036
60116,21160874,21160916,42
60117,21160916,21161313,397
60118,21161313,21161448,135
60119,21161448,21161784,336
60120,21161784,21161891,107
60121,21161891,21162172,281
60122,21162172,21162381,209
60123,21162381,21162393,12
60124,21162393,21162796,403
60125,21162796,21163374,578
60126,21163374,21163566,192
60127,21163566,21163734,168
60128,21163734,21163821,87
60129,21163821,21164012,191
60130,21164012,21164048,36
60131,21164048,21164064,16
60132,21164064,21164853,789
60133,21164853,21165423,570
60134,21165423,21165453,30
60135,21165453,21165503,50
60136,21165503,21165545,42
60137,21165545,21166323,778
60138,21166323,21166398,75
60139,21166398,21166475,77
60140,21166475,21166541,66
60141,21166541,21166931,390
60142,21170664,21170773,109
60143,21170773,21171817,1044
60144,21171817,21172148,331
60145,21172148,21172847,699
60146,21172847,21174268,1421
60147,21174268,21174373,105
60148,21174373,21174419,46
60149,21174419,21174790,371
60150,21174790,21175136,346
60151,21175136,21175148,12
60152,21175148,21175506,358
60153,21175506,21175628,122
60154,21175628,21175809,181
60155,21175809,21176343,534
60156,21176343,21176709,366
60157,21176709,21177109,400
60158,21177109,21177139,30
60159,21177139,21177157,18
60160,21177157,21177720,563
60161,21177720,21177890,170
60162,21177890,21177898,8
60163,21177898,21178172,274
60164,21178172,21179010,838
60165,21179010,21179174,164
60166,21179174,21179461,287
60167,21179461,21179501,40
60168,21179501,21180984,1483
60169,21180984,21181196,212
60170,21181196,21181497,301
60171,21181497,21182151,654
60172,21182151,21182391,240
60173,21182391,21183058,667
60174,21183058,21183695,637
60175,21183695,21184111,416
60176,21184111,21184405,294
60177,21184405,21184466,61
60178,21184466,21184568,102
60179,21184568,21184890,322
60180,21184890,21185039,149
60181,21185039,21185093,54
60182,21185093,21186389,1296
60183,21186389,21187536,1147
60184,21187536,21189363,1827
60185,21189363,21190217,854
60186,21190217,21191034,817
60187,21191034,21191342,308
60188,21191342,21191367,25
60189,21191367,21191373,6
60190,21191373,21191397,24
60191,21191397,21192647,1250
60192,21192647,21193522,875
60193,21193522,21193690,168
60194,21193690,21193708,18
60195,21193708,21193759,51
60196,21193759,21193951,192
60197,21193951,21194160,209
60198,21194160,21194304,144
60199,21194304,21196081,1777
60200,21196081,21196540,459
60201,21196540,21197029,489
60202,21197029,21197469,440
60203,21197469,21197655,186
60204,21200511,21200732,221
60205,21200732,21201708,976
60206,21201708,21202380,672
60207,21202380,21202721,341
60208,21202721,21202733,12
60209,21202733,21202764,31
60210,21202764,21202776,12
60211,21202776,21202834,58
60212,21202834,21202918,84
60213,21202918,21202933,15
60214,21202933,21202947,14
60215,21202947,21203036,89
60216,21203036,21203489,453
60217,21203489,21203739,250
60218,21203739,21204633,894
60219,21204633,21204649,16
60220,21204649,21205253,604
60221,21205253,21205391,138
60222,21205391,21205637,246
60223,21205637,21205953,316
60224,21205953,21205989,36
60225,21205989,21207894,1905
60226,21207894,21208417,523
60227,21208417,21208776,359
60228,21208776,21208942,166
60229,21208942,21209653,711
60230,21209653,21209710,57
60231,21209710,21209874,164
60232,21209874,21209955,81
60233,21209955,21210368,413
60234,21210368,21210556,188
60235,21210556,21210618,62
60236,21210618,21211132,514
60237,21211132,21211397,265
60238,21211397,21211543,146
60239,21211543,21211552,9
60240,21211552,21211787,235
60241,21211787,21213089,1302
60242,21215755,21216369,614
60243,21216369,21216385,16
60244,21216385,21216391,6
60245,21216391,21217729,1338
60246,21217729,21218234,505
60247,21218234,21218417,183
60248,21218417,21218713,296
60249,21218713,21218734,21
60250,21218734,21219299,565
60251,21219299,21219743,444
60252,21219743,21220634,891
60253,21220634,21220771,137
60254,21220771,21220779,8
60255,21220779,21221093,314
60256,21221093,21221289,196
60257,21221289,21221807,518
60258,21221807,21222211,404
60259,21222211,21222240,29
60260,21222240,21223438,1198
60261,21223438,21224863,1425
60262,21224863,21226004,1141
60263,21226004,21226580,576
60264,21226580,21226898,318
60265,21226898,21227327,429
60266,21227327,21227413,86
60267,21227413,21228348,935
60268,21228348,21229536,1188
60269,21229536,21229646,110
60270,21229646,21230490,844
60271,21230490,21231167,677
60272,21231167,21231402,235
60273,21231402,21231470,68
60274,21231470,21232126,656
60275,21232126,21232393,267
60276,21232393,21232595,202
60277,21232595,21232600,5
60278,21232600,21232605,5
60279,21235547,21235938,391
60280,21235938,21236338,400
60281,21236338,21236554,216
60282,21236554,21237605,1051
60283,21237605,21237919,314
60284,21237919,21238331,412
60285,21238331,21238674,343
60286,21238674,21239894,1220
60287,21239894,21240211,317
60288,21240211,21240390,179
60289,21240390,21240498,108
60290,21240498,21241128,630
60291,21241128,21243046,1918
60292,21243046,21243571,525
60293,21243571,21244201,630
60294,21244201,21244302,101
60295,21244302,21245834,1532
60296,21245834,21246574,740
60297,21246574,21247276,702
60298,21247276,21248335,1059
60299,21248335,21248634,299
60300,21248634,21249775,1141
60301,21249775,21249814,39
60302,21249814,21249877,63
60303,21249877,21250870,993
60304,21250870,21251002,132
60305,21251002,21251066,64
60306,21251066,21252200,1134
60307,21252200,21252469,269
60308,21252469,21252969,500
60309,21252969,21253813,844
60310,21253813,21254047,234
60311,21254047,21254666,619
60312,21254666,21255409,743
60313,21255409,21255413,4
60314,21255413,21255469,56
60315,21255469,21255733,264
60316,21255733,21256431,698
60317,21256431,21257141,710
60318,21257141,21257212,71
60319,21257212,21257246,34
60320,21257246,21258343,1097
60321,21258343,21258949,606
60322,21258949,21259731,782
60323,21259731,21260082,351
60324,21260082,21260217,135
60325,21260217,21261108,891
60326,21261108,21261134,26
60327,21261134,21261362,228
60328,21261362,21261981,619
60329,21261981,21262535,554
60330,21262535,21263084,549
60331,21263084,21263152,68
60332,21263152,21263271,119
60333,21263271,21263564,293
60334,21263564,21265090,1526
60335,21265090,21265572,482
60336,21265572,21265946,374
60337,21265946,21266043,97
60338,21266043,21267771,1728
60339,21267771,21268252,481
60340,21268252,21269819,1567
60341,21269819,21269888,69
60342,21269888,21270117,229
60343,21270117,21270241,124
60344,21270241,21270535,294
60345,21270535,21270540,5
60346,21270540,21270545,5
60347,21270545,21271637,1092
60348,21271637,21272148,511
60349,21272148,21273446,1298
60350,21273446,21273479,33
60351,21273479,21274281,802
60352,21274281,21274614,333
60353,21274614,21274643,29
60354,21274643,21275113,470
60355,21275113,21275753,640
60356,21275753,21277155,1402
60357,21277155,21277453,298
60358,21277453,21277548,95
60359,21277548,21277934,386
60360,21277934,21278570,636
60361,21278570,21279227,657
60362,21279227,21279581,354
60363,21279581,21279685,104
60364,21279685,21280273,588
60365,21280273,21280717,444
60366,21280717,21280723,6
60367,21280723,21280729,6
60368,21280729,21281508,779
60369,21281508,21282059,551
60370,21282059,21282224,165
60371,21282224,21282780,556
60372,21282780,21283421,641
60373,21283421,21284849,1428
60374,21284849,21285516,667
60375,21285516,21285533,17
60376,21285533,21285538,5
60377,21285538,21285766,228
60378,21285766,21285886,120
60379,21285886,21285962,76
60380,21285962,21286145,183
60381,21286145,21286608,463
60382,21286608,21286813,205
60383,21286813,21287056,243
60384,21287056,21287137,81
60385,21287137,21287208,71
60386,21287208,21287258,50
60387,21287258,21287368,110
60388,21287368,21287402,34
60389,21287402,21287692,290
60390,21287692,21287771,79
60391,21287771,21287852,81
60392,21287852,21287963,111
60393,21287963,21288063,100
60394,21288063,21288249,186
60395,21288249,21288273,24
60396,21288273,21288560,287
60397,21288560,21288625,65
60398,21288625,21288728,103
60399,21288728,21288764,36
60400,21288764,21289086,322
60401,21289086,21289094,8
60402,21289094,21289567,473
60403,21289567,21289672,105
60404,21289672,21289869,197
60405,21289869,21289935,66
60406,21289935,21290127,192
60407,21290127,21290155,28
60408,21290155,21290325,170
60409,21290325,21290610,285
60410,21290610,21291130,520
60411,21291130,21291230,100
60412,21291230,21291499,269
60413,21291499,21291507,8
60414,21291507,21291543,36
60415,21291543,21291854,311
60416,21291854,21292109,255
60417,21292109,21292557,448
60418,21292557,21292673,116
60419,21292673,21292707,34
60420,21292707,21292829,122
60421,21292829,21292845,16
60422,21292845,21293318,473
60423,21293318,21293388,70
60424,21293388,21293750,362
60425,21293750,21293950,200
60426,21293950,21293999,49
60427,21293999,21294097,98
60428,21294097,21294178,81
60429,21294178,21294215,37
60430,21294215,21294779,564
60431,21294779,21295493,714
60432,21295493,21295502,9
60433,21295502,21295619,117
60434,21295619,21295763,144
60435,21295763,21296129,366
60436,21296129,21296373,244
60437,21296373,21296426,53
60438,21296426,21296783,357
60439,21296783,21296862,79
60440,21296862,21296935,73
60441,21296935,21297040,105
60442,21297040,21297173,133
60443,21297173,21297571,398
60444,21297571,21297848,277
60445,21297848,21297884,36
60446,21297884,21297919,35
60447,21297919,21298226,307
60448,21298226,21298387,161
60449,21298387,21298425,38
60450,21298425,21299180,755
60451,21299180,21299222,42
60452,21299222,21299532,310
60453,21299532,21299591,59
60454,21299591,21299763,172
60455,21299763,21300432,669
60456,21300432,21301617,1185
60457,21301617,21301826,209
60458,21301826,21301964,138
60459,21301964,21303773,1809
60460,21303773,21304320,547
60461,21304320,21304396,76
60462,21304396,21304473,77
60463,21304473,21304783,310
60464,21304783,21304875,92
60465,21304875,21305264,389
60466,21305264,21305454,190
60467,21305454,21306137,683
60468,21306137,21308095,1958
60469,21308095,21308503,408
60470,21308503,21308635,132
60471,21308635,21308659,24
60472,21308659,21308757,98
60473,21308757,21308788,31
60474,21308788,21309153,365
60475,21309153,21309202,49
60476,21309202,21309798,596
60477,21309798,21309900,102
60478,21309900,21309922,22
60479,21309922,21309928,6
60480,21309928,21310077,149
60481,21310077,21310233,156
60482,21310233,21310320,87
60483,21310320,21310746,426
60484,21310746,21310767,21
60485,21310767,21311460,693
60486,21311460,21311496,36
60487,21311496,21312067,571
60488,21312067,21312146,79
60489,21312146,21312205,59
60490,21312205,21312294,89
60491,21312294,21312328,34
60492,21312328,21312401,73
60493,21312401,21312412,11
60494,21312412,21312620,208
60495,21312620,21312649,29
60496,21312649,21312680,31
60497,21312680,21313056,376
60498,21313056,21313062,6
60499,21313062,21313236,174
60500,21313236,21313284,48
60501,21313284,21313539,255
60502,21313539,21313791,252
60503,21313791,21314333,542
60504,21314333,21314401,68
60505,21314401,21314449,48
60506,21314449,21314471,22
60507,21314471,21314539,68
60508,21314539,21314944,405
60509,21314944,21314974,30
60510,21314974,21315731,757
60511,21315731,21315787,56
60512,21315787,21315793,6
60513,21315793,21316317,524
60514,21316317,21316673,356
60515,21316673,21316775,102
60516,21316775,21316861,86
60517,21316861,21317254,393
60518,21317254,21317285,31
60519,21317285,21317315,30
60520,21317315,21317323,8
60521,21317323,21317371,48
60522,21317371,21317419,48
60523,21317419,21317608,189
60524,21317608,21317725,117
60525,21317725,21317835,110
60526,21317835,21317888,53
60527,21317888,21318073,185
60528,21318073,21318114,41
60529,21318114,21318320,206
60530,21318320,21318911,591
60531,21318911,21318986,75
60532,21318986,21319196,210
60533,21319196,21319762,566
60534,21319762,21319989,227
60535,21319989,21320299,310
60536,21320299,21320304,5
60537,21320304,21320309,5
60538,21320309,21320527,218
60539,21320527,21321361,834
60540,21321361,21321563,202
60541,21321563,21321679,116
60542,21321679,21321800,121
60543,21321800,21321963,163
60544,21321963,21322764,801
60545,21322764,21322847,83
60546,21322847,21323297,450
60547,21323297,21324265,968
60548,21324265,21324476,211
60549,21324476,21324487,11
60550,21324487,21324523,36
60551,21324523,21324713,190
60552,21324713,21324740,27
60553,21324740,21324934,194
60554,21324934,21325666,732
60555,21325666,21326823,1157
60556,21326823,21327008,185
60557,21327008,21327206,198
60558,21327206,21327254,48
60559,21327254,21327313,59
60560,21327313,21327467,154
60561,21327467,21327684,217
60562,21327684,21327734,50
60563,21327734,21327808,74
60564,21327808,21328380,572
60565,21328380,21329146,766
60566,21329146,21329252,106
60567,21329252,21329396,144
60568,21329396,21329503,107
60569,21329503,21329683,180
60570,21329683,21329741,58
60571,21329741,21329776,35
60572,21329776,21329793,17
60573,21329793,21329867,74
60574,21329867,21329871,4
60575,21329871,21329879,8
60576,21329879,21329883,4
60577,21329883,21329896,13
60578,21329896,21329904,8
60579,21329904,21329908,4
60580,21329908,21329912,4
60581,21329912,21330023,111
60582,21330023,21330512,489
60583,21330512,21330992,480
60584,21330992,21331246,254
60585,21331246,21331552,306
60586,21331552,21332018,466
60587,21332018,21332703,685
60588,21332703,21333097,394
60589,21333097,21333141,44
60590,21333141,21333181,40
60591,21333181,21333195,14
60592,21333195,21333625,430
60593,21333625,21333715,90
60594,21333715,21335019,1304
60595,21335019,21335103,84
60596,21335103,21335149,46
60597,21335149,21335482,333
60598,21335482,21335674,192
60599,21335674,21335722,48
60600,21335722,21336134,412
60601,21336134,21336281,147
60602,21336281,21336363,82
60603,21336363,21336438,75
60604,21336438,21336783,345
60605,21336783,21336813,30
60606,21336813,21337582,769
60607,21337582,21337807,225
60608,21337807,21337867,60
60609,21337867,21339125,1258
60610,21339125,21340164,1039
60611,21340164,21340253,89
60612,21340253,21340288,35
60613,21340288,21340457,169
60614,21340457,21340497,40
60615,21340497,21340512,15
60616,21340512,21341361,849
60617,21341361,21341982,621
60618,21341982,21342006,24
60619,21342006,21342043,37
60620,21342043,21342089,46
60621,21342089,21342375,286
60622,21342375,21342462,87
60623,21342462,21342515,53
60624,21342515,21342642,127
60625,21342642,21342723,81
60626,21342723,21342935,212
60627,21342935,21343058,123
60628,21343058,21343189,131
60629,21343189,21343354,165
60630,21343354,21343942,588
60631,21343942,21343965,23
60632,21343965,21344073,108
60633,21344073,21344679,606
60634,21344679,21345599,920
60635,21345599,21345663,64
60636,21345663,21345700,37
60637,21345700,21345992,292
60638,21347636,21347791,155
60639,21347791,21347806,15
60640,21347806,21347894,88
60641,21347894,21347990,96
60642,21347990,21348204,214
60643,21348204,21348312,108
60644,21348312,21348550,238
60645,21348550,21348595,45
60646,21348595,21348939,344
60647,21348939,21349057,118
60648,21349057,21349322,265
60649,21349322,21349343,21
60650,21349343,21350426,1083
60651,21350426,21351672,1246
60652,21351672,21352151,479
60653,21352151,21352305,154
60654,21352305,21352317,12
60655,21352317,21352323,6
60656,21352323,21352459,136
60657,21352459,21352662,203
60658,21352662,21353512,850
60659,21353512,21353964,452
60660,21353964,21354100,136
60661,21354100,21355124,1024
60662,21355124,21355654,530
60663,21355654,21355756,102
60664,21355756,21355830,74
60665,21355830,21355851,21
60666,21355851,21355890,39
60667,21355890,21356305,415
60668,21356305,21356355,50
60669,21356355,21356555,200
60670,21356555,21356799,244
60671,21356799,21356979,180
60672,21356979,21356995,16
60673,21356995,21357094,99
60674,21357094,21357703,609
60675,21357703,21357782,79
60676,21357782,21357790,8
60677,21357790,21358220,430
60678,21358220,21358456,236
60679,21358456,21358824,368
60680,21358824,21359094,270
60681,21359094,21359667,573
60682,21359667,21359813,146
60683,21359813,21360218,405
60684,21360218,21360251,33
60685,21360251,21360284,33
60686,21360284,21360305,21
60687,21360305,21360483,178
60688,21360483,21360954,471
60689,21360954,21361412,458
60690,21361412,21361469,57
60691,21361469,21361489,20
60692,21361489,21361770,281
60693,21361770,21362209,439
60694,21362209,21362393,184
60695,21362393,21362488,95
60696,21362488,21362533,45
60697,21362533,21362564,31
60698,21362564,21362583,19
60699,21362583,21362603,20
60700,21362603,21362879,276
60701,21362879,21362895,16
60702,21362895,21363313,418
60703,21363313,21363382,69
60704,21363382,21363495,113
60705,21363495,21363522,27
60706,21363522,21363666,144
60707,21363666,21363818,152
60708,21363818,21363833,15
60709,21363833,21363857,24
60710,21363857,21364537,680
60711,21364537,21364672,135
60712,21364672,21364768,96
60713,21364768,21364996,228
60714,21364996,21365207,211
60715,21365207,21365806,599
60716,21365806,21365843,37
60717,21365843,21367094,1251
60718,21367094,21367936,842
60719,21367936,21368613,677
60720,21368613,21369526,913
60721,21369526,21369706,180
60722,21369706,21369750,44
60723,21369750,21370103,353
60724,21370103,21370256,153
60725,21370256,21370414,158
60726,21370414,21370452,38
60727,21370452,21370558,106
60728,21370558,21370859,301
60729,21370859,21370879,20
60730,21370879,21371105,226
60731,21371105,21371684,579
60732,21371684,21371896,212
60733,21371896,21372176,280
60734,21372176,21372780,604
60735,21372780,21373537,757
60736,21373537,21373923,386
60737,21373923,21374158,235
60738,21374158,21374773,615
60739,21374773,21375721,948
60740,21375721,21375899,178
60741,21375899,21376475,576
60742,21376475,21376537,62
60743,21376537,21376561,24
60744,21376561,21376752,191
60745,21376752,21377211,459
60746,21377211,21377706,495
60747,21377706,21378631,925
60748,21378631,21378761,130
60749,21378761,21379071,310
60750,21379071,21379349,278
60751,21379349,21379561,212
60752,21379561,21379677,116
60753,21379677,21379682,5
60754,21379682,21379688,6
60755,21379688,21380073,385
60756,21380073,21380466,393
60757,21380466,21380484,18
60758,21380484,21380508,24
60759,21380508,21380655,147
60760,21380655,21380880,225
60761,21380880,21380957,77
60762,21380957,21381031,74
60763,21381031,21381473,442
60764,21381473,21381569,96
60765,21381569,21381575,6
60766,21381575,21381738,163
60767,21381738,21382158,420
60768,21382158,21382533,375
60769,21382533,21382644,111
60770,21382644,21382759,115
60771,21382759,21382866,107
60772,21382866,21382895,29
60773,21382895,21382940,45
60774,21382940,21383200,260
60775,21383200,21383305,105
60776,21383305,21383547,242
60777,21383547,21383574,27
60778,21383574,21383805,231
60779,21383805,21384003,198
60780,21384003,21384111,108
60781,21384111,21384722,611
60782,21384722,21385029,307
60783,21385029,21385196,167
60784,21385196,21385926,730
60785,21385926,21386121,195
60786,21386121,21386170,49
60787,21386170,21386354,184
60788,21386354,21386983,629
60789,21386983,21387100,117
60790,21387100,21387280,180
60791,21387280,21387319,39
60792,21387319,21387485,166
60793,21387485,21387578,93
60794,21387578,21387621,43
60795,21387621,21387799,178
60796,21387799,21388215,416
60797,21388215,21388244,29
60798,21388244,21388531,287
60799,21388531,21389483,952
60800,21389483,21389605,122
60801,21389605,21389612,7
60802,21389612,21389693,81
60803,21389693,21389854,161
60804,21389854,21390274,420
60805,21390274,21390427,153
60806,21390427,21390799,372
60807,21390799,21392283,1484
60808,21392283,21392288,5
60809,21392288,21392298,10
60810,21392298,21392961,663
60811,21392961,21393026,65
60812,21393026,21393447,421
60813,21393447,21393461,14
60814,21393461,21393467,6
60815,21393467,21393475,8
60816,21393475,21393493,18
60817,21393493,21393553,60
60818,21393553,21393680,127
60819,21393680,21394004,324
60820,21394004,21394067,63
60821,21394067,21395790,1723
60822,21395790,21396648,858
60823,21396648,21396672,24
60824,21396672,21397310,638
60825,21397310,21397813,503
60826,21397813,21398596,783
60827,21398596,21398604,8
60828,21398604,21399927,1323
60829,21399927,21399956,29
60830,21399956,21400195,239
60831,21400195,21400369,174
60832,21400369,21400590,221
60833,21400590,21401281,691
60834,21401281,21402449,1168
60835,21402449,21402794,345
60836,21402794,21402810,16
60837,21402810,21402933,123
60838,21402933,21403021,88
60839,21403021,21403333,312
60840,21403333,21403912,579
60841,21403912,21404602,690
60842,21404602,21404995,393
60843,21404995,21405135,140
60844,21405135,21405394,259
60845,21405394,21405662,268
60846,21405662,21406124,462
60847,21406124,21406338,214
60848,21406338,21406465,127
60849,21406465,21406888,423
60850,21406888,21406956,68
60851,21406956,21408592,1636
60852,21408592,21410519,1927
60853,21410519,21411260,741
60854,21411260,21411560,300
60855,21411560,21411827,267
60856,21411827,21412638,811
60857,21412638,21414655,2017
60858,21414655,21414901,246
60859,21414901,21415031,130
60860,21415031,21415489,458
60861,21415489,21416029,540
60862,21416029,21416226,197
60863,21416226,21416871,645
60864,21416871,21417800,929
60865,21420598,21420638,40
60866,21420638,21420717,79
60867,21420717,21421464,747
60868,21421464,21421489,25
60869,21421489,21421506,17
60870,21421506,21422056,550
60871,21422056,21423567,1511
60872,21423567,21423905,338
60873,21423905,21424651,746
60874,21424651,21424895,244
60875,21424895,21425142,247
60876,21425142,21425397,255
60877,21425397,21425631,234
60878,21425631,21426034,403
60879,21426034,21427473,1439
60880,21427473,21427557,84
60881,21430204,21431677,1473
60882,21431677,21431685,8
60883,21431685,21432024,339
60884,21432024,21432070,46
60885,21432070,21433462,1392
60886,21433462,21433651,189
60887,21433651,21433764,113
60888,21433764,21434279,515
60889,21434279,21434369,90
60890,21434369,21434386,17
60891,21434386,21435416,1030
60892,21435416,21435518,102
60893,21435518,21436105,587
60894,21438342,21439498,1156
60895,21439498,21439545,47
60896,21439545,21440038,493
60897,21440038,21440895,857
60898,21440895,21440903,8
60899,21440903,21441477,574
60900,21441477,21441751,274
60901,21441751,21441815,64
60902,21441815,21442404,589
60903,21442404,21442626,222
60904,21442626,21442909,283
60905,21442909,21443361,452
60906,21443361,21443855,494
60907,21443855,21444214,359
60908,21444214,21444454,240
60909,21444454,21446539,2085
60910,21446539,21446919,380
60911,21446919,21447016,97
60912,21447016,21448367,1351
60913,21448367,21449063,696
60914,21449063,21449257,194
60915,21449257,21449946,689
60916,21449946,21450644,698
60917,21450644,21451940,1296
60918,21451940,21452260,320
60919,21452260,21452266,6
60920,21452266,21452282,16
60921,21452282,21452318,36
60922,21452318,21452791,473
60923,21452791,21453336,545
60924,21453336,21453979,643
60925,21453979,21455224,1245
60926,21455224,21455336,112
60927,21455336,21455381,45
60928,21455381,21456740,1359
60929,21456740,21457328,588
60930,21457328,21458020,692
60931,21458020,21458359,339
60932,21458359,21458971,612
60933,21458971,21459058,87
60934,21459058,21459654,596
60935,21459654,21459674,20
60936,21459674,21460778,1104
60937,21460778,21461068,290
60938,21461068,21461395,327
60939,21461395,21461697,302
60940,21461697,21462143,446
60941,21462143,21462163,20
60942,21462163,21462636,473
60943,21462636,21462655,19
60944,21462655,21462738,83
60945,21462738,21462819,81
60946,21462819,21463460,641
60947,21463460,21464004,544
60948,21464004,21464192,188
60949,21464192,21464434,242
60950,21464434,21466240,1806
60951,21466240,21466319,79
60952,21466319,21467426,1107
60953,21467426,21468164,738
60954,21468164,21468378,214
60955,21468378,21468822,444
60956,21468822,21468828,6
60957,21468828,21468844,16
60958,21468844,21469046,202
60959,21469046,21469207,161
60960,21469207,21469262,55
60961,21469262,21469382,120
60962,21469382,21470027,645
60963,21470027,21470886,859
60964,21470886,21471414,528
60965,21471414,21471480,66
60966,21471480,21471486,6
60967,21471486,21471492,6
60968,21471492,21471876,384
60969,21471876,21472574,698
60970,21472574,21472869,295
60971,21472869,21472876,7
60972,21472876,21473485,609
60973,21473485,21473780,295
60974,21473780,21473814,34
60975,21473814,21473966,152
60976,21473966,21474708,742
60977,21474708,21475230,522
60978,21475230,21476153,923
60979,21476153,21477352,1199
60980,21477352,21477393,41
60981,21477393,21477430,37
60982,21477430,21477454,24
60983,21477454,21477573,119
60984,21477573,21477687,114
60985,21477687,21477705,18
60986,21477705,21477787,82
60987,21477787,21477810,23
60988,21477810,21477916,106
60989,21477916,21478041,125
60990,21478041,21478144,103
60991,21478144,21478362,218
60992,21478362,21478395,33
60993,21478395,21478492,97
60994,21478492,21478587,95
60995,21478587,21478654,67
60996,21478654,21478765,111
60997,21478765,21478893,128
60998,21478893,21479228,335
60999,21479228,21479243,15
61000,21479243,21480231,988
61001,21480231,21480262,31
61002,21480262,21480492,230
61003,21480492,21480516,24
61004,21480516,21481483,967
61005,21481483,21482260,777
61006,21482260,21482293,33
61007,21482293,21482313,20
61008,21482313,21482542,229
61009,21482542,21483761,1219
61010,21483761,21484036,275
61011,21484036,21485434,1398
61012,21485434,21485452,18
61013,21485452,21485552,100
61014,21485552,21486911,1359
61015,21486911,21487290,379
61016,21487290,21487935,645
61017,21487935,21487993,58
61018,21487993,21488110,117
61019,21488110,21489341,1231
61020,21489341,21489537,196
61021,21489537,21489699,162
61022,21489699,21491071,1372
61023,21491071,21491465,394
61024,21491465,21492987,1522
61025,21492987,21493339,352
61026,21493339,21493565,226
61027,21493565,21493578,13
61028,21493578,21494765,1187
61029,21494765,21495857,1092
61030,21495857,21496009,152
61031,21496009,21496253,244
61032,21496253,21497997,1744
61033,21497997,21498129,132
61034,21498129,21498471,342
61035,21500500,21501586,1086
61036,21501586,21501971,385
61037,21501971,21502183,212
61038,21502183,21502216,33
61039,21502216,21502463,247
61040,21502463,21502527,64
61041,21502527,21503890,1363
61042,21503890,21504526,636
61043,21504526,21505602,1076
61044,21505602,21505999,397
61045,21505999,21506015,16
61046,21506015,21506051,36
61047,21506051,21507854,1803
61048,21507854,21508540,686
61049,21508540,21510176,1636
61050,21510176,21510189,13
61051,21510189,21511050,861
61052,21511050,21511449,399
61053,21511449,21511826,377
61054,21511826,21512001,175
61055,21512001,21512015,14
61056,21512015,21512102,87
61057,21512102,21512717,615
61058,21512717,21513043,326
61059,21513043,21513823,780
61060,21513823,21513865,42
61061,21513865,21514540,675
61062,21514540,21514856,316
61063,21514856,21515180,324
61064,21515180,21515311,131
61065,21515311,21515888,577
61066,21515888,21516020,132
61067,21516020,21516917,897
61068,21516917,21517613,696
61069,21517613,21517692,79
61070,21517692,21517897,205
61071,21517897,21517919,22
61072,21517919,21518045,126
61073,21518045,21518259,214
61074,21518259,21518676,417
61075,21518676,21518728,52
61076,21518728,21518750,22
61077,21518750,21518808,58
61078,21518808,21518819,11
61079,21518819,21518912,93
61080,21518912,21519091,179
61081,21519091,21519132,41
61082,21519132,21519615,483
61083,21519615,21519625,10
61084,21519625,21519668,43
61085,21519668,21519802,134
61086,21519802,21520342,540
61087,21520342,21520473,131
61088,21520473,21521103,630
61089,21521103,21523030,1927
61090,21523030,21523711,681
61091,21523711,21524003,292
61092,21524003,21524220,217
61093,21524220,21524785,565
61094,21524785,21525476,691
61095,21525476,21526174,698
61096,21526174,21526249,75
61097,21526249,21526291,42
61098,21526291,21526301,10
61099,21526301,21526484,183
61100,21526484,21526506,22
61101,21526506,21527077,571
61102,21527077,21527158,81
61103,21527158,21527922,764
61104,21527922,21527985,63
61105,21527985,21528131,146
61106,21528131,21528184,53
61107,21528184,21528807,623
61108,21528807,21528960,153
61109,21528960,21529064,104
61110,21529064,21529135,71
61111,21529135,21529551,416
61112,21529551,21529569,18
61113,21529569,21529990,421
61114,21529990,21530222,232
61115,21530222,21530264,42
61116,21530264,21531024,760
61117,21531024,21531379,355
61118,21531379,21531547,168
61119,21531547,21531610,63
61120,21531610,21532311,701
61121,21532311,21532317,6
61122,21532317,21532432,115
61123,21532432,21532509,77
61124,21532509,21532774,265
61125,21532774,21533546,772
61126,21533546,21533701,155
61127,21533701,21534260,559
61128,21534260,21534273,13
61129,21534273,21534685,412
61130,21534685,21534768,83
61131,21534768,21535246,478
61132,21535246,21535385,139
61133,21535385,21535728,343
61134,21535728,21535768,40
61135,21535768,21535958,190
61136,21535958,21536460,502
61137,21536460,21536517,57
61138,21536517,21536562,45
61139,21536562,21536890,328
61140,21536890,21537205,315
61141,21537205,21537888,683
61142,21537888,21538005,117
61143,21538005,21538272,267
61144,21538272,21538503,231
61145,21538503,21538730,227
61146,21538730,21538773,43
61147,21538773,21538929,156
61148,21538929,21539088,159
61149,21539088,21539283,195
61150,21539283,21539796,513
61151,21539796,21540268,472
61152,21540268,21540678,410
61153,21540678,21540896,218
61154,21540896,21541245,349
61155,21541245,21541580,335
61156,21541580,21541595,15
61157,21541595,21542052,457
61158,21542052,21542244,192
61159,21542244,21542454,210
61160,21542454,21542953,499
61161,21542953,21542986,33
61162,21542986,21543577,591
61163,21543577,21543904,327
61164,21543904,21544068,164
61165,21544068,21544519,451
61166,21544519,21545260,741
61167,21545260,21545758,498
61168,21545758,21545840,82
61169,21545840,21545966,126
61170,21545966,21546026,60
61171,21546026,21546048,22
61172,21546048,21546352,304
61173,21546352,21546433,81
61174,21546433,21546925,492
61175,21546925,21547447,522
61176,21547447,21547678,231
61177,21547678,21548569,891
61178,21548569,21548728,159
61179,21548728,21548773,45
61180,21548773,21549340,567
61181,21549340,21549353,13
61182,21549353,21550611,1258
61183,21550611,21550831,220
61184,21550831,21550847,16
61185,21550847,21551608,761
61186,21551608,21551923,315
61187,21551923,21552053,130
61188,21552053,21552644,591
61189,21552644,21553848,1204
61190,21553848,21553857,9
61191,21553857,21553912,55
61192,21553912,21554454,542
61193,21554454,21554464,10
61194,21554464,21554557,93
61195,21554557,21554907,350
61196,21554907,21555733,826
61197,21555733,21555871,138
61198,21555871,21556251,380
61199,21556251,21556257,6
61200,21556257,21557272,1015
61201,21557272,21558757,1485
61202,21558757,21558764,7
61203,21558764,21559004,240
61204,21559004,21559042,38
61205,21559042,21559118,76
61206,21559118,21559369,251
61207,21559369,21560222,853
61208,21560222,21560457,235
61209,21560457,21560976,519
61210,21560976,21562664,1688
61211,21562664,21562891,227
61212,21562891,21563116,225
61213,21563116,21563851,735
61214,21563851,21564252,401
61215,21564252,21564322,70
61216,21564322,21565408,1086
61217,21565408,21565434,26
61218,21565434,21565607,173
61219,21565607,21566341,734
61220,21566341,21566402,61
61221,21566402,21566441,39
61222,21566441,21567073,632
61223,21567073,21567155,82
61224,21567155,21567165,10
61225,21567165,21569673,2508
61226,21572224,21572262,38
61227,21572262,21572354,92
61228,21572354,21573055,701
61229,21573055,21573067,12
61230,21573067,21573115,48
61231,21573115,21573353,238
61232,21573353,21574500,1147
61233,21576409,21576523,114
61234,21576523,21576657,134
61235,21576657,21578870,2213
61236,21578870,21579703,833
61237,21579703,21581092,1389
61238,21581092,21581335,243
61239,21581335,21581706,371
61240,21581706,21581729,23
61241,21581729,21581969,240
61242,21581969,21582655,686
61243,21582655,21583528,873
61244,21583528,21583920,392
61245,21583920,21584172,252
61246,21584172,21585171,999
61247,21585171,21585438,267
61248,21585438,21585546,108
61249,21585546,21586068,522
61250,21586068,21586128,60
61251,21586128,21586158,30
61252,21586158,21586211,53
61253,21586211,21586236,25
61254,21586236,21586396,160
61255,21586396,21586432,36
61256,21586432,21586562,130
61257,21586562,21586845,283
61258,21586845,21587194,349
61259,21587194,21587746,552
61260,21587746,21588824,1078
61261,21588824,21589090,266
61262,21589090,21590280,1190
61263,21590280,21590746,466
61264,21590746,21591235,489
61265,21591235,21591376,141
61266,21591376,21591380,4
61267,21591380,21591694,314
61268,21591694,21591862,168
61269,21591862,21592296,434
61270,21592296,21593110,814
61271,21593110,21593359,249
61272,21593359,21593484,125
61273,21593484,21594137,653
61274,21594137,21594384,247
61275,21594384,21595329,945
61276,21595329,21595397,68
61277,21595397,21595403,6
61278,21595403,21596205,802
61279,21596205,21596360,155
61280,21596360,21596422,62
61281,21596422,21596766,344
61282,21596766,21596848,82
61283,21596848,21597154,306
61284,21597154,21597332,178
61285,21597332,21597438,106
61286,21597438,21597580,142
61287,21597580,21598169,589
61288,21598169,21598198,29
61289,21598198,21598716,518
61290,21598716,21598793,77
61291,21598793,21598896,103
61292,21598896,21599322,426
61293,21599322,21599420,98
61294,21599420,21599963,543
61295,21599963,21600104,141
61296,21600104,21600236,132
61297,21600236,21600995,759
61298,21600995,21601010,15
61299,21601010,21601192,182
61300,21601192,21601271,79
61301,21601271,21601377,106
61302,21601377,21601504,127
61303,21601504,21601649,145
61304,21601649,21601978,329
61305,21601978,21602069,91
61306,21602069,21602090,21
61307,21602090,21602296,206
61308,21602296,21602393,97
61309,21602393,21603071,678
61310,21603071,21603230,159
61311,21603230,21603426,196
61312,21603426,21603459,33
61313,21603459,21603564,105
61314,21603564,21603641,77
61315,21603641,21603706,65
61316,21603706,21604283,577
61317,21604283,21604337,54
61318,21604337,21604747,410
61319,21604747,21605095,348
61320,21605095,21605103,8
61321,21605103,21606092,989
61322,21606092,21606103,11
61323,21606103,21606186,83
61324,21606186,21606516,330
61325,21606516,21606670,154
61326,21606670,21606850,180
61327,21606850,21607004,154
61328,21607004,21607055,51
61329,21607055,21607220,165
61330,21607220,21607609,389
61331,21607609,21607802,193
61332,21607802,21607899,97
61333,21607899,21607908,9
61334,21607908,21608290,382
61335,21608290,21608629,339
61336,21608629,21608760,131
61337,21608760,21608833,73
61338,21608833,21608899,66
61339,21608899,21609340,441
61340,21609340,21609585,245
61341,21609585,21609813,228
61342,21609813,21609846,33
61343,21609846,21610857,1011
61344,21610857,21611017,160
61345,21611017,21611050,33
61346,21611050,21611384,334
61347,21611384,21611657,273
61348,21611657,21611926,269
61349,21611926,21612187,261
61350,21612187,21612198,11
61351,21612198,21612281,83
61352,21612281,21612611,330
61353,21612611,21612765,154
61354,21612765,21612942,177
61355,21612942,21613096,154
61356,21613096,21613147,51
61357,21613147,21613312,165
61358,21613312,21613701,389
61359,21613701,21613894,193
61360,21613894,21613991,97
61361,21613991,21614000,9
61362,21614000,21614382,382
61363,21614382,21614721,339
61364,21614721,21614852,131
61365,21614852,21614925,73
61366,21614925,21614991,66
61367,21614991,21615432,441
61368,21615432,21615677,245
61369,21615677,21615905,228
61370,21615905,21615938,33
61371,21615938,21616949,1011
61372,21616949,21617109,160
61373,21617109,21617142,33
61374,21617142,21617476,334
61375,21617476,21617749,273
61376,21617749,21618018,269
61377,21618018,21618279,261
61378,21618279,21618290,11
61379,21618290,21618373,83
61380,21618373,21618703,330
61381,21618703,21618857,154
61382,21618857,21619034,177
61383,21619034,21619188,154
61384,21619188,21619239,51
61385,21619239,21619404,165
61386,21619404,21619793,389
61387,21619793,21619986,193
61388,21619986,21620083,97
61389,21620083,21620092,9
61390,21620092,21620474,382
61391,21620474,21620813,339
61392,21620813,21620944,131
61393,21620944,21621017,73
61394,21621017,21621083,66
61395,21621083,21621524,441
61396,21621524,21621769,245
61397,21621769,21621997,228
61398,21621997,21622030,33
61399,21622030,21623057,1027
61400,21623057,21623217,160
61401,21623217,21623250,33
61402,21623250,21623584,334
61403,21623584,21623974,390
61404,21623974,21624291,317
61405,21624291,21624444,153
61406,21624444,21624540,96
61407,21624540,21626139,1599
61408,21626139,21626542,403
61409,21626542,21627440,898
61410,21627440,21628335,895
61411,21628335,21628400,65
61412,21628400,21628484,84
61413,21628484,21628724,240
61414,21628724,21629049,325
61415,21629049,21629064,15
61416,21629064,21629377,313
61417,21629377,21629575,198
61418,21631251,21631419,168
61419,21631419,21632897,1478
61420,21632897,21632982,85
61421,21632982,21634018,1036
61422,21634018,21634361,343
61423,21634361,21635509,1148
61424,21635509,21635513,4
61425,21635513,21636114,601
61426,21636114,21637287,1173
61427,21637287,21637712,425
61428,21637712,21637785,73
61429,21637785,21639193,1408
61430,21639193,21639707,514
61431,21639707,21639771,64
61432,21639771,21639777,6
61433,21639777,21639793,16
61434,21639793,21639829,36
61435,21639829,21640269,440
61436,21640269,21640292,23
61437,21640292,21640682,390
61438,21640682,21641595,913
61439,21641595,21642401,806
61440,21642401,21642927,526
61441,21642927,21643146,219
61442,21643146,21643176,30
61443,21643176,21645086,1910
61444,21645086,21645537,451
61445,21645537,21646353,816
61446,21646353,21646511,158
61447,21646511,21646520,9
61448,21646520,21646743,223
61449,21646743,21646816,73
61450,21646816,21646865,49
61451,21646865,21646877,12
61452,21646877,21647063,186
61453,21647063,21648649,1586
61454,21648649,21649374,725
61455,21649374,21649407,33
61456,21649407,21649416,9
61457,21649416,21649516,100
61458,21649516,21649549,33
61459,21649549,21649623,74
61460,21649623,21650022,399
61461,21650022,21650164,142
61462,21650164,21650889,725
61463,21650889,21651492,603
61464,21651492,21651533,41
61465,21651533,21651765,232
61466,21655365,21655388,23
61467,21655388,21655636,248
61468,21655636,21655728,92
61469,21655728,21656328,600
61470,21656328,21656634,306
61471,21656634,21656772,138
61472,21656772,21657816,1044
61473,21657816,21657995,179
61474,21657995,21658569,574
61475,21658569,21658581,12
61476,21658581,21658842,261
61477,21658842,21659142,300
61478,21659142,21660003,861
61479,21660003,21660242,239
61480,21660242,21660249,7
61481,21660249,21660856,607
61482,21660856,21660963,107
61483,21660963,21662030,1067
61484,21662030,21662258,228
61485,21662258,21662387,129
61486,21662387,21662932,545
61487,21662932,21663006,74
61488,21663006,21663481,475
61489,21663481,21663596,115
61490,21663596,21663762,166
61491,21663762,21664556,794
61492,21664556,21664686,130
61493,21664686,21664747,61
61494,21664747,21664759,12
61495,21664759,21665075,316
61496,21665075,21665152,77
61497,21665152,21665502,350
61498,21665502,21665601,99
61499,21665601,21665706,105
61500,21665706,21666463,757
61501,21666463,21667801,1338
61502,21667801,21667951,150
61503,21667951,21668187,236
61504,21668187,21668654,467
61505,21668654,21668683,29
61506,21668683,21668740,57
61507,21668740,21668777,37
61508,21668777,21668963,186
61509,21668963,21669313,350
61510,21669313,21669521,208
61511,21669521,21669746,225
61512,21669746,21671445,1699
61513,21671445,21671547,102
61514,21671547,21672798,1251
61515,21672798,21673170,372
61516,21673170,21673490,320
61517,21673490,21673805,315
61518,21673805,21674554,749
61519,21674554,21674870,316
61520,21674870,21675187,317
61521,21675187,21676086,899
61522,21676086,21677384,1298
61523,21677384,21678266,882
61524,21678266,21678421,155
61525,21678421,21679846,1425
61526,21679846,21680650,804
61527,21680650,21680802,152
61528,21680802,21680825,23
61529,21680825,21681259,434
61530,21681259,21681414,155
61531,21681414,21682296,882
61532,21682296,21683811,1515
61533,21683811,21684455,644
61534,21684455,21686261,1806
61535,21686261,21686321,60
61536,21686321,21686333,12
61537,21686333,21686362,29
61538,21686362,21686460,98
61539,21686460,21687459,999
61540,21687459,21687481,22
61541,21687481,21687504,23
61542,21687504,21687686,182
61543,21687686,21687923,237
61544,21687923,21688149,226
61545,21688149,21688613,464
61546,21688613,21689382,769
61547,21689382,21689529,147
61548,21689529,21689552,23
61549,21689552,21689574,22
61550,21689574,21689984,410
61551,21689984,21690631,647
61552,21690631,21691783,1152
61553,21691783,21691798,15
61554,21691798,21692011,213
61555,21692011,21692020,9
61556,21692020,21692075,55
61557,21692075,21692517,442
61558,21692517,21692667,150
61559,21692667,21692676,9
61560,21692676,21692779,103
61561,21692779,21693558,779
61562,21693558,21693659,101
61563,21693659,21693786,127
61564,21693786,21693808,22
61565,21693808,21693831,23
61566,21693831,21693978,147
61567,21693978,21694846,868
61568,21694846,21695269,423
61569,21695269,21695310,41
61570,21695310,21695536,226
61571,21695536,21695761,225
61572,21695761,21695988,227
61573,21695988,21696892,904
61574,21696892,21697039,147
61575,21697039,21697062,23
61576,21697062,21697084,22
61577,21697084,21697212,128
61578,21697212,21697313,101
61579,21697313,21698093,780
61580,21698093,21698196,103
61581,21698196,21698205,9
61582,21698205,21698355,150
61583,21698355,21698797,442
61584,21698797,21698852,55
61585,21698852,21698861,9
61586,21698861,21699074,213
61587,21699074,21699089,15
61588,21699089,21700241,1152
61589,21700241,21700888,647
61590,21700888,21701298,410
61591,21701298,21701320,22
61592,21701320,21701343,23
61593,21701343,21701490,147
61594,21701490,21702394,904
61595,21702394,21702621,227
61596,21702621,21702846,225
61597,21702846,21703072,226
61598,21703072,21703113,41
61599,21703113,21703536,423
61600,21703536,21704335,799
61601,21704335,21704482,147
61602,21704482,21704505,23
61603,21704505,21704527,22
61604,21704527,21704779,252
61605,21704779,21704931,152
61606,21704931,21704954,23
61607,21704954,21706075,1121
61608,21706075,21706135,60
61609,21706135,21706147,12
61610,21706147,21706176,29
61611,21706176,21706975,799
61612,21706975,21707265,290
61613,21707265,21707825,560
61614,21707825,21707876,51
61615,21707876,21708195,319
61616,21708195,21709479,1284
61617,21709479,21709631,152
61618,21709631,21709654,23
61619,21709654,21710084,430
61620,21710084,21710239,155
61621,21710239,21711121,882
61622,21711121,21711496,375
61623,21711496,21712268,772
61624,21712268,21712472,204
61625,21712472,21712537,65
61626,21712537,21712544,7
61627,21712544,21712795,251
61628,21712795,21713013,218
61629,21713013,21713153,140
61630,21713153,21713548,395
61631,21713548,21713570,22
61632,21713570,21713733,163
61633,21713733,21714039,306
61634,21714039,21714080,41
61635,21714080,21714697,617
61636,21714697,21714801,104
61637,21714801,21714852,51
61638,21714852,21715054,202
61639,21715054,21715667,613
61640,21715667,21715732,65
61641,21715732,21715766,34
61642,21715766,21716911,1145
61643,21716911,21717075,164
61644,21717075,21717312,237
61645,21717312,21718000,688
61646,21718000,21718384,384
61647,21718384,21718615,231
61648,21718615,21718842,227
61649,21718842,21718885,43
61650,21718885,21719041,156
61651,21719041,21719200,159
61652,21719200,21719395,195
61653,21719395,21719908,513
61654,21719908,21720380,472
61655,21720380,21720790,410
61656,21720790,21721008,218
61657,21721008,21721345,337
61658,21721345,21721680,335
61659,21721680,21721695,15
61660,21721695,21722345,650
61661,21722345,21722603,258
61662,21722603,21723102,499
61663,21723102,21723135,33
61664,21723135,21723799,664
61665,21723799,21723905,106
61666,21723905,21723967,62
61667,21723967,21724341,374
61668,21724341,21724834,493
61669,21724834,21724845,11
61670,21724845,21725190,345
61671,21725190,21726261,1071
61672,21726261,21726270,9
61673,21726270,21727029,759
61674,21727029,21727111,82
61675,21727111,21727225,114
61676,21727225,21727449,224
61677,21727449,21727579,130
61678,21727579,21727650,71
61679,21727650,21728143,493
61680,21728143,21728307,164
61681,21728307,21728661,354
61682,21728661,21728866,205
61683,21728866,21729073,207
61684,21729073,21729888,815
61685,21729888,21730211,323
61686,21730211,21731130,919
61687,21731130,21731192,62
61688,21731192,21731566,374
61689,21731566,21731685,119
61690,21731685,21731867,182
61691,21731867,21731927,60
61692,21731927,21731939,12
61693,21731939,21731968,29
61694,21731968,21732768,800
61695,21732768,21732947,179
61696,21732947,21733042,95
61697,21733042,21733405,363
61698,21733405,21734081,676
61699,21734081,21734103,22
61700,21734103,21734198,95
61701,21734198,21734255,57
61702,21734255,21734363,108
61703,21734363,21734431,68
61704,21734431,21734528,97
61705,21734528,21734830,302
61706,21734830,21736626,1796
61707,21736626,21736697,71
61708,21736697,21737304,607
61709,21737304,21737641,337
61710,21737641,21737722,81
61711,21737722,21738286,564
61712,21738286,21738293,7
61713,21738293,21738718,425
61714,21738718,21739765,1047
61715,21739765,21740152,387
61716,21740152,21740177,25
61717,21740177,21740460,283
61718,21740460,21740943,483
61719,21740943,21742076,1133
61720,21742076,21742181,105
61721,21742181,21742280,99
61722,21742280,21742630,350
61723,21742630,21742707,77
61724,21742707,21743023,316
61725,21743023,21743035,12
61726,21743035,21743096,61
61727,21743096,21743226,130
61728,21743226,21744393,1167
61729,21744393,21744548,155
61730,21744548,21745963,1415
61731,21745963,21747645,1682
61732,21747645,21747705,60
61733,21747705,21747717,12
61734,21747717,21747746,29
61735,21747746,21748545,799
61736,21748545,21748835,290
61737,21748835,21749395,560
61738,21749395,21749446,51
61739,21749446,21749769,323
61740,21749769,21751176,1407
61741,21751176,21751185,9
61742,21751185,21751264,79
61743,21751264,21751515,251
61744,21751515,21751537,22
61745,21751537,21751804,267
61746,21751804,21751886,82
61747,21751886,21752204,318
61748,21752204,21752369,165
61749,21752369,21752579,210
61750,21752579,21752681,102
61751,21752681,21753413,732
61752,21753413,21753709,296
61753,21753709,21753759,50
61754,21753759,21753785,26
61755,21753785,21753865,80
61756,21753865,21754061,196
61757,21754061,21754163,102
61758,21754163,21755942,1779
61759,21755942,21756343,401
61760,21756343,21756366,23
61761,21756366,21756786,420
61762,21756786,21757111,325
61763,21757111,21757798,687
61764,21757798,21757850,52
61765,21757850,21758325,475
61766,21758325,21758396,71
61767,21758396,21758645,249
61768,21758645,21758679,34
61769,21758679,21758785,106
61770,21758785,21758949,164
61771,21758949,21759005,56
61772,21759005,21759273,268
61773,21759273,21759438,165
61774,21759438,21760024,586
61775,21760024,21760204,180
61776,21760204,21760275,71
61777,21760275,21760860,585
61778,21760860,21761145,285
61779,21761145,21761164,19
61780,21761164,21761748,584
61781,21761748,21761790,42
61782,21761790,21762550,760
61783,21762550,21763069,519
61784,21763069,21763092,23
61785,21763092,21763668,576
61786,21763668,21763962,294
61787,21763962,21764064,102
61788,21764064,21764096,32
61789,21764096,21764198,102
61790,21764198,21764586,388
61791,21764586,21764890,304
61792,21764890,21765047,157
61793,21765047,21765276,229
61794,21765276,21765327,51
61795,21765327,21765479,152
61796,21765479,21765547,68
61797,21765547,21765558,11
61798,21765558,21765663,105
61799,21765663,21765978,315
61800,21765978,21766895,917
61801,21766895,21766904,9
61802,21766904,21766950,46
61803,21766950,21767040,90
61804,21767040,21767152,112
61805,21767152,21767234,82
61806,21767234,21767536,302
61807,21767536,21767652,116
61808,21767652,21768734,1082
61809,21770487,21770667,180
61810,21770667,21770716,49
61811,21770716,21772044,1328
61812,21772044,21772608,564
61813,21772608,21772632,24
61814,21772632,21772743,111
61815,21772743,21772802,59
61816,21772802,21773345,543
61817,21773345,21774075,730
61818,21774075,21774389,314
61819,21774389,21774475,86
61820,21774475,21774538,63
61821,21774538,21774601,63
61822,21774601,21774664,63
61823,21774664,21774911,247
61824,21774911,21775162,251
61825,21775162,21776484,1322
61826,21776484,21777393,909
61827,21777393,21777676,283
61828,21777676,21778046,370
61829,21778046,21778376,330
61830,21778376,21778502,126
61831,21778502,21778749,247
61832,21778749,21780200,1451
61833,21780200,21780424,224
61834,21780424,21780801,377
61835,21780801,21781647,846
61836,21781647,21782692,1045
61837,21782692,21782722,30
61838,21782722,21783597,875
61839,21783597,21784186,589
61840,21784186,21784488,302
61841,21784488,21785102,614
61842,21785102,21785188,86
61843,21785188,21785468,280
61844,21785468,21785709,241
61845,21785709,21786204,495
61846,21786204,21786498,294
61847,21786498,21786540,42
61848,21786540,21786574,34
61849,21786574,21787140,566
61850,21787140,21787444,304
61851,21787444,21787759,315
61852,21787759,21788352,593
61853,21788352,21788827,475
61854,21788827,21789426,599
61855,21789426,21789482,56
61856,21789482,21790011,529
61857,21790011,21790618,607
61858,21790618,21790686,68
61859,21790686,21790699,13
61860,21790699,21791350,651
61861,21791350,21791536,186
61862,21791536,21791861,325
61863,21791861,21792207,346
61864,21792207,21792404,197
61865,21792404,21792709,305
61866,21792709,21793089,380
61867,21793089,21793884,795
61868,21793884,21794364,480
61869,21794364,21794986,622
61870,21794986,21795221,235
61871,21795221,21795279,58
61872,21795279,21796145,866
61873,21796145,21796322,177
61874,21796322,21796581,259
61875,21796581,21796748,167
61876,21796748,21796757,9
61877,21796757,21796762,5
61878,21796762,21797231,469
61879,21797231,21797259,28
61880,21797259,21797564,305
61881,21797564,21797622,58
61882,21797622,21798010,388
61883,21798010,21798361,351
61884,21798361,21798739,378
61885,21798739,21799204,465
61886,21799204,21799361,157
61887,21799361,21799571,210
61888,21799571,21799663,92
61889,21799663,21799674,11
61890,21799674,21800439,765
61891,21800439,21800463,24
61892,21800463,21800919,456
61893,21800919,21800958,39
61894,21800958,21801034,76
61895,21801034,21801234,200
61896,21801234,21801748,514
61897,21801748,21802779,1031
61898,21802779,21803424,645
61899,21803424,21803727,303
61900,21803727,21803818,91
61901,21803818,21804824,1006
61902,21804824,21804975,151
61903,21804975,21805118,143
61904,21805118,21805421,303
61905,21805421,21805917,496
61906,21805917,21806316,399
61907,21806316,21806958,642
61908,21806958,21808524,1566
61909,21808524,21809184,660
61910,21809184,21810015,831
61911,21810015,21810051,36
61912,21810051,21810865,814
61913,21810865,21810999,134
61914,21810999,21811568,569
61915,21811568,21811938,370
61916,21811938,21812239,301
61917,21812239,21812279,40
61918,21812279,21812690,411
61919,21812690,21812752,62
61920,21812752,21813191,439
61921,21813191,21813381,190
61922,21813381,21813793,412
61923,21813793,21814230,437
61924,21814230,21814347,117
61925,21814347,21814389,42
61926,21814389,21814696,307
61927,21814696,21814757,61
61928,21814757,21814768,11
61929,21814768,21814875,107
61930,21814875,21814902,27
61931,21814902,21815008,106
61932,21815008,21815369,361
61933,21815369,21815797,428
61934,21815797,21816876,1079
61935,21816876,21816942,66
61936,21816942,21817138,196
61937,21817138,21817951,813
61938,21817951,21818107,156
61939,21818107,21818395,288
61940,21818395,21818415,20
61941,21818415,21818470,55
61942,21818470,21818573,103
61943,21818573,21818997,424
61944,21818997,21819012,15
61945,21819012,21819918,906
61946,21819918,21819949,31
61947,21819949,21820874,925
61948,21820874,21820958,84
61949,21820958,21821459,501
61950,21821459,21821615,156
61951,21821615,21821903,288
61952,21821903,21821923,20
61953,21821923,21821978,55
61954,21821978,21822081,103
61955,21822081,21822544,463
61956,21822544,21822577,33
61957,21822577,21823276,699
61958,21823276,21824875,1599
61959,21824875,21825155,280
61960,21825155,21825631,476
61961,21825631,21826199,568
61962,21826199,21827798,1599
61963,21827798,21828078,280
61964,21828078,21828554,476
61965,21828554,21829201,647
61966,21829201,21831283,2082
61967,21831283,21831291,8
61968,21831291,21831390,99
61969,21831390,21831927,537
61970,21831927,21832586,659
61971,21832586,21832973,387
61972,21832973,21833029,56
61973,21833029,21833542,513
61974,21833542,21833898,356
61975,21833898,21835497,1599
61976,21835497,21835777,280
61977,21835777,21836253,476
61978,21836253,21836422,169
61979,21836422,21836509,87
61980,21836509,21837148,639
61981,21837148,21837945,797
61982,21837945,21838067,122
61983,21838067,21838622,555
61984,21838622,21838644,22
61985,21838644,21838761,117
61986,21838761,21839390,629
61987,21839390,21839729,339
61988,21839729,21839777,48
61989,21839777,21839937,160
61990,21839937,21840008,71
61991,21840008,21840186,178
61992,21840186,21840525,339
61993,21840525,21841036,511
61994,21841036,21841047,11
61995,21841047,21841487,440
61996,21841487,21841492,5
61997,21841492,21841882,390
61998,21841882,21842402,520
61999,21842402,21842845,443
62000,21842845,21843338,493
62001,21843338,21843425,87
62002,21843425,21843849,424
62003,21843849,21843872,23
62004,21843872,21844690,818
62005,21844690,21844791,101
62006,21844791,21844823,32
62007,21844823,21844924,101
62008,21844924,21846107,1183
62009,21846107,21846175,68
62010,21846175,21846323,148
62011,21846323,21846425,102
62012,21846425,21846740,315
62013,21846740,21847418,678
62014,21847418,21847760,342
62015,21847760,21847952,192
62016,21847952,21848024,72
62017,21848024,21848654,630
62018,21848654,21848782,128
62019,21848782,21848882,100
62020,21848882,21849145,263
62021,21849145,21851307,2162
62022,21851307,21851797,490
62023,21851797,21852283,486
62024,21852283,21852508,225
62025,21852508,21852788,280
62026,21852788,21853264,476
62027,21853264,21853832,568
62028,21853832,21855089,1257
62029,21855089,21855487,398
62030,21855487,21857600,2113
62031,21857600,21859359,1759
62032,21859359,21859517,158
62033,21859517,21860087,570
62034,21860087,21860436,349
62035,21860436,21860720,284
62036,21860720,21861248,528
62037,21861248,21861494,246
62038,21861494,21863353,1859
62039,21863353,21864135,782
62040,21864135,21864415,280
62041,21864415,21864891,476
62042,21864891,21865459,568
62043,21865459,21865653,194
62044,21865653,21865692,39
62045,21865692,21865923,231
62046,21865923,21866263,340
62047,21866263,21866654,391
62048,21866654,21866712,58
62049,21866712,21867100,388
62050,21867100,21867452,352
62051,21867452,21867869,417
62052,21867869,21868628,759
62053,21868628,21869591,963
62054,21869591,21869748,157
62055,21869748,21869958,210
62056,21869958,21870050,92
62057,21870050,21870061,11
62058,21870061,21870822,761
62059,21870822,21870846,24
62060,21870846,21871302,456
62061,21871302,21871341,39
62062,21871341,21871417,76
62063,21871417,21871617,200
62064,21871617,21872134,517
62065,21872134,21873116,982
62066,21873116,21873761,645
62067,21873761,21874064,303
62068,21874064,21874155,91
62069,21874155,21875161,1006
62070,21875161,21875312,151
62071,21875312,21875455,143
62072,21875455,21875758,303
62073,21875758,21876254,496
62074,21876254,21876653,399
62075,21876653,21877222,569
62076,21877222,21877339,117
62077,21877339,21877381,42
62078,21877381,21877688,307
62079,21877688,21877749,61
62080,21877749,21877760,11
62081,21877760,21877867,107
62082,21877867,21877894,27
62083,21877894,21878000,106
62084,21878000,21878361,361
62085,21878361,21878789,428
62086,21878789,21879868,1079
62087,21879868,21879934,66
62088,21879934,21880130,196
62089,21880130,21880502,372
62090,21880502,21880900,398
62091,21880900,21883013,2113
62092,21883013,21883777,764
62093,21883777,21883935,158
62094,21883935,21884505,570
62095,21884505,21884854,349
62096,21884854,21885138,284
62097,21885138,21885666,528
62098,21885666,21885912,246
62099,21888646,21888802,156
62100,21888802,21889090,288
62101,21889090,21889110,20
62102,21889110,21889165,55
62103,21889165,21889269,104
62104,21889269,21889693,424
62105,21889693,21889708,15
62106,21889708,21890614,906
62107,21890614,21890645,31
62108,21890645,21891570,925
62109,21891570,21891654,84
62110,21891654,21892155,501
62111,21892155,21892311,156
62112,21892311,21892599,288
62113,21892599,21892619,20
62114,21892619,21892674,55
62115,21892674,21892778,104
62116,21892778,21893240,462
62117,21893240,21893273,33
62118,21893273,21893958,685
62119,21893958,21893997,39
62120,21893997,21894228,231
62121,21894228,21894546,318
62122,21894546,21896001,1455
62123,21896001,21896014,13
62124,21896014,21896581,567
62125,21896581,21896626,45
62126,21896626,21896785,159
62127,21896785,21897676,891
62128,21897676,21897907,231
62129,21897907,21898429,522
62130,21898429,21898921,492
62131,21898921,21899002,81
62132,21899002,21899306,304
62133,21899306,21899328,22
62134,21899328,21899388,60
62135,21899388,21899511,123
62136,21899511,21899635,124
62137,21899635,21900346,711
62138,21900346,21900463,117
62139,21900463,21901178,715
62140,21901178,21901365,187
62141,21901365,21901534,169
62142,21901534,21902096,562
62143,21902096,21902178,82
62144,21902178,21902676,498
62145,21902676,21903417,741
62146,21903417,21903867,450
62147,21903867,21904259,392
62148,21904259,21904317,58
62149,21904317,21905655,1338
62150,21905655,21906459,804
62151,21906459,21906757,298
62152,21906757,21907817,1060
62153,21907817,21907879,62
62154,21907879,21908253,374
62155,21908253,21908296,43
62156,21908296,21908627,331
62157,21908627,21908799,172
62158,21908799,21908929,130
62159,21908929,21909068,139
62160,21909068,21909075,7
62161,21909075,21909982,907
62162,21909982,21910104,122
62163,21910104,21910341,237
62164,21910341,21911327,986
62165,21911327,21911700,373
62166,21911700,21913929,2229
62167,21913929,21914054,125
62168,21914054,21914244,190
62169,21914244,21914358,114
62170,21914358,21914759,401
62171,21914759,21915136,377
62172,21915136,21915361,225
62173,21915361,21915822,461
62174,21915822,21916002,180
62175,21916002,21916701,699
62176,21916701,21917882,1181
62177,21917882,21917994,112
62178,21917994,21918023,29
62179,21918023,21918121,98
62180,21918121,21919186,1065
62181,21919186,21919237,51
62182,21919237,21919402,165
62183,21919402,21919546,144
62184,21919546,21919686,140
62185,21919686,21919847,161
62186,21919847,21919944,97
62187,21919944,21920080,136
62188,21920080,21920204,124
62189,21920204,21920228,24
62190,21920228,21920339,111
62191,21920339,21920398,59
62192,21920398,21920941,543
62193,21920941,21921232,291
62194,21921232,21921586,354
62195,21921586,21921640,54
62196,21921640,21921985,345
62197,21921985,21922071,86
62198,21922071,21922134,63
62199,21922134,21922197,63
62200,21922197,21922260,63
62201,21922260,21922515,255
62202,21922515,21922766,251
62203,21922766,21923833,1067
62204,21923833,21924536,703
62205,21924536,21924866,330
62206,21924866,21925275,409
62207,21925275,21925299,24
62208,21925299,21925496,197
62209,21925496,21926106,610
62210,21926106,21926185,79
62211,21926185,21926487,302
62212,21926487,21927715,1228
62213,21927715,21927738,23
62214,21927738,21928250,512
62215,21928250,21928365,115
62216,21928365,21928588,223
62217,21928588,21928690,102
62218,21928690,21929071,381
62219,21929071,21929362,291
62220,21929362,21929404,42
62221,21929404,21929438,34
62222,21929438,21930004,566
62223,21930004,21930309,305
62224,21930309,21930911,602
62225,21930911,21931386,475
62226,21931386,21932042,656
62227,21932042,21932590,548
62228,21932590,21933700,1110
62229,21933700,21933806,106
62230,21933806,21933847,41
62231,21933847,21933857,10
62232,21933857,21934188,331
62233,21934188,21934238,50
62234,21934238,21934619,381
62235,21934619,21934639,20
62236,21934639,21935046,407
62237,21935046,21935360,314
62238,21935360,21935740,380
62239,21935740,21936532,792
62240,21936532,21937017,485
62241,21937017,21937523,506
62242,21937523,21937758,235
62243,21937758,21937816,58
62244,21937816,21938683,867
62245,21938683,21938861,178
62246,21938861,21939123,262
62247,21939123,21939290,167
62248,21939290,21939299,9
62249,21939299,21939304,5
62250,21939304,21939773,469
62251,21939773,21939801,28
62252,21939801,21939983,182
62253,21939983,21940336,353
62254,21940336,21940792,456
62255,21940792,21941557,765
62256,21941557,21941864,307
62257,21941864,21942055,191
62258,21942055,21942520,465
62259,21942520,21942677,157
62260,21942677,21942887,210
62261,21942887,21942979,92
62262,21942979,21942990,11
62263,21942990,21943774,784
62264,21943774,21944224,450
62265,21944224,21944263,39
62266,21944263,21944339,76
62267,21944339,21944539,200
62268,21944539,21945027,488
62269,21945027,21946028,1001
62270,21946028,21946187,159
62271,21946187,21946232,45
62272,21946232,21946379,147
62273,21946379,21946713,334
62274,21946713,21948009,1296
62275,21948009,21949198,1189
62276,21949198,21949957,759
62277,21949957,21949979,22
62278,21949979,21950222,243
62279,21950222,21951164,942
62280,21951164,21951613,449
62281,21951613,21951927,314
62282,21951927,21952274,347
62283,21952274,21952284,10
62284,21952284,21953169,885
62285,21953169,21953613,444
62286,21953613,21953618,5
62287,21953618,21954203,585
62288,21954203,21954429,226
62289,21954429,21954663,234
62290,21954663,21954827,164
62291,21954827,21954868,41
62292,21954868,21955485,617
62293,21955485,21955589,104
62294,21955589,21955640,51
62295,21955640,21955842,202
62296,21955842,21956458,616
62297,21956458,21956523,65
62298,21956523,21956556,33
62299,21956556,21956911,355
62300,21956911,21956927,16
62301,21956927,21957078,151
62302,21957078,21957122,44
62303,21957122,21957141,19
62304,21957141,21957848,707
62305,21957848,21958296,448
62306,21958296,21959172,876
62307,21959172,21959195,23
62308,21959195,21959293,98
62309,21959293,21959936,643
62310,21959936,21960024,88
62311,21960024,21961069,1045
62312,21961069,21961240,171
62313,21961240,21961279,39
62314,21961279,21962167,888
62315,21962167,21962640,473
62316,21962640,21962980,340
62317,21962980,21963409,429
62318,21963409,21963835,426
62319,21963835,21963991,156
62320,21963991,21964279,288
62321,21964279,21964299,20
62322,21964299,21964354,55
62323,21964354,21964458,104
62324,21964458,21964882,424
62325,21964882,21964897,15
62326,21964897,21965235,338
62327,21965235,21965737,502
62328,21965737,21966591,854
62329,21966591,21966721,130
62330,21966721,21966916,195
62331,21966916,21968018,1102
62332,21968018,21968498,480
62333,21968498,21969212,714
62334,21969212,21969216,4
62335,21969216,21969632,416
62336,21969632,21969677,45
62337,21969677,21969764,87
62338,21969764,21970002,238
62339,21970002,21970018,16
62340,21970018,21970779,761
62341,21970779,21971094,315
62342,21971094,21971224,130
62343,21971224,21971819,595
62344,21971819,21972805,986
62345,21972805,21972836,31
62346,21972836,21973768,932
62347,21973768,21973852,84
62348,21973852,21974639,787
62349,21974639,21974720,81
62350,21974720,21974872,152
62351,21974872,21975251,379
62352,21975251,21976014,763
62353,21976014,21976659,645
62354,21976659,21977524,865
62355,21977524,21977608,84
62356,21977608,21977964,356
62357,21977964,21978120,156
62358,21978120,21978408,288
62359,21978408,21978428,20
62360,21978428,21978483,55
62361,21978483,21978587,104
62362,21978587,21979062,475
62363,21979062,21979095,33
62364,21979095,21979785,690
62365,21979785,21979824,39
62366,21979824,21980051,227
62367,21980051,21980390,339
62368,21980390,21980997,607
62369,21980997,21981300,303
62370,21981300,21981391,91
62371,21981391,21982397,1006
62372,21982397,21982548,151
62373,21982548,21982691,143
62374,21982691,21982994,303
62375,21982994,21983490,496
62376,21983490,21983889,399
62377,21983889,21984458,569
62378,21984458,21984574,116
62379,21984574,21984601,27
62380,21984601,21984707,106
62381,21984707,21985068,361
62382,21985068,21985496,428
62383,21985496,21986577,1081
62384,21986577,21986643,66
62385,21986643,21986839,196
62386,21986839,21987211,372
62387,21987211,21987609,398
62388,21987609,21989722,2113
62389,21989722,21990486,764
62390,21990486,21990644,158
62391,21990644,21991214,570
62392,21991214,21991563,349
62393,21991563,21991847,284
62394,21991847,21992375,528
62395,21992375,21992621,246
62396,21995639,21995795,156
62397,21995795,21996083,288
62398,21996083,21996103,20
62399,21996103,21996158,55
62400,21996158,21996262,104
62401,21996262,21996686,424
62402,21996686,21996701,15
62403,21996701,21997607,906
62404,21997607,21997638,31
62405,21997638,21998563,925
62406,21998563,21998647,84
62407,21998647,21999148,501
62408,21999148,21999304,156
62409,21999304,21999878,574
62410,21999878,21999911,33
62411,21999911,22000596,685
62412,22000596,22000635,39
62413,22000635,22000866,231
62414,22000866,22001205,339
62415,22001205,22001597,392
62416,22001597,22001655,58
62417,22001655,22002993,1338
62418,22002993,22003797,804
62419,22003797,22004095,298
62420,22004095,22005307,1212
62421,22005307,22005611,304
62422,22005611,22005644,33
62423,22005644,22006645,1001
62424,22006645,22007208,563
62425,22007208,22007345,137
62426,22007345,22007367,22
62427,22007367,22007450,83
62428,22007450,22007481,31
62429,22007481,22007567,86
62430,22007567,22008131,564
62431,22008131,22009155,1024
62432,22009155,22009753,598
62433,22009753,22009788,35
62434,22009788,22010443,655
62435,22010443,22010511,68
62436,22010511,22010777,266
62437,22010777,22010800,23
62438,22010800,22011236,436
62439,22011236,22012348,1112
62440,22012348,22012361,13
62441,22012361,22013116,755
62442,22013116,22013242,126
62443,22013242,22013579,337
62444,22013579,22013949,370
62445,22013949,22014232,283
62446,22014232,22015310,1078
62447,22015310,22015561,251
62448,22015561,22015808,247
62449,22015808,22015871,63
62450,22015871,22015934,63
62451,22015934,22016020,86
62452,22016020,22016365,345
62453,22016365,22017094,729
62454,22017094,22017637,543
62455,22017637,22017696,59
62456,22017696,22017807,111
62457,22017807,22017831,24
62458,22017831,22017972,141
62459,22017972,22018108,136
62460,22018108,22019071,963
62461,22019071,22019197,126
62462,22019197,22020223,1026
62463,22020223,22020567,344
62464,22020567,22021116,549
62465,22021116,22021131,15
62466,22021131,22022044,913
62467,22022044,22022221,177
62468,22022221,22023358,1137
62469,22023358,22023514,156
62470,22023514,22023802,288
62471,22023802,22023822,20
62472,22023822,22023877,55
62473,22023877,22023981,104
62474,22023981,22024405,424
62475,22024405,22024420,15
62476,22024420,22025326,906
62477,22025326,22025357,31
62478,22025357,22026282,925
62479,22026282,22026366,84
62480,22026366,22026867,501
62481,22026867,22027023,156
62482,22027023,22027311,288
62483,22027311,22027331,20
62484,22027331,22027386,55
62485,22027386,22027490,104
62486,22027490,22027914,424
62487,22027914,22027929,15
62488,22027929,22028835,906
62489,22028835,22028866,31
62490,22028866,22029791,925
62491,22029791,22029875,84
62492,22029875,22030376,501
62493,22030376,22030532,156
62494,22030532,22030820,288
62495,22030820,22030840,20
62496,22030840,22030895,55
62497,22030895,22030999,104
62498,22030999,22031423,424
62499,22031423,22031438,15
62500,22031438,22032344,906
62501,22032344,22032375,31
62502,22032375,22033302,927
62503,22033302,22033888,586
62504,22033888,22034044,156
62505,22034044,22034332,288
62506,22034332,22034352,20
62507,22034352,22034407,55
62508,22034407,22034511,104
62509,22034511,22034974,463
62510,22034974,22035007,33
62511,22035007,22035688,681
62512,22035688,22035727,39
62513,22035727,22035954,227
62514,22035954,22036291,337
62515,22036291,22036683,392
62516,22036683,22036741,58
62517,22036741,22038079,1338
62518,22038079,22038883,804
62519,22038883,22039181,298
62520,22039181,22040393,1212
62521,22040393,22040698,305
62522,22040698,22040731,33
62523,22040731,22041760,1029
62524,22041760,22042323,563
62525,22042323,22042460,137
62526,22042460,22042482,22
62527,22042482,22042565,83
62528,22042565,22042596,31
62529,22042596,22042682,86
62530,22042682,22043247,565
62531,22043247,22044270,1023
62532,22044270,22044868,598
62533,22044868,22044903,35
62534,22044903,22045666,763
62535,22045666,22045900,234
62536,22045900,22045923,23
62537,22045923,22046359,436
62538,22046359,22047470,1111
62539,22047470,22047483,13
62540,22047483,22048238,755
62541,22048238,22048364,126
62542,22048364,22048687,323
62543,22048687,22049389,702
62544,22049389,22049880,491
62545,22049880,22051697,1817
62546,22051697,22051948,251
62547,22051948,22052195,247
62548,22052195,22052258,63
62549,22052258,22052321,63
62550,22052321,22052384,63
62551,22052384,22052470,86
62552,22052470,22052815,345
62553,22052815,22053223,408
62554,22053223,22053514,291
62555,22053514,22054059,545
62556,22054059,22054118,59
62557,22054118,22054229,111
62558,22054229,22054253,24
62559,22054253,22054394,141
62560,22054394,22054530,136
62561,22054530,22055498,968
62562,22055498,22055624,126
62563,22055624,22056650,1026
62564,22056650,22056994,344
62565,22056994,22057544,550
62566,22057544,22057559,15
62567,22057559,22058649,1090
62568,22058649,22059784,1135
62569,22059784,22059940,156
62570,22059940,22060228,288
62571,22060228,22060248,20
62572,22060248,22060303,55
62573,22060303,22060407,104
62574,22060407,22060831,424
62575,22060831,22060846,15
62576,22060846,22061752,906
62577,22061752,22061783,31
62578,22061783,22062672,889
62579,22062672,22062756,84
62580,22062756,22063257,501
62581,22063257,22063413,156
62582,22063413,22063701,288
62583,22063701,22063721,20
62584,22063721,22063776,55
62585,22063776,22063880,104
62586,22063880,22064304,424
62587,22064304,22064319,15
62588,22064319,22065225,906
62589,22065225,22065256,31
62590,22065256,22066181,925
62591,22066181,22066265,84
62592,22066265,22066766,501
62593,22066766,22066922,156
62594,22066922,22067210,288
62595,22067210,22067230,20
62596,22067230,22067285,55
62597,22067285,22067388,103
62598,22067388,22067851,463
62599,22067851,22067884,33
62600,22067884,22068562,678
62601,22068562,22070153,1591
62602,22070153,22070433,280
62603,22070433,22070909,476
62604,22070909,22071476,567
62605,22071476,22071670,194
62606,22071670,22071709,39
62607,22071709,22071940,231
62608,22071940,22072279,339
62609,22072279,22072671,392
62610,22072671,22072729,58
62611,22072729,22073051,322
62612,22073051,22074067,1016
62613,22074067,22074871,804
62614,22074871,22075169,298
62615,22075169,22076380,1211
62616,22076380,22076683,303
62617,22076683,22076716,33
62618,22076716,22077745,1029
62619,22077745,22078308,563
62620,22078308,22078445,137
62621,22078445,22078467,22
62622,22078467,22078550,83
62623,22078550,22078581,31
62624,22078581,22078667,86
62625,22078667,22079137,470
62626,22079137,22080766,1629
62627,22080766,22080801,35
62628,22080801,22081456,655
62629,22081456,22081524,68
62630,22081524,22081556,32
62631,22081556,22081790,234
62632,22081790,22081813,23
62633,22081813,22082249,436
62634,22082249,22082841,592
62635,22082841,22083361,520
62636,22083361,22083374,13
62637,22083374,22083977,603
62638,22083977,22084006,29
62639,22084006,22084441,435
62640,22084441,22084567,126
62641,22084567,22084904,337
62642,22084904,22085606,702
62643,22085606,22086097,491
62644,22086097,22086593,496
62645,22086593,22086708,115
62646,22086708,22086726,18
62647,22086726,22086787,61
62648,22086787,22086837,50
62649,22086837,22086940,103
62650,22086940,22087662,722
62651,22087662,22087768,106
62652,22087768,22087966,198
62653,22087966,22088111,145
62654,22088111,22088963,852
62655,22088963,22089444,481
62656,22089444,22091333,1889
62657,22091333,22091500,167
62658,22091500,22091563,63
62659,22091563,22091665,102
62660,22091665,22092267,602
62661,22092267,22092329,62
62662,22092329,22092530,201
62663,22092530,22093370,840
62664,22093370,22093553,183
62665,22093553,22093571,18
62666,22093571,22093632,61
62667,22093632,22093682,50
62668,22093682,22093786,104
62669,22093786,22094306,520
62670,22094306,22094462,156
62671,22094462,22094750,288
62672,22094750,22094770,20
62673,22094770,22094825,55
62674,22094825,22094929,104
62675,22094929,22095353,424
62676,22095353,22095368,15
62677,22095368,22096262,894
62678,22096262,22096293,31
62679,22096293,22097218,925
62680,22097218,22097302,84
62681,22097302,22097803,501
62682,22097803,22097959,156
62683,22097959,22098247,288
62684,22098247,22098267,20
62685,22098267,22098322,55
62686,22098322,22098426,104
62687,22098426,22098850,424
62688,22098850,22098865,15
62689,22098865,22099771,906
62690,22099771,22099802,31
62691,22099802,22100727,925
62692,22100727,22100811,84
62693,22100811,22101312,501
62694,22101312,22101468,156
62695,22101468,22101756,288
62696,22101756,22101776,20
62697,22101776,22101831,55
62698,22101831,22101935,104
62699,22101935,22102359,424
62700,22102359,22102374,15
62701,22102374,22103280,906
62702,22103280,22103311,31
62703,22103311,22104236,925
62704,22104236,22104320,84
62705,22104320,22104821,501
62706,22104821,22104977,156
62707,22104977,22105265,288
62708,22105265,22105285,20
62709,22105285,22105340,55
62710,22105340,22105444,104
62711,22105444,22105868,424
62712,22105868,22105883,15
62713,22105883,22106789,906
62714,22106789,22106820,31
62715,22106820,22107745,925
62716,22107745,22107829,84
62717,22107829,22108328,499
62718,22108328,22108484,156
62719,22108484,22108772,288
62720,22108772,22108792,20
62721,22108792,22108847,55
62722,22108847,22108951,104
62723,22108951,22109375,424
62724,22109375,22109390,15
62725,22109390,22110296,906
62726,22110296,22110327,31
62727,22110327,22111252,925
62728,22111252,22111336,84
62729,22111336,22111835,499
62730,22111835,22111991,156
62731,22111991,22112279,288
62732,22112279,22112299,20
62733,22112299,22112354,55
62734,22112354,22112458,104
62735,22112458,22112921,463
62736,22112921,22112954,33
62737,22112954,22113325,371
62738,22113325,22113364,39
62739,22113364,22113595,231
62740,22113595,22113934,339
62741,22113934,22114295,361
62742,22114295,22114353,58
62743,22114353,22115691,1338
62744,22115691,22116495,804
62745,22116495,22116793,298
62746,22116793,22118004,1211
62747,22118004,22118307,303
62748,22118307,22118340,33
62749,22118340,22119369,1029
62750,22119369,22119830,461
62751,22119830,22120319,489
62752,22120319,22120650,331
62753,22120650,22120822,172
62754,22120822,22120952,130
62755,22120952,22121091,139
62756,22121091,22121098,7
62757,22121098,22122005,907
62758,22122005,22122197,192
62759,22122197,22122435,238
62760,22122435,22123350,915
62761,22123350,22124190,840
62762,22124190,22124380,190
62763,22124380,22124494,114
62764,22124494,22124869,375
62765,22124869,22125246,377
62766,22125246,22125440,194
62767,22125440,22125597,157
62768,22125597,22125638,41
62769,22125638,22125983,345
62770,22125983,22126031,48
62771,22126031,22126519,488
62772,22126519,22127270,751
62773,22127270,22127623,353
62774,22127623,22127642,19
62775,22127642,22127967,325
62776,22127967,22128824,857
62777,22128824,22129573,749
62778,22129573,22129938,365
62779,22129938,22130220,282
62780,22130220,22130270,50
62781,22130270,22130399,129
62782,22130399,22130638,239
62783,22130638,22130798,160
62784,22130798,22130954,156
62785,22130954,22131032,78
62786,22131032,22131050,18
62787,22131050,22131134,84
62788,22131134,22131683,549
62789,22131683,22132763,1080
62790,22132763,22132851,88
62791,22132851,22133153,302
62792,22133153,22133736,583
62793,22133736,22133772,36
62794,22133772,22134626,854
62795,22134626,22134744,118
62796,22134744,22135235,491
62797,22135235,22135724,489
62798,22135724,22135866,142
62799,22135866,22136133,267
62800,22136133,22136283,150
62801,22136283,22136984,701
62802,22136984,22137457,473
62803,22137457,22137480,23
62804,22137480,22137578,98
62805,22137578,22137593,15
62806,22137593,22138039,446
62807,22138039,22139185,1146
62808,22139185,22139731,546
62809,22139731,22140366,635
62810,22140366,22140426,60
62811,22140426,22140694,268
62812,22140694,22140910,216
62813,22140910,22140988,78
62814,22140988,22141021,33
62815,22141021,22141562,541
62816,22141562,22142817,1255
62817,22142817,22142941,124
62818,22142941,22143284,343
62819,22143284,22143851,567
62820,22143851,22144895,1044
62821,22144895,22145344,449
62822,22145344,22145669,325
62823,22145669,22145746,77
62824,22145746,22146287,541
62825,22146287,22147542,1255
62826,22147542,22147667,125
62827,22147667,22148015,348
62828,22148015,22148582,567
62829,22148582,22149626,1044
62830,22149626,22150118,492
62831,22150118,22150446,328
62832,22150446,22150688,242
62833,22150688,22150766,78
62834,22150766,22150799,33
62835,22150799,22151340,541
62836,22151340,22152595,1255
62837,22152595,22152720,125
62838,22152720,22153068,348
62839,22153068,22153635,567
62840,22153635,22154679,1044
62841,22154679,22155171,492
62842,22155171,22155499,328
62843,22155499,22155741,242
62844,22155741,22155819,78
62845,22155819,22155852,33
62846,22155852,22156386,534
62847,22156386,22157641,1255
62848,22157641,22157765,124
62849,22157765,22158680,915
62850,22158680,22159724,1044
62851,22159724,22160544,820
62852,22160544,22160786,242
62853,22160786,22160853,67
62854,22160853,22160886,33
62855,22160886,22161427,541
62856,22161427,22162682,1255
62857,22162682,22162806,124
62858,22162806,22163149,343
62859,22163149,22163716,567
62860,22163716,22164762,1046
62861,22164762,22165541,779
62862,22165541,22165618,77
62863,22165618,22166159,541
62864,22166159,22167414,1255
62865,22167414,22167538,124
62866,22167538,22167881,343
62867,22167881,22168448,567
62868,22168448,22169492,1044
62869,22169492,22169943,451
62870,22169943,22170271,328
62871,22170271,22170487,216
62872,22170487,22170565,78
62873,22170565,22170598,33
62874,22170598,22171139,541
62875,22171139,22172395,1256
62876,22172395,22172519,124
62877,22172519,22172867,348
62878,22172867,22173434,567
62879,22173434,22174374,940
62880,22174374,22174825,451
62881,22174825,22175153,328
62882,22175153,22175369,216
62883,22175369,22175436,67
62884,22175436,22175469,33
62885,22175469,22176010,541
62886,22176010,22177259,1249
62887,22177259,22177383,124
62888,22177383,22177731,348
62889,22177731,22178298,567
62890,22178298,22179342,1044
62891,22179342,22179770,428
62892,22179770,22180098,328
62893,22180098,22180340,242
62894,22180340,22180418,78
62895,22180418,22180451,33
62896,22180451,22180992,541
62897,22180992,22182247,1255
62898,22182247,22182371,124
62899,22182371,22182719,348
62900,22182719,22183286,567
62901,22183286,22184226,940
62902,22184226,22184654,428
62903,22184654,22184982,328
62904,22184982,22185224,242
62905,22185224,22185302,78
62906,22185302,22185335,33
62907,22185335,22185869,534
62908,22185869,22187124,1255
62909,22187124,22187248,124
62910,22187248,22187596,348
62911,22187596,22188163,567
62912,22188163,22189105,942
62913,22189105,22189553,448
62914,22189553,22189881,328
62915,22189881,22190123,242
62916,22190123,22190201,78
62917,22190201,22190234,33
62918,22190234,22190775,541
62919,22190775,22192030,1255
62920,22192030,22192151,121
62921,22192151,22192499,348
62922,22192499,22193066,567
62923,22193066,22194006,940
62924,22194006,22194457,451
62925,22194457,22194785,328
62926,22194785,22195027,242
62927,22195027,22195105,78
62928,22195105,22195138,33
62929,22195138,22195679,541
62930,22195679,22196933,1254
62931,22196933,22197057,124
62932,22197057,22197400,343
62933,22197400,22197967,567
62934,22197967,22199011,1044
62935,22199011,22199460,449
62936,22199460,22199788,328
62937,22199788,22200030,242
62938,22200030,22200108,78
62939,22200108,22200141,33
62940,22200141,22200682,541
62941,22200682,22201937,1255
62942,22201937,22202061,124
62943,22202061,22202409,348
62944,22202409,22202976,567
62945,22202976,22204080,1104
62946,22204080,22204676,596
62947,22204676,22204696,20
62948,22204696,22205800,1104
62949,22205800,22206090,290
62950,22206090,22206417,327
62951,22206417,22206719,302
62952,22206719,22207158,439
62953,22207158,22207178,20
62954,22207178,22207648,470
62955,22207648,22207667,19
62956,22207667,22207750,83
62957,22207750,22207831,81
62958,22207831,22208472,641
62959,22208472,22209016,544
62960,22209016,22209390,374
62961,22209390,22209882,492
62962,22209882,22210210,328
62963,22210210,22210287,77
62964,22210287,22210828,541
62965,22210828,22212082,1254
62966,22212082,22212206,124
62967,22212206,22212554,348
62968,22212554,22213121,567
62969,22213121,22214165,1044
62970,22214165,22214657,492
62971,22214657,22215227,570
62972,22215227,22215305,78
62973,22215305,22215338,33
62974,22215338,22215879,541
62975,22215879,22217133,1254
62976,22217133,22217257,124
62977,22217257,22217605,348
62978,22217605,22218172,567
62979,22218172,22219342,1170
62980,22219342,22220736,1394
62981,22220736,22221087,351
62982,22221087,22221234,147
62983,22221234,22221346,112
62984,22221346,22221357,11
62985,22221357,22221362,5
62986,22221362,22221703,341
62987,22221703,22222022,319
62988,22222022,22222248,226
62989,22222248,22222293,45
62990,22222293,22222462,169
62991,22222462,22222593,131
62992,22222593,22223364,771
62993,22223364,22223856,492
62994,22223856,22224184,328
62995,22224184,22224426,242
62996,22224426,22224504,78
62997,22224504,22224537,33
62998,22224537,22225078,541
62999,22225078,22226332,1254
63000,22226332,22226456,124
63001,22226456,22226799,343
63002,22226799,22227366,567
63003,22227366,22228412,1046
63004,22228412,22228863,451
63005,22228863,22229191,328
63006,22229191,22229433,242
63007,22229433,22229500,67
63008,22229500,22229533,33
63009,22229533,22230074,541
63010,22230074,22231329,1255
63011,22231329,22231453,124
63012,22231453,22231796,343
63013,22231796,22232363,567
63014,22232363,22233407,1044
63015,22233407,22233858,451
63016,22233858,22234186,328
63017,22234186,22234428,242
63018,22234428,22234495,67
63019,22234495,22234528,33
63020,22234528,22235069,541
63021,22235069,22236324,1255
63022,22236324,22236448,124
63023,22236448,22236791,343
63024,22236791,22237358,567
63025,22237358,22238402,1044
63026,22238402,22238854,452
63027,22238854,22239182,328
63028,22239182,22239424,242
63029,22239424,22239502,78
63030,22239502,22239535,33
63031,22239535,22240076,541
63032,22240076,22241331,1255
63033,22241331,22241455,124
63034,22241455,22241798,343
63035,22241798,22242365,567
63036,22242365,22243411,1046
63037,22243411,22243904,493
63038,22243904,22244232,328
63039,22244232,22244447,215
63040,22244447,22244525,78
63041,22244525,22244558,33
63042,22244558,22245099,541
63043,22245099,22246354,1255
63044,22246354,22246478,124
63045,22246478,22246826,348
63046,22246826,22247393,567
63047,22247393,22248437,1044
63048,22248437,22248888,451
63049,22248888,22249216,328
63050,22249216,22249458,242
63051,22249458,22249536,78
63052,22249536,22249569,33
63053,22249569,22250110,541
63054,22250110,22250581,471
63055,22250581,22251340,759
63056,22251340,22251465,125
63057,22251465,22251808,343
63058,22251808,22252375,567
63059,22252375,22252994,619
63060,22252994,22253020,26
63061,22253020,22253585,565
63062,22253585,22253782,197
63063,22253782,22254665,883
63064,22254665,22254888,223
63065,22254888,22255305,417
63066,22255305,22255738,433
63067,22255738,22255958,220
63068,22255958,22256548,590
63069,22256548,22256642,94
63070,22256642,22256661,19
63071,22256661,22256856,195
63072,22256856,22257083,227
63073,22257083,22257651,568
63074,22257651,22257888,237
63075,22257888,22258457,569
63076,22258457,22258531,74
63077,22258531,22258888,357
63078,22258888,22258988,100
63079,22258988,22259415,427
63080,22259415,22259495,80
63081,22259495,22259854,359
63082,22259854,22259877,23
63083,22259877,22260126,249
63084,22260126,22260697,571
63085,22260697,22260805,108
63086,22260805,22261693,888
63087,22261693,22261832,139
63088,22261832,22262063,231
63089,22262063,22262129,66
63090,22262129,22262201,72
63091,22262201,22262309,108
63092,22262309,22262424,115
63093,22262424,22262665,241
63094,22262665,22263079,414
63095,22263079,22263164,85
63096,22263164,22263213,49
63097,22263213,22263219,6
63098,22263219,22263305,86
63099,22263305,22263359,54
63100,22263359,22263806,447
63101,22263806,22263924,118
63102,22263924,22264186,262
63103,22264186,22264577,391
63104,22264577,22264898,321
63105,22264898,22265492,594
63106,22265492,22266380,888
63107,22266380,22266512,132
63108,22266512,22266541,29
63109,22266541,22266734,193
63110,22266734,22266762,28
63111,22266762,22267654,892
63112,22267654,22267662,8
63113,22267662,22267750,88
63114,22267750,22268015,265
63115,22268015,22268039,24
63116,22268039,22268099,60
63117,22268099,22268107,8
63118,22268107,22268268,161
63119,22268268,22268415,147
63120,22268415,22268849,434
63121,22268849,22268876,27
63122,22268876,22269074,198
63123,22269074,22269104,30
63124,22269104,22269146,42
63125,22269146,22269259,113
63126,22269259,22269325,66
63127,22269325,22269883,558
63128,22269883,22270162,279
63129,22270162,22270267,105
63130,22270267,22270328,61
63131,22270328,22270552,224
63132,22270552,22270627,75
63133,22270627,22271050,423
63134,22271050,22271317,267
63135,22271317,22271339,22
63136,22271339,22271355,16
63137,22271355,22271699,344
63138,22271699,22271711,12
63139,22271711,22272081,370
63140,22272081,22272181,100
63141,22272181,22272532,351
63142,22272532,22272567,35
63143,22272567,22273532,965
63144,22273532,22274692,1160
63145,22274692,22275180,488
63146,22275180,22275759,579
63147,22275759,22275774,15
63148,22275774,22276223,449
63149,22276223,22276254,31
63150,22276254,22276879,625
63151,22276879,22276894,15
63152,22276894,22277338,444
63153,22277338,22277369,31
63154,22277369,22278427,1058
63155,22278427,22279006,579
63156,22279006,22279021,15
63157,22279021,22279470,449
63158,22279470,22279501,31
63159,22279501,22280471,970
63160,22280471,22280486,15
63161,22280486,22280930,444
63162,22280930,22280961,31
63163,22280961,22281598,637
63164,22281598,22282758,1160
63165,22314972,22315552,580
63166,22315552,22315567,15
63167,22315567,22315845,278
63168,22315845,22315876,31
63169,22315876,22316652,776
63170,22316652,22316778,126
63171,22316778,22317045,267
63172,22317045,22317116,71
63173,22317116,22317167,51
63174,22317167,22317198,31
63175,22317198,22317421,223
63176,22317421,22317526,105
63177,22350316,22350442,126
63178,22350442,22350709,267
63179,22350709,22350780,71
63180,22350780,22350831,51
63181,22350831,22350862,31
63182,22350862,22351085,223
63183,22351085,22351190,105
63184,22351190,22351474,284
63185,22351474,22351549,75
63186,22351549,22351972,423
63187,22351972,22352239,267
63188,22352239,22352261,22
63189,22352261,22352277,16
63190,22352277,22352621,344
63191,22352621,22352633,12
63192,22352633,22353003,370
63193,22353003,22353103,100
63194,22353103,22353454,351
63195,22353454,22353489,35
63196,22353489,22355011,1522
63197,22355011,22355590,579
63198,22355590,22355605,15
63199,22355605,22356054,449
63200,22356054,22356085,31
63201,22356085,22356711,626
63202,22356711,22356726,15
63203,22356726,22357004,278
63204,22357004,22357035,31
63205,22357035,22357811,776
63206,22357811,22357937,126
63207,22357937,22358204,267
63208,22358204,22358275,71
63209,22358275,22358326,51
63210,22358326,22358357,31
63211,22358357,22358581,224
63212,22358581,22358686,105
63213,22358686,22358747,61
63214,22358747,22358971,224
63215,22358971,22359046,75
63216,22359046,22359469,423
63217,22359469,22359736,267
63218,22359736,22359758,22
63219,22359758,22359774,16
63220,22359774,22360118,344
63221,22360118,22360130,12
63222,22360130,22360500,370
63223,22360500,22360600,100
63224,22360600,22360951,351
63225,22360951,22360986,35
63226,22360986,22361951,965
63227,22361951,22363111,1160
63228,22363111,22363599,488
63229,22363599,22364179,580
63230,22364179,22364194,15
63231,22364194,22364472,278
63232,22364472,22364503,31
63233,22364503,22365279,776
63234,22365279,22365405,126
63235,22365405,22365672,267
63236,22365672,22365743,71
63237,22365743,22365794,51
63238,22365794,22365825,31
63239,22365825,22366049,224
63240,22366049,22366154,105
63241,22366154,22366215,61
63242,22366215,22366438,223
63243,22366438,22366513,75
63244,22366513,22366936,423
63245,22366936,22367203,267
63246,22367203,22367225,22
63247,22367225,22367241,16
63248,22367241,22367585,344
63249,22367585,22367597,12
63250,22367597,22367882,285
63251,22367882,22368134,252
63252,22368134,22368234,100
63253,22368234,22368585,351
63254,22368585,22368620,35
63255,22368620,22369585,965
63256,22369585,22370745,1160
63257,22370745,22371233,488
63258,22371233,22371812,579
63259,22371812,22371827,15
63260,22371827,22372214,387
63261,22372214,22372333,119
63262,22372333,22372940,607
63263,22372940,22373051,111
63264,22373051,22373188,137
63265,22373188,22373436,248
63266,22373436,22374123,687
63267,22374123,22374692,569
63268,22374692,22374766,74
63269,22374766,22375022,256
63270,22375022,22375126,104
63271,22375126,22375226,100
63272,22375226,22375559,333
63273,22375559,22376114,555
63274,22376114,22376218,104
63275,22376218,22376285,67
63276,22376285,22376484,199
63277,22376484,22376730,246
63278,22376730,22377465,735
63279,22377465,22377742,277
63280,22377742,22378739,997
63281,22378739,22379294,555
63282,22379294,22379398,104
63283,22379398,22379465,67
63284,22379465,22379664,199
63285,22379664,22379910,246
63286,22379910,22380645,735
63287,22380645,22380922,277
63288,22380922,22381919,997
63289,22381919,22382333,414
63290,22382333,22382356,23
63291,22382356,22382604,248
63292,22382604,22383168,564
63293,22383168,22383199,31
63294,22383199,22383786,587
63295,22383786,22384855,1069
63296,22384855,22385500,645
63297,22385500,22386241,741
63298,22386241,22386582,341
63299,22386582,22386970,388
63300,22386970,22387788,818
63301,22387788,22388788,1000
63302,22388788,22389911,1123
63303,22389911,22390612,701
63304,22390612,22390627,15
63305,22390627,22390728,101
63306,22390728,22391075,347
63307,22391075,22391747,672
63308,22391747,22391976,229
63309,22391976,22392334,358
63310,22392334,22393084,750
63311,22393084,22394084,1000
63312,22394084,22395207,1123
63313,22395207,22395908,701
63314,22395908,22395923,15
63315,22395923,22396024,101
63316,22396024,22396371,347
63317,22396371,22397040,669
63318,22397040,22397270,230
63319,22397270,22397628,358
63320,22397628,22397770,142
63321,22397770,22398087,317
63322,22398087,22398206,119
63323,22398206,22398932,726
63324,22398932,22399005,73
63325,22399005,22399022,17
63326,22399022,22399518,496
63327,22399518,22399541,23
63328,22399541,22400028,487
63329,22400028,22400259,231
63330,22400259,22400599,340
63331,22400599,22401322,723
63332,22401322,22401674,352
63333,22401674,22401747,73
63334,22401747,22401764,17
63335,22401764,22402506,742
63336,22402506,22402555,49
63337,22402555,22402677,122
63338,22402677,22402815,138
63339,22402815,22402822,7
63340,22402822,22402991,169
63341,22402991,22403730,739
63342,22403730,22403848,118
63343,22403848,22404105,257
63344,22404105,22404418,313
63345,22404418,22404549,131
63346,22404549,22404782,233
63347,22404782,22405226,444
63348,22405226,22405444,218
63349,22405444,22406006,562
63350,22406006,22406245,239
63351,22406245,22407355,1110
63352,22407355,22407999,644
63353,22407999,22408740,741
63354,22408740,22409064,324
63355,22409064,22409229,165
63356,22409229,22409237,8
63357,22409237,22409532,295
63358,22409532,22409928,396
63359,22409928,22410070,142
63360,22410070,22410861,791
63361,22410861,22410906,45
63362,22410906,22411252,346
63363,22411252,22412321,1069
63364,22412321,22412426,105
63365,22412426,22412592,166
63366,22412592,22412978,386
63367,22412978,22413121,143
63368,22413121,22413509,388
63369,22413509,22414323,814
63370,22414323,22415185,862
63371,22415185,22415743,558
63372,22415743,22415809,66
63373,22415809,22415922,113
63374,22415922,22415964,42
63375,22415964,22415994,30
63376,22415994,22416192,198
63377,22416192,22416219,27
63378,22416219,22416653,434
63379,22416653,22416800,147
63380,22416800,22416961,161
63381,22416961,22416969,8
63382,22416969,22417029,60
63383,22417029,22417053,24
63384,22417053,22417318,265
63385,22417318,22417406,88
63386,22417406,22417414,8
63387,22417414,22418306,892
63388,22418306,22418334,28
63389,22418334,22418527,193
63390,22418527,22418556,29
63391,22418556,22418688,132
63392,22418688,22419576,888
63393,22419576,22420170,594
63394,22420170,22420491,321
63395,22420491,22420882,391
63396,22420882,22421144,262
63397,22421144,22421262,118
63398,22421262,22421709,447
63399,22421709,22421763,54
63400,22421763,22421849,86
63401,22421849,22421855,6
63402,22421855,22421904,49
63403,22421904,22421989,85
63404,22421989,22422403,414
63405,22422403,22422644,241
63406,22422644,22422759,115
63407,22422759,22422867,108
63408,22422867,22422939,72
63409,22422939,22423005,66
63410,22423005,22423236,231
63411,22423236,22423375,139
63412,22423375,22424262,887
63413,22424262,22424370,108
63414,22424370,22424687,317
63415,22424687,22424716,29
63416,22424716,22425153,437
63417,22425153,22425175,22
63418,22425175,22425182,7
63419,22425182,22425342,160
63420,22425342,22425442,100
63421,22425442,22425479,37
63422,22425479,22425628,149
63423,22425628,22426051,423
63424,22426051,22426362,311
63425,22426362,22426400,38
63426,22426400,22426516,116
63427,22426516,22426834,318
63428,22426834,22426867,33
63429,22426867,22427210,343
63430,22427210,22427852,642
63431,22427852,22428154,302
63432,22428154,22428528,374
63433,22428528,22429223,695
63434,22429223,22429562,339
63435,22429562,22429570,8
63436,22429570,22430601,1031
63437,22430601,22431662,1061
63438,22431662,22431667,5
63439,22431667,22432252,585
63440,22432252,22432412,160
63441,22432412,22432478,66
63442,22432478,22432871,393
63443,22432871,22432888,17
63444,22432888,22432904,16
63445,22432904,22433570,666
63446,22433570,22434018,448
63447,22434018,22435037,1019
63448,22435037,22435060,23
63449,22435060,22435158,98
63450,22435158,22435163,5
63451,22435163,22435364,201
63452,22435364,22435386,22
63453,22435386,22435562,176
63454,22435562,22435606,44
63455,22435606,22435622,16
63456,22435622,22435628,6
63457,22435628,22435920,292
63458,22435920,22436284,364
63459,22436284,22436330,46
63460,22436330,22436428,98
63461,22436428,22436699,271
63462,22436699,22437043,344
63463,22437043,22437101,58
63464,22437101,22437139,38
63465,22437139,22438179,1040
63466,22438179,22438332,153
63467,22438332,22438456,124
63468,22438456,22438499,43
63469,22438499,22438829,330
63470,22438829,22439145,316
63471,22439145,22439704,559
63472,22439704,22440248,544
63473,22440248,22440347,99
63474,22440347,22441382,1035
63475,22441382,22441407,25
63476,22441407,22441517,110
63477,22441517,22442132,615
63478,22442132,22442390,258
63479,22442390,22442636,246
63480,22442636,22442844,208
63481,22442844,22442984,140
63482,22442984,22443202,218
63483,22443202,22443258,56
63484,22443258,22443599,341
63485,22443599,22443735,136
63486,22443735,22444057,322
63487,22444057,22444244,187
63488,22444244,22445048,804
63489,22445048,22445069,21
63490,22445069,22445174,105
63491,22445174,22445407,233
63492,22445407,22445545,138
63493,22445545,22445687,142
63494,22445687,22445901,214
63495,22445901,22446214,313
63496,22446214,22446673,459
63497,22446673,22446860,187
63498,22446860,22446876,16
63499,22446876,22447966,1090
63500,22447966,22447982,16
63501,22447982,22448042,60
63502,22448042,22448363,321
63503,22448363,22448387,24
63504,22448387,22448557,170
63505,22448557,22448727,170
63506,22448727,22448850,123
63507,22448850,22449060,210
63508,22449060,22449165,105
63509,22449165,22450080,915
63510,22450080,22450146,66
63511,22450146,22450285,139
63512,22450285,22450452,167
63513,22450452,22450680,228
63514,22450680,22450956,276
63515,22450956,22451104,148
63516,22451104,22451113,9
63517,22451113,22451406,293
63518,22451406,22451501,95
63519,22451501,22451527,26
63520,22451527,22451544,17
63521,22451544,22451580,36
63522,22451580,22452008,428
63523,22452008,22452204,196
63524,22452204,22452517,313
63525,22452517,22452883,366
63526,22452883,22453241,358
63527,22453241,22453345,104
63528,22453345,22453382,37
63529,22453382,22453396,14
63530,22453396,22453668,272
63531,22453668,22453765,97
63532,22453765,22453981,216
63533,22453981,22454119,138
63534,22454119,22454147,28
63535,22454147,22454156,9
63536,22454156,22454179,23
63537,22454179,22454366,187
63538,22454366,22454434,68
63539,22454434,22454551,117
63540,22454551,22454603,52
63541,22454603,22454647,44
63542,22454647,22454703,56
63543,22454703,22455071,368
63544,22455071,22456639,1568
63545,22456639,22456971,332
63546,22456971,22457286,315
63547,22457286,22457734,448
63548,22457734,22457781,47
63549,22457781,22457915,134
63550,22457915,22458174,259
63551,22458174,22458346,172
63552,22458346,22458753,407
63553,22458753,22458982,229
63554,22458982,22459168,186
63555,22459168,22460439,1271
63556,22460439,22460521,82
63557,22460521,22461258,737
63558,22461258,22461524,266
63559,22461524,22462072,548
63560,22462072,22462132,60
63561,22462132,22462451,319
63562,22462451,22462512,61
63563,22462512,22462732,220
63564,22462732,22463382,650
63565,22463382,22463500,118
63566,22463500,22463661,161
63567,22463661,22463708,47
63568,22463708,22464035,327
63569,22464035,22464044,9
63570,22464044,22464619,575
63571,22464619,22465013,394
63572,22465013,22465094,81
63573,22465094,22465144,50
63574,22465144,22465548,404
63575,22465548,22466248,700
63576,22466248,22466939,691
63577,22466939,22467428,489
63578,22467428,22467440,12
63579,22467440,22470580,3140
63580,22470580,22470712,132
63581,22470712,22470759,47
63582,22470759,22470824,65
63583,22470824,22472225,1401
63584,22472225,22472415,190
63585,22472415,22472498,83
63586,22472498,22472784,286
63587,22472784,22473498,714
63588,22473498,22473804,306
63589,22473804,22474106,302
63590,22474106,22474121,15
63591,22474121,22474304,183
63592,22474304,22474364,60
63593,22474364,22474875,511
63594,22474875,22475579,704
63595,22475579,22475709,130
63596,22475709,22475720,11
63597,22475720,22475813,93
63598,22475813,22475975,162
63599,22475975,22476035,60
63600,22476035,22476287,252
63601,22476287,22477117,830
63602,22477117,22477123,6
63603,22477123,22477188,65
63604,22477188,22477261,73
63605,22477261,22477356,95
63606,22477356,22477377,21
63607,22477377,22477434,57
63608,22477434,22477490,56
63609,22477490,22477885,395
63610,22477885,22478226,341
63611,22478226,22478238,12
63612,22478238,22479393,1155
63613,22479393,22480291,898
63614,22480291,22480465,174
63615,22480465,22480562,97
63616,22480562,22481820,1258
63617,22481820,22481976,156
63618,22481976,22482479,503
63619,22482479,22482925,446
63620,22482925,22483177,252
63621,22483177,22483308,131
63622,22483308,22483380,72
63623,22483380,22483485,105
63624,22483485,22483818,333
63625,22483818,22483983,165
63626,22483983,22484269,286
63627,22484269,22484335,66
63628,22484335,22484809,474
63629,22484809,22484815,6
63630,22484815,22485538,723
63631,22485538,22485971,433
63632,22485971,22486007,36
63633,22486007,22486020,13
63634,22486020,22486031,11
63635,22486031,22486309,278
63636,22486309,22486315,6
63637,22486315,22486331,16
63638,22486331,22486375,44
63639,22486375,22488646,2271
63640,22488646,22489143,497
63641,22489143,22490243,1100
63642,22490243,22490550,307
63643,22490550,22490610,60
63644,22490610,22490892,282
63645,22490892,22491383,491
63646,22491383,22491437,54
63647,22491437,22491473,36
63648,22491473,22491549,76
63649,22491549,22491559,10
63650,22491559,22491569,10
63651,22491569,22492023,454
63652,22492023,22492142,119
63653,22492142,22492520,378
63654,22492520,22492861,341
63655,22492861,22493379,518
63656,22493379,22493611,232
63657,22493611,22493888,277
63658,22493888,22494186,298
63659,22494186,22494239,53
63660,22494239,22494508,269
63661,22494508,22494530,22
63662,22494530,22494582,52
63663,22494582,22494614,32
63664,22494614,22495611,997
63665,22495611,22495855,244
63666,22495855,22495930,75
63667,22495930,22496050,120
63668,22496050,22496152,102
63669,22496152,22496381,229
63670,22496381,22496508,127
63671,22496508,22496555,47
63672,22496555,22496693,138
63673,22496693,22496966,273
63674,22496966,22497072,106
63675,22497072,22497260,188
63676,22497260,22497281,21
63677,22497281,22497419,138
63678,22497419,22497569,150
63679,22497569,22497602,33
63680,22497602,22497730,128
63681,22497730,22497740,10
63682,22497740,22497988,248
63683,22497988,22498010,22
63684,22498010,22498022,12
63685,22498022,22498327,305
63686,22498327,22498382,55
63687,22498382,22498453,71
63688,22498453,22498649,196
63689,22498649,22499376,727
63690,22500789,22501116,327
63691,22501116,22501340,224
63692,22501340,22501877,537
63693,22501877,22502175,298
63694,22502175,22502457,282
63695,22502457,22502965,508
63696,22502965,22503205,240
63697,22503205,22503456,251
63698,22503456,22503468,12
63699,22503468,22503635,167
63700,22503635,22503790,155
63701,22503790,22504083,293
63702,22504083,22504582,499
63703,22504582,22504592,10
63704,22504592,22505005,413
63705,22505005,22505322,317
63706,22505322,22505739,417
63707,22505739,22505820,81
63708,22505820,22505837,17
63709,22505837,22505849,12
63710,22505849,22506160,311
63711,22506160,22506253,93
63712,22506253,22506259,6
63713,22506259,22506284,25
63714,22506284,22506303,19
63715,22506303,22506323,20
63716,22506323,22506532,209
63717,22506532,22506589,57
63718,22506589,22506946,357
63719,22506946,22507107,161
63720,22507107,22507468,361
63721,22507468,22507919,451
63722,22507919,22508077,158
63723,22508077,22508558,481
63724,22508558,22508580,22
63725,22508580,22508776,196
63726,22508776,22509265,489
63727,22509265,22510018,753
63728,22510018,22510168,150
63729,22510168,22511065,897
63730,22511065,22511301,236
63731,22511301,22511733,432
63732,22511733,22511740,7
63733,22511740,22511894,154
63734,22511894,22512014,120
63735,22512014,22512344,330
63736,22512344,22512495,151
63737,22512495,22512965,470
63738,22512965,22513352,387
63739,22513352,22513358,6
63740,22513358,22513374,16
63741,22513374,22513414,40
63742,22513414,22513639,225
63743,22513639,22513683,44
63744,22513683,22513999,316
63745,22513999,22515183,1184
63746,22515183,22515315,132
63747,22515315,22516658,1343
63748,22516658,22516664,6
63749,22516664,22517068,404
63750,22517068,22517200,132
63751,22517200,22517238,38
63752,22517238,22517257,19
63753,22517257,22517582,325
63754,22517582,22518282,700
63755,22518282,22518529,247
63756,22518529,22518651,122
63757,22518651,22518677,26
63758,22518677,22519011,334
63759,22519011,22519472,461
63760,22519472,22519597,125
63761,22519597,22520138,541
63762,22520138,22520240,102
63763,22520240,22520716,476
63764,22520716,22521980,1264
63765,22521980,22523657,1677
63766,22523657,22525923,2266
63767,22525923,22527563,1640
63768,22527563,22527655,92
63769,22527655,22527660,5
63770,22527660,22527693,33
63771,22527693,22528054,361
63772,22528054,22528212,158
63773,22528212,22528291,79
63774,22528291,22528782,491
63775,22528782,22528873,91
63776,22528873,22528979,106
63777,22528979,22528989,10
63778,22528989,22529277,288
63779,22529277,22530288,1011
63780,22530288,22530374,86
63781,22530374,22530932,558
63782,22530932,22531003,71
63783,22531003,22531073,70
63784,22531073,22531202,129
63785,22531202,22531319,117
63786,22531319,22531453,134
63787,22531453,22531576,123
63788,22531576,22531855,279
63789,22531855,22531876,21
63790,22531876,22532321,445
63791,22532321,22532429,108
63792,22532429,22532703,274
63793,22532703,22533068,365
63794,22533068,22533108,40
63795,22533108,22533257,149
63796,22533257,22533415,158
63797,22533415,22533864,449
63798,22533864,22534746,882
63799,22534746,22535316,570
63800,22535316,22535972,656
63801,22535972,22536070,98
63802,22536070,22536273,203
63803,22536273,22537507,1234
63804,22537507,22537846,339
63805,22537846,22537924,78
63806,22537924,22538191,267
63807,22538191,22538233,42
63808,22538233,22538392,159
63809,22538392,22538683,291
63810,22538683,22538704,21
63811,22538704,22538915,211
63812,22538915,22539690,775
63813,22539690,22540285,595
63814,22540285,22540322,37
63815,22540322,22540405,83
63816,22540405,22540591,186
63817,22540591,22540730,139
63818,22540730,22541034,304
63819,22541034,22541474,440
63820,22541474,22541547,73
63821,22541547,22541665,118
63822,22541665,22541790,125
63823,22541790,22542151,361
63824,22542151,22542542,391
63825,22542542,22542553,11
63826,22542553,22543193,640
63827,22543193,22543495,302
63828,22543495,22544132,637
63829,22544132,22544419,287
63830,22544419,22545129,710
63831,22545129,22545156,27
63832,22545156,22545437,281
63833,22545437,22546027,590
63834,22546027,22546402,375
63835,22546402,22546436,34
63836,22546436,22546467,31
63837,22546467,22546520,53
63838,22546520,22547146,626
63839,22547146,22547459,313
63840,22547459,22547549,90
63841,22547549,22547581,32
63842,22547581,22547956,375
63843,22547956,22548280,324
63844,22551654,22552363,709
63845,22552363,22552494,131
63846,22552494,22552663,169
63847,22552663,22552708,45
63848,22552708,22552934,226
63849,22552934,22553253,319
63850,22553253,22553594,341
63851,22553594,22553599,5
63852,22553599,22553610,11
63853,22553610,22553722,112
63854,22553722,22553869,147
63855,22553869,22554220,351
63856,22554220,22555614,1394
63857,22555614,22556236,622
63858,22556236,22556275,39
63859,22556275,22556779,504
63860,22556779,22557432,653
63861,22557432,22557707,275
63862,22557707,22557803,96
63863,22557803,22557877,74
63864,22557877,22558284,407
63865,22558284,22558503,219
63866,22558503,22558921,418
63867,22558921,22559179,258
63868,22559179,22559330,151
63869,22559330,22559355,25
63870,22559355,22559551,196
63871,22559551,22559619,68
63872,22559619,22560118,499
63873,22560118,22560366,248
63874,22560366,22561007,641
63875,22561007,22561296,289
63876,22561296,22561463,167
63877,22561463,22561791,328
63878,22561791,22561850,59
63879,22561850,22561875,25
63880,22561875,22561984,109
63881,22561984,22562791,807
63882,22562791,22563821,1030
63883,22563821,22564366,545
63884,22564366,22564409,43
63885,22564409,22565130,721
63886,22565130,22565153,23
63887,22565153,22565637,484
63888,22565637,22565779,142
63889,22565779,22566079,300
63890,22566079,22566331,252
63891,22566331,22566610,279
63892,22566610,22566700,90
63893,22566700,22567182,482
63894,22567182,22567546,364
63895,22567546,22568058,512
63896,22568058,22568075,17
63897,22568075,22568472,397
63898,22568472,22568508,36
63899,22568508,22568600,92
63900,22568600,22568690,90
63901,22568690,22569326,636
63902,22569326,22569572,246
63903,22569572,22569578,6
63904,22569578,22570001,423
63905,22570001,22570037,36
63906,22570037,22570151,114
63907,22570151,22570411,260
63908,22570411,22570950,539
63909,22570950,22571180,230
63910,22571180,22571283,103
63911,22571283,22571343,60
63912,22571343,22571757,414
63913,22571757,22572501,744
63914,22572501,22572559,58
63915,22572559,22572597,38
63916,22572597,22573253,656
63917,22573253,22573322,69
63918,22573322,22573843,521
63919,22573843,22573998,155
63920,22573998,22574615,617
63921,22574615,22574687,72
63922,22574687,22574843,156
63923,22574843,22575109,266
63924,22575109,22575200,91
63925,22575200,22575382,182
63926,22575382,22575577,195
63927,22575577,22576151,574
63928,22576151,22576157,6
63929,22576157,22576200,43
63930,22576200,22576209,9
63931,22576209,22576460,251
63932,22576460,22576860,400
63933,22579252,22579752,500
63934,22579752,22579875,123
63935,22579875,22580692,817
63936,22580692,22580922,230
63937,22580922,22580969,47
63938,22580969,22581120,151
63939,22581120,22581232,112
63940,22581232,22581271,39
63941,22581271,22581656,385
63942,22581656,22581700,44
63943,22581700,22582428,728
63944,22582428,22584465,2037
63945,22584465,22584987,522
63946,22584987,22584993,6
63947,22584993,22585015,22
63948,22585015,22585152,137
63949,22585152,22585597,445
63950,22585597,22585609,12
63951,22585609,22585996,387
63952,22585996,22586265,269
63953,22586265,22586276,11
63954,22586276,22586282,6
63955,22588302,22588330,28
63956,22588330,22588757,427
63957,22588757,22588811,54
63958,22588811,22589516,705
63959,22589516,22589829,313
63960,22589829,22590097,268
63961,22590097,22590487,390
63962,22590487,22592440,1953
63963,22592440,22592486,46
63964,22592486,22592492,6
63965,22592492,22593036,544
63966,22593036,22593438,402
63967,22593438,22594049,611
63968,22594049,22594371,322
63969,22594371,22594910,539
63970,22594910,22595158,248
63971,22595158,22595969,811
63972,22595969,22596543,574
63973,22596543,22596893,350
63974,22596893,22597297,404
63975,22597297,22600097,2800
63976,22600097,22600113,16
63977,22600113,22600119,6
63978,22602059,22602065,6
63979,22602065,22604303,2238
63980,22604303,22604380,77
63981,22604380,22605385,1005
63982,22605385,22606692,1307
63983,22606692,22606897,205
63984,22606897,22607076,179
63985,22607076,22608010,934
63986,22608010,22608212,202
63987,22608212,22610264,2052
63988,22610264,22610366,102
63989,22616733,22617440,707
63990,22617440,22617520,80
63991,22617520,22617539,19
63992,22617539,22617867,328
63993,22617867,22618148,281
63994,22618148,22619327,1179
63995,22619327,22619848,521
63996,22619848,22620097,249
63997,22620097,22620835,738
63998,22620835,22621426,591
63999,22621426,22621556,130
64000,22621556,22621871,315
64001,22621871,22622632,761
64002,22622632,22622648,16
64003,22622648,22622886,238
64004,22622886,22622973,87
64005,22622973,22623018,45
64006,22623018,22623434,416
64007,22623434,22623438,4
64008,22623438,22624152,714
64009,22624152,22624632,480
64010,22626130,22626632,502
64011,22626632,22626885,253
64012,22626885,22627141,256
64013,22627141,22627436,295
64014,22627436,22628371,935
64015,22628371,22629233,862
64016,22629233,22629239,6
64017,22629239,22629750,511
64018,22629750,22630742,992
64019,22630742,22631415,673
64020,22631415,22631731,316
64021,22631731,22632586,855
64022,22632586,22632647,61
64023,22632647,22632706,59
64024,22632706,22632791,85
64025,22632791,22633076,285
64026,22633076,22633365,289
64027,22633365,22633416,51
64028,22633416,22633903,487
64029,22633903,22634582,679
64030,22634582,22634727,145
64031,22634727,22634802,75
64032,22634802,22635087,285
64033,22635087,22635939,852
64034,22635939,22635962,23
64035,22635962,22636010,48
64036,22636010,22637246,1236
64037,22637246,22637334,88
64038,22637334,22637765,431
64039,22637765,22638442,677
64040,22638442,22638486,44
64041,22638486,22639461,975
64042,22639461,22639625,164
64043,22639625,22639744,119
64044,22639744,22640189,445
64045,22640189,22640255,66
64046,22640255,22640291,36
64047,22640291,22640396,105
64048,22640396,22640872,476
64049,22640872,22640888,16
64050,22640888,22641320,432
64051,22641320,22641442,122
64052,22641442,22641460,18
64053,22641460,22641613,153
64054,22641613,22641688,75
64055,22641688,22642294,606
64056,22642294,22642322,28
64057,22642322,22642634,312
64058,22642634,22642649,15
64059,22642649,22642695,46
64060,22642695,22642704,9
64061,22642704,22642743,39
64062,22642743,22643153,410
64063,22643153,22643233,80
64064,22643233,22643305,72
64065,22643305,22643576,271
64066,22643576,22643659,83
64067,22643659,22643751,92
64068,22643751,22643811,60
64069,22643811,22643939,128
64070,22643939,22644312,373
64071,22644312,22644978,666
64072,22644978,22645398,420
64073,22645398,22645605,207
64074,22645605,22645617,12
64075,22645617,22645623,6
64076,22645623,22645643,20
64077,22645643,22646045,402
64078,22646045,22646838,793
64079,22646838,22646956,118
64080,22646956,22646972,16
64081,22646972,22646991,19
64082,22646991,22647075,84
64083,22647075,22647088,13
64084,22647088,22647551,463
64085,22647551,22647692,141
64086,22647692,22649429,1737
64087,22649429,22649698,269
64088,22649698,22649826,128
64089,22649826,22649987,161
64090,22649987,22650271,284
64091,22650271,22650327,56
64092,22650327,22651189,862
64093,22651189,22651310,121
64094,22651310,22651338,28
64095,22651338,22651517,179
64096,22651517,22651533,16
64097,22651533,22651569,36
64098,22651569,22652187,618
64099,22652187,22652750,563
64100,22652750,22653524,774
64101,22653524,22653818,294
64102,22653818,22653856,38
64103,22653856,22653862,6
64104,22653862,22655122,1260
64105,22655122,22655889,767
64106,22655889,22656577,688
64107,22656577,22656753,176
64108,22659587,22659859,272
64109,22659859,22660013,154
64110,22662025,22662257,232
64111,22662257,22662359,102
64112,22662359,22662462,103
64113,22662462,22663077,615
64114,22663077,22664018,941
64115,22664018,22665140,1122
64116,22665140,22665206,66
64117,22665206,22665251,45
64118,22665251,22665676,425
64119,22665676,22666356,680
64120,22666356,22667412,1056
64121,22667412,22668526,1114
64122,22668526,22668554,28
64123,22668554,22669342,788
64124,22669342,22669360,18
64125,22669360,22669372,12
64126,22669372,22670522,1150
64127,22670522,22670856,334
64128,22670856,22671016,160
64129,22671016,22671697,681
64130,22671697,22671752,55
64131,22671752,22671833,81
64132,22671833,22671922,89
64133,22671922,22672477,555
64134,22672477,22672888,411
64135,22672888,22673800,912
64136,22673800,22675428,1628
64137,22678238,22679695,1457
64138,22679695,22680132,437
64139,22680132,22680846,714
64140,22680846,22681145,299
64141,22681145,22681318,173
64142,22681318,22681663,345
64143,22681663,22681828,165
64144,22681828,22682096,268
64145,22682096,22682152,56
64146,22682152,22682315,163
64147,22682315,22682422,107
64148,22682422,22682456,34
64149,22682456,22682705,249
64150,22682705,22682776,71
64151,22682776,22683251,475
64152,22683251,22683303,52
64153,22683303,22683990,687
64154,22683990,22684315,325
64155,22684315,22684735,420
64156,22684735,22684758,23
64157,22684758,22685159,401
64158,22685159,22686938,1779
64159,22686938,22687040,102
64160,22687040,22687236,196
64161,22687236,22687316,80
64162,22687316,22687342,26
64163,22687342,22687392,50
64164,22687392,22687688,296
64165,22687688,22688420,732
64166,22688420,22688522,102
64167,22688522,22688732,210
64168,22688732,22688897,165
64169,22688897,22689045,148
64170,22689045,22689208,163
64171,22689208,22690194,986
64172,22690194,22690595,401
64173,22690595,22690622,27
64174,22690622,22691529,907
64175,22691529,22692970,1441
64176,22692970,22694136,1166
64177,22694136,22694184,48
64178,22694184,22694190,6
64179,22694190,22694298,108
64180,22694298,22694669,371
64181,22694669,22694697,28
64182,22694697,22695416,719
64183,22695416,22698006,2590
64184,22698006,22699400,1394
64185,22699400,22699751,351
64186,22699751,22699898,147
64187,22699898,22700010,112
64188,22700010,22700021,11
64189,22700021,22700026,5
64190,22700026,22700367,341
64191,22700367,22700686,319
64192,22700686,22700912,226
64193,22700912,22700957,45
64194,22700957,22701126,169
64195,22701126,22701257,131
64196,22701257,22701852,595
64197,22701852,22702757,905
64198,22702757,22702909,152
64199,22702909,22702918,9
64200,22702918,22703023,105
64201,22703023,22703436,413
64202,22703436,22704514,1078
64203,22704514,22704645,131
64204,22704645,22704858,213
64205,22704858,22705555,697
64206,22705555,22705706,151
64207,22705706,22705724,18
64208,22705724,22705783,59
64209,22705783,22706141,358
64210,22706141,22707550,1409
64211,22707550,22707879,329
64212,22707879,22708610,731
64213,22708610,22708712,102
64214,22708712,22709054,342
64215,22709054,22709463,409
64216,22709463,22709726,263
64217,22709726,22709978,252
64218,22709978,22710169,191
64219,22710169,22710389,220
64220,22710389,22710502,113
64221,22710502,22710624,122
64222,22710624,22710672,48
64223,22710672,22711043,371
64224,22711043,22711299,256
64225,22711299,22711604,305
64226,22711604,22713350,1746
64227,22713350,22713356,6
64228,22713356,22713372,16
64229,22713372,22713408,36
64230,22713408,22714959,1551
64231,22714959,22715334,375
64232,22715334,22715615,281
64233,22715615,22715637,22
64234,22715637,22715677,40
64235,22715677,22716972,1295
64236,22716972,22717181,209
64237,22717181,22717198,17
64238,22719308,22719324,16
64239,22719324,22719498,174
64240,22719498,22719589,91
64241,22719589,22719907,318
64242,22719907,22720076,169
64243,22720076,22720309,233
64244,22720309,22720485,176
64245,22720485,22720847,362
64246,22720847,22721186,339
64247,22721186,22721291,105
64248,22721291,22721625,334
64249,22721625,22722131,506
64250,22722131,22722567,436
64251,22722567,22722918,351
64252,22722918,22723148,230
64253,22723148,22723478,330
64254,22723478,22723719,241
64255,22723719,22723740,21
64256,22723740,22724199,459
64257,22724199,22724490,291
64258,22724490,22725370,880
64259,22725370,22726313,943
64260,22726313,22726535,222
64261,22726535,22727118,583
64262,22727118,22727225,107
64263,22727225,22727299,74
64264,22727299,22727610,311
64265,22727610,22727649,39
64266,22727649,22727883,234
64267,22727883,22728138,255
64268,22728138,22728430,292
64269,22728430,22730144,1714
64270,22730144,22730344,200
64271,22730344,22730410,66
64272,22730410,22730457,47
64273,22730457,22730937,480
64274,22730937,22731152,215
64275,22733419,22733964,545
64276,22733964,22734009,45
64277,22734009,22734518,509
64278,22734518,22735292,774
64279,22735292,22735493,201
64280,22735493,22735748,255
64281,22735748,22736038,290
64282,22736038,22736087,49
64283,22736087,22736928,841
64284,22736928,22738201,1273
64285,22738201,22739717,1516
64286,22739717,22739805,88
64287,22739805,22740334,529
64288,22740334,22740893,559
64289,22740893,22742218,1325
64290,22742218,22742254,36
64291,22742254,22742270,16
64292,22742270,22742276,6
64293,22742276,22742538,262
64294,22742538,22742922,384
64295,22742922,22744590,1668
64296,22744590,22744646,56
64297,22744646,22745432,786
64298,22748253,22748355,102
64299,22748355,22748657,302
64300,22748657,22750075,1418
64301,22750075,22750149,74
64302,22750149,22751892,1743
64303,22751892,22753038,1146
64304,22753038,22753206,168
64305,22753206,22753747,541
64306,22753747,22753815,68
64307,22753815,22754162,347
64308,22754162,22755490,1328
64309,22755490,22755518,28
64310,22755518,22756257,739
64311,22756257,22757096,839
64312,22757096,22757169,73
64313,22757169,22757794,625
64314,22757794,22757810,16
64315,22757810,22757816,6
64316,22757816,22758278,462
64317,22758278,22759379,1101
64318,22759379,22759900,521
64319,22759900,22759931,31
64320,22759931,22760347,416
64321,22760347,22760383,36
64322,22760383,22761266,883
64323,22761266,22761986,720
64324,22761986,22762083,97
64325,22762083,22763405,1322
64326,22763405,22763413,8
64327,22763413,22764191,778
64328,22764191,22765720,1529
64329,22765720,22765914,194
64330,22765914,22766014,100
64331,22766014,22766020,6
64332,22766020,22766028,8
64333,22766028,22769144,3116
64334,22769144,22769871,727
64335,22769871,22770623,752
64336,22770623,22770923,300
64337,22770923,22771004,81
64338,22771004,22771676,672
64339,22771676,22772178,502
64340,22772178,22773032,854
64341,22773032,22773162,130
64342,22773162,22773357,195
64343,22773357,22773774,417
64344,22773774,22773904,130
64345,22773904,22774496,592
64346,22774496,22774921,425
64347,22774921,22775905,984
64348,22775905,22776125,220
64349,22776125,22776161,36
64350,22776161,22776182,21
64351,22776182,22776818,636
64352,22776818,22778791,1973
64353,22778791,22779084,293
64354,22779084,22780625,1541
64355,22780625,22780641,16
64356,22780641,22780647,6
64357,22780647,22780744,97
64358,22780744,22781342,598
64359,22781342,22782264,922
64360,22782264,22782701,437
64361,22782701,22783764,1063
64362,22783764,22783794,30
64363,22783794,22784118,324
64364,22784118,22784401,283
64365,22784401,22784414,13
64366,22784414,22784421,7
64367,22784421,22785148,727
64368,22785148,22785456,308
64369,22785456,22785868,412
64370,22785868,22786473,605
64371,22786473,22788408,1935
64372,22788408,22788523,115
64373,22788523,22789118,595
64374,22789118,22789134,16
64375,22789134,22789140,6
64376,22789140,22789875,735
64377,22789875,22791292,1417
64378,22791292,22791956,664
64379,22791956,22792636,680
64380,22792636,22793421,785
64381,22793421,22793605,184
64382,22793605,22793730,125
64383,22793730,22794563,833
64384,22794563,22794615,52
64385,22794615,22795454,839
64386,22795454,22796067,613
64387,22796067,22796088,21
64388,22796088,22796130,42
64389,22796130,22796853,723
64390,22796853,22797016,163
64391,22797016,22798068,1052
64392,22798068,22798690,622
64393,22798690,22798805,115
64394,22798805,22799106,301
64395,22799106,22800081,975
64396,22800081,22800551,470
64397,22800551,22801660,1109
64398,22801660,22802228,568
64399,22802228,22802408,180
64400,22802408,22802434,26
64401,22802434,22803248,814
64402,22803248,22803886,638
64403,22803886,22804586,700
64404,22804586,22804896,310
64405,22804896,22805420,524
64406,22805420,22805964,544
64407,22805964,22806577,613
64408,22806577,22806593,16
64409,22806593,22806753,160
64410,22806753,22807464,711
64411,22807464,22807990,526
64412,22807990,22808296,306
64413,22808296,22808747,451
64414,22808747,22808843,96
64415,22808843,22809552,709
64416,22809552,22809972,420
64417,22809972,22810223,251
64418,22810223,22810286,63
64419,22810286,22810355,69
64420,22810355,22810379,24
64421,22810379,22810946,567
64422,22810946,22810953,7
64423,22810953,22811240,287
64424,22811240,22811336,96
64425,22811336,22811951,615
64426,22811951,22812074,123
64427,22812074,22812203,129
64428,22812203,22812748,545
64429,22812748,22812822,74
64430,22812822,22813297,475
64431,22813297,22813412,115
64432,22813412,22813572,160
64433,22813572,22814366,794
64434,22814366,22814496,130
64435,22814496,22814557,61
64436,22814557,22814569,12
64437,22814569,22814885,316
64438,22814885,22814962,77
64439,22814962,22815312,350
64440,22815312,22815411,99
64441,22815411,22815516,105
64442,22815516,22816273,757
64443,22816273,22817580,1307
64444,22817580,22818059,479
64445,22818059,22818327,268
64446,22818327,22818503,176
64447,22818503,22820101,1598
64448,22820101,22821926,1825
64449,22821926,22822241,315
64450,22822241,22822537,296
64451,22822537,22823016,479
64452,22823016,22823974,958
64453,22823974,22824590,616
64454,22824590,22824670,80
64455,22824670,22824858,188
64456,22824858,22824949,91
64457,22824949,22825567,618
64458,22825567,22825690,123
64459,22825690,22826279,589
64460,22826279,22826583,304
64461,22826583,22827111,528
64462,22827111,22827285,174
64463,22827285,22827759,474
64464,22827759,22828320,561
64465,22828320,22828422,102
64466,22828422,22828788,366
64467,22828788,22828848,60
64468,22828848,22828962,114
64469,22828962,22828971,9
64470,22828971,22829251,280
64471,22829251,22829255,4
64472,22829255,22829404,149
64473,22829404,22830173,769
64474,22830173,22830834,661
64475,22830834,22831294,460
64476,22831294,22832214,920
64477,22832214,22832418,204
64478,22832418,22832641,223
64479,22832641,22832691,50
64480,22832691,22833235,544
64481,22833235,22834027,792
64482,22834027,22835166,1139
64483,22835166,22835172,6
64484,22835172,22835362,190
64485,22835362,22836287,925
64486,22836287,22836373,86
64487,22836373,22836682,309
64488,22836682,22836794,112
64489,22836794,22837408,614
64490,22837408,22837476,68
64491,22837476,22837485,9
64492,22837485,22837589,104
64493,22837589,22837777,188
64494,22837777,22838107,330
64495,22838107,22838113,6
64496,22838113,22838129,16
64497,22838129,22838185,56
64498,22838185,22838609,424
64499,22838609,22840190,1581
64500,22840190,22840337,147
64501,22840337,22841498,1161
64502,22841498,22842452,954
64503,22842452,22842993,541
64504,22842993,22843099,106
64505,22843099,22844336,1237
64506,22844336,22844358,22
64507,22844358,22844530,172
64508,22844530,22844797,267
64509,22844797,22845257,460
64510,22845257,22845825,568
64511,22845825,22845861,36
64512,22845861,22847067,1206
64513,22847067,22847971,904
64514,22847971,22848015,44
64515,22848015,22848832,817
64516,22848832,22849641,809
64517,22849641,22849676,35
64518,22849676,22849692,16
64519,22849692,22849698,6
64520,22849698,22850861,1163
64521,22850861,22850903,42
64522,22850903,22852242,1339
64523,22852242,22852965,723
64524,22852965,22853452,487
64525,22853452,22854536,1084
64526,22854536,22855161,625
64527,22855161,22855317,156
64528,22855317,22855445,128
64529,22855445,22856002,557
64530,22856002,22856008,6
64531,22856008,22856806,798
64532,22856806,22856902,96
64533,22856902,22857718,816
64534,22857718,22858385,667
64535,22858385,22858743,358
64536,22858743,22859424,681
64537,22859424,22859535,111
64538,22859535,22859551,16
64539,22859551,22860112,561
64540,22860112,22860181,69
64541,22860181,22860336,155
64542,22860336,22860726,390
64543,22860726,22861597,871
64544,22861597,22862601,1004
64545,22862601,22862776,175
64546,22862776,22862784,8
64547,22862784,22862960,176
64548,22862960,22863043,83
64549,22863043,22863103,60
64550,22863103,22863225,122
64551,22863225,22863396,171
64552,22863396,22863456,60
64553,22863456,22864443,987
64554,22864443,22864836,393
64555,22864836,22865890,1054
64556,22865890,22866724,834
64557,22866724,22867808,1084
64558,22867808,22868288,480
64559,22868288,22868652,364
64560,22868652,22869008,356
64561,22869008,22869426,418
64562,22869426,22869767,341
64563,22869767,22870467,700
64564,22870467,22870511,44
64565,22870511,22870527,16
64566,22870527,22870796,269
64567,22870796,22871800,1004
64568,22871800,22871914,114
64569,22871914,22871924,10
64570,22871924,22872215,291
64571,22872215,22872470,255
64572,22872470,22872515,45
64573,22872515,22873102,587
64574,22873102,22873334,232
64575,22873334,22873412,78
64576,22873412,22873857,445
64577,22873857,22874308,451
64578,22874308,22874373,65
64579,22874373,22874380,7
64580,22874380,22874817,437
64581,22874817,22874832,15
64582,22874832,22874960,128
64583,22874960,22875035,75
64584,22875035,22875668,633
64585,22875668,22875674,6
64586,22875674,22875729,55
64587,22875729,22876246,517
64588,22876246,22876256,10
64589,22876256,22876261,5
64590,22876261,22876286,25
64591,22876286,22876737,451
64592,22876737,22876865,128
64593,22876865,22876904,39
64594,22876904,22877355,451
64595,22877355,22877397,42
64596,22877397,22877568,171
64597,22877568,22877601,33
64598,22877601,22877699,98
64599,22877699,22877706,7
64600,22877706,22878243,537
64601,22878243,22878574,331
64602,22878574,22878728,154
64603,22878728,22878846,118
64604,22878846,22879043,197
64605,22879043,22879473,430
64606,22879473,22879518,45
64607,22879518,22879641,123
64608,22879641,22880102,461
64609,22880102,22880406,304
64610,22880406,22880504,98
64611,22880504,22881008,504
64612,22881008,22881276,268
64613,22881276,22881524,248
64614,22881524,22882552,1028
64615,22882552,22883953,1401
64616,22883953,22885781,1828
64617,22885781,22886865,1084
64618,22886865,22886923,58
64619,22886923,22887037,114
64620,22887037,22887154,117
64621,22887154,22887406,252
64622,22887406,22887427,21
64623,22887427,22887567,140
64624,22887567,22887609,42
64625,22887609,22887804,195
64626,22887804,22887932,128
64627,22887932,22887947,15
64628,22887947,22888040,93
64629,22888040,22888333,293
64630,22888333,22888681,348
64631,22888681,22888817,136
64632,22888817,22888886,69
64633,22888886,22889099,213
64634,22889099,22889183,84
64635,22889183,22889789,606
64636,22889789,22889924,135
64637,22889924,22889930,6
64638,22889930,22891116,1186
64639,22891116,22891121,5
64640,22891121,22891921,800
64641,22891921,22892112,191
64642,22892112,22893594,1482
64643,22893594,22893603,9
64644,22893603,22893868,265
64645,22893868,22894224,356
64646,22894224,22894260,36
64647,22894260,22895118,858
64648,22895118,22895165,47
64649,22895165,22896180,1015
64650,22896180,22896647,467
64651,22896647,22896775,128
64652,22896775,22897194,419
64653,22897194,22897374,180
64654,22897374,22897834,460
64655,22897834,22898531,697
64656,22898531,22898537,6
64657,22898537,22899384,847
64658,22899384,22899412,28
64659,22899412,22899600,188
64660,22899600,22899649,49
64661,22899649,22899674,25
64662,22899674,22899817,143
64663,22899817,22899925,108
64664,22899925,22899946,21
64665,22899946,22900610,664
64666,22900610,22900918,308
64667,22900918,22901661,743
64668,22901661,22901878,217
64669,22901878,22902416,538
64670,22902416,22902654,238
64671,22902654,22902711,57
64672,22902711,22902720,9
64673,22902720,22903085,365
64674,22903085,22903118,33
64675,22903118,22903649,531
64676,22903649,22903923,274
64677,22903923,22904167,244
64678,22904167,22904183,16
64679,22904183,22904189,6
64680,22904189,22904348,159
64681,22904348,22904789,441
64682,22904789,22905554,765
64683,22905554,22905594,40
64684,22905594,22905610,16
64685,22905610,22905616,6
64686,22905616,22905646,30
64687,22905646,22905656,10
64688,22905656,22905736,80
64689,22905736,22906080,344
64690,22906080,22906176,96
64691,22906176,22906330,154
64692,22906330,22907132,802
64693,22907132,22907141,9
64694,22907141,22907265,124
64695,22907265,22907450,185
64696,22907450,22907688,238
64697,22907688,22908019,331
64698,22908019,22908029,10
64699,22908029,22908051,22
64700,22908051,22908858,807
64701,22908858,22908898,40
64702,22908898,22909225,327
64703,22909225,22909357,132
64704,22909357,22909455,98
64705,22909455,22909521,66
64706,22909521,22909737,216
64707,22909737,22911168,1431
64708,22911168,22911277,109
64709,22911277,22911542,265
64710,22911542,22911579,37
64711,22911579,22912030,451
64712,22912030,22912069,39
64713,22912069,22912447,378
64714,22912447,22912842,395
64715,22912842,22913117,275
64716,22913117,22914076,959
64717,22914076,22914379,303
64718,22914379,22914637,258
64719,22914637,22915126,489
64720,22915126,22915395,269
64721,22915395,22915748,353
64722,22915748,22915980,232
64723,22915980,22916041,61
64724,22916041,22916223,182
64725,22916223,22916320,97
64726,22916320,22917316,996
64727,22917316,22918351,1035
64728,22918351,22919741,1390
64729,22919741,22919777,36
64730,22919777,22920775,998
64731,22920775,22921191,416
64732,22921191,22921754,563
64733,22921754,22922952,1198
64734,22922952,22923418,466
64735,22923418,22923453,35
64736,22923453,22924008,555
64737,22924008,22924087,79
64738,22924087,22924122,35
64739,22924122,22924138,16
64740,22924138,22924144,6
64741,22924144,22924477,333
64742,22924477,22924713,236
64743,22924713,22925796,1083
64744,22925796,22926231,435
64745,22926231,22926556,325
64746,22926556,22927065,509
64747,22927065,22927880,815
64748,22927880,22929004,1124
64749,22929004,22929831,827
64750,22929831,22930055,224
64751,22930055,22930098,43
64752,22930098,22931000,902
64753,22931000,22931140,140
64754,22931140,22931339,199
64755,22931339,22932640,1301
64756,22932640,22932964,324
64757,22932964,22933147,183
64758,22933147,22933229,82
64759,22933229,22933498,269
64760,22933498,22933628,130
64761,22933628,22933820,192
64762,22933820,22933870,50
64763,22933870,22933929,59
64764,22933929,22934434,505
64765,22934434,22934446,12
64766,22934446,22934730,284
64767,22934730,22935270,540
64768,22935270,22935285,15
64769,22935285,22935358,73
64770,22935358,22935457,99
64771,22935457,22935886,429
64772,22935886,22935967,81
64773,22935967,22936660,693
64774,22936660,22936840,180
64775,22936840,22938962,2122
64776,22938962,22939097,135
64777,22939097,22939306,209
64778,22939306,22939364,58
64779,22939364,22939478,114
64780,22939478,22939628,150
64781,22939628,22939880,252
64782,22939880,22940041,161
64783,22940041,22940083,42
64784,22940083,22940331,248
64785,22940331,22940459,128
64786,22940459,22940474,15
64787,22940474,22940567,93
64788,22940567,22940856,289
64789,22940856,22941204,348
64790,22941204,22941340,136
64791,22941340,22941409,69
64792,22941409,22941704,295
64793,22941704,22942029,325
64794,22942029,22942225,196
64795,22942225,22942402,177
64796,22942402,22942434,32
64797,22942434,22942466,32
64798,22942466,22942506,40
64799,22942506,22942527,21
64800,22942527,22942951,424
64801,22942951,22943040,89
64802,22943040,22943205,165
64803,22943205,22943696,491
64804,22943696,22944523,827
64805,22944523,22945130,607
64806,22945130,22945496,366
64807,22945496,22945609,113
64808,22945609,22945916,307
64809,22945916,22945932,16
64810,22945932,22945953,21
64811,22945953,22946134,181
64812,22946134,22947148,1014
64813,22947148,22948743,1595
64814,22948743,22950003,1260
64815,22950003,22950279,276
64816,22950279,22950703,424
64817,22950703,22950724,21
64818,22950724,22950764,40
64819,22950764,22950796,32
64820,22950796,22950828,32
64821,22950828,22951005,177
64822,22951005,22951201,196
64823,22951201,22951526,325
64824,22951526,22951610,84
64825,22951610,22951822,212
64826,22951822,22951998,176
64827,22951998,22952346,348
64828,22952346,22952635,289
64829,22952635,22952728,93
64830,22952728,22952743,15
64831,22952743,22952871,128
64832,22952871,22953066,195
64833,22953066,22953108,42
64834,22953108,22953248,140
64835,22953248,22953269,21
64836,22953269,22953521,252
64837,22953521,22953671,150
64838,22953671,22953783,112
64839,22953783,22953841,58
64840,22953841,22954162,321
64841,22954162,22954336,174
64842,22954336,22954595,259
64843,22954595,22954611,16
64844,22954611,22955271,660
64845,22955271,22955578,307
64846,22955578,22956213,635
64847,22956213,22957010,797
64848,22957010,22958305,1295
64849,22958305,22958576,271
64850,22958576,22959368,792
64851,22959368,22959545,177
64852,22959545,22959731,186
64853,22959731,22959763,32
64854,22959763,22959946,183
64855,22959946,22960456,510
64856,22960456,22960605,149
64857,22960605,22960999,394
64858,22960999,22961169,170
64859,22961169,22961826,657
64860,22961826,22962095,269
64861,22962095,22962172,77
64862,22962172,22962179,7
64863,22962179,22962258,79
64864,22962258,22962690,432
64865,22962690,22962892,202
64866,22962892,22963894,1002
64867,22963894,22964292,398
64868,22964292,22964359,67
64869,22964359,22965743,1384
64870,22965743,22965771,28
64871,22965771,22966318,547
64872,22966318,22967135,817
64873,22967135,22967943,808
64874,22967943,22968102,159
64875,22968102,22968140,38
64876,22968140,22968180,40
64877,22968180,22968243,63
64878,22968243,22968450,207
64879,22968450,22969207,757
64880,22969207,22969243,36
64881,22969243,22969265,22
64882,22969265,22969769,504
64883,22969769,22970203,434
64884,22970203,22971897,1694
64885,22971897,22972350,453
64886,22972350,22972528,178
64887,22972528,22972559,31
64888,22972559,22972660,101
64889,22972660,22973054,394
64890,22973054,22973347,293
64891,22973347,22973889,542
64892,22973889,22974173,284
64893,22974173,22974551,378
64894,22974551,22974683,132
64895,22974683,22974818,135
64896,22974818,22974902,84
64897,22974902,22975115,213
64898,22975115,22975293,178
64899,22975293,22975641,348
64900,22975641,22975930,289
64901,22975930,22976023,93
64902,22976023,22976038,15
64903,22976038,22976166,128
64904,22976166,22976361,195
64905,22976361,22976403,42
64906,22976403,22976543,140
64907,22976543,22976564,21
64908,22976564,22976816,252
64909,22976816,22976966,150
64910,22976966,22977078,112
64911,22977078,22977136,58
64912,22977136,22977457,321
64913,22977457,22977632,175
64914,22977632,22977891,259
64915,22977891,22977907,16
64916,22977907,22978567,660
64917,22978567,22978849,282
64918,22978849,22979246,397
64919,22979246,22979793,547
64920,22979793,22979814,21
64921,22979814,22980563,749
64922,22980563,22980602,39
64923,22980602,22980642,40
64924,22980642,22980958,316
64925,22980958,22982152,1194
64926,22982152,22982777,625
64927,22982777,22982865,88
64928,22982865,22983222,357
64929,22983222,22983707,485
64930,22983707,22983772,65
64931,22983772,22983969,197
64932,22983969,22983982,13
64933,22983982,22984053,71
64934,22984053,22984133,80
64935,22984133,22984680,547
64936,22984680,22984734,54
64937,22984734,22984865,131
64938,22984865,22985096,231
64939,22985096,22985372,276
64940,22985372,22985522,150
64941,22985522,22985552,30
64942,22985552,22985746,194
64943,22985746,22985822,76
64944,22985822,22985936,114
64945,22985936,22986080,144
64946,22986080,22986398,318
64947,22986398,22986543,145
64948,22986543,22986706,163
64949,22986706,22986712,6
64950,22986712,22986728,16
64951,22986728,22987112,384
64952,22987112,22987221,109
64953,22987221,22987496,275
64954,22987496,22987891,395
64955,22987891,22989035,1144
64956,22989035,22989251,216
64957,22989251,22989317,66
64958,22989317,22989415,98
64959,22989415,22989547,132
64960,22989547,22990278,731
64961,22990278,22990341,63
64962,22990341,22990570,229
64963,22990570,22990655,85
64964,22990655,22990926,271
64965,22990926,22991342,416
64966,22991342,22991370,28
64967,22991370,22991412,42
64968,22991412,22991438,26
64969,22991438,22991700,262
64970,22991700,22991748,48
64971,22991748,22992150,402
64972,22992150,22992708,558
64973,22992708,22992735,27
64974,22992735,22993157,422
64975,22993157,22993206,49
64976,22993206,22993391,185
64977,22993391,22993523,132
64978,22993523,22993535,12
64979,22993535,22993673,138
64980,22993673,22993766,93
64981,22993766,22993823,57
64982,22993823,22994672,849
64983,22994672,22994777,105
64984,22994777,22995041,264
64985,22995041,22995086,45
64986,22995086,22995267,181
64987,22995267,22995390,123
64988,22995390,22995395,5
64989,22995395,22995497,102
64990,22995497,22995538,41
64991,22995538,22995704,166
64992,22995704,22996539,835
64993,22996539,22997787,1248
64994,22997787,22997800,13
64995,22997800,22998367,567
64996,22998367,22998412,45
64997,22998412,22998571,159
64998,22998571,22999462,891
64999,22999462,22999693,231
65000,22999693,23000215,522
65001,23000215,23000329,114
65002,23000329,23001048,719
65003,23001048,23001235,187
65004,23001235,23001404,169
65005,23001404,23001966,562
65006,23001966,23002048,82
65007,23002048,23002546,498
65008,23002546,23003287,741
65009,23003287,23003875,588
65010,23003875,23004097,222
65011,23004097,23005058,961
65012,23005058,23005570,512
65013,23005570,23006259,689
65014,23006259,23006386,127
65015,23006386,23006457,71
65016,23006457,23006622,165
65017,23006622,23009010,2388
65018,23009010,23009103,93
65019,23009103,23009340,237
65020,23009340,23010520,1180
65021,23010520,23010648,128
65022,23010648,23011571,923
65023,23011571,23011941,370
65024,23011941,23012244,303
65025,23012244,23012315,71
65026,23012315,23012408,93
65027,23012408,23012417,9
65028,23012417,23014086,1669
65029,23014086,23014126,40
65030,23014126,23014240,114
65031,23014240,23014355,115
65032,23014355,23014548,193
65033,23014548,23014742,194
65034,23014742,23015270,528
65035,23015270,23015620,350
65036,23015620,23015673,53
65037,23015673,23017160,1487
65038,23017160,23017220,60
65039,23017220,23017292,72
65040,23017292,23017648,356
65041,23017648,23017697,49
65042,23017697,23017722,25
65043,23017722,23017865,143
65044,23017865,23017974,109
65045,23017974,23017995,21
65046,23017995,23018267,272
65047,23018267,23018651,384
65048,23018651,23018886,235
65049,23018886,23018902,16
65050,23018902,23018908,6
65051,23018908,23019880,972
65052,23021974,23023071,1097
65053,23023071,23023163,92
65054,23023163,23023582,419
65055,23023582,23023902,320
65056,23023902,23024132,230
65057,23024132,23024148,16
65058,23024148,23024701,553
65059,23024701,23025207,506
65060,23025207,23025692,485
65061,23025692,23025861,169
65062,23025861,23026753,892
65063,23026753,23028112,1359
65064,23028112,23028124,12
65065,23028124,23028147,23
65066,23028147,23028154,7
65067,23028154,23028541,387
65068,23028541,23029479,938
65069,23029479,23029495,16
65070,23029495,23029860,365
65071,23029860,23030550,690
65072,23030550,23031155,605
65073,23031155,23031227,72
65074,23031227,23031696,469
65075,23031696,23031758,62
65076,23031758,23031764,6
65077,23031764,23032035,271
65078,23032035,23033109,1074
65079,23033109,23033202,93
65080,23033202,23033207,5
65081,23033207,23033707,500
65082,23033707,23033780,73
65083,23033780,23033801,21
65084,23033801,23033858,57
65085,23033858,23034031,173
65086,23034031,23034164,133
65087,23034164,23034600,436
65088,23034600,23034805,205
65089,23034805,23036418,1613
65090,23036418,23036606,188
65091,23036606,23037321,715
65092,23037321,23037483,162
65093,23037483,23038017,534
65094,23038017,23038124,107
65095,23038124,23038743,619
65096,23038743,23039763,1020
65097,23039763,23040119,356
65098,23040119,23040168,49
65099,23040168,23040193,25
65100,23040193,23040336,143
65101,23040336,23040445,109
65102,23040445,23040466,21
65103,23040466,23040736,270
65104,23040736,23040943,207
65105,23040943,23042412,1469
65106,23042412,23042455,43
65107,23042455,23042600,145
65108,23042600,23042642,42
65109,23042642,23043656,1014
65110,23043656,23043692,36
65111,23043692,23043708,16
65112,23043708,23043714,6
65113,23043714,23044129,415
65114,23044129,23044425,296
65115,23044425,23044790,365
65116,23044790,23044845,55
65117,23044845,23044851,6
65118,23044851,23045193,342
65119,23045193,23045224,31
65120,23045224,23045711,487
65121,23045711,23045725,14
65122,23045725,23045798,73
65123,23045798,23045818,20
65124,23045818,23045841,23
65125,23045841,23045862,21
65126,23045862,23046204,342
65127,23046204,23046355,151
65128,23046355,23046467,112
65129,23046467,23046667,200
65130,23046667,23046671,4
65131,23046671,23046895,224
65132,23046895,23046903,8
65133,23046903,23047008,105
65134,23047008,23047201,193
65135,23047201,23047214,13
65136,23047214,23047401,187
65137,23047401,23047739,338
65138,23047739,23047778,39
65139,23047778,23047783,5
65140,23047783,23047829,46
65141,23047829,23047933,104
65142,23047933,23048749,816
65143,23048749,23048946,197
65144,23048946,23049066,120
65145,23049066,23049231,165
65146,23049231,23050499,1268
65147,23050499,23050540,41
65148,23050540,23051337,797
65149,23051337,23051397,60
65150,23051397,23051412,15
65151,23051412,23051628,216
65152,23051628,23051671,43
65153,23051671,23051704,33
65154,23051704,23051821,117
65155,23054132,23055232,1100
65156,23055232,23055295,63
65157,23055295,23055418,123
65158,23055418,23055457,39
65159,23055457,23056325,868
65160,23056325,23056785,460
65161,23056785,23057622,837
65162,23057622,23057643,21
65163,23057643,23058184,541
65164,23058184,23058466,282
65165,23058466,23058720,254
65166,23058720,23058842,122
65167,23058842,23058902,60
65168,23058902,23059111,209
65169,23059111,23059155,44
65170,23059155,23059458,303
65171,23059458,23059557,99
65172,23059557,23059749,192
65173,23059749,23059837,88
65174,23059837,23059931,94
65175,23059931,23060005,74
65176,23060005,23060496,491
65177,23060496,23060659,163
65178,23060659,23061184,525
65179,23061184,23061521,337
65180,23061521,23061569,48
65181,23061569,23061919,350
65182,23061919,23062021,102
65183,23062021,23062033,12
65184,23062033,23062213,180
65185,23062213,23062418,205
65186,23062418,23063033,615
65187,23063033,23064133,1100
65188,23064133,23064196,63
65189,23064196,23064319,123
65190,23064319,23064358,39
65191,23064358,23064822,464
65192,23064822,23065198,376
65193,23065198,23065391,193
65194,23065391,23065397,6
65195,23065397,23065413,16
65196,23065413,23065443,30
65197,23065443,23065787,344
65198,23065787,23066145,358
65199,23066145,23066622,477
65200,23066622,23066926,304
65201,23066926,23066932,6
65202,23066932,23066948,16
65203,23066948,23066984,36
65204,23066984,23067783,799
65205,23067783,23067990,207
65206,23067990,23068505,515
65207,23068505,23069044,539
65208,23069044,23069048,4
65209,23069048,23069052,4
65210,23069052,23069089,37
65211,23069089,23069190,101
65212,23069190,23069674,484
65213,23069674,23069783,109
65214,23069783,23069789,6
65215,23069789,23069834,45
65216,23069834,23070192,358
65217,23070192,23070355,163
65218,23070355,23070431,76
65219,23070431,23070469,38
65220,23070469,23070727,258
65221,23070727,23071024,297
65222,23071024,23071774,750
65223,23071774,23073211,1437
65224,23073211,23073744,533
65225,23073744,23074239,495
65226,23074239,23074245,6
65227,23074245,23074261,16
65228,23074261,23074289,28
65229,23074289,23074716,427
65230,23074716,23074764,48
65231,23074764,23074961,197
65232,23074961,23075403,442
65233,23075403,23075461,58
65234,23075461,23075755,294
65235,23075755,23075901,146
65236,23075901,23076410,509
65237,23076410,23076645,235
65238,23076645,23077157,512
65239,23077157,23077328,171
65240,23077328,23077482,154
65241,23077482,23078055,573
65242,23078055,23078158,103
65243,23078158,23078212,54
65244,23078212,23078857,645
65245,23078857,23078896,39
65246,23078896,23079389,493
65247,23079389,23079681,292
65248,23079681,23079722,41
65249,23079722,23079959,237
65250,23079959,23079965,6
65251,23079965,23080076,111
65252,23080076,23080800,724
65253,23080800,23080964,164
65254,23080964,23083365,2401
65255,23083365,23083745,380
65256,23083745,23083766,21
65257,23083766,23083826,60
65258,23083826,23084087,261
65259,23084087,23084102,15
65260,23084102,23084114,12
65261,23084114,23084219,105
65262,23084219,23084260,41
65263,23084260,23084649,389
65264,23084649,23084870,221
65265,23084870,23085132,262
65266,23085132,23085141,9
65267,23085141,23085427,286
65268,23085427,23085492,65
65269,23085492,23086155,663
65270,23086155,23086405,250
65271,23086405,23087261,856
65272,23087261,23087290,29
65273,23087290,23087647,357
65274,23087647,23088490,843
65275,23088490,23088513,23
65276,23088513,23088518,5
65277,23088518,23088534,16
65278,23088534,23088565,31
65279,23088565,23088771,206
65280,23088771,23089424,653
65281,23089424,23089605,181
65282,23089605,23090410,805
65283,23090410,23090629,219
65284,23090629,23090993,364
65285,23090993,23090999,6
65286,23090999,23091015,16
65287,23091015,23091051,36
65288,23091051,23091224,173
65289,23091224,23091788,564
65290,23091788,23092407,619
65291,23092407,23092610,203
65292,23092610,23093095,485
65293,23093095,23094194,1099
65294,23094194,23094860,666
65295,23094860,23094963,103
65296,23094963,23095042,79
65297,23095042,23095094,52
65298,23097872,23098328,456
65299,23098328,23098414,86
65300,23098414,23098548,134
65301,23098548,23099397,849
65302,23099397,23099515,118
65303,23099515,23099834,319
65304,23099834,23100169,335
65305,23100169,23100899,730
65306,23100899,23100906,7
65307,23100906,23100929,23
65308,23100929,23102094,1165
65309,23102094,23102650,556
65310,23102650,23103381,731
65311,23103381,23103442,61
65312,23103442,23103484,42
65313,23103484,23103563,79
65314,23103563,23103615,52
65315,23103615,23104503,888
65316,23104503,23104534,31
65317,23104534,23104768,234
65318,23104768,23104774,6
65319,23104774,23104790,16
65320,23104790,23105507,717
65321,23105507,23106138,631
65322,23106138,23106226,88
65323,23106226,23106438,212
65324,23106438,23109530,3092
65325,23109530,23110199,669
65326,23110199,23110443,244
65327,23110443,23110770,327
65328,23110770,23110852,82
65329,23110852,23111116,264
65330,23111116,23111224,108
65331,23111224,23111568,344
65332,23111568,23111874,306
65333,23111874,23112302,428
65334,23112302,23112396,94
65335,23112396,23112446,50
65336,23112446,23113359,913
65337,23113359,23113363,4
65338,23113363,23113711,348
65339,23113711,23114264,553
65340,23114264,23114832,568
65341,23114832,23115308,476
65342,23115308,23115429,121
65343,23115429,23116085,656
65344,23116085,23116329,244
65345,23116329,23116656,327
65346,23116656,23116738,82
65347,23116738,23117002,264
65348,23117002,23117110,108
65349,23117110,23117453,343
65350,23117453,23117759,306
65351,23117759,23118187,428
65352,23118187,23118281,94
65353,23118281,23118331,50
65354,23118331,23119244,913
65355,23119244,23119248,4
65356,23119248,23119602,354
65357,23119602,23120152,550
65358,23120152,23120720,568
65359,23120720,23121196,476
65360,23121196,23121317,121
65361,23121317,23121973,656
65362,23121973,23122545,572
65363,23122545,23122627,82
65364,23122627,23122891,264
65365,23122891,23122999,108
65366,23122999,23123342,343
65367,23123342,23123648,306
65368,23123648,23124076,428
65369,23124076,23124170,94
65370,23124170,23124220,50
65371,23124220,23125133,913
65372,23125133,23125137,4
65373,23125137,23125485,348
65374,23125485,23126038,553
65375,23126038,23126606,568
65376,23126606,23127082,476
65377,23127082,23127203,121
65378,23127203,23127859,656
65379,23127859,23128103,244
65380,23128103,23128430,327
65381,23128430,23128512,82
65382,23128512,23128776,264
65383,23128776,23128884,108
65384,23128884,23129227,343
65385,23129227,23129533,306
65386,23129533,23129961,428
65387,23129961,23130055,94
65388,23130055,23130105,50
65389,23130105,23131018,913
65390,23131018,23131022,4
65391,23131022,23131370,348
65392,23131370,23131923,553
65393,23131923,23132491,568
65394,23132491,23132967,476
65395,23132967,23133088,121
65396,23133088,23133744,656
65397,23133744,23133988,244
65398,23133988,23134315,327
65399,23134315,23134397,82
65400,23134397,23134661,264
65401,23134661,23134769,108
65402,23134769,23135112,343
65403,23135112,23135418,306
65404,23135418,23135846,428
65405,23135846,23135940,94
65406,23135940,23135990,50
65407,23135990,23136903,913
65408,23136903,23136907,4
65409,23136907,23137255,348
65410,23137255,23137808,553
65411,23137808,23138376,568
65412,23138376,23138852,476
65413,23138852,23138973,121
65414,23138973,23139629,656
65415,23139629,23139873,244
65416,23139873,23140200,327
65417,23140200,23140282,82
65418,23140282,23140546,264
65419,23140546,23140654,108
65420,23140654,23140997,343
65421,23140997,23141303,306
65422,23141303,23141731,428
65423,23141731,23141825,94
65424,23141825,23141875,50
65425,23141875,23142788,913
65426,23142788,23142792,4
65427,23142792,23143140,348
65428,23143140,23143696,556
65429,23143696,23144264,568
65430,23144264,23144740,476
65431,23144740,23144861,121
65432,23144861,23145517,656
65433,23145517,23145761,244
65434,23145761,23146088,327
65435,23146088,23146170,82
65436,23146170,23146434,264
65437,23146434,23146542,108
65438,23146542,23146885,343
65439,23146885,23147191,306
65440,23147191,23147619,428
65441,23147619,23147713,94
65442,23147713,23147763,50
65443,23147763,23148675,912
65444,23148675,23148679,4
65445,23148679,23149012,333
65446,23149012,23149568,556
65447,23149568,23150136,568
65448,23150136,23150612,476
65449,23150612,23150733,121
65450,23150733,23151005,272
65451,23151005,23152452,1447
65452,23152452,23153870,1418
65453,23153870,23154086,216
65454,23154086,23154578,492
65455,23154578,23154925,347
65456,23154925,23155076,151
65457,23155076,23155174,98
65458,23155174,23155201,27
65459,23155201,23155343,142
65460,23155343,23155381,38
65461,23155381,23155694,313
65462,23155694,23155827,133
65463,23155827,23156554,727
65464,23156554,23157050,496
65465,23157050,23157137,87
65466,23157137,23157262,125
65467,23157262,23157279,17
65468,23157279,23157330,51
65469,23157330,23157667,337
65470,23157667,23159119,1452
65471,23159119,23159405,286
65472,23159405,23159590,185
65473,23159590,23159621,31
65474,23159621,23159721,100
65475,23159721,23159754,33
65476,23159754,23159868,114
65477,23159868,23159882,14
65478,23159882,23160098,216
65479,23160098,23160562,464
65480,23160562,23160863,301
65481,23160863,23160905,42
65482,23160905,23160996,91
65483,23160996,23161686,690
65484,23161686,23162193,507
65485,23162193,23162330,137
65486,23162330,23162947,617
65487,23162947,23163274,327
65488,23163274,23163297,23
65489,23163297,23163914,617
65490,23163914,23164142,228
65491,23164142,23164230,88
65492,23164230,23164442,212
65493,23164442,23164682,240
65494,23164682,23164689,7
65495,23164689,23164847,158
65496,23164847,23165225,378
65497,23165225,23165277,52
65498,23165277,23165363,86
65499,23165363,23165913,550
65500,23165913,23166205,292
65501,23166205,23166714,509
65502,23166714,23166979,265
65503,23166979,23167204,225
65504,23167204,23167821,617
65505,23167821,23167844,23
65506,23167844,23168224,380
65507,23168224,23168841,617
65508,23168841,23168978,137
65509,23168978,23169072,94
65510,23169072,23169485,413
65511,23169485,23170175,690
65512,23170175,23170266,91
65513,23170266,23170308,42
65514,23170308,23170609,301
65515,23170609,23171073,464
65516,23171073,23171289,216
65517,23171289,23171303,14
65518,23171303,23171417,114
65519,23171417,23171450,33
65520,23171450,23171550,100
65521,23171550,23171581,31
65522,23171581,23171766,185
65523,23171766,23172052,286
65524,23172052,23172295,243
65525,23172295,23173015,720
65526,23173015,23173203,188
65527,23173203,23174451,1248
65528,23174451,23174667,216
65529,23174667,23174779,112
65530,23174779,23175064,285
65531,23175064,23175185,121
65532,23175185,23175318,133
65533,23175318,23175372,54
65534,23175372,23176103,731
65535,23176103,23176651,548
65536,23176651,23176871,220
65537,23176871,23177297,426
65538,23177297,23178102,805
65539,23178102,23179050,948
65540,23179050,23179219,169
65541,23179219,23179357,138
65542,23179357,23179441,84
65543,23179441,23179456,15
65544,23179456,23179848,392
65545,23179848,23180213,365
65546,23180213,23180269,56
65547,23180269,23180524,255
65548,23180524,23180619,95
65549,23180619,23180801,182
65550,23180801,23180826,25
65551,23180826,23180842,16
65552,23180842,23180923,81
65553,23180923,23180953,30
65554,23180953,23180971,18
65555,23180971,23181065,94
65556,23181065,23181116,51
65557,23181116,23181251,135
65558,23181251,23181263,12
65559,23181263,23182194,931
65560,23182194,23182514,320
65561,23182514,23182600,86
65562,23182600,23182948,348
65563,23182948,23183092,144
65564,23183092,23183418,326
65565,23183418,23183876,458
65566,23183876,23184379,503
65567,23184379,23184820,441
65568,23184820,23184838,18
65569,23184838,23184987,149
65570,23184987,23185008,21
65571,23185008,23185368,360
65572,23185368,23185467,99
65573,23185467,23185742,275
65574,23185742,23185814,72
65575,23185814,23186314,500
65576,23186314,23186500,186
65577,23186500,23186882,382
65578,23186882,23187572,690
65579,23187572,23187718,146
65580,23187718,23187852,134
65581,23187852,23187870,18
65582,23187870,23187914,44
65583,23187914,23188258,344
65584,23188258,23188363,105
65585,23188363,23188370,7
65586,23188370,23188618,248
65587,23188618,23189845,1227
65588,23189845,23189868,23
65589,23189868,23190365,497
65590,23190365,23190967,602
65591,23190967,23191048,81
65592,23191048,23191153,105
65593,23191153,23191847,694
65594,23191847,23192149,302
65595,23192149,23192386,237
65596,23192386,23192419,33
65597,23192419,23193503,1084
65598,23193503,23194153,650
65599,23194153,23195028,875
65600,23195028,23195268,240
65601,23195268,23195431,163
65602,23195431,23195589,158
65603,23195589,23195685,96
65604,23195685,23195785,100
65605,23195785,23196739,954
65606,23196739,23197402,663
65607,23197402,23197593,191
65608,23197593,23197734,141
65609,23197734,23197942,208
65610,23197942,23198349,407
65611,23198349,23198533,184
65612,23198533,23198798,265
65613,23198798,23198806,8
65614,23198806,23199112,306
65615,23199112,23199253,141
65616,23199253,23199367,114
65617,23199367,23199410,43
65618,23199410,23199523,113
65619,23199523,23200187,664
65620,23200187,23200610,423
65621,23200610,23200745,135
65622,23200745,23201058,313
65623,23201058,23201256,198
65624,23201256,23201414,158
65625,23201414,23201776,362
65626,23201776,23201865,89
65627,23201865,23202064,199
65628,23202064,23202126,62
65629,23202126,23202755,629
65630,23202755,23203443,688
65631,23203443,23203481,38
65632,23203481,23203556,75
65633,23203556,23203750,194
65634,23203750,23203959,209
65635,23203959,23204043,84
65636,23204043,23204050,7
65637,23204050,23204467,417
65638,23204467,23204720,253
65639,23204720,23204751,31
65640,23204751,23204763,12
65641,23204763,23204947,184
65642,23204947,23205048,101
65643,23205048,23205271,223
65644,23205271,23206572,1301
65645,23206572,23206841,269
65646,23206841,23207308,467
65647,23207308,23207658,350
65648,23207658,23207735,77
65649,23207735,23208056,321
65650,23208056,23208117,61
65651,23208117,23209100,983
65652,23209100,23209215,115
65653,23209215,23209652,437
65654,23209652,23209726,74
65655,23209726,23210271,545
65656,23210271,23211287,1016
65657,23211287,23211411,124
65658,23211411,23211419,8
65659,23211419,23211454,35
65660,23211454,23211480,26
65661,23211480,23212114,634
65662,23212114,23212254,140
65663,23212254,23213047,793
65664,23213047,23213158,111
65665,23213158,23213902,744
65666,23213902,23215463,1561
65667,23215463,23215679,216
65668,23215679,23215889,210
65669,23215889,23216113,224
65670,23216113,23216192,79
65671,23216192,23216668,476
65672,23216668,23217778,1110
65673,23217778,23218281,503
65674,23218281,23218628,347
65675,23218628,23218945,317
65676,23218945,23219064,119
65677,23219064,23219755,691
65678,23219755,23219967,212
65679,23219967,23220062,95
65680,23220062,23220096,34
65681,23220096,23220513,417
65682,23220513,23221271,758
65683,23221271,23221692,421
65684,23221692,23223133,1441
65685,23223133,23223292,159
65686,23223292,23223673,381
65687,23223673,23224611,938
65688,23224611,23224958,347
65689,23224958,23225275,317
65690,23225275,23225394,119
65691,23225394,23226085,691
65692,23226085,23226297,212
65693,23226297,23226392,95
65694,23226392,23227043,651
65695,23227043,23227099,56
65696,23227099,23227728,629
65697,23227728,23227956,228
65698,23227956,23228070,114
65699,23228070,23228121,51
65700,23228121,23228171,50
65701,23228171,23228193,22
65702,23228193,23228571,378
65703,23228571,23228592,21
65704,23228592,23228807,215
65705,23228807,23230196,1389
65706,23230196,23230355,159
65707,23230355,23230932,577
65708,23230932,23231623,691
65709,23231623,23231835,212
65710,23231835,23231930,95
65711,23231930,23232566,636
65712,23232566,23232622,56
65713,23232622,23233251,629
65714,23233251,23233596,345
65715,23233596,23233647,51
65716,23233647,23233697,50
65717,23233697,23233719,22
65718,23233719,23234097,378
65719,23234097,23234118,21
65720,23234118,23234333,215
65721,23234333,23235523,1190
65722,23235523,23235852,329
65723,23235852,23236169,317
65724,23236169,23236288,119
65725,23236288,23236979,691
65726,23236979,23237191,212
65727,23237191,23237283,92
65728,23237283,23237934,651
65729,23237934,23237990,56
65730,23237990,23238621,631
65731,23238621,23238963,342
65732,23238963,23239014,51
65733,23239014,23239064,50
65734,23239064,23239086,22
65735,23239086,23239463,377
65736,23239463,23239484,21
65737,23239484,23239699,215
65738,23239699,23240005,306
65739,23240005,23240116,111
65740,23240116,23240251,135
65741,23240251,23240298,47
65742,23240298,23240400,102
65743,23240400,23240804,404
65744,23240804,23240811,7
65745,23240811,23240939,128
65746,23240939,23241177,238
65747,23241177,23241321,144
65748,23241321,23241439,118
65749,23241439,23242143,704
65750,23242143,23242327,184
65751,23242327,23242334,7
65752,23242334,23242594,260
65753,23242594,23242643,49
65754,23242643,23243939,1296
65755,23243939,23244401,462
65756,23244401,23244496,95
65757,23244496,23244547,51
65758,23244547,23245211,664
65759,23245211,23245425,214
65760,23245425,23245840,415
65761,23245840,23245980,140
65762,23245980,23246029,49
65763,23246029,23247324,1295
65764,23247324,23247786,462
65765,23247786,23247881,95
65766,23247881,23247932,51
65767,23247932,23248596,664
65768,23248596,23248810,214
65769,23248810,23249225,415
65770,23249225,23249365,140
65771,23249365,23249414,49
65772,23249414,23250709,1295
65773,23250709,23251171,462
65774,23251171,23251266,95
65775,23251266,23251317,51
65776,23251317,23251981,664
65777,23251981,23252195,214
65778,23252195,23252610,415
65779,23252610,23252750,140
65780,23252750,23252799,49
65781,23252799,23254332,1533
65782,23254332,23254786,454
65783,23254786,23254881,95
65784,23254881,23254932,51
65785,23254932,23255596,664
65786,23255596,23255810,214
65787,23255810,23256225,415
65788,23256225,23256365,140
65789,23256365,23256414,49
65790,23256414,23257469,1055
65791,23257469,23257931,462
65792,23257931,23258026,95
65793,23258026,23258077,51
65794,23258077,23258741,664
65795,23258741,23258955,214
65796,23258955,23259370,415
65797,23259370,23259408,38
65798,23259408,23259811,403
65799,23259811,23259948,137
65800,23259948,23259985,37
65801,23259985,23260085,100
65802,23260085,23260245,160
65803,23260245,23260252,7
65804,23260252,23260274,22
65805,23260274,23260700,426
65806,23260700,23261056,356
65807,23261056,23261164,108
65808,23261164,23261803,639
65809,23261803,23261931,128
65810,23261931,23261938,7
65811,23261938,23262337,399
65812,23262337,23262439,102
65813,23262439,23262486,47
65814,23262486,23262621,135
65815,23262621,23262879,258
65816,23262879,23263229,350
65817,23263229,23264748,1519
65818,23264748,23264774,26
65819,23264774,23264787,13
65820,23264787,23264902,115
65821,23264902,23265273,371
65822,23265273,23265524,251
65823,23265524,23266019,495
65824,23266019,23266078,59
65825,23266078,23266295,217
65826,23266295,23266341,46
65827,23266341,23266379,38
65828,23266379,23266581,202
65829,23266581,23266589,8
65830,23266589,23266658,69
65831,23266658,23266668,10
65832,23266668,23267177,509
65833,23267177,23267329,152
65834,23267329,23267347,18
65835,23267347,23267452,105
65836,23267452,23267689,237
65837,23267689,23267750,61
65838,23267750,23268337,587
65839,23268337,23268349,12
65840,23268349,23268354,5
65841,23268354,23268635,281
65842,23268635,23269001,366
65843,23269001,23269313,312
65844,23269313,23269333,20
65845,23269333,23270041,708
65846,23270041,23270188,147
65847,23270188,23270206,18
65848,23270206,23270316,110
65849,23270316,23270338,22
65850,23270338,23270439,101
65851,23270439,23270735,296
65852,23270735,23270866,131
65853,23270866,23271172,306
65854,23271172,23271387,215
65855,23271387,23271470,83
65856,23271470,23271494,24
65857,23271494,23271544,50
65858,23271544,23271595,51
65859,23271595,23271875,280
65860,23271875,23271937,62
65861,23271937,23272925,988
65862,23272925,23273039,114
65863,23273039,23273044,5
65864,23273044,23273361,317
65865,23273361,23273690,329
65866,23273690,23274192,502
65867,23274192,23274889,697
65868,23274889,23275269,380
65869,23275269,23275428,159
65870,23275428,23276863,1435
65871,23276863,23277280,417
65872,23277280,23278277,997
65873,23278277,23278356,79
65874,23278356,23278555,199
65875,23278555,23278765,210
65876,23278765,23278981,216
65877,23278981,23280259,1278
65878,23280259,23281001,742
65879,23281001,23281112,111
65880,23281112,23281884,772
65881,23281884,23281998,114
65882,23281998,23282632,634
65883,23282632,23282658,26
65884,23282658,23282693,35
65885,23282693,23282701,8
65886,23282701,23282806,105
65887,23282806,23282918,112
65888,23282918,23284830,1912
65889,23284830,23284878,48
65890,23284878,23284957,79
65891,23284957,23285391,434
65892,23285391,23285689,298
65893,23285689,23285854,165
65894,23285854,23285926,72
65895,23285926,23286622,696
65896,23286622,23286887,265
65897,23286887,23286993,106
65898,23286993,23287259,266
65899,23287259,23287322,63
65900,23287322,23287476,154
65901,23287476,23287498,22
65902,23287498,23287516,18
65903,23287516,23288245,729
65904,23288245,23288268,23
65905,23288268,23288277,9
65906,23288277,23288581,304
65907,23288581,23289245,664
65908,23289245,23289296,51
65909,23289296,23289391,95
65910,23289391,23289869,478
65911,23289869,23290118,249
65912,23290118,23290128,10
65913,23290128,23290874,746
65914,23290874,23291562,688
65915,23291562,23292353,791
65916,23292353,23292458,105
65917,23292458,23292551,93
65918,23292551,23292569,18
65919,23292569,23292605,36
65920,23292605,23292715,110
65921,23292715,23293011,296
65922,23293011,23293033,22
65923,23293033,23293285,252
65924,23293285,23293774,489
65925,23293774,23294351,577
65926,23294351,23294582,231
65927,23294582,23294596,14
65928,23294596,23294995,399
65929,23294995,23295086,91
65930,23295086,23295529,443
65931,23295529,23295712,183
65932,23295712,23295967,255
65933,23295967,23296080,113
65934,23296080,23296090,10
65935,23296090,23296369,279
65936,23296369,23296660,291
65937,23296660,23296851,191
65938,23296851,23296875,24
65939,23296875,23296979,104
65940,23296979,23297796,817
65941,23297796,23298154,358
65942,23298154,23298213,59
65943,23298213,23299928,1715
65944,23299928,23300305,377
65945,23300305,23300410,105
65946,23300410,23300503,93
65947,23300503,23300521,18
65948,23300521,23300557,36
65949,23300557,23300667,110
65950,23300667,23300963,296
65951,23300963,23300985,22
65952,23300985,23301237,252
65953,23301237,23301726,489
65954,23301726,23302303,577
65955,23302303,23302534,231
65956,23302534,23302548,14
65957,23302548,23302947,399
65958,23302947,23303038,91
65959,23303038,23303481,443
65960,23303481,23303664,183
65961,23303664,23303919,255
65962,23303919,23304032,113
65963,23304032,23304042,10
65964,23304042,23304321,279
65965,23304321,23304612,291
65966,23304612,23304803,191
65967,23304803,23304827,24
65968,23304827,23304931,104
65969,23304931,23305748,817
65970,23305748,23306106,358
65971,23306106,23306165,59
65972,23307881,23308258,377
65973,23308258,23308363,105
65974,23308363,23308447,84
65975,23308447,23308465,18
65976,23308465,23308501,36
65977,23308501,23308611,110
65978,23308611,23308907,296
65979,23308907,23308929,22
65980,23308929,23309181,252
65981,23309181,23309670,489
65982,23309670,23310247,577
65983,23310247,23310478,231
65984,23310478,23310492,14
65985,23310492,23310891,399
65986,23310891,23310982,91
65987,23310982,23311425,443
65988,23311425,23311608,183
65989,23311608,23311863,255
65990,23311863,23311976,113
65991,23311976,23311986,10
65992,23311986,23312265,279
65993,23312265,23312556,291
65994,23312556,23312747,191
65995,23312747,23312771,24
65996,23312771,23312875,104
65997,23312875,23313010,135
65998,23313010,23313021,11
65999,23313021,23313995,974
66000,23313995,23314353,358
66001,23314353,23314412,59
66002,23314412,23316104,1692
66003,23316104,23316828,724
66004,23316828,23316944,116
66005,23316944,23317154,210
66006,23317154,23317169,15
66007,23317169,23317268,99
66008,23317268,23317286,18
66009,23317286,23318099,813
66010,23318099,23318120,21
66011,23318120,23318262,142
66012,23318262,23318681,419
66013,23318681,23318899,218
66014,23318899,23318944,45
66015,23318944,23319091,147
66016,23319091,23319696,605
66017,23319696,23320057,361
66018,23320057,23320147,90
66019,23320147,23320373,226
66020,23320373,23320598,225
66021,23320598,23320825,227
66022,23320825,23321579,754
66023,23321579,23321670,91
66024,23321670,23321925,255
66025,23321925,23322180,255
66026,23322180,23322293,113
66027,23322293,23322303,10
66028,23322303,23322582,279
66029,23322582,23322873,291
66030,23322873,23323064,191
66031,23323064,23323088,24
66032,23323088,23323192,104
66033,23323192,23323327,135
66034,23323327,23323338,11
66035,23323338,23324314,976
66036,23324314,23324575,261
66037,23324575,23324672,97
66038,23324672,23324731,59
66039,23324731,23325097,366
66040,23325097,23326201,1104
66041,23326201,23326485,284
66042,23326485,23327283,798
66043,23327283,23327834,551
66044,23327834,23327956,122
66045,23327956,23328005,49
66046,23328005,23328757,752
66047,23328757,23328774,17
66048,23328774,23329199,425
66049,23329199,23329922,723
66050,23329922,23330264,342
66051,23330264,23330437,173
66052,23330437,23330675,238
66053,23330675,23330873,198
66054,23330873,23330891,18
66055,23330891,23330927,36
66056,23330927,23331037,110
66057,23331037,23331333,296
66058,23331333,23331355,22
66059,23331355,23331614,259
66060,23331614,23332100,486
66061,23332100,23332959,859
66062,23332959,23333050,91
66063,23333050,23333704,654
66064,23333704,23334072,368
66065,23334072,23334082,10
66066,23334082,23334361,279
66067,23334361,23334652,291
66068,23334652,23334843,191
66069,23334843,23334867,24
66070,23334867,23334971,104
66071,23334971,23335106,135
66072,23335106,23335117,11
66073,23335117,23336094,977
66074,23336094,23336452,358
66075,23336452,23336511,59
66076,23336511,23338239,1728
66077,23338239,23339046,807
66078,23339046,23339162,116
66079,23339162,23339372,210
66080,23339372,23339490,118
66081,23339490,23339535,45
66082,23339535,23339682,147
66083,23339682,23340284,602
66084,23340284,23340658,374
66085,23340658,23340748,90
66086,23340748,23340974,226
66087,23340974,23341199,225
66088,23341199,23341426,227
66089,23341426,23342493,1067
66090,23342493,23342667,174
66091,23342667,23343140,473
66092,23343140,23344271,1131
66093,23344271,23344286,15
66094,23344286,23344496,210
66095,23344496,23344505,9
66096,23344505,23344560,55
66097,23344560,23344967,407
66098,23344967,23345207,240
66099,23345207,23345216,9
66100,23345216,23345319,103
66101,23345319,23346080,761
66102,23346080,23346142,62
66103,23346142,23346271,129
66104,23346271,23346316,45
66105,23346316,23346463,147
66106,23346463,23346644,181
66107,23346644,23346662,18
66108,23346662,23347025,363
66109,23347025,23347947,922
66110,23347947,23347982,35
66111,23347982,23348293,311
66112,23348293,23348305,12
66113,23348305,23348453,148
66114,23348453,23348840,387
66115,23348840,23348856,16
66116,23348856,23348878,22
66117,23348878,23349145,267
66118,23349145,23349564,419
66119,23349564,23349690,126
66120,23349690,23350090,400
66121,23350090,23350217,127
66122,23350217,23350413,196
66123,23350413,23350422,9
66124,23350422,23350728,306
66125,23350728,23351098,370
66126,23351098,23351317,219
66127,23351317,23351364,47
66128,23351364,23351512,148
66129,23351512,23352162,650
66130,23352162,23352278,116
66131,23352278,23352488,210
66132,23352488,23352503,15
66133,23352503,23352602,99
66134,23352602,23352620,18
66135,23352620,23353451,831
66136,23353451,23353472,21
66137,23353472,23353687,215
66138,23353687,23354510,823
66139,23354510,23354970,460
66140,23354970,23355323,353
66141,23355323,23355839,516
66142,23355839,23355862,23
66143,23355862,23355909,47
66144,23355909,23355961,52
66145,23358431,23358875,444
66146,23358875,23358880,5
66147,23358880,23359457,577
66148,23359457,23359683,226
66149,23359683,23360094,411
66150,23360094,23360110,16
66151,23360110,23360261,151
66152,23360261,23360305,44
66153,23360305,23361022,717
66154,23361022,23361464,442
66155,23361464,23362310,846
66156,23362310,23362333,23
66157,23362333,23362380,47
66158,23362380,23362432,52
66159,23362432,23362663,231
66160,23362663,23362776,113
66161,23362776,23363287,511
66162,23363287,23363793,506
66163,23363793,23363831,38
66164,23363831,23364058,227
66165,23364058,23364320,262
66166,23364320,23364762,442
66167,23364762,23365263,501
66168,23365263,23365273,10
66169,23365273,23365503,230
66170,23365503,23365735,232
66171,23365735,23366102,367
66172,23366102,23366530,428
66173,23366530,23366696,166
66174,23366696,23366854,158
66175,23366854,23366859,5
66176,23366859,23366866,7
66177,23366866,23366925,59
66178,23366925,23367142,217
66179,23367142,23367151,9
66180,23367151,23367442,291
66181,23367442,23367534,92
66182,23367534,23367832,298
66183,23367832,23367840,8
66184,23367840,23367880,40
66185,23367880,23367888,8
66186,23367888,23368083,195
66187,23368083,23368107,24
66188,23368107,23369038,931
66189,23369038,23369250,212
66190,23369250,23369342,92
66191,23369342,23369993,651
66192,23369993,23370049,56
66193,23370049,23370677,628
66194,23370677,23371019,342
66195,23371019,23371069,50
66196,23371069,23371119,50
66197,23371119,23371141,22
66198,23371141,23371518,377
66199,23371518,23371535,17
66200,23371535,23371750,215
66201,23371750,23372963,1213
66202,23372963,23373175,212
66203,23373175,23373270,95
66204,23373270,23373898,628
66205,23373898,23373954,56
66206,23373954,23374270,316
66207,23374270,23374583,313
66208,23374583,23374925,342
66209,23374925,23374975,50
66210,23374975,23375025,50
66211,23375025,23375047,22
66212,23375047,23375604,557
66213,23375604,23376081,477
66214,23376081,23376190,109
66215,23376190,23376215,25
66216,23376215,23376600,385
66217,23376600,23376767,167
66218,23376767,23377056,289
66219,23377056,23377561,505
66220,23377561,23377674,113
66221,23377674,23377822,148
66222,23377822,23377897,75
66223,23377897,23377970,73
66224,23377970,23378202,232
66225,23378202,23378654,452
66226,23378654,23379160,506
66227,23379160,23379198,38
66228,23379198,23379425,227
66229,23379425,23379687,262
66230,23379687,23380129,442
66231,23380129,23380630,501
66232,23380630,23380640,10
66233,23380640,23380870,230
66234,23380870,23381102,232
66235,23381102,23381469,367
66236,23381469,23381893,424
66237,23381893,23382059,166
66238,23382059,23382217,158
66239,23382217,23382222,5
66240,23382222,23382229,7
66241,23382229,23382288,59
66242,23382288,23382505,217
66243,23382505,23382514,9
66244,23382514,23382805,291
66245,23382805,23382897,92
66246,23382897,23383195,298
66247,23383195,23383203,8
66248,23383203,23383243,40
66249,23383243,23383251,8
66250,23383251,23383470,219
66251,23383470,23384403,933
66252,23384403,23384549,146
66253,23384549,23384641,92
66254,23384641,23385160,519
66255,23385160,23385292,132
66256,23385292,23385348,56
66257,23385348,23385977,629
66258,23385977,23386319,342
66259,23386319,23386370,51
66260,23386370,23386420,50
66261,23386420,23386442,22
66262,23386442,23386808,366
66263,23386808,23386825,17
66264,23386825,23387040,215
66265,23387040,23387566,526
66266,23387566,23387728,162
66267,23387728,23388218,490
66268,23388218,23388565,347
66269,23388565,23388882,317
66270,23388882,23388938,56
66271,23388938,23389001,63
66272,23389001,23389681,680
66273,23389681,23389893,212
66274,23389893,23389985,92
66275,23389985,23390636,651
66276,23390636,23390692,56
66277,23390692,23391252,560
66278,23391252,23391594,342
66279,23391594,23391645,51
66280,23391645,23391695,50
66281,23391695,23391717,22
66282,23391717,23392094,377
66283,23392094,23392115,21
66284,23392115,23392330,215
66285,23392330,23393018,688
66286,23393018,23393508,490
66287,23393508,23393855,347
66288,23393855,23394885,1030
66289,23394885,23395452,567
66290,23395452,23395743,291
66291,23395743,23395764,21
66292,23395764,23396125,361
66293,23396125,23396170,45
66294,23396170,23396182,12
66295,23396182,23396219,37
66296,23396219,23396580,361
66297,23396580,23396587,7
66298,23396587,23396794,207
66299,23396794,23396983,189
66300,23396983,23397594,611
66301,23397594,23397655,61
66302,23397655,23397799,144
66303,23397799,23398358,559
66304,23398358,23398678,320
66305,23398678,23398761,83
66306,23398761,23399602,841
66307,23399602,23400098,496
66308,23400098,23400425,327
66309,23400425,23400454,29
66310,23400454,23400891,437
66311,23400891,23400913,22
66312,23400913,23400920,7
66313,23400920,23401080,160
66314,23401080,23401180,100
66315,23401180,23401217,37
66316,23401217,23401795,578
66317,23401795,23402210,415
66318,23402210,23402424,214
66319,23402424,23403088,664
66320,23403088,23403139,51
66321,23403139,23403234,95
66322,23403234,23403697,463
66323,23403697,23403909,212
66324,23403909,23404001,92
66325,23404001,23404652,651
66326,23404652,23404708,56
66327,23404708,23405335,627
66328,23405335,23405676,341
66329,23405676,23405727,51
66330,23405727,23405777,50
66331,23405777,23405799,22
66332,23405799,23406140,341
66333,23406140,23406161,21
66334,23406161,23406376,215
66335,23406376,23407056,680
66336,23407056,23407550,494
66337,23407550,23407896,346
66338,23407896,23408213,317
66339,23408213,23408332,119
66340,23408332,23408962,630
66341,23408962,23409174,212
66342,23409174,23409266,92
66343,23409266,23409917,651
66344,23409917,23410946,1029
66345,23410946,23410997,51
66346,23410997,23411047,50
66347,23411047,23411069,22
66348,23411069,23411446,377
66349,23411446,23411467,21
66350,23411467,23411683,216
66351,23411683,23412372,689
66352,23412372,23413209,837
66353,23413209,23414081,872
66354,23414081,23414293,212
66355,23414293,23414385,92
66356,23414385,23415036,651
66357,23415036,23415092,56
66358,23415092,23415721,629
66359,23415721,23416059,338
66360,23416059,23416110,51
66361,23416110,23416150,40
66362,23416150,23416172,22
66363,23416172,23416548,376
66364,23416548,23416569,21
66365,23416569,23416785,216
66366,23416785,23417474,689
66367,23417474,23417970,496
66368,23417970,23418154,184
66369,23418154,23418161,7
66370,23418161,23418299,138
66371,23418299,23418421,122
66372,23418421,23418645,224
66373,23418645,23418680,35
66374,23418680,23419166,486
66375,23419166,23419183,17
66376,23419183,23419608,425
66377,23419608,23420205,597
66378,23420205,23420449,244
66379,23420449,23421124,675
66380,23421124,23421532,408
66381,23421532,23421664,132
66382,23421664,23421782,118
66383,23421782,23422498,716
66384,23422498,23422682,184
66385,23422682,23422689,7
66386,23422689,23422949,260
66387,23422949,23422998,49
66388,23422998,23423229,231
66389,23423229,23423264,35
66390,23423264,23423751,487
66391,23423751,23423768,17
66392,23423768,23424193,425
66393,23424193,23424917,724
66394,23424917,23425162,245
66395,23425162,23425837,675
66396,23425837,23426245,408
66397,23426245,23426377,132
66398,23426377,23426495,118
66399,23426495,23427211,716
66400,23427211,23427395,184
66401,23427395,23427402,7
66402,23427402,23427662,260
66403,23427662,23427711,49
66404,23427711,23427942,231
66405,23427942,23427977,35
66406,23427977,23428464,487
66407,23428464,23428481,17
66408,23428481,23428906,425
66409,23428906,23429630,724
66410,23429630,23429875,245
66411,23429875,23430550,675
66412,23430550,23431886,1336
66413,23431886,23431992,106
66414,23431992,23432104,112
66415,23432104,23432209,105
66416,23432209,23432217,8
66417,23432217,23432252,35
66418,23432252,23432278,26
66419,23432278,23432912,634
66420,23432912,23433066,154
66421,23433066,23434022,956
66422,23434022,23434981,959
66423,23434981,23435052,71
66424,23435052,23436853,1801
66425,23436853,23437155,302
66426,23437155,23437252,97
66427,23437252,23437320,68
66428,23437320,23437463,143
66429,23437463,23437520,57
66430,23437520,23437615,95
66431,23437615,23437657,42
66432,23437657,23438332,675
66433,23438332,23438677,345
66434,23438677,23438760,83
66435,23438760,23438871,111
66436,23438871,23439613,742
66437,23439613,23440851,1238
66438,23440851,23441067,216
66439,23441067,23441277,210
66440,23441277,23441501,224
66441,23441501,23441533,32
66442,23441533,23442048,515
66443,23442048,23442415,367
66444,23442415,23442765,350
66445,23442765,23443311,546
66446,23443311,23444061,750
66447,23444061,23445287,1226
66448,23445287,23445679,392
66449,23445679,23446265,586
66450,23446265,23446421,156
66451,23446421,23446710,289
66452,23446710,23446989,279
66453,23446989,23446997,8
66454,23446997,23447262,265
66455,23447262,23447414,152
66456,23447414,23447951,537
66457,23447951,23448070,119
66458,23448070,23448095,25
66459,23448095,23448485,390
66460,23448485,23448658,173
66461,23448658,23448665,7
66462,23448665,23449327,662
66463,23449327,23449421,94
66464,23449421,23449975,554
66465,23449975,23450083,108
66466,23450083,23450920,837
66467,23450920,23450995,75
66468,23450995,23451110,115
66469,23451110,23451403,293
66470,23451403,23451468,65
66471,23451468,23452659,1191
66472,23452659,23455073,2414
66473,23455073,23455870,797
66474,23455870,23455984,114
66475,23455984,23456618,634
66476,23456618,23456644,26
66477,23456644,23456679,35
66478,23456679,23456687,8
66479,23456687,23456792,105
66480,23456792,23456904,112
66481,23456904,23457092,188
66482,23457092,23457705,613
66483,23457705,23457732,27
66484,23457732,23458165,433
66485,23458165,23458253,88
66486,23458253,23458430,177
66487,23458430,23458442,12
66488,23458442,23458726,284
66489,23458726,23459118,392
66490,23459118,23459125,7
66491,23459125,23459609,484
66492,23459609,23459714,105
66493,23459714,23459760,46
66494,23459760,23459821,61
66495,23459821,23460561,740
66496,23460561,23461618,1057
66497,23461618,23461930,312
66498,23461930,23462056,126
66499,23462056,23462284,228
66500,23462284,23462446,162
66501,23462446,23462528,82
66502,23462528,23462908,380
66503,23462908,23463223,315
66504,23463223,23463704,481
66505,23463704,23465036,1332
66506,23465036,23465238,202
66507,23465238,23465624,386
66508,23465624,23465921,297
66509,23465921,23466681,760
66510,23466681,23467799,1118
66511,23467799,23467860,61
66512,23467860,23467926,66
66513,23467926,23468360,434
66514,23468360,23468656,296
66515,23468656,23468821,165
66516,23468821,23468893,72
66517,23468893,23469549,656
66518,23469549,23469814,265
66519,23469814,23469921,107
66520,23469921,23470250,329
66521,23470250,23470404,154
66522,23470404,23470426,22
66523,23470426,23470444,18
66524,23470444,23471165,721
66525,23471165,23471188,23
66526,23471188,23471197,9
66527,23471197,23471501,304
66528,23471501,23471689,188
66529,23471689,23472189,500
66530,23472189,23472317,128
66531,23472317,23472722,405
66532,23472722,23472824,102
66533,23472824,23472871,47
66534,23472871,23473006,135
66535,23473006,23473121,115
66536,23473121,23473502,381
66537,23473502,23473882,380
66538,23473882,23474037,155
66539,23474037,23474248,211
66540,23474248,23474939,691
66541,23474939,23475058,119
66542,23475058,23475357,299
66543,23475357,23475525,168
66544,23475525,23475963,438
66545,23475963,23475986,23
66546,23475986,23476409,423
66547,23476409,23476554,145
66548,23476554,23477436,882
66549,23477436,23478954,1518
66550,23478954,23479614,660
66551,23479614,23481040,1426
66552,23481040,23481100,60
66553,23481100,23481112,12
66554,23481112,23481141,29
66555,23481141,23481796,655
66556,23481796,23482182,386
66557,23482182,23482386,204
66558,23482386,23482429,43
66559,23482429,23482733,304
66560,23482733,23483501,768
66561,23483501,23483935,434
66562,23483935,23483957,22
66563,23483957,23484007,50
66564,23484007,23484058,51
66565,23484058,23484400,342
66566,23484400,23485029,629
66567,23485029,23485085,56
66568,23485085,23485607,522
66569,23485607,23485702,95
66570,23485702,23485913,211
66571,23485913,23486604,691
66572,23486604,23486723,119
66573,23486723,23487040,317
66574,23487040,23487395,355
66575,23487395,23487407,12
66576,23487407,23487509,102
66577,23487509,23487859,350
66578,23487859,23487907,48
66579,23487907,23488244,337
66580,23488244,23488769,525
66581,23488769,23488932,163
66582,23488932,23489342,410
66583,23489342,23489561,219
66584,23489561,23489759,198
66585,23489759,23489777,18
66586,23489777,23489813,36
66587,23489813,23489923,110
66588,23489923,23490219,296
66589,23490219,23490241,22
66590,23490241,23490500,259
66591,23490500,23490921,421
66592,23490921,23491282,361
66593,23491282,23491859,577
66594,23491859,23492090,231
66595,23492090,23492104,14
66596,23492104,23492499,395
66597,23492499,23492590,91
66598,23492590,23493244,654
66599,23493244,23493499,255
66600,23493499,23493612,113
66601,23493612,23493622,10
66602,23493622,23493901,279
66603,23493901,23494192,291
66604,23494192,23494383,191
66605,23494383,23494407,24
66606,23494407,23494511,104
66607,23494511,23494646,135
66608,23494646,23495271,625
66609,23495271,23495530,259
66610,23495530,23495627,97
66611,23495627,23495686,59
66612,23495686,23496052,366
66613,23496052,23497185,1133
66614,23497185,23497292,107
66615,23497292,23497470,178
66616,23497470,23497810,340
66617,23497810,23497978,168
66618,23497978,23498066,88
66619,23498066,23498258,192
66620,23498258,23498357,99
66621,23498357,23498660,303
66622,23498660,23498704,44
66623,23498704,23498946,242
66624,23498946,23498978,32
66625,23498978,23499068,90
66626,23499068,23499322,254
66627,23499322,23499604,282
66628,23499604,23500550,946
66629,23500550,23502663,2113
66630,23502663,23504433,1770
66631,23504433,23504591,158
66632,23504591,23505072,481
66633,23505072,23505420,348
66634,23505420,23505704,284
66635,23505704,23506232,528
66636,23506232,23506478,246
66637,23506478,23508971,2493
66638,23508971,23508992,21
66639,23508992,23509576,584
66640,23509576,23509645,69
66641,23509645,23510501,856
66642,23510501,23511151,650
66643,23511151,23511585,434
66644,23511585,23511607,22
66645,23511607,23511657,50
66646,23511657,23511708,51
66647,23511708,23512050,342
66648,23512050,23512600,550
66649,23512600,23512695,95
66650,23512695,23512906,211
66651,23512906,23513597,691
66652,23513597,23513716,119
66653,23513716,23514015,299
66654,23514015,23514183,168
66655,23514183,23514621,438
66656,23514621,23514644,23
66657,23514644,23515067,423
66658,23515067,23515212,145
66659,23515212,23516094,882
66660,23516094,23517612,1518
66661,23517612,23518272,660
66662,23518272,23519698,1426
66663,23519698,23519758,60
66664,23519758,23519770,12
66665,23519770,23519799,29
66666,23519799,23520454,655
66667,23520454,23520840,386
66668,23520840,23521044,204
66669,23521044,23521087,43
66670,23521087,23521391,304
66671,23521391,23522159,768
66672,23522159,23522593,434
66673,23522593,23522615,22
66674,23522615,23522665,50
66675,23522665,23522716,51
66676,23522716,23523058,342
66677,23523058,23523687,629
66678,23523687,23523743,56
66679,23523743,23524265,522
66680,23524265,23524354,89
66681,23524354,23524566,212
66682,23524566,23524639,73
66683,23524639,23525196,557
66684,23525196,23525315,119
66685,23525315,23525615,300
66686,23525615,23525878,263
66687,23525878,23525962,84
66688,23525962,23526596,634
66689,23526596,23526811,215
66690,23526811,23526832,21
66691,23526832,23527209,377
66692,23527209,23527231,22
66693,23527231,23527281,50
66694,23527281,23527332,51
66695,23527332,23527446,114
66696,23527446,23527674,228
66697,23527674,23527987,313
66698,23527987,23528303,316
66699,23528303,23528359,56
66700,23528359,23528881,522
66701,23528881,23528976,95
66702,23528976,23529188,212
66703,23529188,23529879,691
66704,23529879,23529998,119
66705,23529998,23530298,300
66706,23530298,23530638,340
66707,23530638,23531441,803
66708,23531441,23531821,380
66709,23531821,23531980,159
66710,23531980,23533422,1442
66711,23533422,23533844,422
66712,23533844,23534602,758
66713,23534602,23535443,841
66714,23535443,23535893,450
66715,23535893,23535972,79
66716,23535972,23536196,224
66717,23536196,23536404,208
66718,23536404,23536620,216
66719,23538166,23538877,711
66720,23538877,23539052,175
66721,23539052,23539378,326
66722,23539378,23540204,826
66723,23540204,23540233,29
66724,23540233,23540245,12
66725,23540245,23540305,60
66726,23540305,23542094,1789
66727,23542094,23542271,177
66728,-6,481,487
66729,481,870,389
66730,7065,7738,673
66731,7738,8066,328
66732,8066,8678,612
66733,8678,11246,2568
66734,52401,53949,1548
66735,59042,61124,2082
66736,67134,67807,673
66737,67807,68135,328
66738,68135,68747,612
66739,68747,71315,2568
66740,71315,72303,988
66741,72303,74130,1827
66742,74130,74519,389
66743,92901,97519,4618
66744,97519,99631,2112
66745,103485,105597,2112
66746,105597,109367,3770
66747,109367,110152,785
66748,110152,111095,943
66749,111095,111595,500
66750,111595,111664,69
66751,118132,120244,2112
66752,120244,123830,3586
66753,123830,124432,602
66754,136271,137124,853
66755,137124,138608,1484
66756,138608,142016,3408
66757,142016,143943,1927
66758,143943,143985,42
66759,144165,144546,381
66760,150659,155283,4624
66761,160736,164326,3590
66762,173260,173658,398
66763,173658,174177,519
66764,175110,176597,1487
66765,176597,178183,1586
66766,178183,178234,51
66767,189302,191706,2404
66768,247361,248265,904
66769,295260,300762,5502
66770,300762,301576,814
66771,306332,306352,20
66772,306352,307374,1022
66773,307374,308861,1487
66774,329991,330562,571
66775,330562,334990,4428
66776,334990,336864,1874
66777,336864,338820,1956
66778,338820,341197,2377
66779,341485,341494,9
66780,341494,344377,2883
66781,344377,350327,5950
66782,350327,351193,866
66783,351193,351729,536
66784,353819,354656,837
66785,382529,383860,1331
66786,411851,413358,1507
66787,420876,421321,445
66788,421321,424347,3026
66789,424347,425436,1089
66790,425436,425445,9
66791,425445,426621,1176
66792,431133,432563,1430
66793,432563,437766,5203
66794,437766,441462,3696
66795,449811,449894,83
66796,449894,452468,2574
66797,452911,460966,8055
66798,460966,462610,1644
66799,468466,468586,120
66800,471485,474474,2989
66801,481447,485386,3939
66802,485386,486876,1490
66803,486876,487047,171
66804,491557,494443,2886
66805,501941,502905,964
66806,502905,508662,5757
66807,509350,515894,6544
66808,536901,541822,4921
66809,541822,542427,605
66810,542427,546273,3846
66811,546273,546402,129
66812,546402,548484,2082
66813,553333,554147,814
66814,560478,562943,2465
66815,578050,579979,1929
66816,605162,610882,5720
66817,612350,613405,1055
66818,613405,620729,7324
66819,630654,631500,846
66820,634151,635755,1604
66821,654315,658237,3922
66822,658237,658639,402
66823,691112,692810,1698
66824,692810,697148,4338
66825,697811,698594,783
66826,698594,699895,1301
66827,699895,701184,1289
66828,701184,708023,6839
66829,720674,721448,774
66830,721448,722121,673
66831,726524,727208,684
66832,727208,739016,11808
66833,748951,754762,5811
66834,757003,761910,4907
66835,769198,770573,1375
66836,770573,770646,73
66837,795998,797116,1118
66838,810105,811230,1125
66839,811230,811956,726
66840,811956,813030,1074
66841,813030,815464,2434
66842,821168,821639,471
66843,821639,823862,2223
66844,823862,824431,569
66845,833018,839857,6839
66846,839857,841207,1350
66847,841479,842440,961
66848,844532,846837,2305
66849,906174,910687,4513
66850,914430,915417,987
66851,941067,944679,3612
66852,944679,945990,1311
66853,945990,946086,96
66854,946086,949964,3878
66855,955067,955783,716
66856,957147,958131,984
66857,979514,983181,3667
66858,983181,985615,2434
66859,985615,986162,547
66860,986162,986215,53
66861,988983,989555,572
66862,989555,991862,2307
66863,991862,992917,1055
66864,996575,1001211,4636
66865,1001211,1003613,2402
66866,1003613,1006252,2639
66867,1028973,1031356,2383
66868,1031356,1031457,101
66869,1035300,1036114,814
66870,1046615,1047133,518
66871,1055531,1058746,3215
66872,1091531,1093721,2190
66873,1106689,1107924,1235
66874,1107924,1108905,981
66875,1108905,1113786,4881
66876,1123112,1123403,291
66877,1123403,1126886,3483
66878,1126886,1133344,6458
66879,1136853,1138192,1339
66880,1139537,1140646,1109
66881,1145937,1146527,590
66882,1153246,1154112,866
66883,1159266,1159532,266
66884,1159532,1163836,4304
66885,1176332,1178811,2479
66886,1178811,1179715,904
66887,1179715,1179745,30
66888,1192415,1194098,1683
66889,1230115,1231122,1007
66890,1265656,1269032,3376
66891,1269032,1271746,2714
66892,1275763,1276636,873
66893,1276636,1277558,922
66894,1278566,1282535,3969
66895,1282535,1288375,5840
66896,1288375,1291426,3051
66897,1319825,1320608,783
66898,1320608,1324782,4174
66899,1326358,1327573,1215
66900,1327573,1328026,453
66901,1328026,1328190,164
66902,1332181,1333379,1198
66903,1333379,1335715,2336
66904,1337576,1338674,1098
66905,1346472,1349543,3071
66906,1349543,1350284,741
66907,1350284,1351303,1019
66908,1352171,1352726,555
66909,1352726,1356401,3675
66910,1356401,1358617,2216
66911,1358617,1362586,3969
66912,1362586,1362684,98
66913,1373510,1375060,1550
66914,1375060,1376203,1143
66915,1376203,1376224,21
66916,1376224,1381689,5465
66917,1381689,1381997,308
66918,1395937,1399952,4015
66919,1399952,1400648,696
66920,1402876,1402942,66
66921,1420167,1426711,6544
66922,1436187,1437078,891
66923,1437078,1437402,324
66924,1437402,1437697,295
66925,1437697,1438488,791
66926,1438488,1438599,111
66927,1438599,1438710,111
66928,1438710,1438821,111
66929,1438821,1438932,111
66930,1438932,1439043,111
66931,1439043,1439154,111
66932,1439154,1439265,111
66933,1439265,1439376,111
66934,1439376,1439487,111
66935,1442289,1442317,28
66936,1442317,1442706,389
66937,1442706,1442817,111
66938,1442817,1442928,111
66939,1442928,1443039,111
66940,1443039,1443150,111
66941,1443150,1443261,111
66942,1443261,1443372,111
66943,1443372,1443483,111
66944,1443483,1443594,111
66945,1443594,1443705,111
66946,1443705,1443816,111
66947,1443816,1443927,111
66948,1443927,1444038,111
66949,1444038,1444149,111
66950,1444149,1444260,111
66951,1444260,1444371,111
66952,1444371,1444925,554
66953,1452132,1454355,2223
66954,1454355,1454646,291
66955,1466663,1468291,1628
66956,1494854,1495857,1003
66957,1495857,1505837,9980
66958,1514141,1514557,416
66959,1514557,1515868,1311
66960,1515868,1517338,1470
66961,1517338,1517354,16
66962,1520126,1520157,31
66963,1520157,1521677,1520
66964,1556792,1556993,201
66965,1556993,1557809,816
66966,1557809,1560287,2478
66967,1560287,1560317,30
66968,1578768,1581216,2448
66969,1603673,1604634,961
66970,1615006,1619269,4263
66971,1619269,1619818,549
66972,1629669,1631164,1495
66973,1631164,1634147,2983
66974,1639616,1644611,4995
66975,1651048,1652270,1222
66976,1652270,1654448,2178
66977,1663973,1669216,5243
66978,1684055,1688102,4047
66979,1688102,1689926,1824
66980,1689926,1693955,4029
66981,1693955,1696020,2065
66982,1696020,1696215,195
66983,1696215,1696891,676
66984,1718943,1720072,1129
66985,1732271,1734649,2378
66986,1734649,1735082,433
66987,1754202,1759018,4816
66988,1765250,1767301,2051
66989,1767301,1771652,4351
66990,1781308,1782326,1018
66991,1782326,1784490,2164
66992,1787747,1793128,5381
66993,1809299,1810074,775
66994,1821089,1821219,130
66995,1821219,1821789,570
66996,1823717,1824373,656
66997,1856840,1863445,6605
66998,1870076,1870404,328
66999,1879012,1880301,1289
67000,1895559,1895752,193
67001,1902569,1904786,2217
67002,1904786,1906281,1495
67003,1912252,1915259,3007
67004,1915259,1915586,327
67005,1945062,1946439,1377
67006,1946439,1949147,2708
67007,1949147,1953478,4331
67008,1957497,1957573,76
67009,1957573,1959798,2225
67010,1959798,1960029,231
67011,1964721,1965113,392
67012,1965113,1967478,2365
67013,1967478,1967563,85
67014,1978002,1978716,714
67015,1978716,1988989,10273
67016,1991267,1991522,255
67017,2023515,2023693,178
67018,2042668,2047698,5030
67019,2058019,2058053,34
67020,2063503,2065225,1722
67021,2102456,2103099,643
67022,2122093,2126280,4187
67023,2126280,2127258,978
67024,2144032,2145250,1218
67025,2145250,2148216,2966
67026,2174609,2176849,2240
67027,2179086,2180189,1103
67028,2180189,2181077,888
67029,2181077,2182605,1528
67030,2182605,2182660,55
67031,2196076,2199000,2924
67032,2202850,2205355,2505
67033,2240354,2241284,930
67034,2257259,2259013,1754
67035,2259013,2268460,9447
67036,2268460,2272372,3912
67037,2277857,2278425,568
67038,2280031,2280757,726
67039,2280757,2286104,5347
67040,2286104,2288909,2805
67041,2319142,2336163,17021
67042,2347050,2351005,3955
67043,2351005,2354595,3590
67044,2354595,2354857,262
67045,2371254,2373247,1993
67046,2373247,2374320,1073
67047,2393754,2397666,3912
67048,2397666,2405317,7651
67049,2443725,2444785,1060
67050,2450894,2453462,2568
67051,2458297,2459074,777
67052,2459415,2460884,1469
67053,2477434,2477520,86
67054,2479726,2480503,777
67055,2481892,2482426,534
67056,2500542,2501376,834
67057,2501376,2503393,2017
67058,2503393,2505495,2102
67059,2547297,2547321,24
67060,2548269,2548693,424
67061,2572629,2573718,1089
67062,2618120,2621889,3769
67063,2621889,2628059,6170
67064,2636913,2642579,5666
67065,2648846,2655789,6943
67066,2668046,2670221,2175
67067,2672377,2677027,4650
67068,2685401,2692616,7215
67069,2703752,2708232,4480
67070,2720400,2726496,6096
67071,2726496,2726688,192
67072,2735318,2739037,3719
67073,2740016,2741153,1137
67074,2741153,2743704,2551
67075,2743704,2744962,1258
67076,2744962,2748196,3234
67077,2748196,2748529,333
67078,2748529,2750051,1522
67079,2753590,2757465,3875
67080,2760881,2762079,1198
67081,2769831,2777721,7890
67082,2786772,2795962,9190
67083,2802538,2807459,4921
67084,2807459,2810965,3506
67085,2818195,2818742,547
67086,2818742,2820812,2070
67087,2820812,2823447,2635
67088,2823447,2826897,3450
67089,2826897,2839154,12257
67090,2854356,2856672,2316
67091,2856672,2858841,2169
67092,2858841,2865416,6575
67093,2865416,2867448,2032
67094,2867448,2877721,10273
67095,2877721,2877844,123
67096,2877844,2887710,9866
67097,2932308,2933286,978
67098,2933286,2947946,14660
67099,2995669,2997019,1350
67100,3003435,3007131,3696
67101,3007131,3012199,5068
67102,3012199,3018295,6096
67103,3018295,3019205,910
67104,3019205,3019432,227
67105,3026884,3028049,1165
67106,3028049,3028069,20
67107,3033076,3034797,1721
67108,3061117,3061130,13
67109,3061130,3065114,3984
67110,3075751,3076182,431
67111,3076182,3078641,2459
67112,3078641,3080670,2029
67113,3092050,3093840,1790
67114,3093840,3093885,45
67115,3098239,3101413,3174
67116,3117890,3121690,3800
67117,3121690,3122465,775
67118,3133890,3135440,1550
67119,3143284,3151936,8652
67120,3151936,3152147,211
67121,3152147,3153022,875
67122,3153022,3156822,3800
67123,3161200,3170305,9105
67124,3170305,3174334,4029
67125,3174334,3174833,499
67126,3187533,3192776,5243
67127,3195573,3197064,1491
67128,3197064,3197790,726
67129,3206035,3206058,23
67130,3209394,3210037,643
67131,3210037,3211344,1307
67132,3243152,3244265,1113
67133,3250819,3252726,1907
67134,3252726,3252763,37
67135,3252763,3252826,63
67136,3262104,3262172,68
67137,3268784,3272812,4028
67138,3275830,3277521,1691
67139,3278613,3281327,2714
67140,3281327,3285561,4234
67141,3285561,3285667,106
67142,3285667,3286793,1126
67143,3289091,3292295,3204
67144,3292295,3294218,1923
67145,3321929,3322719,790
67146,3325855,3332264,6409
67147,3332264,3336526,4262
67148,3360656,3364323,3667
67149,3364323,3364732,409
67150,3367819,3369776,1957
67151,3369776,3371077,1301
67152,3382333,3384705,2372
67153,3398612,3399014,402
67154,3399014,3400391,1377
67155,3400391,3401871,1480
67156,3417103,3418533,1430
67157,3430215,3436861,6646
67158,3447743,3451333,3590
67159,3457603,3462253,4650
67160,3484690,3487052,2362
67161,3487052,3487271,219
67162,3532385,3535421,3036
67163,3549439,3550517,1078
67164,3557864,3558170,306
67165,3558170,3559475,1305
67166,3565273,3565377,104
67167,3565377,3568901,3524
67168,3570405,3570454,49
67169,3577452,3577537,85
67170,3617753,3620987,3234
67171,3620987,3621875,888
67172,3621875,3623550,1675
67173,3646960,3647172,212
67174,3653063,3654839,1776
67175,3663748,3665232,1484
67176,3665232,3666995,1763
67177,3666995,3670149,3154
67178,3670149,3670547,398
67179,3672212,3672539,327
67180,3702204,3704052,1848
67181,3704052,3705195,1143
67182,3705469,3708167,2698
67183,3708167,3709654,1487
67184,3709654,3709856,202
67185,3709856,3713335,3479
67186,3732390,3737580,5190
67187,3737580,3738583,1003
67188,3738583,3738641,58
67189,3749947,3757236,7289
67190,3769909,3769918,9
67191,3813943,3814783,840
67192,3814783,3814914,131
67193,3817986,3818671,685
67194,3827204,3828650,1446
67195,3828650,3828737,87
67196,3833962,3834806,844
67197,3834806,3835710,904
67198,3844343,3845381,1038
67199,3866207,3866741,534
67200,3867178,3868354,1176
67201,3868354,3872610,4256
67202,3877823,3881261,3438
67203,3903461,3903657,196
67204,3903657,3903888,231
67205,3906035,3907757,1722
67206,3915186,3919061,3875
67207,3929941,3931039,1098
67208,3940474,3944396,3922
67209,3948591,3954079,5488
67210,3957461,3958199,738
67211,3958499,3958853,354
67212,3960770,3960893,123
67213,3960893,3961124,231
67214,3969784,3970104,320
67215,3991841,3992655,814
67216,4004502,4007903,3401
67217,4011601,4013424,1823
67218,4072442,4072779,337
67219,4107724,4112217,4493
67220,4158669,4161103,2434
67221,4161103,4170628,9525
67222,4170628,4175549,4921
67223,4203525,4204120,595
67224,4217689,4217890,201
67225,4227297,4227682,385
67226,4227682,4229957,2275
67227,4229957,4230415,458
67228,4234157,4234297,140
67229,4234297,4237570,3273
67230,4245035,4245143,108
67231,4245143,4245203,60
67232,4249743,4250781,1038
67233,4251512,4253161,1649
67234,4263781,4264984,1203
67235,4264984,4265195,211
67236,4265195,4266038,843
67237,4270625,4274938,4313
67238,4274938,4275438,500
67239,4283200,4287402,4202
67240,4291564,4292166,602
67241,4309764,4312968,3204
67242,4312968,4313295,327
67243,4322255,4323093,838
67244,4323093,4324568,1475
67245,4326582,4329104,2522
67246,4381233,4382468,1235
67247,4403181,4406951,3770
67248,4406951,4407192,241
67249,4417535,4421853,4318
67250,4421853,4421862,9
67251,4421862,4422993,1131
67252,4448498,4451353,2855
67253,4490993,4492625,1632
67254,4492625,4493004,379
67255,4493004,4494695,1691
67256,4500420,4502641,2221
67257,4515083,4515239,156
67258,4515239,4516532,1293
67259,4517393,4519349,1956
67260,4530186,4530213,27
67261,4530213,4530603,390
67262,4538761,4538976,215
67263,4538976,4539717,741
67264,4539717,4545887,6170
67265,4583749,4589762,6013
67266,4589762,4593245,3483
67267,4593245,4600188,6943
67268,4607876,4610902,3026
67269,4614205,4617822,3617
67270,4617822,4618300,478
67271,4702162,4703361,1199
67272,4713607,4714055,448
67273,4714055,4716694,2639
67274,4716694,4716851,157
67275,4716851,4717460,609
67276,4717460,4718133,673
67277,4718133,4720782,2649
67278,4720782,4721850,1068
67279,4733381,4734901,1520
67280,4734901,4734932,31
67281,4734932,4737348,2416
67282,4737348,4737537,189
67283,4737537,4739300,1763
67284,4786293,4787662,1369
67285,4799769,4800024,255
67286,4814261,4816785,2524
67287,4816785,4816799,14
67288,4822756,4824821,2065
67289,4830588,4832904,2316
67290,4832904,4833642,738
67291,4835347,4837622,2275
67292,4839469,4843189,3720
67293,4864121,4864384,263
67294,4872325,4877515,5190
67295,4877515,4879164,1649
67296,4905804,4906224,420
67297,4965782,4966927,1145
67298,4975597,4978853,3256
67299,4978853,4980854,2001
67300,4980854,4980863,9
67301,4985820,4988144,2324
67302,5007918,5009497,1579
67303,5015497,5018259,2762
67304,5022032,5022356,324
67305,5022356,5026142,3786
67306,5026142,5029314,3172
67307,5035876,5037167,1291
67308,5037167,5038859,1692
67309,5056773,5067940,11167
67310,5099423,5101004,1581
67311,5101004,5103087,2083
67312,5103087,5111447,8360
67313,5117673,5117808,135
67314,5120370,5122280,1910
67315,5144129,5145344,1215
67316,5152861,5153065,204
67317,5153065,5153261,196
67318,5153261,5157552,4291
67319,5161405,5161823,418
67320,5167047,5167231,184
67321,5182415,5183904,1489
67322,5189045,5193993,4948
67323,5193993,5194596,603
67324,5194596,5195603,1007
67325,5195603,5197026,1423
67326,5197026,5199422,2396
67327,5203800,5204704,904
67328,5204704,5204710,6
67329,5206155,5206768,613
67330,5267565,5268855,1290
67331,5268855,5270056,1201
67332,5274354,5275649,1295
67333,5282126,5282141,15
67334,5290278,5291969,1691
67335,5291969,5294779,2810
67336,5314340,5315809,1469
67337,5336608,5340446,3838
67338,5340446,5340722,276
67339,5340722,5349232,8510
67340,5351513,5351840,327
67341,5351840,5353664,1824
67342,5354870,5354886,16
67343,5354886,5354995,109
67344,5354995,5355156,161
67345,5374907,5382567,7660
67346,5382567,5385331,2764
67347,5393355,5394515,1160
67348,5394515,5397048,2533
67349,5397048,5404390,7342
67350,5404390,5404545,155
67351,5419357,5419541,184
67352,5419541,5421746,2205
67353,5421746,5423316,1570
67354,5428385,5428475,90
67355,5428475,5428482,7
67356,5428482,5429977,1495
67357,5429977,5430564,587
67358,5430564,5432438,1874
67359,5432438,5432854,416
67360,5432854,5434275,1421
67361,5434275,5435698,1423
67362,5435698,5440725,5027
67363,5440725,5441233,508
67364,5442224,5442413,189
67365,5448097,5449270,1173
67366,5449270,5453604,4334
67367,5457476,5461767,4291
67368,5461767,5462125,358
67369,5462125,5462814,689
67370,5471454,5475409,3955
67371,5481146,5482169,1023
67372,5495027,5495806,779
67373,5514382,5516738,2356
67374,5516738,5518350,1612
67375,5518350,5519666,1316
67376,5543306,5544357,1051
67377,5546335,5551837,5502
67378,5551837,5553483,1646
67379,5557566,5558675,1109
67380,5558675,5559209,534
67381,5572012,5572072,60
67382,5572072,5574104,2032
67383,5588565,5588577,12
67384,5599526,5601334,1808
67385,5605951,5609359,3408
67386,5641769,5642620,851
67387,5645369,5649474,4105
67388,5665609,5667651,2042
67389,5671550,5678165,6615
67390,5694431,5695601,1170
67391,5695601,5696548,947
67392,5730779,5730877,98
67393,5730877,5735693,4816
67394,5735693,5736615,922
67395,5736615,5739333,2718
67396,5744342,5746563,2221
67397,5748017,5749166,1149
67398,5749166,5749561,395
67399,5749561,5752010,2449
67400,5804717,5805779,1062
67401,5812301,5814332,2031
67402,5829646,5829905,259
67403,5848002,5849812,1810
67404,5849812,5850683,871
67405,5850683,5850724,41
67406,5855012,5858417,3405
67407,5858799,5863189,4390
67408,5872075,5879165,7090
67409,5902310,5904243,1933
67410,5904243,5905969,1726
67411,5916364,5916433,69
67412,5916433,5916835,402
67413,5916835,5918168,1333
67414,5918168,5919458,1290
67415,5919458,5921982,2524
67416,5921982,5930037,8055
67417,5930037,5932519,2482
67418,5936145,5940830,4685
67419,5940830,5945086,4256
67420,5978589,5979687,1098
67421,5979687,5979714,27
67422,5980043,5980070,27
67423,5980070,5980301,231
67424,5983980,5986904,2924
67425,5991848,5992686,838
67426,5992686,5993477,791
67427,6023557,6023584,27
67428,6023584,6024174,590
67429,6038718,6039558,840
67430,6049723,6055726,6003
67431,6055726,6058281,2555
67432,6127823,6127937,114
67433,6141657,6144872,3215
67434,6162951,6163082,131
67435,6168313,6172693,4380
67436,6176100,6176320,220
67437,6190479,6192523,2044
67438,6205067,6205080,13
67439,6232521,6232691,170
67440,6232691,6233847,1156
67441,6233847,6234484,637
67442,6237858,6241114,3256
67443,6263629,6264464,835
67444,6267886,6268673,787
67445,6299816,6301730,1914
67446,6301730,6308648,6918
67447,6308648,6308996,348
67448,6308996,6309715,719
67449,6312294,6312300,6
67450,6316538,6316549,11
67451,6316549,6317178,629
67452,6317178,6317271,93
67453,6317271,6317362,91
67454,6361898,6363099,1201
67455,6363099,6364608,1509
67456,6364608,6365887,1279
67457,6373327,6379330,6003
67458,6388213,6389850,1637
67459,6396243,6396341,98
67460,6401648,6402427,779
67461,6415236,6423282,8046
67462,6423282,6424265,983
67463,6424265,6428770,4505
67464,6432292,6433903,1611
67465,6447897,6450331,2434
67466,6498701,6501165,2464
67467,6501165,6502186,1021
67468,6502186,6503707,1521
67469,6507416,6507428,12
67470,6516547,6523134,6587
67471,6538761,6542433,3672
67472,6542433,6544289,1856
67473,6544289,6544559,270
67474,6597153,6597168,15
67475,6597168,6597882,714
67476,6603622,6605701,2079
67477,6605701,6607887,2186
67478,6607887,6608390,503
67479,6608390,6614652,6262
67480,6614652,6616500,1848
67481,6616500,6619530,3030
67482,6619530,6627676,8146
67483,6633839,6640248,6409
67484,6650773,6651305,532
67485,6653270,6653299,29
67486,6660442,6660483,41
67487,6660483,6662405,1922
67488,6662405,6670164,7759
67489,6683928,6685581,1653
67490,6687203,6695349,8146
67491,6695349,6695410,61
67492,6695410,6696705,1295
67493,6696705,6696792,87
67494,6699109,6701414,2305
67495,6713065,6718233,5168
67496,6718233,6719557,1324
67497,6776681,6779491,2810
67498,6779491,6790658,11167
67499,6790658,6792174,1516
67500,6792174,6792389,215
67501,6834970,6835077,107
67502,6835077,6839027,3950
67503,6852351,6857839,5488
67504,6859364,6859935,571
67505,6859935,6865946,6011
67506,6867601,6867796,195
67507,6873367,6875255,1888
67508,6875537,6875548,11
67509,6875548,6876270,722
67510,6888643,6889920,1277
67511,6909692,6910622,930
67512,6918778,6919111,333
67513,6940558,6942551,1993
67514,6968833,6973549,4716
67515,6973549,6974948,1399
67516,6976486,6979141,2655
67517,7021927,7024460,2533
67518,7024460,7028744,4284
67519,7064317,7066469,2152
67520,7068380,7072554,4174
67521,7072554,7078170,5616
67522,7081622,7083971,2349
67523,7095827,7098281,2454
67524,7110667,7113007,2340
67525,7143223,7145908,2685
67526,7154958,7157521,2563
67527,7165067,7177496,12429
67528,7177496,7181817,4321
67529,7181817,7183318,1501
67530,7183318,7183376,58
67531,7183706,7188473,4767
67532,7188473,7193662,5189
67533,7193662,7195325,1663
67534,7195325,7195357,32
67535,7195357,7196200,843
67536,7198206,7203823,5617
67537,7206475,7211413,4938
67538,7211413,7213455,2042
67539,7249576,7250564,988
67540,7262109,7264254,2145
67541,7264254,7264260,6
67542,7271180,7273292,2112
67543,7285375,7286968,1593
67544,7291512,7291568,56
67545,7291568,7292899,1331
67546,7300332,7301373,1041
67547,7301373,7303475,2102
67548,7303475,7303520,45
67549,7303520,7306406,2886
67550,7310726,7310889,163
67551,7310889,7311093,204
67552,7311093,7311220,127
67553,7315370,7315381,11
67554,7338840,7340767,1927
67555,7340767,7340825,58
67556,7340825,7340905,80
67557,7340997,7341005,8
67558,7341005,7341089,84
67559,7344636,7345337,701
67560,7345337,7346035,698
67561,7346035,7348117,2082
67562,7348117,7348509,392
67563,7383299,7387910,4611
67564,7387910,7387958,48
67565,7387958,7389442,1484
67566,7389442,7393657,4215
67567,7393657,7396613,2956
67568,7419726,7419935,209
67569,7423194,7423989,795
67570,7450650,7453054,2404
67571,7453054,7458156,5102
67572,7462450,7463558,1108
67573,7463558,7464242,684
67574,7464242,7465328,1086
67575,7512756,7513214,458
67576,7513214,7514417,1203
67577,7528854,7537364,8510
67578,7537364,7546436,9072
67579,7546436,7548006,1570
67580,7548006,7550389,2383
67581,7550389,7555823,5434
67582,7555823,7560692,4869
67583,7560692,7565157,4465
67584,7567056,7567785,729
67585,7579239,7580278,1039
67586,7580278,7584313,4035
67587,7596639,7604088,7449
67588,7611233,7611431,198
67589,7616814,7620837,4023
67590,7620837,7629063,8226
67591,7629063,7629689,626
67592,7629689,7631611,1922
67593,7642179,7643998,1819
67594,7643998,7644870,872
67595,7646193,7647079,886
67596,7647079,7647151,72
67597,7656675,7656945,270
67598,7679022,7679509,487
67599,7679509,7680030,521
67600,7680030,7680342,312
67601,7680342,7681087,745
67602,7681087,7681399,312
67603,7684586,7687181,2595
67604,7694313,7696851,2538
67605,7696851,7702313,5462
67606,7707349,7711307,3958
67607,7717582,7718726,1144
67608,7718726,7721898,3172
67609,7732759,7734771,2012
67610,7738031,7738288,257
67611,7738288,7741673,3385
67612,7741673,7742227,554
67613,7742227,7751332,9105
67614,7751332,7751446,114
67615,7751446,7756594,5148
67616,7779313,7781243,1930
67617,7782466,7783130,664
67618,7828349,7828501,152
67619,7836795,7840996,4201
67620,7840996,7841112,116
67621,7847025,7852319,5294
67622,7854764,7855585,821
67623,7855585,7858986,3401
67624,7877540,7883988,6448
67625,7898385,7899571,1186
67626,7910434,7914341,3907
67627,7932325,7933016,691
67628,7933016,7934621,1605
67629,7948374,7949241,867
67630,7976467,7977183,716
67631,7977183,7978203,1020
67632,7978203,7978808,605
67633,7994375,7995735,1360
67634,7995735,7996819,1084
67635,7996819,7996858,39
67636,8002166,8003723,1557
67637,8007724,8010673,2949
67638,8026038,8026077,39
67639,8040315,8042399,2084
67640,8042399,8047429,5030
67641,8065522,8069806,4284
67642,8072560,8073334,774
67643,8078049,8082251,4202
67644,8111000,8116568,5568
67645,8116568,8116948,380
67646,8134918,8138157,3239
67647,8138157,8138164,7
67648,8211559,8212826,1267
67649,8212826,8213862,1036
67650,8213862,8218367,4505
67651,8244844,8251934,7090
67652,8264018,8264687,669
67653,8264687,8273958,9271
67654,8273958,8274919,961
67655,8274919,8275210,291
67656,8275210,8279577,4367
67657,8283730,8291876,8146
67658,8291876,8292193,317
67659,8292193,8292202,9
67660,8295149,8298185,3036
67661,8301594,8302993,1399
67662,8302993,8303411,418
67663,8303411,8304967,1556
67664,8304967,8305787,820
67665,8313878,8315004,1126
67666,8315004,8315908,904
67667,8320631,8320758,127
67668,8325518,8327010,1492
67669,8327010,8328617,1607
67670,8330352,8332275,1923
67671,8337685,8339772,2087
67672,8339772,8342007,2235
67673,8342007,8342692,685
67674,8349994,8350057,63
67675,8372850,8373439,589
67676,8391427,8393979,2552
67677,8425158,8432061,6903
67678,8440906,8442397,1491
67679,8442397,8443044,647
67680,8443044,8447941,4897
67681,8447941,8447983,42
67682,8459672,8464439,4767
67683,8464439,8464720,281
67684,8464720,8467015,2295
67685,8470931,8471061,130
67686,8471061,8471110,49
67687,8477497,8478705,1208
67688,8478705,8487609,8904
67689,8487609,8487989,380
67690,8488130,8489016,886
67691,8503401,8503428,27
67692,8506227,8507513,1286
67693,8519779,8521279,1500
67694,8521279,8521531,252
67695,8521531,8522568,1037
67696,8567513,8568824,1311
67697,8568824,8573668,4844
67698,8574158,8574177,19
67699,8610416,8612818,2402
67700,8612818,8613176,358
67701,8626378,8630618,4240
67702,8630618,8634419,3801
67703,8662518,8665754,3236
67704,8665754,8672643,6889
67705,8676068,8680636,4568
67706,8707302,8708304,1002
67707,8715596,8721141,5545
67708,8721141,8728298,7157
67709,8728298,8728684,386
67710,8728684,8729614,930
67711,8742418,8744116,1698
67712,8744116,8745334,1218
67713,8780726,8781032,306
67714,8781032,8781641,609
67715,8790685,8793880,3195
67716,8802475,8803298,823
67717,8811429,8812502,1073
67718,8835771,8839755,3984
67719,8839755,8842120,2365
67720,8848133,8851639,3506
67721,8888806,8889123,317
67722,8889123,8889513,390
67723,8899206,8899904,698
67724,8899904,8900823,919
67725,8900823,8903032,2209
67726,8943354,8946300,2946
67727,8946300,8946427,127
67728,8968547,8969655,1108
67729,8971863,8977874,6011
67730,8982086,8982384,298
67731,8982384,8986349,3965
67732,8986349,8987479,1130
67733,8995878,9002468,6590
67734,9024893,9027725,2832
67735,9027725,9029726,2001
67736,9029726,9029755,29
67737,9029755,9031567,1812
67738,9031567,9034490,2923
67739,9034490,9036070,1580
67740,9039608,9043926,4318
67741,9043926,9044747,821
67742,9044747,9045877,1130
67743,9062415,9062625,210
67744,9062625,9063320,695
67745,9070756,9070959,203
67746,9077538,9080130,2592
67747,9082667,9091739,9072
67748,9091739,9093987,2248
67749,9100858,9101134,276
67750,9103999,9104461,462
67751,9111788,9112975,1187
67752,9112975,9116914,3939
67753,9128630,9130709,2079
67754,9130709,9132110,1401
67755,9132110,9137366,5256
67756,9144835,9145769,934
67757,9145769,9148199,2430
67758,9160047,9162411,2364
67759,9162411,9162623,212
67760,9162623,9163114,491
67761,9179140,9179247,107
67762,9184213,9185378,1165
67763,9185378,9187275,1897
67764,9202802,9208622,5820
67765,9214686,9216199,1513
67766,9216199,9216358,159
67767,9216358,9216400,42
67768,9216400,9217375,975
67769,9222361,9228809,6448
67770,9228809,9229979,1170
67771,9241809,9242934,1125
67772,9274700,9275272,572
67773,9277998,9285094,7096
67774,9296980,9297471,491
67775,9322383,9324217,1834
67776,9332875,9335583,2708
67777,9335583,9342880,7297
67778,9342880,9343672,792
67779,9353127,9357404,4277
67780,9357404,9358276,872
67781,9367762,9372039,4277
67782,9405252,9406256,1004
67783,9426186,9426496,310
67784,9430211,9432612,2401
67785,9432612,9438754,6142
67786,9438754,9439645,891
67787,9467965,9469578,1613
67788,9470934,9474284,3350
67789,9474284,9476982,2698
67790,9484907,9486173,1266
67791,9486173,9490703,4530
67792,9491599,9491664,65
67793,9501268,9502428,1160
67794,9502428,9502538,110
67795,9502538,9502545,7
67796,9502545,9502595,50
67797,9508021,9513368,5347
67798,9519614,9519999,385
67799,9519999,9520201,202
67800,9520201,9520332,131
67801,9520332,9520708,376
67802,9524506,9525807,1301
67803,9525807,9527694,1887
67804,9527694,9528778,1084
67805,9538062,9539754,1692
67806,9539754,9540078,324
67807,9540078,9544340,4262
67808,9544340,9548533,4193
67809,9548533,9550462,1929
67810,9550462,9550965,503
67811,9550965,9553143,2178
67812,9571082,9573285,2203
67813,9573285,9573570,285
67814,9592672,9592760,88
67815,9592760,9594979,2219
67816,9594979,9595021,42
67817,9595526,9599130,3604
67818,9599130,9602794,3664
67819,9616149,9616865,716
67820,9634722,9635838,1116
67821,9635838,9636240,402
67822,9636240,9640688,4448
67823,9646669,9650065,3396
67824,9650405,9650936,531
67825,9650936,9651505,569
67826,9684925,9686694,1769
67827,9686694,9691312,4618
67828,9691312,9695497,4185
67829,9695497,9697732,2235
67830,9697732,9703059,5327
67831,9703059,9703444,385
67832,9704277,9706557,2280
67833,9717984,9718376,392
67834,9722887,9729628,6741
67835,9741282,9745257,3975
67836,9802410,9804844,2434
67837,9812806,9814992,2186
67838,9814992,9815721,729
67839,9815721,9820716,4995
67840,9820716,9823776,3060
67841,9823776,9825083,1307
67842,9825083,9825686,603
67843,9833533,9834517,984
67844,9848032,9848277,245
67845,9862010,9865172,3162
67846,9873353,9874026,673
67847,9878363,9878394,31
67848,9884009,9884271,262
67849,9895192,9895317,125
67850,9895317,9895407,90
67851,9917529,9929786,12257
67852,9943430,9947032,3602
67853,9968210,9972656,4446
67854,9989495,9992404,2909
67855,9993363,9993464,101
67856,10013448,10013479,31
67857,10031356,10032874,1518
67858,10041492,10050661,9169
67859,10057134,10058598,1464
67860,10058598,10058701,103
67861,10064140,10064146,6
67862,10064146,10064152,6
67863,10064152,10066601,2449
67864,10066601,10067010,409
67865,10067010,10067769,759
67866,10067769,10068393,624
67867,10069904,10073485,3581
67868,10095938,10098372,2434
67869,10098372,10102154,3782
67870,10105459,10106598,1139
67871,10113291,10114416,1125
67872,10114416,10117136,2720
67873,10127969,10128774,805
67874,10128774,10130037,1263
67875,10136405,10137875,1470
67876,10137875,10140064,2189
67877,10140064,10140878,814
67878,10172587,10181491,8904
67879,10181491,10183120,1629
67880,10183120,10187454,4334
67881,10187454,10190355,2901
67882,10206030,10206848,818
67883,10211877,10212728,851
67884,10212728,10219617,6889
67885,10219617,10221124,1507
67886,10223417,10233019,9602
67887,10233019,10236045,3026
67888,10236045,10240746,4701
67889,10246091,10246336,245
67890,10246336,10246925,589
67891,10257104,10257185,81
67892,10262730,10262925,195
67893,10262925,10262953,28
67894,10277300,10277782,482
67895,10304209,10308019,3810
67896,10313505,10319273,5768
67897,10319273,10319292,19
67898,10319292,10319303,11
67899,10319303,10319544,241
67900,10319544,10320547,1003
67901,10320547,10322356,1809
67902,10328811,10329900,1089
67903,10349597,10351680,2083
67904,10351680,10353261,1581
67905,10353261,10356843,3582
67906,10356843,10357927,1084
67907,10373558,10378885,5327
67908,10389155,10394039,4884
67909,10394039,10398010,3971
67910,10408364,10409217,853
67911,10409909,10409948,39
67912,10409948,10410003,55
67913,10410003,10410069,66
67914,10439494,10443213,3719
67915,10443213,10448082,4869
67916,10450134,10450220,86
67917,10484399,10488154,3755
67918,10488154,10489923,1769
67919,10504317,10506187,1870
67920,10507235,10511250,4015
67921,10521001,10525848,4847
67922,10525848,10528282,2434
67923,10586358,10586928,570
67924,10609309,10616212,6903
67925,10624884,10624916,32
67926,10624916,10625416,500
67927,10627471,10627494,23
67928,10659735,10666629,6894
67929,10707972,10709473,1501
67930,10709473,10711676,2203
67931,10711676,10712603,927
67932,10712603,10714207,1604
67933,10714207,10718017,3810
67934,10735824,10741469,5645
67935,10761080,10762598,1518
67936,10762598,10765362,2764
67937,10776243,10777181,938
67938,10789657,10792819,3162
67939,10794111,10794497,386
67940,10794497,10796172,1675
67941,10796172,10798184,2012
67942,10807817,10807828,11
67943,10807828,10807859,31
67944,10811717,10813601,1884
67945,10813601,10814664,1063
67946,10814664,10818714,4050
67947,10818714,10818723,9
67948,10818723,10819972,1249
67949,10824776,10829273,4497
67950,10829273,10831928,2655
67951,10851874,10852065,191
67952,10852065,10856647,4582
67953,10863110,10864340,1230
67954,10886380,10887498,1118
67955,10897064,10898713,1649
67956,10898713,10904525,5812
67957,10911269,10915298,4029
67958,10933508,10933625,117
67959,10934784,10935079,295
67960,10941683,10944446,2763
67961,10948784,10954218,5434
67962,10970478,10973602,3124
67963,10981175,10983337,2162
67964,10983337,10984204,867
67965,10984204,10984377,173
67966,10984619,10985467,848
67967,11005113,11005986,873
67968,11007134,11007515,381
67969,11050512,11050520,8
67970,11050520,11054489,3969
67971,11060307,11064214,3907
67972,11064214,11065516,1302
67973,11065516,11067090,1574
67974,11067090,11067129,39
67975,11086832,11086968,136
67976,11092254,11095979,3725
67977,11107962,11108212,250
67978,11116464,11117553,1089
67979,11172929,11173141,212
67980,11214752,11216136,1384
67981,11220855,11221876,1021
67982,11221876,11223067,1191
67983,11236862,11237173,311
67984,11241468,11241564,96
67985,11265058,11265444,386
67986,11265444,11276611,11167
67987,11276611,11278846,2235
67988,11278846,11279565,719
67989,11284426,11285628,1202
67990,11285628,11289501,3873
67991,11289501,11293096,3595
67992,11311496,11314668,3172
67993,11314668,11314744,76
67994,11314744,11316969,2225
67995,11316969,11317200,231
67996,11317200,11319630,2430
67997,11344930,11351238,6308
67998,11360010,11361379,1369
67999,11362836,11366859,4023
68000,11377705,11379926,2221
68001,11400552,11402925,2373
68002,11440016,11443017,3001
68003,11443017,11447733,4716
68004,11447733,11452700,4967
68005,11452700,11452837,137
68006,11461123,11462248,1125
68007,11479996,11480007,11
68008,11480007,11485196,5189
68009,11496598,11499547,2949
68010,11515346,11516894,1548
68011,11535266,11538071,2805
68012,11538071,11540900,2829
68013,11540900,11541403,503
68014,11541403,11549930,8527
68015,11577960,11582145,4185
68016,11619332,11622375,3043
68017,11633102,11637304,4202
68018,11637304,11639738,2434
68019,11663467,11665072,1605
68020,11665072,11666571,1499
68021,11671827,11672614,787
68022,11672614,11673633,1019
68023,11696825,11701298,4473
68024,11708983,11716280,7297
68025,11739892,11740283,391
68026,11740283,11740383,100
68027,11740383,11741254,871
68028,11741254,11742556,1302
68029,11742556,11742646,90
68030,11742646,11749055,6409
68031,11749055,11753160,4105
68032,11753160,11753551,391
68033,11753551,11753651,100
68034,11753651,11754522,871
68035,11754522,11755824,1302
68036,11755824,11755914,90
68037,11755914,11758419,2505
68038,11776489,11776547,58
68039,11807865,11808928,1063
68040,11808928,11809660,732
68041,11815648,11817544,1896
68042,11817544,11821778,4234
68043,11829266,11830845,1579
68044,11830845,11830872,27
68045,11830872,11831523,651
68046,11841427,11841538,111
68047,11843410,11844212,802
68048,11844212,11849506,5294
68049,11868551,11869122,571
68050,11873012,11875840,2828
68051,11875840,11876787,947
68052,11891824,11897768,5944
68053,11897768,11897855,87
68054,11902704,11903233,529
68055,11903233,11905097,1864
68056,11911708,11912735,1027
68057,11912735,11914214,1479
68058,11915268,11915508,240
68059,11916470,11917728,1258
68060,11917728,11918841,1113
68061,11918841,11919762,921
68062,11919762,11919847,85
68063,11921340,11921355,15
68064,11921355,11922040,685
68065,11922937,11925232,2295
68066,11925232,11925781,549
68067,11925781,11928000,2219
68068,11937937,11938561,624
68069,11950442,11950683,241
68070,11952664,11953361,697
68071,11956891,11959934,3043
68072,11962442,11963229,787
68073,11984006,11984334,328
68074,11984334,11984341,7
68075,11984341,11985857,1516
68076,11985857,11986393,536
68077,11986393,11987763,1370
68078,11997119,11998953,1834
68079,12006261,12006276,15
68080,12006276,12014501,8225
68081,12030678,12035379,4701
68082,12035379,12035404,25
68083,12035404,12035430,26
68084,12049207,12049994,787
68085,12049994,12051131,1137
68086,12054339,12055495,1156
68087,12055495,12057059,1564
68088,12060835,12064522,3687
68089,12066300,12066306,6
68090,12066306,12069627,3321
68091,12072814,12074093,1279
68092,12074093,12081542,7449
68093,12089326,12090157,831
68094,12090418,12092451,2033
68095,12093125,12093196,71
68096,12093196,12093917,721
68097,12132838,12135609,2771
68098,12147761,12148490,729
68099,12148490,12149224,734
68100,12149224,12157538,8314
68101,12160489,12161979,1490
68102,12164777,12167995,3218
68103,12169707,12170729,1022
68104,12170729,12178100,7371
68105,12190897,12193034,2137
68106,12193034,12193849,815
68107,12196966,12196980,14
68108,12196980,12197030,50
68109,12197030,12197103,73
68110,12197103,12197123,20
68111,12197123,12197422,299
68112,12199187,12199301,114
68113,12199301,12203147,3846
68114,12203147,12206249,3102
68115,12213608,12216182,2574
68116,12262020,12262716,696
68117,12262716,12263136,420
68118,12263136,12266823,3687
68119,12266823,12275137,8314
68120,12283965,12285355,1390
68121,12285355,12288529,3174
68122,12291040,12291485,445
68123,12291485,12296087,4602
68124,12324371,12324391,20
68125,12332622,12334726,2104
68126,12342840,12343562,722
68127,12343562,12360583,17021
68128,12360583,12362078,1495
68129,12377959,12378044,85
68130,12378044,12378588,544
68131,12399600,12406756,7156
68132,12413326,12415859,2533
68133,12415859,12418070,2211
68134,12418070,12418100,30
68135,12428871,12428885,14
68136,12431114,12431848,734
68137,12435875,12437285,1410
68138,12437285,12437298,13
68139,12449379,12453426,4047
68140,12466455,12471339,4884
68141,12471339,12474211,2872
68142,12474211,12477770,3559
68143,12478941,12480749,1808
68144,12480749,12480980,231
68145,12482108,12482609,501
68146,12487241,12487326,85
68147,12498829,12504374,5545
68148,12530318,12530702,384
68149,12530702,12536937,6235
68150,12543902,12544090,188
68151,12544090,12545139,1049
68152,12547384,12550046,2662
68153,12554800,12556877,2077
68154,12556877,12556902,25
68155,12556902,12557172,270
68156,12579812,12584396,4584
68157,12626948,12630813,3865
68158,12630813,12630943,130
68159,12630943,12631582,639
68160,12641918,12642035,117
68161,12660185,12668411,8226
68162,12668562,12670288,1726
68163,12672193,12673249,1056
68164,12674945,12675312,367
68165,12675312,12676465,1153
68166,12676465,12676785,320
68167,12693452,12698538,5086
68168,12710005,12710085,80
68169,12710085,12710114,29
68170,12710114,12710134,20
68171,12710134,12710142,8
68172,12710142,12717667,7525
68173,12717667,12717717,50
68174,12734748,12739118,4370
68175,12740402,12741440,1038
68176,12741440,12743814,2374
68177,12743814,12744055,241
68178,12744055,12745321,1266
68179,12760866,12761477,611
68180,12785086,12785225,139
68181,12800071,12801935,1864
68182,12801935,12807386,5451
68183,12807386,12810762,3376
68184,12844252,12848007,3755
68185,12848007,12848671,664
68186,12848671,12851867,3196
68187,12869800,12870764,964
68188,12873253,12875297,2044
68189,12903518,12905432,1914
68190,12923623,12925007,1384
68191,12925007,12927571,2564
68192,12963481,12963968,487
68193,12963968,12968281,4313
68194,12971220,12972741,1521
68195,12973128,12976709,3581
68196,12976709,12979668,2959
68197,12979668,12979736,68
68198,12984210,12987979,3769
68199,13006160,13007835,1675
68200,13007835,13007909,74
68201,13011058,13011758,700
68202,13013637,13016322,2685
68203,13016322,13022133,5811
68204,13022133,13028767,6634
68205,13028767,13031286,2519
68206,13031517,13034432,2915
68207,13034432,13034448,16
68208,13034448,13035601,1153
68209,13035601,13038265,2664
68210,13049241,13050118,877
68211,13060253,13061137,884
68212,13061137,13062411,1274
68213,13062411,13069187,6776
68214,13074667,13076388,1721
68215,13086139,13086187,48
68216,13086187,13086296,109
68217,13105604,13107233,1629
68218,13139099,13139863,764
68219,13139863,13142767,2904
68220,13142767,13143605,838
68221,13147954,13149645,1691
68222,13149645,13154972,5327
68223,13154972,13156085,1113
68224,13156085,13156995,910
68225,13156995,13157582,587
68226,13157582,13157974,392
68227,13157974,13161510,3536
68228,13161510,13165348,3838
68229,13178841,13180452,1611
68230,13180452,13180750,298
68231,13185314,13186926,1612
68232,13186926,13187224,298
68233,13212942,13213106,164
68234,13226776,13233084,6308
68235,13291767,13295431,3664
68236,13295431,13295496,65
68237,13301259,13303810,2551
68238,13312413,13313516,1103
68239,13313628,13314418,790
68240,13314418,13319315,4897
68241,13319315,13319952,637
68242,13319952,13322169,2217
68243,13323542,13324271,729
68244,13324271,13324702,431
68245,13355145,13356456,1311
68246,13356456,13359091,2635
68247,13359091,13359148,57
68248,13359148,13359172,24
68249,13367554,13370478,2924
68250,13374965,13375026,61
68251,13375026,13378518,3492
68252,13393213,13395737,2524
68253,13408203,13412076,3873
68254,13412076,13412152,76
68255,13412152,13415061,2909
68256,13425470,13431483,6013
68257,13432098,13432328,230
68258,13441855,13444017,2162
68259,13444017,13446154,2137
68260,13446154,13446576,422
68261,13463777,13469030,5253
68262,13469030,13472612,3582
68263,13472612,13473310,698
68264,13473310,13474871,1561
68265,13475380,13477828,2448
68266,13478737,13482765,4028
68267,13486438,13487416,978
68268,13491607,13491707,100
68269,13491707,13491778,71
68270,13491778,13498634,6856
68271,13536225,13537595,1370
68272,13571663,13572749,1086
68273,13572749,13574670,1921
68274,13587641,13595166,7525
68275,13595166,13600806,5640
68276,13600806,13600826,20
68277,13600826,13600900,74
68278,13634399,13639716,5317
68279,13663404,13664693,1289
68280,13664693,13665008,315
68281,13708682,13708815,133
68282,13710944,13716442,5498
68283,13722811,13723913,1102
68284,13732074,13732137,63
68285,13735679,13736728,1049
68286,13736728,13736887,159
68287,13736887,13737927,1040
68288,13745120,13745865,745
68289,13755503,13756880,1377
68290,13761994,13763410,1416
68291,13788574,13789876,1302
68292,13792122,13795158,3036
68293,13799411,13803276,3865
68294,13803276,13808017,4741
68295,13833402,13833495,93
68296,13833495,13833874,379
68297,13838360,13838750,390
68298,13845929,13847353,1424
68299,13847353,13849823,2470
68300,13861715,13864278,2563
68301,13864278,13864518,240
68302,13866487,13867279,792
68303,13867526,13869918,2392
68304,13889558,13893037,3479
68305,13918330,13922700,4370
68306,13922700,13927090,4390
68307,13940862,13946156,5294
68308,13952815,13957699,4884
68309,13968260,13970108,1848
68310,13981026,13983992,2966
68311,13989589,13992763,3174
68312,13992763,13993958,1195
68313,14013693,14014661,968
68314,14014661,14015005,344
68315,14028247,14032440,4193
68316,14065945,14070727,4782
68317,14091602,14097442,5840
68318,14097442,14098156,714
68319,14098156,14099358,1202
68320,14099358,14099497,139
68321,14115555,14118326,2771
68322,14127573,14131774,4201
68323,14135805,14137145,1340
68324,14137145,14141610,4465
68325,14141610,14142780,1170
68326,14142780,14142789,9
68327,14142789,14143910,1121
68328,14150025,14150626,601
68329,14160085,14162519,2434
68330,14167636,14171823,4187
68331,14171823,14171948,125
68332,14171948,14172109,161
68333,14172109,14176067,3958
68334,14176067,14176175,108
68335,14176175,14176315,140
68336,14176315,14184361,8046
68337,14184361,14185954,1593
68338,14185954,14188194,2240
68339,14196443,14198646,2203
68340,14209629,14214134,4505
68341,14214134,14217036,2902
68342,14217036,14217172,136
68343,14217172,14217365,193
68344,14217365,14217373,8
68345,14251229,14251950,721
68346,14251950,14253340,1390
68347,14290307,14290690,383
68348,14305674,14307843,2169
68349,14307843,14314968,7125
68350,14314968,14316457,1489
68351,14316457,14316618,161
68352,14322169,14322874,705
68353,14322874,14325026,2152
68354,14332041,14335880,3839
68355,14371671,14379331,7660
68356,14379331,14379492,161
68357,14379492,14380918,1426
68358,14380918,14381082,164
68359,14381082,14382979,1897
68360,14382979,14383064,85
68361,14383064,14385957,2893
68362,14394770,14395114,344
68363,14401651,14407471,5820
68364,14449179,14453803,4624
68365,14454551,14456915,2364
68366,14458525,14462859,4334
68367,14467953,14468771,818
68368,14490545,14491537,992
68369,14498781,14501685,2904
68370,14521822,14522560,738
68371,14524308,14527800,3492
68372,14567409,14569947,2538
68373,14598626,14602889,4263
68374,14602889,14608549,5660
68375,14623570,14625207,1637
68376,14639351,14640374,1023
68377,14640374,14642714,2340
68378,14657290,14657398,108
68379,14657398,14660270,2872
68380,14660270,14667126,6856
68381,14667126,14667509,383
68382,14667509,14669318,1809
68383,14681542,14684106,2564
68384,14701463,14702843,1380
68385,14702843,14703691,848
68386,14704864,14705680,816
68387,14707851,14709191,1340
68388,14709191,14710681,1490
68389,14710681,14715104,4423
68390,14719802,14724386,4584
68391,14724386,14730207,5821
68392,14745059,14747921,2862
68393,14747921,14748118,197
68394,14751787,14752234,447
68395,14762590,14763185,595
68396,14763185,14767079,3894
68397,14773289,14773899,610
68398,14773899,14774476,577
68399,14779370,14779468,98
68400,14779468,14784591,5123
68401,14784591,14784607,16
68402,14784607,14791212,6605
68403,14791212,14792572,1360
68404,14792572,14792680,108
68405,14807261,14808455,1194
68406,14808455,14809663,1208
68407,14826390,14826760,370
68408,14826760,14836362,9602
68409,14836362,14836553,191
68410,14836553,14840426,3873
68411,14840595,14840724,129
68412,14847751,14850314,2563
68413,14850314,14857351,7037
68414,14867770,14868162,392
68415,14873569,14878413,4844
68416,14881133,14881867,734
68417,14881867,14882682,815
68418,14883116,14885638,2522
68419,14885638,14885699,61
68420,14885699,14885710,11
68421,14885710,14888542,2832
68422,14891202,14896549,5347
68423,14901750,14902016,266
68424,14902016,14907050,5034
68425,14916670,14917371,701
68426,14923156,14923859,703
68427,14923859,14924557,698
68428,14934719,14935483,764
68429,14935630,14936768,1138
68430,14936768,14942434,5666
68431,14950117,14950203,86
68432,14950203,14953899,3696
68433,14953899,14953984,85
68434,14953984,14953999,15
68435,14958782,14959995,1213
68436,14959995,14960609,614
68437,14960609,14960729,120
68438,14960729,14961398,669
68439,14961398,14962899,1501
68440,14962899,14966737,3838
68441,14966737,14966801,64
68442,14966801,14967263,462
68443,14967263,14969073,1810
68444,14978358,14982851,4493
68445,15006605,15006793,188
68446,15008627,15009554,927
68447,15009554,15014764,5210
68448,15014764,15015559,795
68449,15021182,15023737,2555
68450,15023737,15024939,1202
68451,15041225,15042092,867
68452,15042092,15043026,934
68453,15043026,15045442,2416
68454,15045442,15047921,2479
68455,15061560,15061618,58
68456,15061618,15061653,35
68457,15061653,15061734,81
68458,15069166,15070311,1145
68459,15070311,15074228,3917
68460,15077943,15079777,1834
68461,15079777,15083727,3950
68462,15088581,15091561,2980
68463,15092303,15093095,792
68464,15093095,15097335,4240
68465,15097335,15099712,2377
68466,15099712,15101903,2191
68467,15101903,15103383,1480
68468,15109481,15109660,179
68469,15109660,15112488,2828
68470,15112488,15112611,123
68471,15114410,15116442,2032
68472,15117851,15117986,135
68473,15117986,15118012,26
68474,15118012,15118083,71
68475,15125965,15140625,14660
68476,15162176,15163254,1078
68477,15164719,15166194,1475
68478,15166194,15172284,6090
68479,15172284,15175045,2761
68480,15175045,15175063,18
68481,15175063,15175097,34
68482,15175097,15175228,131
68483,15219550,15221111,1561
68484,15223052,15223892,840
68485,15240850,15243752,2902
68486,15260220,15263169,2949
68487,15263169,15263948,779
68488,15272056,15273637,1581
68489,15298276,15298772,496
68490,15298772,15299756,984
68491,15306040,15306541,501
68492,15309388,15311342,1954
68493,15333591,15334168,577
68494,15334168,15336650,2482
68495,15366311,15366843,532
68496,15380445,15380469,24
68497,15388057,15388125,68
68498,15391382,15393534,2152
68499,15393534,15397982,4448
68500,15401866,15402018,152
68501,15402018,15402249,231
68502,15412018,15412327,309
68503,15412327,15412780,453
68504,15412780,15413075,295
68505,15413075,15415387,2312
68506,15415387,15418991,3604
68507,15418991,15423041,4050
68508,15423041,15423474,433
68509,15444439,15444522,83
68510,15444522,15449903,5381
68511,15449903,15452749,2846
68512,15476481,15476616,135
68513,15476616,15477137,521
68514,15477137,15477529,392
68515,15480849,15482189,1340
68516,15519507,15521665,2158
68517,15541029,15550300,9271
68518,15551980,15555040,3060
68519,15633983,15634073,90
68520,15634073,15634171,98
68521,15634171,15635016,845
68522,15647697,15648563,866
68523,15655438,15663484,8046
68524,15698646,15700038,1392
68525,15700038,15700162,124
68526,15720736,15726493,5757
68527,15774897,15775098,201
68528,15775098,15779436,4338
68529,15779436,15786177,6741
68530,15786177,15790544,4367
68531,15790544,15791022,478
68532,15791872,15792593,721
68533,15800872,15803134,2262
68534,15804146,15804160,14
68535,15804160,15809422,5262
68536,15809422,15811245,1823
68537,15819179,15826097,6918
68538,15828910,15830929,2019
68539,15840060,15840180,120
68540,15840180,15841693,1513
68541,15864472,15865032,560
68542,15866249,15866446,197
68543,15866446,15873634,7188
68544,15876648,15882368,5720
68545,15885909,15886101,192
68546,15886101,15889254,3153
68547,15891700,15891773,73
68548,15891773,15891860,87
68549,15906969,15909999,3030
68550,15910547,15910838,291
68551,15924881,15925495,614
68552,15934667,15936307,1640
68553,15936307,15938663,2356
68554,15938663,15938669,6
68555,15939337,15939438,101
68556,15939438,15942888,3450
68557,15952705,15953014,309
68558,15953014,15953120,106
68559,15958194,15960483,2289
68560,15960483,15960681,198
68561,15960681,15961290,609
68562,15983188,15983749,561
68563,15990540,15990942,402
68564,16002838,16006111,3273
68565,16006111,16010873,4762
68566,16061238,16063545,2307
68567,16063545,16063669,124
68568,16063669,16064388,719
68569,16077347,16078050,703
68570,16078050,16078501,451
68571,16087830,16088515,685
68572,16092256,16093560,1304
68573,16096180,16098250,2070
68574,16156241,16161327,5086
68575,16161327,16163723,2396
68576,16173557,16180132,6575
68577,16180132,16186590,6458
68578,16202307,16202317,10
68579,16206725,16206774,49
68580,16206774,16211287,4513
68581,16218519,16218526,7
68582,16237774,16241449,3675
68583,16241449,16243533,2084
68584,16243533,16243543,10
68585,16246083,16246261,178
68586,16257594,16257651,57
68587,16257651,16258073,422
68588,16290548,16295192,4644
68589,16295192,16296333,1141
68590,16296333,16302967,6634
68591,16302967,16304128,1161
68592,16304128,16304552,424
68593,16309164,16309173,9
68594,16321924,16324297,2373
68595,16324297,16324645,348
68596,16334415,16335554,1139
68597,16335856,16335909,53
68598,16349992,16349999,7
68599,16349999,16354966,4967
68600,16354966,16355595,629
68601,16360360,16366622,6262
68602,16366622,16367649,1027
68603,16367649,16371459,3810
68604,16371459,16371586,127
68605,16371586,16372677,1091
68606,16372677,16373288,611
68607,16392101,16393375,1274
68608,16397491,16403108,5617
68609,16403108,16404371,1263
68610,16404371,16404383,12
68611,16404383,16404411,28
68612,16404411,16406024,1613
68613,16406024,16406379,355
68614,16407862,16409002,1140
68615,16437594,16437804,210
68616,16437804,16438009,205
68617,16438009,16438717,708
68618,16461471,16461486,15
68619,16461486,16464640,3154
68620,16468082,16469432,1350
68621,16469432,16470019,587
68622,16470019,16470358,339
68623,16479721,16480208,487
68624,16492883,16498136,5253
68625,16498136,16500023,1887
68626,16529515,16530843,1328
68627,16535524,16535614,90
68628,16535614,16539216,3602
68629,16543508,16551733,8225
68630,16560350,16565288,4938
68631,16569065,16569088,23
68632,16581092,16583486,2394
68633,16586972,16589005,2033
68634,16650286,16651100,814
68635,16690612,16692641,2029
68636,16692641,16693690,1049
68637,16693690,16694594,904
68638,16705957,16710568,4611
68639,16771754,16777565,5811
68640,16777565,16782894,5329
68641,16790147,16791074,927
68642,16791074,16795109,4035
68643,16800152,16800671,519
68644,16800671,16803617,2946
68645,16809128,16809729,601
68646,16833627,16834443,816
68647,16834443,16835853,1410
68648,16837728,16845487,7759
68649,16845487,16846686,1199
68650,16850017,16851516,1499
68651,16853804,16856719,2915
68652,16856719,16856739,20
68653,16856739,16856747,8
68654,16864428,16866668,2240
68655,16881180,16881250,70
68656,16882148,16884306,2158
68657,16913855,16915140,1285
68658,16947458,16949807,2349
68659,16964430,16970251,5821
68660,16970251,16970769,518
68661,16970769,16970905,136
68662,16987646,16987877,231
68663,16994046,16997097,3051
68664,17000345,17001824,1479
68665,17001824,17002151,327
68666,17007691,17009900,2209
68667,17011923,17018569,6646
68668,17018569,17018799,230
68669,17018799,17020291,1492
68670,17020291,17020298,7
68671,17020298,17020326,28
68672,17030377,17030534,157
68673,17031975,17035592,3617
68674,17048351,17048377,26
68675,17061299,17061396,97
68676,17067057,17067078,21
68677,17093330,17095349,2019
68678,17102229,17102330,101
68679,17130299,17131242,943
68680,17131242,17133566,2324
68681,17167162,17170558,3396
68682,17170558,17172165,1607
68683,17173331,17177550,4219
68684,17180536,17181627,1091
68685,17181627,17183584,1957
68686,17183584,17183591,7
68687,17183591,17186744,3153
68688,17195116,17200359,5243
68689,17204399,17204766,367
68690,17216452,17218320,1868
68691,17218954,17223334,4380
68692,17223334,17223344,10
68693,17223344,17228984,5640
68694,17228984,17229140,156
68695,17230018,17230175,157
68696,17236995,17241943,4948
68697,17241943,17248085,6142
68698,17248085,17248168,83
68699,17248168,17248505,337
68700,17250941,17251979,1038
68701,17289889,17290259,370
68702,17290259,17292775,2516
68703,17302152,17302175,23
68704,17303487,17304477,990
68705,17304477,17307949,3472
68706,17317622,17318073,451
68707,17318424,17327949,9525
68708,17349977,17352832,2855
68709,17363636,17365740,2104
68710,17365740,17369541,3801
68711,17369541,17372548,3007
68712,17380692,17383454,2762
68713,17390250,17391602,1352
68714,17391602,17398790,7188
68715,17437144,17440689,3545
68716,17442068,17444636,2568
68717,17454961,17455224,263
68718,17456876,17461227,4351
68719,17461227,17462380,1153
68720,17462380,17464620,2240
68721,17479088,17480228,1140
68722,17500964,17501234,270
68723,17501234,17501795,561
68724,17501795,17503040,1245
68725,17503040,17509630,6590
68726,17513491,17514046,555
68727,17514046,17515337,1291
68728,17521991,17522299,308
68729,17522299,17524845,2546
68730,17524845,17529967,5122
68731,17532592,17534781,2189
68732,17538346,17545635,7289
68733,17550649,17552680,2031
68734,17552680,17555076,2396
68735,17555076,17555663,587
68736,17582740,17589777,7037
68737,17617117,17619825,2708
68738,17622994,17623019,25
68739,17623019,17623027,8
68740,17623027,17623047,20
68741,17631241,17632028,787
68742,17632028,17632225,197
68743,17659619,17659999,380
68744,17664468,17665242,774
68745,17665242,17666217,975
68746,17677008,17681889,4881
68747,17683775,17684945,1170
68748,17684945,17685017,72
68749,17685017,17686486,1469
68750,17691670,17692772,1102
68751,17692772,17696037,3265
68752,17696037,17696912,875
68753,17719218,17721125,1907
68754,17721125,17723212,2087
68755,17757494,17759126,1632
68756,17765560,17770407,4847
68757,17780155,17780292,137
68758,17808746,17809548,802
68759,17818531,17822639,4108
68760,17822639,17825834,3195
68761,17841637,17841792,155
68762,17841792,17842012,220
68763,17846469,17847808,1339
68764,17847808,17850701,2893
68765,17857360,17858364,1004
68766,17869498,17872903,3405
68767,17906061,17911317,5256
68768,17911317,17912076,759
68769,17912076,17913600,1524
68770,17913600,17915246,1646
68771,17915246,17915257,11
68772,17915257,17915321,64
68773,17916768,17919486,2718
68774,17919486,17919736,250
68775,17926190,17927420,1230
68776,17938091,17938944,853
68777,17957994,17958538,544
68778,17958538,17960314,1776
68779,17974955,17976909,1954
68780,17982741,17983382,641
68781,17992141,17992148,7
68782,17998658,18005754,7096
68783,18008249,18010111,1862
68784,18010111,18010737,626
68785,18018364,18018734,370
68786,18056031,18058336,2305
68787,18058336,18059474,1138
68788,18063522,18064184,662
68789,18064184,18064196,12
68790,18064196,18064222,26
68791,18064222,18067324,3102
68792,18073568,18075148,1580
68793,18083252,18084438,1186
68794,18084438,18084543,105
68795,18084543,18089305,4762
68796,18089305,18091314,2009
68797,18110017,18111407,1390
68798,18118042,18121654,3612
68799,18125008,18137437,12429
68800,18142760,18143033,273
68801,18155057,18157074,2017
68802,18169899,18173685,3786
68803,18241244,18242431,1187
68804,18242431,18247600,5169
68805,18247600,18248906,1306
68806,18248906,18250155,1249
68807,18250155,18251206,1051
68808,18256424,18257195,771
68809,18264670,18268693,4023
68810,18277485,18290362,12877
68811,18290362,18292832,2470
68812,18300172,18311980,11808
68813,18313361,18319976,6615
68814,18319976,18320036,60
68815,18320036,18320050,14
68816,18328425,18331690,3265
68817,18331690,18331893,203
68818,18340820,18343109,2289
68819,18343109,18343394,285
68820,18343394,18347180,3786
68821,18347180,18348809,1629
68822,18356308,18357252,944
68823,18372816,18374083,1267
68824,18374083,18374868,785
68825,18374868,18374995,127
68826,18390140,18394471,4331
68827,18429611,18430043,432
68828,18432505,18434534,2029
68829,18444182,18451553,7371
68830,18451553,18452531,978
68831,18452531,18454350,1819
68832,18463658,18463768,110
68833,18463768,18464276,508
68834,18464276,18464533,257
68835,18464533,18466196,1663
68836,18466196,18468715,2519
68837,18468715,18469994,1279
68838,18478652,18483775,5123
68839,18489647,18490421,774
68840,18490928,18494464,3536
68841,18494464,18496076,1612
68842,18527951,18528506,555
68843,18567332,18567383,51
68844,18586243,18593137,6894
68845,18640575,18647790,7215
68846,18647790,18653564,5774
68847,18675106,18676147,1041
68848,18676147,18683303,7156
68849,18703424,18709870,6446
68850,18719764,18720925,1161
68851,18720925,18724851,3926
68852,18724851,18725096,245
68853,18736008,18736039,31
68854,18736039,18737596,1557
68855,18738978,18742698,3720
68856,18752601,18753731,1130
68857,18753731,18755114,1383
68858,18755114,18760236,5122
68859,18802271,18803190,919
68860,18803190,18806036,2846
68861,18835169,18839568,4399
68862,18843468,18848351,4883
68863,18851132,18851773,641
68864,18875243,18876064,821
68865,18876064,18880700,4636
68866,18880700,18883349,2649
68867,18883349,18883688,339
68868,18883688,18884384,696
68869,18884384,18884423,39
68870,18884423,18885668,1245
68871,18885668,18889151,3483
68872,18889151,18897803,8652
68873,18897803,18899724,1921
68874,18899724,18900285,561
68875,18900285,18900315,30
68876,18907244,18908808,1564
68877,18908808,18913590,4782
68878,18918577,18919910,1333
68879,18919910,18927800,7890
68880,18927800,18932138,4338
68881,18932138,18934413,2275
68882,18941340,18942526,1186
68883,18942526,18942577,51
68884,18943242,18944350,1108
68885,18956754,18960299,3545
68886,18960299,18965867,5568
68887,18981182,18982738,1556
68888,18982738,18983201,463
68889,18983201,18983374,173
68890,18983374,18984071,697
68891,18985875,18986943,1068
68892,19021754,19022940,1186
68893,19028290,19031317,3027
68894,19031317,19034470,3153
68895,19034470,19034769,299
68896,19034769,19037161,2392
68897,19037161,19038006,845
68898,19038006,19038204,198
68899,19038204,19040100,1896
68900,19044579,19046135,1556
68901,19054935,19055971,1036
68902,19055971,19057013,1042
68903,19058560,19058624,64
68904,19061744,19061842,98
68905,19089276,19090490,1214
68906,19094195,19094416,221
68907,19096134,19103260,7126
68908,19103260,19103359,99
68909,19112811,19114898,2087
68910,19114898,19115732,834
68911,19115732,19117655,1923
68912,19138402,19139216,814
68913,19144948,19150616,5668
68914,19150616,19150645,29
68915,19161724,19171704,9980
68916,19227305,19228827,1522
68917,19229961,19231715,1754
68918,19240205,19242561,2356
68919,19268080,19268250,170
68920,19272386,19272701,315
68921,19272701,19277622,4921
68922,19280424,19281825,1401
68923,19320807,19321379,572
68924,19321379,19322317,938
68925,19322317,19323554,1237
68926,19326665,19329523,2858
68927,19332645,19333687,1042
68928,19333687,19334813,1126
68929,19334813,19336717,1904
68930,19336717,19341038,4321
68931,19341038,19341852,814
68932,19348750,19349198,448
68933,19349405,19349589,184
68934,19349589,19350364,775
68935,19374563,19375268,705
68936,19375268,19375924,656
68937,19379224,19383721,4497
68938,19394062,19395642,1580
68939,19395642,19396563,921
68940,19412168,19416750,4582
68941,19416750,19421919,5169
68942,19436682,19437538,856
68943,19437538,19440177,2639
68944,19444423,19446213,1790
68945,19484095,19485150,1055
68946,19485150,19489913,4763
68947,19489946,19495275,5329
68948,19497067,19497680,613
68949,19500730,19502520,1790
68950,19553307,19553430,123
68951,19553430,19557337,3907
68952,19561018,19561189,171
68953,19561189,19568692,7503
68954,19573805,19573908,103
68955,19588530,19593176,4646
68956,19593176,19593623,447
68957,19597525,19599908,2383
68958,19607907,19608596,689
68959,19618769,19624031,5262
68960,19658340,19662290,3950
68961,19663340,19669786,6446
68962,19712849,19714128,1279
68963,19729480,19735140,5660
68964,19738651,19738822,171
68965,19738822,19748012,9190
68966,19758219,19759065,846
68967,19759065,19760684,1619
68968,19760684,19763062,2378
68969,19763684,19764532,848
68970,19764532,19765836,1304
68971,19796858,19799944,3086
68972,19799944,19802260,2316
68973,19802260,19802999,739
68974,19831218,19838343,7125
68975,19905876,19908324,2448
68976,19908324,19909075,751
68977,19909075,19910221,1146
68978,19910221,19913488,3267
68979,19913488,19914239,751
68980,19914239,19915385,1146
68981,19915385,19918652,3267
68982,19919398,19920539,1141
68983,19925361,19928166,2805
68984,19928166,19929282,1116
68985,19929282,19932547,3265
68986,19932547,19933298,751
68987,19933298,19934398,1100
68988,19934398,19937982,3584
68989,19937982,19939098,1116
68990,19939098,19942363,3265
68991,19942363,19943114,751
68992,19943114,19944251,1137
68993,19944251,19947837,3586
68994,19947837,19948977,1140
68995,19952571,19953712,1141
68996,19957305,19958446,1141
68997,19962722,19963823,1101
68998,19963823,19965313,1490
68999,19975817,19978476,2659
69000,19978476,19980877,2401
69001,19990594,19991577,983
69002,19994444,19995635,1191
69003,19995635,19996774,1139
69004,20006526,20011056,4530
69005,20011056,20013273,2217
69006,20013273,20013736,463
69007,20021184,20023373,2189
69008,20023373,20024400,1027
69009,20024400,20033052,8652
69010,20033052,20034093,1041
69011,20083187,20083443,256
69012,20083443,20096320,12877
69013,20096320,20096696,376
69014,20096696,20102646,5950
69015,20102646,20104516,1870
69016,20117704,20119868,2164
69017,20125631,20127558,1927
69018,20127558,20127868,310
69019,20138473,20139671,1198
69020,20139671,20139982,311
69021,20139982,20141259,1277
69022,20141259,20145905,4646
69023,20146691,20147635,944
69024,20152531,20155878,3347
69025,20170118,20170217,99
69026,20170217,20173889,3672
69027,20173889,20174019,130
69028,20174019,20174548,529
69029,20235125,20235262,137
69030,20235262,20235489,227
69031,20258544,20259990,1446
69032,20259990,20261114,1124
69033,20265066,20265690,624
69034,20271444,20272772,1328
69035,20282955,20283185,230
69036,20290806,20296304,5498
69037,20296304,20298404,2100
69038,20300713,20306211,5498
69039,20306211,20308311,2100
69040,20308311,20311547,3236
69041,20315301,20315848,547
69042,20315848,20316888,1040
69043,20331447,20332586,1139
69044,20332586,20338676,6090
69045,20338676,20341049,2373
69046,20359649,20361029,1380
69047,20368754,20371655,2901
69048,20371655,20374635,2980
69049,20382850,20387757,4907
69050,20387757,20388745,988
69051,20402247,20402562,315
69052,20403249,20403413,164
69053,20424471,20426762,2291
69054,20428756,20430049,1293
69055,20448682,20448755,73
69056,20448755,20449855,1100
69057,20453956,20454946,990
69058,20479165,20480784,1619
69059,20499396,20501988,2592
69060,20501988,20503497,1509
69061,20504308,20514174,9866
69062,20514174,20516001,1827
69063,20516001,20516031,30
69064,20516031,20525478,9447
69065,20525478,20526003,525
69066,20528413,20529181,768
69067,20541763,20543954,2191
69068,20543954,20544089,135
69069,20545120,20545474,354
69070,20552961,20554041,1080
69071,20554041,20561198,7157
69072,20561198,20563520,2322
69073,20563520,20564122,602
69074,20567561,20573397,5836
69075,20573397,20574453,1056
69076,20576186,20578372,2186
69077,20578372,20579896,1524
69078,20596155,20598750,2595
69079,20600886,20601821,935
69080,20615069,20615299,230
69081,20629926,20634689,4763
69082,20634689,20636894,2205
69083,20636894,20637283,389
69084,20647460,20649925,2465
69085,20649925,20653321,3396
69086,20653321,20654607,1286
69087,20664007,20669458,5451
69088,20669458,20669853,395
69089,20670247,20670633,386
69090,20700092,20700436,344
69091,20726374,20726691,317
69092,20749722,20750557,835
69093,20750557,20758526,7969
69094,20758526,20765652,7126
69095,20791958,20791988,30
69096,20791988,20791998,10
69097,20791998,20792257,259
69098,20792257,20792314,57
69099,20793163,20797848,4685
69100,20801677,20802890,1213
69101,20807061,20807240,179
69102,20807240,20811544,4304
69103,20829506,20830350,844
69104,20857938,20860300,2362
69105,20860300,20860345,45
69106,20860345,20860412,67
69107,20879000,20880698,1698
69108,20880848,20889208,8360
69109,20889208,20889563,355
69110,20896382,20901998,5616
69111,20901998,20904463,2465
69112,20934477,20934698,221
69113,20938562,20939599,1037
69114,20944530,20944703,173
69115,20959871,20960894,1023
69116,20965806,20965973,167
69117,20972400,20976615,4215
69118,20994801,21000235,5434
69119,21000235,21005445,5210
69120,21005445,21008792,3347
69121,21008792,21011003,2211
69122,21011003,21013265,2262
69123,21020455,21027517,7062
69124,21027517,21031622,4105
69125,21031622,21032054,432
69126,21032054,21041223,9169
69127,21041223,21042054,831
69128,21044554,21046229,1675
69129,21046229,21046924,695
69130,21046924,21049378,2454
69131,21095174,21100377,5203
69132,21111652,21116686,5034
69133,21116686,21121854,5168
69134,21128745,21133628,4883
69135,21139769,21146077,6308
69136,21147468,21148345,877
69137,21158687,21159564,877
69138,21172605,21174233,1628
69139,21174233,21175038,805
69140,21175038,21178633,3595
69141,21186897,21192359,5462
69142,21192359,21193035,676
69143,21193035,21193648,613
69144,21194007,21194170,163
69145,21197089,21200634,3545
69146,21200634,21200837,203
69147,21200837,21202490,1653
69148,21202490,21202527,37
69149,21202527,21207343,4816
69150,21207343,21208345,1002
69151,21208345,21210207,1862
69152,21210207,21210689,482
69153,21211940,21212625,685
69154,21217579,21223523,5944
69155,21223523,21223639,116
69156,21227906,21230384,2478
69157,21230384,21231493,1109
69158,21231493,21234452,2959
69159,21234452,21235980,1528
69160,21236839,21238573,1734
69161,21241412,21242380,968
69162,21258284,21261240,2956
69163,21261686,21262157,471
69164,21262157,21262218,61
69165,21274205,21276669,2464
69166,21276669,21282134,5465
69167,21282134,21284740,2606
69168,21284740,21286268,1528
69169,21289582,21290116,534
69170,21290116,21295784,5668
69171,21295784,21302019,6235
69172,21302019,21302629,610
69173,21302629,21304266,1637
69174,21304266,21315299,11033
69175,21327245,21330441,3196
69176,21351177,21353729,2552
69177,21369109,21374257,5148
69178,21412511,21416293,3782
69179,21416293,21420577,4284
69180,21427479,21427563,84
69181,21427563,21428962,1399
69182,21448901,21453545,4644
69183,21453545,21455475,1930
69184,21455475,21455845,370
69185,21455845,21457485,1640
69186,21457485,21459536,2051
69187,21479917,21484390,4473
69188,21492841,21493050,209
69189,21493050,21500140,7090
69190,21519426,21520185,759
69191,21520185,21522556,2371
69192,21522556,21523203,647
69193,21523203,21523221,18
69194,21525815,21528063,2248
69195,21528063,21531647,3584
69196,21556714,21558094,1380
69197,21561458,21564316,2858
69198,21564316,21565087,771
69199,21574527,21574594,67
69200,21584497,21584555,58
69201,21593778,21594798,1020
69202,21594798,21596173,1375
69203,21596173,21602949,6776
69204,21605404,21605547,143
69205,21605547,21606607,1060
69206,21609390,21610792,1402
69207,21610792,21612702,1910
69208,21612702,21615482,2780
69209,21615482,21616884,1402
69210,21616884,21618794,1910
69211,21618794,21621574,2780
69212,21632887,21632953,66
69213,21632953,21632969,16
69214,21637101,21637240,139
69215,21637240,21638413,1173
69216,21638413,21638808,395
69217,21646070,21646884,814
69218,21646884,21650205,3321
69219,21650205,21650281,76
69220,21650281,21652506,2225
69221,21652506,21652737,231
69222,21652737,21655874,3137
69223,21655874,21660114,4240
69224,21660114,21661450,1336
69225,21661450,21661834,384
69226,21666697,21669243,2546
69227,21669243,21670664,1421
69228,21675355,21675453,98
69229,21679162,21683127,3965
69230,21683127,21685443,2316
69231,21685443,21686181,738
69232,21686181,21686877,696
69233,21696303,21702077,5774
69234,21702077,21705994,3917
69235,21715420,21716401,981
69236,21724166,21727089,2923
69237,21727089,21728670,1581
69238,21728670,21730753,2083
69239,21730753,21731391,638
69240,21731788,21734617,2829
69241,21734617,21740707,6090
69242,21746825,21747564,739
69243,21754424,21757983,3559
69244,21762019,21764943,2924
69245,21764943,21768615,3672
69246,21768615,21770634,2019
69247,21770634,21771714,1080
69248,21778418,21778453,35
69249,21778453,21779194,741
69250,21783166,21783357,191
69251,21783357,21783925,568
69252,21786847,21788468,1621
69253,21788468,21790485,2017
69254,21793104,21797584,4480
69255,21813185,21815644,2459
69256,21815644,21816300,656
69257,21818515,21820886,2371
69258,21820886,21822023,1137
69259,21823349,21824888,1539
69260,21824888,21825140,252
69261,21825140,21826272,1132
69262,21826272,21827811,1539
69263,21827811,21828063,252
69264,21833971,21835510,1539
69265,21835510,21835762,252
69266,21839506,21842489,2983
69267,21849508,21849617,109
69268,21849617,21852521,2904
69269,21852521,21852773,252
69270,21852773,21853905,1132
69271,21859615,21860852,1237
69272,21862257,21862313,56
69273,21862313,21862401,88
69274,21862401,21862544,143
69275,21862544,21862648,104
69276,21862648,21864148,1500
69277,21864148,21864400,252
69278,21864400,21865532,1132
69279,21865532,21866674,1142
69280,21876030,21878636,2606
69281,21878636,21879292,656
69282,21879292,21884033,4741
69283,21884033,21885270,1237
69284,21885270,21886674,1404
69285,21886674,21886730,56
69286,21886730,21886818,88
69287,21886818,21886961,143
69288,21886961,21887065,104
69289,21887065,21889210,2145
69290,21889210,21891582,2372
69291,21891582,21892719,1137
69292,21904279,21906291,2012
69293,21906291,21907440,1149
69294,21907440,21908078,638
69295,21908078,21909508,1430
69296,21909508,21909690,182
69297,21909690,21913661,3971
69298,21913661,21913759,98
69299,21913759,21917160,3401
69300,21918735,21920041,1306
69301,21920041,21924091,4050
69302,21924908,21924943,35
69303,21925941,21926217,276
69304,21928789,21929711,922
69305,21929711,21931027,1316
69306,21934595,21935755,1160
69307,21948515,21948645,130
69308,21948645,21950599,1954
69309,21950599,21954324,3725
69310,21954324,21956208,1884
69311,21959976,21960073,97
69312,21960073,21961977,1904
69313,21968952,21971386,2434
69314,21971386,21973780,2394
69315,21976549,21977536,987
69316,21977536,21978528,992
69317,21983266,21985343,2077
69318,21985343,21985999,656
69319,21990742,21991979,1237
69320,21991979,21993383,1404
69321,21993383,21993439,56
69322,21993439,21993527,88
69323,21993527,21993670,143
69324,21993670,21993813,143
69325,21993813,21993917,104
69326,21993917,21993991,74
69327,21996203,21998575,2372
69328,22001617,22003629,2012
69329,22007335,22009985,2650
69330,22009985,22012422,2437
69331,22012422,22013163,741
69332,22013163,22013198,35
69333,22013198,22013972,774
69334,22019118,22019153,35
69335,22022405,22022496,91
69336,22022496,22023922,1426
69337,22023922,22026294,2372
69338,22026294,22027431,1137
69339,22027431,22029803,2372
69340,22029803,22030940,1137
69341,22030940,22033314,2374
69342,22033314,22034452,1138
69343,22036703,22038715,2012
69344,22038715,22042450,3735
69345,22042450,22045100,2650
69346,22047544,22048285,741
69347,22048285,22048320,35
69348,22049129,22050512,1383
69349,22055545,22055580,35
69350,22058833,22058924,91
69351,22058924,22060348,1424
69352,22060348,22062684,2336
69353,22062684,22063821,1137
69354,22063821,22066193,2372
69355,22066193,22067330,1137
69356,22067330,22068635,1305
69357,22070166,22070418,252
69358,22070418,22071549,1131
69359,22071549,22072691,1142
69360,22072691,22074703,2012
69361,22074703,22078435,3732
69362,22078435,22080998,2563
69363,22080998,22083435,2437
69364,22084488,22084523,35
69365,22084523,22085346,823
69366,22085346,22087080,1734
69367,22097230,22098367,1137
69368,22098367,22100739,2372
69369,22100739,22101876,1137
69370,22101876,22104248,2372
69371,22104248,22105385,1137
69372,22105385,22107757,2372
69373,22107757,22108892,1135
69374,22108892,22111264,2372
69375,22111264,22112399,1135
69376,22114315,22116327,2012
69377,22121531,22121713,182
69378,22129311,22130329,1018
69379,22130329,22130577,248
69380,22130577,22135050,4473
69381,22139369,22139460,91
69382,22139460,22140840,1380
69383,22140840,22142199,1359
69384,22142199,22144960,2761
69385,22149691,22150618,927
69386,22154744,22155671,927
69387,22159789,22160716,927
69388,22160716,22162064,1348
69389,22162064,22164827,2763
69390,22166797,22169557,2760
69391,22169557,22170417,860
69392,22170417,22171777,1360
69393,22171777,22174439,2662
69394,22174439,22175299,860
69395,22175299,22176647,1348
69396,22176647,22179407,2760
69397,22179407,22180270,863
69398,22180270,22181629,1359
69399,22181629,22184291,2662
69400,22184291,22185154,863
69401,22185154,22186506,1352
69402,22186506,22189170,2664
69403,22189170,22190053,883
69404,22190053,22191412,1359
69405,22191412,22194071,2659
69406,22194071,22194957,886
69407,22194957,22196315,1358
69408,22196315,22199076,2761
69409,22199076,22199960,884
69410,22199960,22201319,1359
69411,22201319,22204558,3239
69412,22204558,22209455,4897
69413,22209455,22211464,2009
69414,22211464,22214230,2766
69415,22214230,22215157,927
69416,22215157,22216515,1358
69417,22216515,22220836,4321
69418,22223429,22224356,927
69419,22224356,22225714,1358
69420,22225714,22228477,2763
69421,22228477,22229363,886
69422,22229363,22230711,1348
69423,22230711,22233472,2761
69424,22233472,22234358,886
69425,22234358,22235706,1348
69426,22235706,22238467,2761
69427,22239354,22240713,1359
69428,22240713,22243476,2763
69429,22243476,22244377,901
69430,22244377,22245736,1359
69431,22245736,22248502,2766
69432,22248502,22249388,886
69433,22250722,22254769,4047
69434,22262391,22263549,1158
69435,22263549,22264450,901
69436,22264450,22265327,877
69437,22272126,22273747,1621
69438,22360545,22362166,1621
69439,22362166,22368179,6013
69440,22368179,22369800,1621
69441,22372640,22373007,367
69442,22373007,22376093,3086
69443,22376093,22377981,1888
69444,22377981,22378051,70
69445,22378051,22379273,1222
69446,22379273,22381161,1888
69447,22381161,22381231,70
69448,22387146,22387858,712
69449,22387858,22390170,2312
69450,22390170,22391026,856
69451,22391026,22392442,1416
69452,22392442,22393154,712
69453,22393154,22395466,2312
69454,22395466,22396322,856
69455,22406228,22410431,4203
69456,22410431,22412194,1763
69457,22412194,22413685,1491
69458,22413685,22414393,708
69459,22419739,22420616,877
69460,22420616,22421517,901
69461,22421517,22422675,1158
69462,22463276,22464600,1324
69463,22464600,22467483,2883
69464,22467483,22469004,1521
69465,22469004,22469695,691
69466,22469695,22471000,1305
69467,22471000,22471133,133
69468,22471133,22472068,935
69469,22484884,22487097,2213
69470,22487097,22488157,1060
69471,22488157,22488360,203
69472,22491248,22492640,1392
69473,22498658,22499060,402
69474,22500267,22501853,1586
69475,22501853,22505779,3926
69476,22516099,22519571,3472
69477,22567021,22567052,31
69478,22567052,22568572,1520
69479,22576492,22577631,1139
69480,22577631,22584973,7342
69481,22610445,22613516,3071
69482,22614281,22614397,116
69483,22617586,22617849,263
69484,22618015,22618100,85
69485,22619973,22621262,1289
69486,22621262,22623696,2434
69487,22623696,22626798,3102
69488,22628637,22631272,2635
69489,22631272,22631803,531
69490,22631803,22633088,1285
69491,22633088,22636526,3438
69492,22636526,22637650,1124
69493,22637650,22638424,774
69494,22638424,22639296,872
69495,22640832,22642406,1574
69496,22642406,22642466,60
69497,22645098,22645597,499
69498,22645597,22645853,256
69499,22645853,22646553,700
69500,22646553,22647215,662
69501,22647215,22650739,3524
69502,22658645,22659766,1121
69503,22663514,22667392,3878
69504,22683116,22686675,3559
69505,22689692,22690575,883
69506,22695453,22699500,4047
69507,22703005,22703997,992
69508,22704576,22708684,4108
69509,22722060,22722927,867
69510,22722927,22725263,2336
69511,22725263,22726031,768
69512,22736593,22737026,433
69513,22741130,22745576,4446
69514,22745576,22745795,219
69515,22745795,22746364,569
69516,22746364,22749488,3124
69517,22749488,22755256,5768
69518,22757953,22759114,1161
69519,22762794,22763923,1129
69520,22763940,22765242,1302
69521,22765242,22766351,1109
69522,22777629,22777734,105
69523,22777734,22778618,884
69524,22778618,22779009,391
69525,22779781,22781245,1464
69526,22781245,22785813,4568
69527,22785813,22788329,2516
69528,22788329,22790620,2291
69529,22790620,22792200,1580
69530,22816507,22817651,1144
69531,22817651,22818027,376
69532,22818027,22819152,1125
69533,22819152,22820253,1101
69534,22820522,22820770,248
69535,22829793,22831129,1336
69536,22838202,22840392,2190
69537,22857573,22859895,2322
69538,22859895,22860627,732
69539,22860627,22868278,7651
69540,22868278,22868342,64
69541,22873350,22875799,2449
69542,22875799,22877667,1868
69543,22877667,22878306,639
69544,22878306,22882734,4428
69545,22882734,22885286,2552
69546,22886660,22891687,5027
69547,22891687,22895906,4219
69548,22899122,22899327,205
69549,22904866,22907893,3027
69550,22907893,22908932,1039
69551,22908932,22909188,256
69552,22912577,22913080,503
69553,22913080,22914709,1629
69554,22914709,22915205,496
69555,22923555,22924629,1074
69556,22924629,22924734,105
69557,22928300,22934136,5836
69558,22934136,22939204,5068
69559,22949451,22949618,167
69560,22949618,22954041,4423
69561,22954041,22958440,4399
69562,22960490,22961698,1208
69563,22961698,22962760,1062
69564,22971918,22973601,1683
69565,22973601,22977336,3735
69566,22987256,22987759,503
69567,22987759,22989582,1823
69568,23004036,23004856,820
69569,23012998,23020060,7062
69570,23020060,23028029,7969
69571,23041016,23041853,837
69572,23041853,23042805,952
69573,23042805,23046023,3218
69574,23061987,23064707,2720
69575,23068647,23069286,639
69576,23073960,23076173,2213
69577,23077520,23077548,28
69578,23077548,23081523,3975
69579,23084838,23085452,614
69580,23085452,23085543,91
69581,23099941,23102116,2175
69582,23110648,23111843,1195
69583,23111843,23112494,651
69584,23112494,23114189,1695
69585,23114189,23115321,1132
69586,23115321,23116534,1213
69587,23116534,23117728,1194
69588,23117728,23118379,651
69589,23118379,23120077,1698
69590,23120077,23121209,1132
69591,23121209,23122423,1214
69592,23122423,23123617,1194
69593,23123617,23124268,651
69594,23124268,23125963,1695
69595,23125963,23127095,1132
69596,23127095,23128308,1213
69597,23128308,23129502,1194
69598,23129502,23130153,651
69599,23130153,23131848,1695
69600,23131848,23132980,1132
69601,23132980,23134193,1213
69602,23134193,23135387,1194
69603,23135387,23136038,651
69604,23136038,23137733,1695
69605,23137733,23138865,1132
69606,23138865,23140078,1213
69607,23140078,23141272,1194
69608,23141272,23141923,651
69609,23141923,23143621,1698
69610,23143621,23144753,1132
69611,23144753,23145966,1213
69612,23145966,23147160,1194
69613,23147160,23147811,651
69614,23149493,23150625,1132
69615,23150990,23153795,2805
69616,23153795,23154582,787
69617,23173934,23175578,1644
69618,23175578,23182902,7324
69619,23187298,23187554,256
69620,23187554,23191393,3839
69621,23194973,23195674,701
69622,23197009,23200146,3137
69623,23200146,23200155,9
69624,23200155,23201967,1812
69625,23201967,23203823,1856
69626,23203823,23212350,8527
69627,23212350,23212631,281
69628,23217365,23223952,6587
69629,23239996,23240948,952
69630,23246163,23249548,3385
69631,23249548,23252933,3385
69632,23267264,23268877,1613
69633,23268877,23269472,595
69634,23269472,23270873,1401
69635,23270873,23274605,3732
69636,23281513,23281786,273
69637,23281786,23284648,2862
69638,23293896,23298498,4602
69639,23298498,23301848,3350
69640,23301848,23306450,4602
69641,23314697,23316619,1922
69642,23330459,23330984,525
69643,23330984,23336796,5812
69644,23359578,23364747,5169
69645,23364747,23367748,3001
69646,23367748,23372025,4277
69647,23375337,23380114,4777
69648,23383111,23387314,4203
69649,23392605,23395036,2431
69650,23395036,23395596,560
69651,23395596,23406629,11033
69652,23406629,23411958,5329
69653,23411958,23417060,5102
69654,23418548,23423132,4584
69655,23427845,23433162,5317
69656,23433162,23433443,281
69657,23434904,23436837,1933
69658,23436837,23437064,227
69659,23444381,23445626,1245
69660,23449589,23449689,100
69661,23455491,23455772,281
69662,23460781,23468284,7503
69663,23468284,23472178,3894
69664,23478270,23478346,76
69665,23478346,23480562,2216
69666,23480562,23480986,424
69667,23480986,23483266,2280
69668,23487439,23489870,2431
69669,23497492,23503137,5645
69670,23507239,23507295,56
69671,23507295,23507383,88
69672,23507383,23507526,143
69673,23507526,23507630,104
69674,23507630,23507704,74
69675,23516928,23517004,76
69676,23517004,23519220,2216
69677,23519220,23519644,424
69678,23519644,23521924,2280
69679,23521924,23524913,2989
69680,23526386,23531163,4777
69681,23540384,23541122,738
69682,23541122,23542271,1149
