,startIdx,endIdx,length
0,269,432,163
1,432,489,57
2,489,498,9
3,498,592,94
4,592,647,55
5,647,671,24
6,671,795,124
7,795,834,39
8,834,837,3
9,837,878,41
10,1330,1380,50
11,1380,1504,124
12,1504,1673,169
13,1673,1776,103
14,1776,1780,4
15,1780,1994,214
16,1994,2009,15
17,2009,2045,36
18,2045,2068,23
19,2068,2154,86
20,2154,2210,56
21,2210,2214,4
22,2214,2217,3
23,2217,2258,41
24,2258,2291,33
25,2291,2305,14
26,2305,2349,44
27,2349,2353,4
28,2353,2364,11
29,2364,2384,20
30,2384,2464,80
31,2464,2538,74
32,2538,2788,250
33,2788,2807,19
34,2807,2827,20
35,2827,2960,133
36,2960,3017,57
37,3017,3187,170
38,3187,3554,367
39,3554,3623,69
40,3623,3684,61
41,3684,3696,12
42,3696,4097,401
43,4097,4424,327
44,4424,4682,258
45,4682,5014,332
46,5014,5028,14
47,5028,5094,66
48,5094,5196,102
49,5196,5462,266
50,5462,5642,180
51,6548,6600,52
52,6600,7034,434
53,7034,7100,66
54,7100,7307,207
55,7307,7493,186
56,7493,7583,90
57,7583,7679,96
58,7679,7724,45
59,7724,7761,37
60,7761,7942,181
61,7942,7970,28
62,7970,8033,63
63,8033,8131,98
64,8131,8278,147
65,8278,8304,26
66,8304,8377,73
67,8377,8447,70
68,8447,8493,46
69,8493,8561,68
70,8561,8592,31
71,8592,8649,57
72,8649,8962,313
73,8962,9013,51
74,9013,9356,343
75,9356,9362,6
76,9362,9418,56
77,9418,9513,95
78,9513,9516,3
79,9516,9559,43
80,9559,9591,32
81,9591,9611,20
82,9611,9619,8
83,9619,9623,4
84,9623,9637,14
85,9637,9657,20
86,9657,9772,115
87,9772,9813,41
88,9813,9969,156
89,9969,10040,71
90,10040,10090,50
91,10090,10110,20
92,10110,10128,18
93,10128,10243,115
94,10243,10303,60
95,10303,10359,56
96,10359,10473,114
97,10473,10564,91
98,10564,10868,304
99,10868,10996,128
100,10996,11119,123
101,11119,11384,265
102,11384,11567,183
103,11945,11975,30
104,11975,12045,70
105,12045,12147,102
106,12147,12164,17
107,12164,12191,27
108,12191,12200,9
109,12200,12209,9
110,12209,12285,76
111,12285,12315,30
112,12315,12385,70
113,12385,12424,39
114,12424,12451,27
115,12451,12460,9
116,12460,12469,9
117,12469,12528,59
118,12528,12544,16
119,12544,12592,48
120,12592,12607,15
121,12607,12632,25
122,12632,12690,58
123,12690,12704,14
124,12704,12762,58
125,12762,12787,25
126,12787,12860,73
127,12860,12954,94
128,12954,12959,5
129,12959,12988,29
130,12988,13225,237
131,13225,13267,42
132,13267,13300,33
133,13300,13636,336
134,13636,13663,27
135,13663,13802,139
136,13802,13865,63
137,13865,13881,16
138,13881,14027,146
139,14027,14096,69
140,14096,14323,227
141,14323,14332,9
142,14332,14335,3
143,14335,14399,64
144,14399,14425,26
145,14425,14620,195
146,14620,14640,20
147,14640,14690,50
148,14690,14764,74
149,14764,14825,61
150,14825,14843,18
151,14843,14847,4
152,14847,14858,11
153,14858,14953,95
154,14953,14959,6
155,14959,15014,55
156,15014,15080,66
157,15080,15166,86
158,15166,15180,14
159,15180,15353,173
160,15353,15473,120
161,15473,15546,73
162,15546,15553,7
163,15553,15582,29
164,15582,15592,10
165,15592,15624,32
166,15624,15658,34
167,15658,15731,73
168,15731,15833,102
169,15833,15865,32
170,15865,15913,48
171,15913,15991,78
172,15991,16054,63
173,16054,16108,54
174,16108,16189,81
175,16189,16260,71
176,16260,16402,142
177,16402,16444,42
178,16444,17224,780
179,17224,17281,57
180,17281,17284,3
181,17284,17287,3
182,17287,17514,227
183,17514,17613,99
184,17613,17617,4
185,17617,17745,128
186,17745,17941,196
187,17941,18116,175
188,18116,18538,422
189,18538,18603,65
190,18603,18697,94
191,18697,18773,76
192,18773,18808,35
193,18808,18854,46
194,18854,18921,67
195,18921,19018,97
196,19018,19087,69
197,19087,19289,202
198,19289,19303,14
199,19303,19367,64
200,19367,19459,92
201,19459,19469,10
202,19469,19561,92
203,19561,19579,18
204,19579,19646,67
205,19646,19749,103
206,19749,19768,19
207,19768,19858,90
208,19858,19946,88
209,19946,20023,77
210,20023,20067,44
211,20067,20093,26
212,20093,20157,64
213,20157,20162,5
214,20162,20343,181
215,20343,20383,40
216,20383,20431,48
217,20431,20498,67
218,20498,20654,156
219,20654,21106,452
220,21106,21164,58
221,21164,21241,77
222,21241,21280,39
223,21280,21286,6
224,21286,21353,67
225,21353,21361,8
226,21361,21370,9
227,21370,21420,50
228,21420,21544,124
229,21544,21674,130
230,21674,21680,6
231,21680,21851,171
232,21851,21879,28
233,21879,21905,26
234,21905,22145,240
235,22145,22197,52
236,22197,22231,34
237,22231,22264,33
238,22264,22299,35
239,22299,22303,4
240,22303,22356,53
241,22356,22419,63
242,22419,22574,155
243,22574,22759,185
244,22759,23006,247
245,23006,23092,86
246,23092,23122,30
247,23122,23192,70
248,23192,23294,102
249,23294,23311,17
250,23311,23338,27
251,23338,23347,9
252,23347,23356,9
253,23356,23432,76
254,23432,23462,30
255,23462,23532,70
256,23532,23571,39
257,23571,23598,27
258,23598,23607,9
259,23607,23616,9
260,23616,23675,59
261,23675,23691,16
262,23691,23739,48
263,23739,23754,15
264,23754,23779,25
265,23779,23837,58
266,23837,23851,14
267,23851,23909,58
268,23909,23934,25
269,23934,24007,73
270,24007,24101,94
271,24101,24106,5
272,24106,24135,29
273,24135,24372,237
274,24372,24414,42
275,24414,24447,33
276,24447,24783,336
277,24783,24810,27
278,24810,24949,139
279,24949,25012,63
280,25012,25028,16
281,25028,25174,146
282,25174,25243,69
283,25243,25470,227
284,25470,25479,9
285,25479,25482,3
286,25482,25546,64
287,25546,25572,26
288,25572,25767,195
289,25767,25787,20
290,25787,25837,50
291,25837,25911,74
292,25911,25972,61
293,25972,25990,18
294,25990,25994,4
295,25994,26005,11
296,26005,26100,95
297,26100,26106,6
298,26106,26161,55
299,26161,26227,66
300,26227,26313,86
301,26313,26327,14
302,26327,26500,173
303,26500,26620,120
304,26620,26693,73
305,26693,26700,7
306,26700,26729,29
307,26729,26739,10
308,26739,26771,32
309,26771,26805,34
310,26805,26878,73
311,26878,26980,102
312,26980,27012,32
313,27012,27053,41
314,27053,27120,67
315,27120,27283,163
316,27497,27560,63
317,27560,27614,54
318,27614,27695,81
319,27695,27766,71
320,27766,27908,142
321,27908,27950,42
322,27950,28730,780
323,28730,28787,57
324,28787,28790,3
325,28790,28793,3
326,28793,29020,227
327,29020,29119,99
328,29119,29123,4
329,29123,29251,128
330,29251,29447,196
331,29447,29622,175
332,29622,30044,422
333,30044,30109,65
334,30109,30203,94
335,30203,30279,76
336,30279,30314,35
337,30314,30360,46
338,30360,30427,67
339,30427,30524,97
340,30524,30593,69
341,30593,30795,202
342,30795,30809,14
343,30809,30873,64
344,30873,30965,92
345,30965,30975,10
346,30975,31067,92
347,31067,31085,18
348,31085,31152,67
349,31152,31255,103
350,31255,31274,19
351,31274,31364,90
352,31364,31452,88
353,31452,31529,77
354,31529,31573,44
355,31573,31599,26
356,31599,31663,64
357,31663,31668,5
358,31668,31849,181
359,31849,31889,40
360,31889,31937,48
361,31937,32004,67
362,32004,32160,156
363,32160,32612,452
364,32612,32670,58
365,32670,32747,77
366,32747,32786,39
367,32786,32792,6
368,32792,32859,67
369,32859,32867,8
370,32867,32876,9
371,32876,32926,50
372,32926,33050,124
373,33050,33180,130
374,33180,33186,6
375,33186,33357,171
376,33357,33385,28
377,33385,33411,26
378,33411,33651,240
379,33651,33703,52
380,33703,33737,34
381,33737,33770,33
382,33770,33805,35
383,33805,33809,4
384,33809,33862,53
385,33862,33925,63
386,33925,34080,155
387,34080,34265,185
388,34265,34512,247
389,34512,34598,86
390,34598,34628,30
391,34628,34698,70
392,34698,34800,102
393,34800,34817,17
394,34817,34844,27
395,34844,34853,9
396,34853,34862,9
397,34862,34938,76
398,34938,34968,30
399,34968,35038,70
400,35038,35077,39
401,35077,35104,27
402,35104,35113,9
403,35113,35122,9
404,35122,35181,59
405,35181,35197,16
406,35197,35245,48
407,35245,35260,15
408,35260,35285,25
409,35285,35343,58
410,35343,35357,14
411,35357,35415,58
412,35415,35440,25
413,35440,35513,73
414,35513,35607,94
415,35607,35612,5
416,35612,35641,29
417,35641,35878,237
418,35878,35920,42
419,35920,35953,33
420,35953,36289,336
421,36289,36316,27
422,36316,36455,139
423,36455,36518,63
424,36518,36534,16
425,36534,36680,146
426,36680,36749,69
427,36749,36976,227
428,36976,36985,9
429,36985,36988,3
430,36988,37052,64
431,37052,37078,26
432,37078,37273,195
433,37273,37293,20
434,37293,37343,50
435,37343,37417,74
436,37417,37478,61
437,37478,37496,18
438,37496,37500,4
439,37500,37511,11
440,37511,37606,95
441,37606,37612,6
442,37612,37667,55
443,37667,37733,66
444,37733,37819,86
445,37819,37833,14
446,37833,38006,173
447,38006,38126,120
448,38126,38199,73
449,38199,38206,7
450,38206,38235,29
451,38235,38245,10
452,38245,38277,32
453,38277,38311,34
454,38311,38384,73
455,38384,38486,102
456,38486,38518,32
457,38518,38559,41
458,38559,38626,67
459,38626,38789,163
460,39010,39042,32
461,39042,39090,48
462,39090,39168,78
463,39168,39231,63
464,39231,39285,54
465,39285,39366,81
466,39366,39437,71
467,39437,39579,142
468,39579,39621,42
469,39621,40401,780
470,40401,40458,57
471,40458,40461,3
472,40461,40464,3
473,40464,40691,227
474,40691,40790,99
475,40790,40794,4
476,40794,40922,128
477,40922,41118,196
478,41118,41293,175
479,41293,41715,422
480,41715,41780,65
481,41780,41874,94
482,41874,41950,76
483,41950,41985,35
484,41985,42031,46
485,42031,42098,67
486,42098,42195,97
487,42195,42264,69
488,42264,42466,202
489,42466,42480,14
490,42480,42544,64
491,42544,42636,92
492,42636,42646,10
493,42646,42738,92
494,42738,42756,18
495,42756,42823,67
496,42823,42926,103
497,42926,42945,19
498,42945,43035,90
499,43035,43123,88
500,43123,43200,77
501,43200,43244,44
502,43244,43270,26
503,43270,43334,64
504,43334,43339,5
505,43339,43520,181
506,43520,43560,40
507,43560,43608,48
508,43608,43675,67
509,43675,43831,156
510,43831,44283,452
511,44283,44341,58
512,44341,44418,77
513,44418,44457,39
514,44457,44463,6
515,44463,44530,67
516,44530,44538,8
517,44538,44547,9
518,44547,44597,50
519,44597,44721,124
520,44721,44851,130
521,44851,44857,6
522,44857,45028,171
523,45028,45056,28
524,45056,45082,26
525,45082,45322,240
526,45322,45374,52
527,45374,45408,34
528,45408,45441,33
529,45441,45476,35
530,45476,45480,4
531,45480,45533,53
532,45533,45596,63
533,45596,45751,155
534,45751,45936,185
535,45936,46183,247
536,46183,46269,86
537,46269,46299,30
538,46299,46369,70
539,46369,46471,102
540,46471,46488,17
541,46488,46515,27
542,46515,46524,9
543,46524,46533,9
544,46533,46609,76
545,46609,46639,30
546,46639,46709,70
547,46709,46748,39
548,46748,46775,27
549,46775,46784,9
550,46784,46793,9
551,46793,46852,59
552,46852,46868,16
553,46868,46916,48
554,46916,46931,15
555,46931,46956,25
556,46956,47014,58
557,47014,47028,14
558,47028,47086,58
559,47086,47111,25
560,47111,47184,73
561,47184,47278,94
562,47278,47283,5
563,47283,47312,29
564,47312,47549,237
565,47549,47591,42
566,47591,47624,33
567,47624,47960,336
568,47960,47987,27
569,47987,48126,139
570,48126,48189,63
571,48189,48205,16
572,48205,48351,146
573,48351,48420,69
574,48420,48647,227
575,48647,48656,9
576,48656,48659,3
577,48659,48723,64
578,48723,48749,26
579,48749,48944,195
580,48944,48964,20
581,48964,49014,50
582,49014,49088,74
583,49088,49149,61
584,49149,49167,18
585,49167,49171,4
586,49171,49182,11
587,49182,49277,95
588,49277,49283,6
589,49283,49338,55
590,49338,49404,66
591,49404,49490,86
592,49490,49504,14
593,49504,49677,173
594,49677,49797,120
595,49797,49870,73
596,49870,49877,7
597,49877,49906,29
598,49906,49916,10
599,49916,49948,32
600,49948,49982,34
601,49982,50055,73
602,50055,50157,102
603,50157,50189,32
604,50189,50230,41
605,50230,50297,67
606,50297,50460,163
607,50854,51072,218
608,51072,51100,28
609,51100,51166,66
610,51166,51261,95
611,51261,51408,147
612,51408,51434,26
613,51434,51446,12
614,51446,51507,61
615,51507,51623,116
616,51623,51671,48
617,51671,51779,108
618,51984,52028,44
619,52028,52110,82
620,52333,52492,159
621,52622,52639,17
622,52692,52698,6
623,52698,52712,14
624,52724,52728,4
625,52728,52740,12
626,52740,52760,20
627,53038,53069,31
628,53069,53088,19
629,53475,53493,18
630,53493,53607,114
631,55158,55525,367
632,55525,55594,69
633,55594,55655,61
634,55655,55667,12
635,55667,56068,401
636,56068,56395,327
637,56395,56653,258
638,56653,56985,332
639,56985,56999,14
640,56999,57065,66
641,57065,57167,102
642,57167,57433,266
643,57433,57613,180
644,59334,59337,3
645,59577,59795,218
646,59795,59823,28
647,59823,59889,66
648,59889,59984,95
649,59984,60131,147
650,60131,60157,26
651,60157,60169,12
652,60169,60230,61
653,60230,60346,116
654,60346,60394,48
655,60394,60502,108
656,60707,60751,44
657,60751,60833,82
658,61056,61215,159
659,61467,61471,4
660,61471,61475,4
661,61475,61486,11
662,63104,63115,11
663,63148,63292,144
664,63292,63307,15
665,63855,63896,41
666,64052,64123,71
667,64123,64173,50
668,64173,64193,20
669,64193,64211,18
670,64211,64326,115
671,64326,64386,60
672,64386,64442,56
673,64442,64556,114
674,64951,65079,128
675,65079,65202,123
676,65202,65467,265
677,65467,65650,183
678,66617,66669,52
679,66669,67103,434
680,67103,67169,66
681,67169,67376,207
682,67376,67562,186
683,67562,67652,90
684,67652,67748,96
685,67748,67793,45
686,67793,67830,37
687,67830,68011,181
688,68011,68039,28
689,68039,68102,63
690,68102,68200,98
691,68200,68347,147
692,68347,68373,26
693,68373,68446,73
694,68446,68516,70
695,68516,68562,46
696,68562,68630,68
697,68630,68661,31
698,68661,68718,57
699,68718,69031,313
700,69031,69082,51
701,69082,69425,343
702,69425,69431,6
703,69431,69487,56
704,69487,69582,95
705,69582,69585,3
706,69585,69628,43
707,69628,69660,32
708,69660,69680,20
709,69680,69688,8
710,69688,69692,4
711,69692,69706,14
712,69706,69726,20
713,69726,69841,115
714,69841,69882,41
715,69882,70038,156
716,70038,70109,71
717,70109,70159,50
718,70159,70179,20
719,70179,70197,18
720,70197,70312,115
721,70312,70372,60
722,70372,70428,56
723,70428,70542,114
724,70542,70633,91
725,70633,70937,304
726,70937,71065,128
727,71065,71188,123
728,71188,71453,265
729,71453,71636,183
730,72706,72716,10
731,73918,74081,163
732,74081,74138,57
733,74138,74147,9
734,74147,74241,94
735,74241,74296,55
736,74296,74320,24
737,74320,74444,124
738,74444,74483,39
739,74483,74486,3
740,74486,74527,41
741,74979,75029,50
742,75029,75153,124
743,75153,75322,169
744,75322,75425,103
745,75425,75429,4
746,75429,75643,214
747,75643,75658,15
748,75658,75694,36
749,75694,75717,23
750,75717,75803,86
751,75803,75859,56
752,75859,75863,4
753,75863,75866,3
754,75866,75907,41
755,75907,75940,33
756,75940,75954,14
757,75954,75998,44
758,75998,76002,4
759,76002,76013,11
760,76013,76033,20
761,76033,76113,80
762,76113,76187,74
763,76187,76437,250
764,76437,76456,19
765,76456,76476,20
766,76476,76609,133
767,76609,76666,57
768,76666,76836,170
769,76836,77203,367
770,77203,77272,69
771,77272,77333,61
772,77333,77345,12
773,77345,77746,401
774,77746,78073,327
775,78073,78331,258
776,78331,78663,332
777,78663,78677,14
778,78677,78743,66
779,78743,78845,102
780,78845,79111,266
781,79111,79291,180
782,80314,80408,94
783,80408,80806,398
784,80806,80830,24
785,80830,80866,36
786,80866,81262,396
787,81262,81352,90
788,81352,81711,359
789,81711,81739,28
790,81739,81883,144
791,81883,81900,17
792,81900,81913,13
793,81913,81998,85
794,81998,82047,49
795,82047,82073,26
796,82073,82146,73
797,82262,82310,48
798,82310,82330,20
799,82330,82361,31
800,82361,82418,57
801,82731,82749,18
802,82912,83026,114
803,83026,83131,105
804,83131,83151,20
805,83151,83188,37
806,83335,83367,32
807,83367,83381,14
808,83381,83413,32
809,83413,83417,4
810,83417,83428,11
811,83604,83834,230
812,83834,83884,50
813,83904,84037,133
814,84037,84095,58
815,84238,84316,78
816,84316,84730,414
817,84853,84958,105
818,84958,85222,264
819,85692,85873,181
820,86642,86736,94
821,86736,87134,398
822,87134,87158,24
823,87158,87194,36
824,87194,87590,396
825,87590,87680,90
826,87680,88039,359
827,88039,88067,28
828,88067,88211,144
829,88211,88228,17
830,88228,88241,13
831,88241,88326,85
832,88326,88375,49
833,88375,88401,26
834,88401,88474,73
835,88590,88638,48
836,88638,88658,20
837,88658,88689,31
838,88689,88746,57
839,89059,89077,18
840,89240,89354,114
841,89354,89459,105
842,89459,89479,20
843,89479,89516,37
844,89663,89695,32
845,89695,89709,14
846,89709,89741,32
847,89741,89745,4
848,89745,89756,11
849,89932,90162,230
850,90162,90212,50
851,90232,90365,133
852,90365,90423,58
853,90566,90644,78
854,90644,91058,414
855,91058,91163,105
856,91163,91427,264
857,91427,91608,181
858,91946,92007,61
859,92123,92171,48
860,93124,93141,17
861,93221,93227,6
862,93227,93241,14
863,93257,93269,12
864,93269,93289,20
865,93567,93598,31
866,93598,93617,19
867,94004,94022,18
868,94022,94136,114
869,94863,94874,11
870,94907,95051,144
871,95051,95066,15
872,95809,95993,184
873,96748,96794,46
874,96979,97240,261
875,97240,97491,251
876,97491,97720,229
877,97720,97861,141
878,97861,97867,6
879,97867,98107,240
880,98107,98173,66
881,98173,98268,95
882,98268,98281,13
883,98281,98327,46
884,98327,98415,88
885,98415,98514,99
886,98514,98530,16
887,98530,98542,12
888,98542,98584,42
889,98584,98630,46
890,98630,98698,68
891,98698,98786,88
892,98786,98991,205
893,98991,99099,108
894,99099,99117,18
895,99117,99337,220
896,99337,99427,90
897,99427,99502,75
898,99502,99665,163
899,99665,99669,4
900,99669,99716,47
901,99716,99747,31
902,99747,99777,30
903,99777,99798,21
904,99798,99833,35
905,99833,99958,125
906,99958,100229,271
907,100229,100260,31
908,100260,100279,19
909,100279,100299,20
910,100299,100344,45
911,100344,100489,145
912,100489,100645,156
913,100645,100749,104
914,100749,101140,391
915,101140,101192,52
916,101192,101247,55
917,101247,101259,12
918,101259,101378,119
919,101378,101639,261
920,101639,101823,184
921,102054,102107,53
922,102714,102760,46
923,102945,103206,261
924,103206,103457,251
925,103457,103686,229
926,103686,103827,141
927,103827,103833,6
928,103833,104073,240
929,104073,104139,66
930,104139,104234,95
931,104234,104247,13
932,104247,104293,46
933,104293,104381,88
934,104381,104480,99
935,104480,104496,16
936,104496,104508,12
937,104508,104550,42
938,104550,104596,46
939,104596,104664,68
940,104664,104752,88
941,104752,104957,205
942,104957,105065,108
943,105065,105083,18
944,105083,105303,220
945,105303,105393,90
946,105393,105468,75
947,105468,105631,163
948,105631,105635,4
949,105635,105682,47
950,105682,105713,31
951,105713,105743,30
952,105743,105764,21
953,105764,105799,35
954,105799,105924,125
955,105924,106195,271
956,106195,106226,31
957,106226,106245,19
958,106245,106265,20
959,106265,106310,45
960,106310,106455,145
961,106455,106611,156
962,106611,106715,104
963,106715,107106,391
964,107106,107158,52
965,107158,107213,55
966,107213,107225,12
967,107225,107344,119
968,107344,107605,261
969,107605,107789,184
970,108218,108236,18
971,108466,108580,114
972,109117,109240,123
973,110531,110548,17
974,110548,110561,13
975,110794,110810,16
976,110958,110978,20
977,111971,112003,32
978,112047,112050,3
979,112059,112063,4
980,115729,115743,14
981,116700,116753,53
982,117361,117407,46
983,117592,117853,261
984,117853,118104,251
985,118333,118474,141
986,118474,118480,6
987,118720,118786,66
988,118786,118881,95
989,118881,118894,13
990,118894,118940,46
991,118940,119028,88
992,119028,119127,99
993,119127,119143,16
994,119143,119155,12
995,119155,119197,42
996,119197,119243,46
997,119243,119311,68
998,119311,119399,88
999,119604,119712,108
1000,119712,119730,18
1001,119950,120040,90
1002,120040,120115,75
1003,120115,120278,163
1004,120278,120282,4
1005,120282,120329,47
1006,120329,120360,31
1007,120360,120390,30
1008,120390,120411,21
1009,120411,120446,35
1010,120446,120571,125
1011,120571,120842,271
1012,120842,120873,31
1013,120873,120892,19
1014,120892,120912,20
1015,120912,120957,45
1016,120957,121102,145
1017,121258,121362,104
1018,121362,121753,391
1019,121753,121805,52
1020,121805,121860,55
1021,121860,121872,12
1022,121872,121991,119
1023,122256,122440,184
1024,122618,122628,10
1025,122628,122632,4
1026,123226,123231,5
1027,123776,123780,4
1028,125158,125162,4
1029,126079,126087,8
1030,126268,126275,7
1031,127406,127415,9
1032,127453,127460,7
1033,128168,128173,5
1034,128669,128677,8
1035,128677,128680,3
1036,129113,129121,8
1037,129860,129865,5
1038,130322,130328,6
1039,131838,131844,6
1040,132922,132927,5
1041,133136,133142,6
1042,133142,133148,6
1043,133589,133598,9
1044,133698,133707,9
1045,134457,134460,3
1046,135084,135090,6
1047,135268,135280,12
1048,136085,136091,6
1049,136314,136318,4
1050,137055,137061,6
1051,137061,137067,6
1052,137408,137416,8
1053,137710,137719,9
1054,139503,139510,7
1055,139603,139611,8
1056,139768,139774,6
1057,139859,139869,10
1058,140050,140053,3
1059,140093,140101,8
1060,140615,140619,4
1061,141561,141567,6
1062,141899,141907,8
1063,141907,141910,3
1064,142906,142919,13
1065,143113,143121,8
1066,143173,143178,5
1067,143178,143182,4
1068,143182,143187,5
1069,143276,143284,8
1070,143720,143726,6
1071,144202,144205,3
1072,144941,144950,9
1073,145059,145062,3
1074,145258,145266,8
1075,145900,145903,3
1076,146059,146063,4
1077,146189,146193,4
1078,146935,146941,6
1079,146941,146950,9
1080,148119,148122,3
1081,148259,148263,4
1082,148682,148685,3
1083,148752,148759,7
1084,148954,148961,7
1085,149100,149106,6
1086,150103,150135,32
1087,150135,150148,13
1088,150616,150624,8
1089,150667,150674,7
1090,151193,151200,7
1091,151460,151466,6
1092,152295,152301,6
1093,152712,152717,5
1094,153357,153368,11
1095,154467,154472,5
1096,154995,155001,6
1097,155549,155577,28
1098,155885,155892,7
1099,156562,156567,5
1100,157120,157123,3
1101,157483,157488,5
1102,157591,157595,4
1103,158185,158201,16
1104,158557,158563,6
1105,158796,158800,4
1106,158800,158806,6
1107,158806,158812,6
1108,158812,158818,6
1109,159000,159008,8
1110,160527,160555,28
1111,160555,160562,7
1112,160562,160570,8
1113,160629,160639,10
1114,160639,160646,7
1115,160888,160904,16
1116,160904,160985,81
1117,160985,161030,45
1118,161030,161051,21
1119,161051,161059,8
1120,161059,161082,23
1121,161082,161133,51
1122,161133,161138,5
1123,161138,161166,28
1124,161166,161227,61
1125,161227,161407,180
1126,162088,162176,88
1127,162176,162244,68
1128,162244,162257,13
1129,162257,162287,30
1130,162287,162298,11
1131,162298,162521,223
1132,162521,162551,30
1133,162551,162602,51
1134,162602,162610,8
1135,162610,162790,180
1136,162790,162809,19
1137,162809,162824,15
1138,162824,162869,45
1139,162869,162999,130
1140,162999,163028,29
1141,163028,163049,21
1142,163049,163105,56
1143,163105,163154,49
1144,163154,163160,6
1145,163160,163262,102
1146,163262,163339,77
1147,163355,163423,68
1148,163423,163453,30
1149,163453,163461,8
1150,163461,163638,177
1151,163638,163660,22
1152,163660,163676,16
1153,163676,163684,8
1154,163684,163699,15
1155,163699,163720,21
1156,163720,163745,25
1157,163745,163796,51
1158,163796,163808,12
1159,163808,163829,21
1160,163829,163843,14
1161,163843,163853,10
1162,163853,163964,111
1163,163964,163967,3
1164,163967,164040,73
1165,164040,164050,10
1166,164050,164098,48
1167,164098,164158,60
1168,164158,164234,76
1169,164234,164259,25
1170,164259,164371,112
1171,164371,164410,39
1172,164410,164527,117
1173,164527,164558,31
1174,164558,164619,61
1175,164619,164678,59
1176,164678,164715,37
1177,164715,164795,80
1178,164795,164833,38
1179,164833,164860,27
1180,164860,164864,4
1181,164864,165131,267
1182,165131,165152,21
1183,165152,165185,33
1184,165185,165293,108
1185,165293,165315,22
1186,165315,165356,41
1187,165356,165359,3
1188,165359,165385,26
1189,165385,165396,11
1190,165396,165514,118
1191,165514,165581,67
1192,165581,165594,13
1193,165594,165650,56
1194,165650,165658,8
1195,165658,165701,43
1196,165806,165859,53
1197,165859,165870,11
1198,165870,165938,68
1199,165938,165944,6
1200,165944,165947,3
1201,165947,165986,39
1202,165986,166004,18
1203,166004,166037,33
1204,166037,166073,36
1205,166073,166177,104
1206,166177,166201,24
1207,166201,166246,45
1208,166246,166250,4
1209,166250,166424,174
1210,166424,166432,8
1211,166432,166514,82
1212,166514,166519,5
1213,166519,166567,48
1214,166567,166571,4
1215,166571,166673,102
1216,166673,166687,14
1217,166687,166706,19
1218,166706,166853,147
1219,166853,166910,57
1220,166910,167002,92
1221,167002,167012,10
1222,167012,167058,46
1223,167058,167108,50
1224,167108,167142,34
1225,167142,167167,25
1226,167167,167656,489
1227,167656,167672,16
1228,167672,167753,81
1229,167753,167798,45
1230,167798,167819,21
1231,167819,167827,8
1232,167827,167850,23
1233,167850,167901,51
1234,167901,167906,5
1235,167906,167934,28
1236,168156,168162,6
1237,168162,168178,16
1238,168430,168446,16
1239,169919,169928,9
1240,169928,169931,3
1241,170340,170344,4
1242,170921,170927,6
1243,170927,170937,10
1244,171291,171390,99
1245,171390,171425,35
1246,171425,171437,12
1247,171437,171442,5
1248,171442,171505,63
1249,171505,171511,6
1250,171511,171597,86
1251,171597,171666,69
1252,171666,171899,233
1253,171899,171966,67
1254,171966,172015,49
1255,172072,172171,99
1256,172171,172206,35
1257,172206,172218,12
1258,172218,172223,5
1259,172223,172286,63
1260,172286,172292,6
1261,172292,172378,86
1262,172378,172447,69
1263,172447,172680,233
1264,172680,172747,67
1265,172747,172796,49
1266,172861,172866,5
1267,173282,173286,4
1268,173530,173535,5
1269,173854,173861,7
1270,174048,174057,9
1271,174466,174469,3
1272,175680,175691,11
1273,175707,175713,6
1274,176017,176021,4
1275,176430,176439,9
1276,179054,179060,6
1277,179060,179063,3
1278,179063,179066,3
1279,179066,179069,3
1280,179069,179072,3
1281,179072,179081,9
1282,181517,181526,9
1283,182618,182623,5
1284,182700,182704,4
1285,185403,185408,5
1286,186256,186261,5
1287,188026,188034,8
1288,188034,188043,9
1289,188742,188751,9
1290,189447,189456,9
1291,191167,191171,4
1292,191291,191299,8
1293,192880,192886,6
1294,192963,192968,5
1295,194490,194502,12
1296,195120,195127,7
1297,195127,195136,9
1298,195894,195902,8
1299,196304,196308,4
1300,196308,196315,7
1301,196838,196844,6
1302,197215,197219,4
1303,197306,197315,9
1304,197678,197685,7
1305,197836,197842,6
1306,197857,197860,3
1307,198682,198685,3
1308,199215,199221,6
1309,199628,199637,9
1310,199660,199664,4
1311,199846,199850,4
1312,199850,199854,4
1313,199854,199859,5
1314,199859,199863,4
1315,199863,199867,4
1316,199867,199872,5
1317,199872,199876,4
1318,199876,199880,4
1319,201433,201484,51
1320,201484,201487,3
1321,201487,201502,15
1322,201502,201508,6
1323,201508,201608,100
1324,201608,201759,151
1325,201759,201789,30
1326,201789,201839,50
1327,201839,201842,3
1328,201842,201863,21
1329,202087,202117,30
1330,202168,202171,3
1331,202171,202192,21
1332,202442,202472,30
1333,202472,202522,50
1334,202522,202546,24
1335,202546,202646,100
1336,202897,202903,6
1337,203235,203259,24
1338,203542,203593,51
1339,203593,203596,3
1340,203596,203611,15
1341,203611,203617,6
1342,203617,203717,100
1343,203717,203868,151
1344,203868,203898,30
1345,203898,203948,50
1346,203948,203951,3
1347,203951,203972,21
1348,204197,204227,30
1349,204227,204278,51
1350,204278,204281,3
1351,204281,204302,21
1352,204302,204402,100
1353,204402,204554,152
1354,204554,204584,30
1355,204584,204635,51
1356,204635,204638,3
1357,204638,204659,21
1358,204659,204758,99
1359,204758,204800,42
1360,204942,204993,51
1361,204993,204996,3
1362,204996,205017,21
1363,205017,205116,99
1364,205116,205158,42
1365,205366,205372,6
1366,205372,205411,39
1367,205411,205472,61
1368,205656,205706,50
1369,205706,205730,24
1370,205830,205982,152
1371,205982,206012,30
1372,206012,206063,51
1373,206063,206066,3
1374,206066,206087,21
1375,206087,206187,100
1376,206187,206339,152
1377,206339,206369,30
1378,206369,206420,51
1379,206420,206423,3
1380,206423,206444,21
1381,206444,206544,100
1382,206544,206696,152
1383,206696,206726,30
1384,206726,206777,51
1385,206777,206780,3
1386,206780,206801,21
1387,206801,206901,100
1388,206901,207053,152
1389,207053,207083,30
1390,207083,207134,51
1391,207134,207137,3
1392,207137,207158,21
1393,207158,207258,100
1394,207258,207410,152
1395,207410,207440,30
1396,207440,207491,51
1397,207491,207494,3
1398,207494,207515,21
1399,207515,207615,100
1400,207615,207767,152
1401,207767,207797,30
1402,207797,207848,51
1403,207848,207851,3
1404,207851,207872,21
1405,207872,207972,100
1406,207972,208124,152
1407,208124,208154,30
1408,208154,208205,51
1409,208205,208208,3
1410,208208,208229,21
1411,208229,208329,100
1412,208329,208481,152
1413,208481,208511,30
1414,208511,208562,51
1415,208562,208565,3
1416,208565,208586,21
1417,208586,208686,100
1418,208686,208838,152
1419,208838,208868,30
1420,208868,208919,51
1421,208919,208922,3
1422,208922,208943,21
1423,208943,209043,100
1424,209043,209195,152
1425,209195,209225,30
1426,209225,209276,51
1427,209276,209279,3
1428,209279,209300,21
1429,209300,209400,100
1430,209400,209552,152
1431,209552,209582,30
1432,209582,209633,51
1433,209633,209636,3
1434,209636,209657,21
1435,209657,209757,100
1436,209757,209909,152
1437,209909,209939,30
1438,209939,209990,51
1439,209990,209993,3
1440,209993,210014,21
1441,210014,210114,100
1442,210114,210266,152
1443,210266,210296,30
1444,210296,210347,51
1445,210347,210350,3
1446,210350,210371,21
1447,210371,210471,100
1448,210471,210623,152
1449,210623,210653,30
1450,210653,210704,51
1451,210704,210707,3
1452,210707,210728,21
1453,210728,210828,100
1454,210828,210980,152
1455,210980,211010,30
1456,211010,211061,51
1457,211061,211064,3
1458,211064,211085,21
1459,211085,211185,100
1460,211185,211337,152
1461,211337,211367,30
1462,211367,211418,51
1463,211418,211421,3
1464,211421,211442,21
1465,211442,211542,100
1466,211542,211694,152
1467,211694,211724,30
1468,211724,211775,51
1469,211775,211778,3
1470,211778,211799,21
1471,211799,211899,100
1472,211899,212051,152
1473,212051,212081,30
1474,212081,212132,51
1475,212132,212135,3
1476,212135,212156,21
1477,212156,212256,100
1478,212256,212408,152
1479,212408,212438,30
1480,212438,212489,51
1481,212489,212492,3
1482,212492,212513,21
1483,212513,212613,100
1484,212613,212765,152
1485,212765,212795,30
1486,212795,212846,51
1487,212846,212849,3
1488,212849,212870,21
1489,212870,212970,100
1490,212970,213122,152
1491,213122,213152,30
1492,213152,213203,51
1493,213203,213206,3
1494,213206,213227,21
1495,213227,213327,100
1496,213327,213479,152
1497,213479,213509,30
1498,213509,213560,51
1499,213560,213563,3
1500,213563,213584,21
1501,213584,213684,100
1502,213684,213836,152
1503,213836,213866,30
1504,213866,213917,51
1505,213917,213920,3
1506,213920,213941,21
1507,213941,214041,100
1508,214041,214193,152
1509,214193,214223,30
1510,214223,214274,51
1511,214274,214277,3
1512,214277,214298,21
1513,214298,214398,100
1514,214398,214550,152
1515,214550,214580,30
1516,214580,214631,51
1517,214631,214634,3
1518,214634,214655,21
1519,214655,214755,100
1520,214755,214907,152
1521,214907,214937,30
1522,214937,214988,51
1523,214988,214991,3
1524,214991,215012,21
1525,215012,215112,100
1526,215112,215264,152
1527,215264,215294,30
1528,215294,215345,51
1529,215345,215348,3
1530,215348,215369,21
1531,215369,215469,100
1532,215469,215621,152
1533,215621,215651,30
1534,215651,215702,51
1535,215702,215705,3
1536,215705,215726,21
1537,215726,215826,100
1538,215826,215978,152
1539,215978,216008,30
1540,216008,216059,51
1541,216059,216062,3
1542,216062,216083,21
1543,216083,216183,100
1544,216183,216335,152
1545,216335,216365,30
1546,216365,216416,51
1547,216416,216419,3
1548,216419,216440,21
1549,216440,216540,100
1550,216540,216692,152
1551,216692,216722,30
1552,216722,216773,51
1553,216773,216776,3
1554,216776,216797,21
1555,216797,216897,100
1556,216897,217049,152
1557,217049,217079,30
1558,217079,217130,51
1559,217130,217133,3
1560,217133,217154,21
1561,217154,217254,100
1562,217254,217406,152
1563,217406,217436,30
1564,217436,217487,51
1565,217487,217490,3
1566,217490,217511,21
1567,217511,217611,100
1568,217611,217763,152
1569,217763,217793,30
1570,217793,217844,51
1571,217844,217847,3
1572,217847,217868,21
1573,217868,217968,100
1574,217968,218120,152
1575,218120,218150,30
1576,218150,218201,51
1577,218201,218204,3
1578,218204,218225,21
1579,218225,218325,100
1580,218325,218477,152
1581,218477,218507,30
1582,218507,218558,51
1583,218558,218561,3
1584,218561,218582,21
1585,218582,218682,100
1586,218682,218834,152
1587,218834,218864,30
1588,218864,218915,51
1589,218915,218918,3
1590,218918,218939,21
1591,218939,219039,100
1592,219039,219191,152
1593,219191,219221,30
1594,219221,219272,51
1595,219272,219275,3
1596,219275,219296,21
1597,219296,219396,100
1598,219396,219548,152
1599,219548,219578,30
1600,219578,219629,51
1601,219629,219632,3
1602,219632,219653,21
1603,219653,219753,100
1604,219753,219905,152
1605,219905,219935,30
1606,219935,219986,51
1607,219986,219989,3
1608,219989,220010,21
1609,220010,220110,100
1610,220110,220262,152
1611,220262,220292,30
1612,220292,220343,51
1613,220343,220346,3
1614,220346,220367,21
1615,220367,220467,100
1616,220467,220619,152
1617,220619,220649,30
1618,220649,220700,51
1619,220700,220703,3
1620,220703,220724,21
1621,220724,220824,100
1622,220824,220976,152
1623,220976,221006,30
1624,221006,221057,51
1625,221057,221060,3
1626,221060,221081,21
1627,221081,221181,100
1628,221181,221333,152
1629,221333,221363,30
1630,221363,221414,51
1631,221414,221417,3
1632,221417,221438,21
1633,221438,221538,100
1634,221538,221690,152
1635,221690,221720,30
1636,221720,221771,51
1637,221771,221774,3
1638,221774,221795,21
1639,221795,221895,100
1640,221895,222047,152
1641,222047,222077,30
1642,222077,222128,51
1643,222128,222131,3
1644,222131,222152,21
1645,222152,222252,100
1646,222252,222404,152
1647,222404,222434,30
1648,222434,222485,51
1649,222485,222488,3
1650,222488,222509,21
1651,222509,222609,100
1652,222609,222761,152
1653,222761,222791,30
1654,222791,222842,51
1655,222842,222845,3
1656,222845,222866,21
1657,222866,222966,100
1658,222966,223118,152
1659,223118,223148,30
1660,223148,223199,51
1661,223199,223202,3
1662,223202,223223,21
1663,223223,223323,100
1664,223323,223475,152
1665,223475,223505,30
1666,223505,223556,51
1667,223556,223559,3
1668,223559,223580,21
1669,223580,223680,100
1670,223680,223832,152
1671,223832,223862,30
1672,223862,223913,51
1673,223913,223916,3
1674,223916,223937,21
1675,223937,224037,100
1676,224037,224189,152
1677,224189,224219,30
1678,224219,224270,51
1679,224270,224273,3
1680,224273,224294,21
1681,224294,224394,100
1682,224394,224546,152
1683,224546,224576,30
1684,224576,224627,51
1685,224627,224630,3
1686,224630,224651,21
1687,224651,224751,100
1688,224751,224903,152
1689,224903,224933,30
1690,224933,224984,51
1691,224984,224987,3
1692,224987,225008,21
1693,225008,225108,100
1694,225108,225260,152
1695,225260,225290,30
1696,225290,225341,51
1697,225341,225344,3
1698,225344,225365,21
1699,225365,225465,100
1700,225465,225617,152
1701,225617,225647,30
1702,225647,225698,51
1703,225698,225701,3
1704,225701,225722,21
1705,225722,225822,100
1706,225822,225974,152
1707,225974,226004,30
1708,226004,226055,51
1709,226055,226058,3
1710,226058,226079,21
1711,226079,226179,100
1712,226179,226331,152
1713,226331,226361,30
1714,226361,226412,51
1715,226412,226415,3
1716,226415,226436,21
1717,226436,226536,100
1718,226536,226688,152
1719,226688,226718,30
1720,226718,226769,51
1721,226769,226772,3
1722,226772,226793,21
1723,226793,226893,100
1724,226893,227045,152
1725,227045,227075,30
1726,227075,227126,51
1727,227126,227129,3
1728,227129,227150,21
1729,227150,227250,100
1730,227250,227402,152
1731,227402,227432,30
1732,227432,227483,51
1733,227483,227486,3
1734,227486,227507,21
1735,227507,227607,100
1736,227607,227759,152
1737,227759,227789,30
1738,227789,227840,51
1739,227840,227843,3
1740,227843,227864,21
1741,227864,227964,100
1742,227964,228116,152
1743,228116,228146,30
1744,228146,228197,51
1745,228197,228200,3
1746,228200,228221,21
1747,228221,228321,100
1748,228321,228473,152
1749,228473,228503,30
1750,228503,228554,51
1751,228554,228557,3
1752,228557,228578,21
1753,228578,228678,100
1754,228678,228830,152
1755,228830,228860,30
1756,228860,228911,51
1757,228911,228914,3
1758,228914,228935,21
1759,228935,229035,100
1760,229035,229187,152
1761,229187,229217,30
1762,229217,229268,51
1763,229268,229271,3
1764,229271,229292,21
1765,229292,229392,100
1766,229392,229544,152
1767,229544,229574,30
1768,229574,229625,51
1769,229625,229628,3
1770,229628,229649,21
1771,229649,229749,100
1772,229749,229901,152
1773,229901,229931,30
1774,229931,229982,51
1775,229982,229985,3
1776,229985,230006,21
1777,230006,230106,100
1778,230106,230258,152
1779,230258,230288,30
1780,230288,230339,51
1781,230339,230342,3
1782,230342,230363,21
1783,230363,230463,100
1784,230463,230615,152
1785,230615,230645,30
1786,230645,230696,51
1787,230696,230699,3
1788,230699,230720,21
1789,230720,230820,100
1790,230820,230972,152
1791,230972,231002,30
1792,231002,231053,51
1793,231053,231056,3
1794,231056,231077,21
1795,231077,231177,100
1796,231177,231329,152
1797,231329,231359,30
1798,231359,231410,51
1799,231410,231413,3
1800,231413,231434,21
1801,231434,231534,100
1802,231534,231686,152
1803,231686,231716,30
1804,231716,231767,51
1805,231767,231770,3
1806,231770,231791,21
1807,231791,231891,100
1808,231891,232043,152
1809,232043,232073,30
1810,232073,232124,51
1811,232124,232127,3
1812,232127,232148,21
1813,232148,232248,100
1814,232248,232400,152
1815,232400,232430,30
1816,232430,232481,51
1817,232481,232484,3
1818,232484,232505,21
1819,232505,232605,100
1820,232605,232757,152
1821,232757,232787,30
1822,232787,232838,51
1823,232838,232841,3
1824,232841,232862,21
1825,232862,232962,100
1826,232962,233114,152
1827,233114,233144,30
1828,233144,233195,51
1829,233195,233198,3
1830,233198,233219,21
1831,233219,233319,100
1832,233319,233471,152
1833,233471,233501,30
1834,233501,233552,51
1835,233552,233555,3
1836,233555,233576,21
1837,233576,233676,100
1838,233676,233828,152
1839,233828,233858,30
1840,233858,233909,51
1841,233909,233912,3
1842,233912,233933,21
1843,233933,234033,100
1844,234033,234185,152
1845,234185,234215,30
1846,234215,234266,51
1847,234266,234269,3
1848,234269,234290,21
1849,234290,234390,100
1850,234390,234542,152
1851,234542,234572,30
1852,234572,234623,51
1853,234623,234626,3
1854,234626,234647,21
1855,234647,234747,100
1856,234747,234899,152
1857,234899,234929,30
1858,234929,234980,51
1859,234980,234983,3
1860,234983,235004,21
1861,235004,235104,100
1862,235104,235256,152
1863,235256,235286,30
1864,235286,235337,51
1865,235337,235340,3
1866,235340,235361,21
1867,235361,235461,100
1868,235461,235613,152
1869,235613,235643,30
1870,235643,235694,51
1871,235694,235697,3
1872,235697,235718,21
1873,235718,235818,100
1874,235818,235970,152
1875,235970,236000,30
1876,236000,236051,51
1877,236051,236054,3
1878,236054,236075,21
1879,236075,236175,100
1880,236175,236327,152
1881,236327,236357,30
1882,236357,236408,51
1883,236408,236411,3
1884,236411,236432,21
1885,236432,236532,100
1886,236532,236684,152
1887,236684,236714,30
1888,236714,236765,51
1889,236765,236768,3
1890,236768,236789,21
1891,236789,236889,100
1892,236889,237041,152
1893,237041,237071,30
1894,237071,237122,51
1895,237122,237125,3
1896,237125,237146,21
1897,237146,237246,100
1898,237246,237398,152
1899,237398,237428,30
1900,237428,237479,51
1901,237479,237482,3
1902,237482,237503,21
1903,237503,237603,100
1904,237644,237786,142
1905,237786,237854,68
1906,237854,237860,6
1907,237860,237899,39
1908,237899,237960,61
1909,237960,238144,184
1910,238144,238212,68
1911,238212,238218,6
1912,238218,238318,100
1913,238318,238536,218
1914,238536,238560,24
1915,238560,238660,100
1916,238660,238842,182
1917,238842,238892,50
1918,238892,238916,24
1919,238916,239016,100
1920,239151,239219,68
1921,239219,239225,6
1922,239225,239264,39
1923,239264,239325,61
1924,239325,239509,184
1925,239509,239559,50
1926,239559,239583,24
1927,239583,239683,100
1928,239835,239865,30
1929,239865,239916,51
1930,239916,239919,3
1931,239919,239942,23
1932,239942,240042,100
1933,240042,240084,42
1934,240226,240294,68
1935,240294,240300,6
1936,240300,240339,39
1937,240339,240400,61
1938,240400,240584,184
1939,240584,240634,50
1940,240634,240658,24
1941,240658,240758,100
1942,240910,240940,30
1943,240940,240991,51
1944,240991,240994,3
1945,240994,241017,23
1946,241017,241117,100
1947,241117,241159,42
1948,241159,241301,142
1949,241301,241369,68
1950,241369,241375,6
1951,241375,241414,39
1952,241414,241475,61
1953,241475,241659,184
1954,241659,241727,68
1955,241727,241733,6
1956,241733,241833,100
1957,241833,242051,218
1958,242051,242075,24
1959,242075,242175,100
1960,242175,242357,182
1961,242357,242407,50
1962,242407,242431,24
1963,242431,242531,100
1964,242713,242764,51
1965,242764,242788,24
1966,242788,242888,100
1967,243070,243120,50
1968,243120,243144,24
1969,243144,243244,100
1970,243387,243417,30
1971,243417,243468,51
1972,243468,243492,24
1973,244145,244148,3
1974,245124,245130,6
1975,245367,245374,7
1976,245474,245483,9
1977,245509,245513,4
1978,247095,247104,9
1979,247212,247218,6
1980,247749,247753,4
1981,247996,248000,4
1982,248765,248773,8
1983,248773,248777,4
1984,249272,249278,6
1985,250386,250395,9
1986,250450,250455,5
1987,251470,251479,9
1988,251617,251623,6
1989,251883,251891,8
1990,252099,252108,9
1991,252584,252594,10
1992,252834,252838,4
1993,252973,252982,9
1994,253023,253027,4
1995,253118,253124,6
1996,253282,253285,3
1997,253285,253292,7
1998,255532,255536,4
1999,256028,256032,4
2000,256413,256419,6
2001,256927,256932,5
2002,257350,257356,6
2003,258558,258564,6
2004,258864,258874,10
2005,258874,258877,3
2006,259752,259755,3
2007,259853,259858,5
2008,261094,261101,7
2009,261101,261108,7
2010,261377,261385,8
2011,261776,261783,7
2012,261792,261799,7
2013,261820,261825,5
2014,261890,261895,5
2015,262059,262062,3
2016,262877,262884,7
2017,264343,264352,9
2018,265407,265413,6
2019,265519,265525,6
2020,266209,266213,4
2021,266340,266343,3
2022,266343,266349,6
2023,266484,266490,6
2024,266913,266923,10
2025,267202,267209,7
2026,267815,267818,3
2027,267915,267920,5
2028,267920,267924,4
2029,268946,268954,8
2030,269807,269815,8
2031,270533,270540,7
2032,271068,271072,4
2033,271532,271540,8
2034,271559,271566,7
2035,272687,272699,12
2036,272787,272790,3
2037,272887,272890,3
2038,272890,272893,3
2039,272893,272898,5
2040,272898,272904,6
2041,272904,272912,8
2042,272912,272916,4
2043,273692,273696,4
2044,274102,274107,5
2045,275917,275921,4
2046,276915,276918,3
2047,278481,278490,9
2048,280639,280644,5
2049,282469,282485,16
2050,282485,282491,6
2051,282587,282590,3
2052,283485,283491,6
2053,283774,283782,8
2054,283991,284001,10
2055,284533,284538,5
2056,284816,284825,9
2057,286086,286090,4
2058,286673,286679,6
2059,287357,287361,4
2060,287415,287420,5
2061,288461,288471,10
2062,292297,292306,9
2063,292557,292565,8
2064,292901,292909,8
2065,294099,294107,8
2066,294107,294113,6
2067,294113,294123,10
2068,294238,294245,7
2069,294937,294942,5
2070,295901,295909,8
2071,295909,295993,84
2072,295993,296048,55
2073,296048,296171,123
2074,296171,296287,116
2075,296287,296461,174
2076,296461,296531,70
2077,296531,296547,16
2078,296547,296586,39
2079,297018,297084,66
2080,297084,297093,9
2081,297093,297154,61
2082,297154,297165,11
2083,297165,297279,114
2084,297279,297619,340
2085,297619,297761,142
2086,297761,297785,24
2087,297785,297794,9
2088,297794,297838,44
2089,297838,297868,30
2090,297868,298050,182
2091,298050,298118,68
2092,298118,298131,13
2093,298131,298150,19
2094,298150,298168,18
2095,298168,298392,224
2096,298392,298533,141
2097,298533,298637,104
2098,298637,298813,176
2099,298813,299017,204
2100,299017,299043,26
2101,299043,299075,32
2102,299075,299080,5
2103,299080,299200,120
2104,299200,299292,92
2105,299448,299499,51
2106,299499,299535,36
2107,299535,299673,138
2108,299673,299681,8
2109,299681,299748,67
2110,299748,299751,3
2111,299751,299778,27
2112,299778,299894,116
2113,299894,299930,36
2114,299930,299987,57
2115,299987,300125,138
2116,300125,300202,77
2117,300202,300212,10
2118,300212,300229,17
2119,300229,300280,51
2120,300280,300405,125
2121,300405,300574,169
2122,300574,300664,90
2123,300664,300684,20
2124,300684,300754,70
2125,300754,300863,109
2126,300863,301018,155
2127,301018,301045,27
2128,301045,301203,158
2129,301203,301212,9
2130,301212,301435,223
2131,301435,301447,12
2132,301447,301489,42
2133,301489,301508,19
2134,301508,301535,27
2135,301535,301557,22
2136,301557,301569,12
2137,301569,301656,87
2138,301756,301852,96
2139,301852,302162,310
2140,302162,302312,150
2141,302312,302315,3
2142,302467,302505,38
2143,302505,302663,158
2144,302663,302832,169
2145,302832,302967,135
2146,302967,303051,84
2147,303051,303106,55
2148,303106,303229,123
2149,303229,303345,116
2150,306514,306523,9
2151,306582,306592,10
2152,306592,306603,11
2153,306603,306607,4
2154,306819,306825,6
2155,307522,307530,8
2156,308433,308441,8
2157,308567,308571,4
2158,308726,308731,5
2159,308971,308977,6
2160,309512,309516,4
2161,309516,309524,8
2162,309749,309754,5
2163,309997,310005,8
2164,310005,310011,6
2165,310694,310701,7
2166,310701,310707,6
2167,311416,311426,10
2168,311426,311430,4
2169,313883,313886,3
2170,314260,314266,6
2171,314674,314681,7
2172,317214,317220,6
2173,318364,318370,6
2174,318370,318376,6
2175,318590,318635,45
2176,318949,319002,53
2177,319002,319029,27
2178,319029,319091,62
2179,319484,319581,97
2180,319581,319685,104
2181,319685,319688,3
2182,319688,319693,5
2183,319693,319732,39
2184,319904,320079,175
2185,320079,320121,42
2186,320121,320217,96
2187,320252,320281,29
2188,320281,320286,5
2189,320286,320321,35
2190,320321,320328,7
2191,320328,320334,6
2192,320334,320390,56
2193,320390,320395,5
2194,320395,320460,65
2195,320460,320478,18
2196,320478,320496,18
2197,320496,320562,66
2198,320730,320738,8
2199,320939,320943,4
2200,322010,322013,3
2201,322059,322062,3
2202,322934,323034,100
2203,323034,323078,44
2204,323078,323134,56
2205,323134,323253,119
2206,323253,323256,3
2207,323256,323259,3
2208,323259,323262,3
2209,323262,323343,81
2210,323343,323388,45
2211,323712,323722,10
2212,323793,323802,9
2213,324416,324421,5
2214,324585,324588,3
2215,325569,325575,6
2216,327880,327884,4
2217,328260,328264,4
2218,330751,330756,5
2219,330756,330764,8
2220,330764,330768,4
2221,330944,330949,5
2222,330949,330953,4
2223,331310,331316,6
2224,331316,331325,9
2225,331856,331863,7
2226,331878,331883,5
2227,331883,331887,4
2228,332117,332123,6
2229,332298,332308,10
2230,332372,332381,9
2231,333573,333577,4
2232,333701,333710,9
2233,333756,333760,4
2234,334922,334932,10
2235,336246,336252,6
2236,337049,337059,10
2237,337459,337465,6
2238,337713,337719,6
2239,339046,339053,7
2240,339617,339627,10
2241,340332,340339,7
2242,340339,340346,7
2243,341505,341512,7
2244,342226,342229,3
2245,342229,342238,9
2246,342436,342440,4
2247,343091,343099,8
2248,345854,345861,7
2249,346608,346617,9
2250,346909,346917,8
2251,346952,346955,3
2252,347247,347256,9
2253,347412,347418,6
2254,347444,347453,9
2255,347949,347955,6
2256,349890,349894,4
2257,350015,350020,5
2258,350798,350804,6
2259,351251,351258,7
2260,351372,351382,10
2261,351396,351404,8
2262,352233,352242,9
2263,352242,352251,9
2264,352366,352370,4
2265,353039,353045,6
2266,353456,353460,4
2267,353651,353662,11
2268,353710,353720,10
2269,354421,354425,4
2270,354642,354647,5
2271,355316,355326,10
2272,355469,355478,9
2273,355858,355867,9
2274,355909,355914,5
2275,355970,355976,6
2276,356986,356993,7
2277,357706,357714,8
2278,357755,357758,3
2279,357758,357762,4
2280,358389,358395,6
2281,358535,358542,7
2282,359177,359183,6
2283,359954,359957,3
2284,359978,359988,10
2285,360150,360155,5
2286,360313,360320,7
2287,360320,360323,3
2288,360416,360422,6
2289,360491,360496,5
2290,360524,360533,9
2291,361046,361050,4
2292,362767,362770,3
2293,363294,363300,6
2294,363772,363777,5
2295,366043,366049,6
2296,366049,366056,7
2297,366919,366927,8
2298,367180,367183,3
2299,367951,367954,3
2300,368949,368958,9
2301,369398,369406,8
2302,369925,369928,3
2303,371400,371404,4
2304,371404,371408,4
2305,371408,371412,4
2306,371412,371416,4
2307,372377,372381,4
2308,372413,372423,10
2309,372898,372908,10
2310,373353,373359,6
2311,375422,375432,10
2312,376024,376033,9
2313,378019,378026,7
2314,378337,378340,3
2315,378594,378599,5
2316,378717,378722,5
2317,378761,378768,7
2318,378844,378847,3
2319,378847,378850,3
2320,378850,378853,3
2321,378853,378856,3
2322,378856,378859,3
2323,378859,378866,7
2324,378943,378950,7
2325,379599,379603,4
2326,379603,379607,4
2327,379982,379988,6
2328,380994,380998,4
2329,381317,381324,7
2330,381917,381923,6
2331,382628,382634,6
2332,382648,382657,9
2333,382743,382753,10
2334,383446,383449,3
2335,383601,383608,7
2336,383608,383612,4
2337,383789,383793,4
2338,384864,384870,6
2339,384898,384905,7
2340,386057,386063,6
2341,386416,386423,7
2342,387014,387019,5
2343,387047,387055,8
2344,387055,387064,9
2345,387078,387082,4
2346,387082,387087,5
2347,387222,387234,12
2348,387532,387535,3
2349,387640,387645,5
2350,387777,387781,4
2351,388550,388554,4
2352,388783,388787,4
2353,389066,389074,8
2354,389439,389443,4
2355,390298,390302,4
2356,390454,390459,5
2357,390471,390474,3
2358,391560,391564,4
2359,391564,391567,3
2360,392140,392146,6
2361,392146,392153,7
2362,392517,392523,6
2363,392703,392706,3
2364,393825,393831,6
2365,394944,394952,8
2366,394952,394960,8
2367,395002,395005,3
2368,395112,395116,4
2369,395116,395119,3
2370,395526,395535,9
2371,395610,395618,8
2372,395618,395629,11
2373,395629,395638,9
2374,395768,395776,8
2375,396665,396674,9
2376,396932,396939,7
2377,397061,397070,9
2378,397861,397866,5
2379,398318,398326,8
2380,398343,398350,7
2381,398350,398357,7
2382,398712,398716,4
2383,398887,398891,4
2384,399798,399801,3
2385,399801,399804,3
2386,399982,399990,8
2387,400696,400708,12
2388,401292,401296,4
2389,401296,401300,4
2390,401300,401303,3
2391,401545,401550,5
2392,402263,402269,6
2393,403556,403564,8
2394,403564,403570,6
2395,403570,403580,10
2396,403831,403839,8
2397,404495,404501,6
2398,404521,404527,6
2399,404590,404596,6
2400,405184,405193,9
2401,407118,407123,5
2402,407123,407130,7
2403,407130,407133,3
2404,407133,407139,6
2405,408536,408546,10
2406,408546,408554,8
2407,409148,409160,12
2408,409246,409250,4
2409,409373,409382,9
2410,409382,409389,7
2411,410242,410245,3
2412,410320,410329,9
2413,410426,410433,7
2414,411619,411624,5
2415,411894,411900,6
2416,411900,411905,5
2417,412748,412752,4
2418,413311,413316,5
2419,413859,413868,9
2420,414063,414068,5
2421,414100,414109,9
2422,414155,414167,12
2423,415118,415126,8
2424,415325,415330,5
2425,415784,415788,4
2426,416047,416056,9
2427,416142,416149,7
2428,416897,416906,9
2429,418215,418226,11
2430,418943,418951,8
2431,419244,419249,5
2432,419520,419529,9
2433,419711,419717,6
2434,419717,419721,4
2435,419721,419731,10
2436,419993,419998,5
2437,420026,420033,7
2438,420325,420333,8
2439,420333,420341,8
2440,420792,420799,7
2441,420810,420815,5
2442,420815,420823,8
2443,421129,421132,3
2444,421151,421159,8
2445,421533,421542,9
2446,421576,421581,5
2447,421817,421825,8
2448,422130,422137,7
2449,422137,422141,4
2450,422274,422281,7
2451,422281,422288,7
2452,422414,422420,6
2453,422434,422439,5
2454,422479,422482,3
2455,422482,422486,4
2456,422613,422617,4
2457,423099,423103,4
2458,423103,423107,4
2459,424022,424026,4
2460,424115,424123,8
2461,424123,424130,7
2462,424930,424933,3
2463,424933,424936,3
2464,424936,424939,3
2465,424939,424942,3
2466,425095,425104,9
2467,425104,425109,5
2468,425175,425178,3
2469,425943,425952,9
2470,425952,425958,6
2471,426076,426081,5
2472,426296,426300,4
2473,426300,426305,5
2474,426689,426697,8
2475,426697,426702,5
2476,427235,427243,8
2477,427243,427252,9
2478,427252,427258,6
2479,427272,427275,3
2480,427673,427677,4
2481,427887,427897,10
2482,427897,427907,10
2483,427907,427913,6
2484,428691,428725,34
2485,428888,428894,6
2486,429402,429406,4
2487,429431,429441,10
2488,429740,429746,6
2489,430725,430730,5
2490,430841,430844,3
2491,431282,431286,4
2492,431786,431790,4
2493,431901,431906,5
2494,432992,432995,3
2495,433063,433069,6
2496,434457,434491,34
2497,435150,435156,6
2498,435373,435378,5
2499,435378,435385,7
2500,435676,435682,6
2501,436131,436139,8
2502,436404,436407,3
2503,436452,436460,8
2504,436966,436970,4
2505,437576,437583,7
2506,437775,437781,6
2507,437801,437810,9
2508,438970,438973,3
2509,439582,439586,4
2510,439619,439626,7
2511,440048,440055,7
2512,440113,440119,6
2513,440623,440629,6
2514,440629,440635,6
2515,441098,441102,4
2516,441342,441346,4
2517,441378,441384,6
2518,441619,441628,9
2519,441843,441846,3
2520,442217,442226,9
2521,443622,443626,4
2522,443626,443633,7
2523,444503,444510,7
2524,444510,444516,6
2525,444516,444522,6
2526,445591,445599,8
2527,445752,445759,7
2528,446223,446229,6
2529,446404,446409,5
2530,447271,447277,6
2531,447693,447701,8
2532,448074,448082,8
2533,448344,448350,6
2534,448713,448719,6
2535,448719,448725,6
2536,448725,448733,8
2537,448733,448739,6
2538,448751,448757,6
2539,448892,448895,3
2540,450223,450228,5
2541,450288,450296,8
2542,450559,450563,4
2543,450833,450838,5
2544,450838,450842,4
2545,450863,450869,6
2546,451868,451877,9
2547,452002,452011,9
2548,452057,452061,4
2549,452120,452125,5
2550,452451,452454,3
2551,452988,452993,5
2552,453155,453162,7
2553,453162,453165,3
2554,453203,453211,8
2555,453278,453282,4
2556,453526,453530,4
2557,453966,453973,7
2558,454032,454035,3
2559,454302,454307,5
2560,454599,454607,8
2561,454635,454640,5
2562,456941,456945,4
2563,457233,457240,7
2564,457240,457250,10
2565,457633,457638,5
2566,457638,457644,6
2567,457644,457648,4
2568,457648,457655,7
2569,457655,457660,5
2570,458495,458500,5
2571,458947,458951,4
2572,458951,458958,7
2573,459438,459450,12
2574,459966,459973,7
2575,460256,460261,5
2576,460306,460316,10
2577,460540,460545,5
2578,461637,461642,5
2579,461687,461690,3
2580,462343,462347,4
2581,462774,462783,9
2582,462783,462787,4
2583,463962,463968,6
2584,463968,463971,3
2585,464553,464561,8
2586,464711,464716,5
2587,464827,464831,4
2588,464979,464987,8
2589,465392,465395,3
2590,465821,465827,6
2591,467545,467553,8
2592,467620,467623,3
2593,467686,467693,7
2594,468433,468436,3
2595,468774,468777,3
2596,468880,468889,9
2597,469870,469878,8
2598,470806,470813,7
2599,470846,470853,7
2600,473023,473035,12
2601,473112,473118,6
2602,473118,473123,5
2603,474453,474456,3
2604,474572,474580,8
2605,475258,475266,8
2606,476431,476437,6
2607,476932,476936,4
2608,476936,476943,7
2609,477180,477186,6
2610,477186,477194,8
2611,477354,477363,9
2612,477853,477857,4
2613,478223,478232,9
2614,478232,478237,5
2615,478764,478769,5
2616,479280,479296,16
2617,479296,479350,54
2618,479365,479373,8
2619,479373,479381,8
2620,479424,479476,52
2621,479476,479558,82
2622,479558,479652,94
2623,479757,479867,110
2624,479867,479871,4
2625,480467,480476,9
2626,480476,480481,5
2627,480585,480597,12
2628,480662,480674,12
2629,481093,481114,21
2630,481114,481159,45
2631,481410,481420,10
2632,481767,481783,16
2633,481783,481837,54
2634,481853,481861,8
2635,481861,481869,8
2636,481912,481964,52
2637,481964,482046,82
2638,482046,482140,94
2639,482245,482355,110
2640,482355,482359,4
2641,483486,483491,5
2642,483624,483636,12
2643,483701,483713,12
2644,484170,484191,21
2645,484191,484236,45
2646,486272,486276,4
2647,486276,486279,3
2648,486537,486541,4
2649,486541,486545,4
2650,486619,486628,9
2651,486660,486669,9
2652,487570,487578,8
2653,487578,487583,5
2654,487583,487589,6
2655,487589,487595,6
2656,487595,487602,7
2657,489028,489038,10
2658,489072,489080,8
2659,489937,489946,9
2660,490315,490322,7
2661,491824,491827,3
2662,492242,492247,5
2663,493293,493297,4
2664,493297,493301,4
2665,493423,493431,8
2666,493450,493455,5
2667,493638,493645,7
2668,494069,494076,7
2669,495345,495350,5
2670,495545,495554,9
2671,495554,495563,9
2672,496126,496129,3
2673,497368,497372,4
2674,498329,498337,8
2675,499220,499229,9
2676,501596,501600,4
2677,501865,501868,3
2678,502053,502062,9
2679,502323,502326,3
2680,503408,503415,7
2681,504364,504376,12
2682,505144,505152,8
2683,505447,505456,9
2684,506186,506194,8
2685,506710,506715,5
2686,506989,506994,5
2687,507754,507757,3
2688,507766,507769,3
2689,507927,507933,6
2690,508037,508045,8
2691,508045,508049,4
2692,509491,509498,7
2693,510094,510102,8
2694,511629,511639,10
2695,512313,512320,7
2696,513041,513047,6
2697,513409,513413,4
2698,513793,513801,8
2699,513801,513807,6
2700,513839,513843,4
2701,516068,516076,8
2702,516147,516153,6
2703,517722,517729,7
2704,518232,518235,3
2705,518413,518418,5
2706,518663,518672,9
2707,518672,518676,4
2708,518833,518839,6
2709,519531,519536,5
2710,519901,519909,8
2711,521828,521837,9
2712,522006,522012,6
2713,522012,522018,6
2714,522917,522921,4
2715,523001,523006,5
2716,523701,523705,4
2717,524742,524750,8
2718,524750,524756,6
2719,525529,525535,6
2720,525663,525667,4
2721,526162,526168,6
2722,526236,526240,4
2723,526889,526894,5
2724,526894,526899,5
2725,526899,526904,5
2726,527584,527593,9
2727,528337,528346,9
2728,528346,528353,7
2729,528393,528399,6
2730,529933,529939,6
2731,530882,530889,7
2732,532140,532151,11
2733,532597,532604,7
2734,532604,532611,7
2735,532611,532618,7
2736,532618,532625,7
2737,532625,532632,7
2738,532632,532643,11
2739,532643,532649,6
2740,532649,532654,5
2741,532654,532660,6
2742,532660,532667,7
2743,532868,532874,6
2744,534153,534162,9
2745,535104,535112,8
2746,535773,535782,9
2747,535782,535788,6
2748,535788,535791,3
2749,535791,535794,3
2750,535794,535800,6
2751,536159,536168,9
2752,536938,536946,8
2753,538141,538145,4
2754,538145,538150,5
2755,539063,539072,9
2756,540029,540038,9
2757,540038,540046,8
2758,540197,540200,3
2759,541478,541485,7
2760,542925,542930,5
2761,544078,544084,6
2762,544349,544357,8
2763,545093,545096,3
2764,545849,545855,6
2765,547623,547632,9
2766,548197,548200,3
2767,548492,548501,9
2768,548915,548918,3
2769,550201,550208,7
2770,550899,550907,8
2771,551592,551602,10
2772,551602,551699,97
2773,551699,551709,10
2774,551709,551718,9
2775,551718,551773,55
2776,552595,552666,71
2777,552666,552811,145
2778,552811,552824,13
2779,552824,553026,202
2780,553026,553118,92
2781,553118,553144,26
2782,553144,553160,16
2783,553342,553347,5
2784,553347,553354,7
2785,553354,553403,49
2786,553403,553476,73
2787,553476,553587,111
2788,553587,553663,76
2789,553663,553699,36
2790,553699,553708,9
2791,553708,553747,39
2792,553747,553855,108
2793,553855,553866,11
2794,553866,553880,14
2795,554125,554161,36
2796,554161,554223,62
2797,554223,554287,64
2798,554287,554295,8
2799,554295,554349,54
2800,554349,554381,32
2801,554381,554682,301
2802,554682,554772,90
2803,554772,554784,12
2804,554784,554903,119
2805,554903,554934,31
2806,554934,554949,15
2807,554949,554973,24
2808,554973,554991,18
2809,554991,555021,30
2810,555021,555039,18
2811,555039,555133,94
2812,555133,555151,18
2813,555151,555171,20
2814,555171,555174,3
2815,555174,555276,102
2816,555276,555447,171
2817,555447,555508,61
2818,555508,555516,8
2819,555516,555519,3
2820,555519,555603,84
2821,555681,555697,16
2822,555697,555765,68
2823,555765,555768,3
2824,555768,555813,45
2825,555813,555846,33
2826,555846,555861,15
2827,555907,555953,46
2828,555953,556005,52
2829,556005,556176,171
2830,556176,556191,15
2831,556191,556221,30
2832,556221,556312,91
2833,556312,556347,35
2834,556347,556446,99
2835,556446,556673,227
2836,556673,556773,100
2837,556773,556809,36
2838,556809,556843,34
2839,556843,556887,44
2840,556887,556991,104
2841,556991,557029,38
2842,557029,557034,5
2843,557034,557043,9
2844,557043,557067,24
2845,557067,557073,6
2846,557073,557115,42
2847,557115,557172,57
2848,557172,557289,117
2849,557289,557292,3
2850,557292,557453,161
2851,557453,557481,28
2852,557481,557559,78
2853,557559,557818,259
2854,557818,557844,26
2855,557844,558000,156
2856,558000,558003,3
2857,558003,558135,132
2858,558135,558200,65
2859,558200,558216,16
2860,558216,558273,57
2861,558273,558277,4
2862,558277,558298,21
2863,558298,558496,198
2864,558496,558614,118
2865,558614,558624,10
2866,558624,558721,97
2867,558721,558731,10
2868,558731,558740,9
2869,558740,558795,55
2870,560743,560752,9
2871,560752,560761,9
2872,561894,561900,6
2873,562400,562409,9
2874,563622,563637,15
2875,563637,563713,76
2876,563713,563770,57
2877,563770,563785,15
2878,563785,563861,76
2879,563861,563918,57
2880,563918,563933,15
2881,563933,564009,76
2882,564009,564066,57
2883,564066,564081,15
2884,564081,564157,76
2885,564157,564214,57
2886,564214,564229,15
2887,564229,564305,76
2888,564305,564362,57
2889,564362,564377,15
2890,564377,564453,76
2891,564453,564510,57
2892,564510,564525,15
2893,564525,564601,76
2894,564601,564658,57
2895,564658,564673,15
2896,564673,564749,76
2897,564749,564806,57
2898,564806,564821,15
2899,564821,564897,76
2900,564897,564954,57
2901,564954,564969,15
2902,564969,565045,76
2903,565045,565102,57
2904,565102,565117,15
2905,565117,565193,76
2906,565193,565250,57
2907,565250,565265,15
2908,565265,565341,76
2909,565341,565398,57
2910,565398,565413,15
2911,565413,565489,76
2912,565546,565561,15
2913,565561,565637,76
2914,565883,565889,6
2915,566645,566648,3
2916,567197,567204,7
2917,568219,568226,7
2918,568749,568755,6
2919,568993,569001,8
2920,569056,569062,6
2921,569062,569068,6
2922,569495,569498,3
2923,569866,569871,5
2924,570759,570766,7
2925,570820,570824,4
2926,570964,570973,9
2927,570973,570977,4
2928,571563,571572,9
2929,571572,571578,6
2930,571578,571581,3
2931,571581,571586,5
2932,571586,571593,7
2933,571593,571596,3
2934,571596,571608,12
2935,571681,571689,8
2936,572514,572518,4
2937,572642,572645,3
2938,572645,572649,4
2939,573303,573310,7
2940,573320,573324,4
2941,574106,574111,5
2942,574111,574115,4
2943,575582,575590,8
2944,577832,577841,9
2945,578728,578735,7
2946,578735,578742,7
2947,578742,578749,7
2948,578749,578756,7
2949,578756,578763,7
2950,578763,578770,7
2951,579945,579951,6
2952,581448,581452,4
2953,581452,581457,5
2954,581457,581462,5
2955,581462,581467,5
2956,581693,581698,5
2957,581698,581705,7
2958,581784,581790,6
2959,582369,582378,9
2960,583603,583610,7
2961,586827,586831,4
2962,587206,587214,8
2963,588192,588203,11
2964,589314,589320,6
2965,590098,590108,10
2966,590108,590116,8
2967,590116,590121,5
2968,590359,590365,6
2969,590892,590898,6
2970,590898,590904,6
2971,591436,591442,6
2972,592146,592155,9
2973,592155,592166,11
2974,592166,592172,6
2975,595792,595801,9
2976,596486,596492,6
2977,597347,597355,8
2978,598506,598513,7
2979,599613,599619,6
2980,599694,599700,6
2981,599811,599820,9
2982,599943,599952,9
2983,599997,600002,5
2984,600002,600007,5
2985,600723,600733,10
2986,600833,600839,6
2987,601999,602006,7
2988,602006,602013,7
2989,602013,602021,8
2990,602021,602025,4
2991,603148,603153,5
2992,603153,603158,5
2993,603158,603163,5
2994,603163,603168,5
2995,603168,603173,5
2996,603173,603178,5
2997,604362,604370,8
2998,606044,606051,7
2999,606748,606753,5
3000,607072,607078,6
3001,608727,608731,4
3002,609501,609505,4
3003,609834,609839,5
3004,609900,609903,3
3005,610393,610397,4
3006,610586,610590,4
3007,611575,611581,6
3008,612121,612124,3
3009,612956,612963,7
3010,613162,613168,6
3011,613385,613393,8
3012,615980,615986,6
3013,616602,616610,8
3014,616883,616892,9
3015,617226,617234,8
3016,617604,617613,9
3017,618000,618003,3
3018,618463,618472,9
3019,618556,618565,9
3020,618684,618691,7
3021,620141,620146,5
3022,620216,620223,7
3023,620223,620230,7
3024,620489,620492,3
3025,620872,620875,3
3026,621355,621360,5
3027,622112,622120,8
3028,624311,624320,9
3029,625404,625413,9
3030,625543,625551,8
3031,627173,627180,7
3032,627378,627383,5
3033,627383,627388,5
3034,627862,627871,9
3035,628004,628007,3
3036,628026,628029,3
3037,628429,628437,8
3038,629446,629453,7
3039,630157,630160,3
3040,630188,630191,3
3041,631272,631275,3
3042,631475,631484,9
3043,631935,631940,5
3044,632286,632295,9
3045,632295,632298,3
3046,632298,632307,9
3047,632307,632313,6
3048,632313,632319,6
3049,632415,632421,6
3050,633248,633256,8
3051,633914,633918,4
3052,634250,634260,10
3053,635426,635431,5
3054,635440,635444,4
3055,635444,635455,11
3056,635579,635583,4
3057,635583,635589,6
3058,635589,635597,8
3059,635658,635661,3
3060,636036,636044,8
3061,637684,637689,5
3062,637842,637850,8
3063,638254,638259,5
3064,638875,638884,9
3065,639790,639793,3
3066,640079,640085,6
3067,640303,640307,4
3068,641304,641310,6
3069,641337,641346,9
3070,641820,641826,6
3071,642965,642968,3
3072,643021,643025,4
3073,644228,644353,125
3074,644353,644451,98
3075,644451,644537,86
3076,644537,644547,10
3077,644547,644567,20
3078,644762,644887,125
3079,644887,644985,98
3080,644985,645071,86
3081,645071,645081,10
3082,645081,645101,20
3083,645131,645135,4
3084,646439,646445,6
3085,646776,646782,6
3086,646855,646864,9
3087,647462,647466,4
3088,647980,647983,3
3089,648823,648829,6
3090,650078,650086,8
3091,650461,650470,9
3092,651404,651410,6
3093,651485,651493,8
3094,651493,651496,3
3095,651496,651502,6
3096,652286,652295,9
3097,652295,652301,6
3098,652301,652304,3
3099,652304,652307,3
3100,652307,652310,3
3101,652310,652319,9
3102,652319,652328,9
3103,652328,652334,6
3104,652334,652337,3
3105,653255,653261,6
3106,653261,653267,6
3107,653566,653572,6
3108,653572,653579,7
3109,653579,653586,7
3110,653637,653643,6
3111,653694,653700,6
3112,653700,653706,6
3113,653706,653712,6
3114,653712,653721,9
3115,654166,654173,7
3116,654382,654387,5
3117,655987,655995,8
3118,655995,656002,7
3119,656044,656054,10
3120,656803,656808,5
3121,657136,657144,8
3122,657157,657165,8
3123,657325,657328,3
3124,657370,657376,6
3125,657768,657773,5
3126,658767,658772,5
3127,660461,660469,8
3128,660793,660796,3
3129,660832,660837,5
3130,661430,661434,4
3131,661517,661523,6
3132,662400,662405,5
3133,662703,662706,3
3134,663300,663303,3
3135,663303,663308,5
3136,663319,663327,8
3137,664881,664888,7
3138,665471,665477,6
3139,665477,665481,4
3140,665675,665681,6
3141,667383,667391,8
3142,667718,667722,4
3143,667960,667963,3
3144,669069,669073,4
3145,669073,669082,9
3146,669082,669086,4
3147,669086,669095,9
3148,669515,669522,7
3149,669732,669742,10
3150,673623,673629,6
3151,675812,675816,4
3152,676804,676811,7
3153,678478,678484,6
3154,679056,679061,5
3155,679576,679579,3
3156,683231,683235,4
3157,683311,683319,8
3158,683645,683651,6
3159,683651,683656,5
3160,683709,683718,9
3161,683718,683724,6
3162,684471,684477,6
3163,684477,684483,6
3164,684533,684565,32
3165,684649,684661,12
3166,684892,684899,7
3167,685483,685489,6
3168,686261,686266,5
3169,687580,687589,9
3170,688037,688041,4
3171,688525,688534,9
3172,688534,688541,7
3173,688688,688693,5
3174,689167,689176,9
3175,690452,690455,3
3176,691225,691229,4
3177,691229,691236,7
3178,691593,691599,6
3179,691656,691659,3
3180,691949,691953,4
3181,691953,691957,4
3182,692430,692437,7
3183,694964,694975,11
3184,695737,695741,4
3185,696503,696512,9
3186,696757,696766,9
3187,696766,696775,9
3188,696919,696927,8
3189,697265,697273,8
3190,697358,697361,3
3191,698394,698398,4
3192,698420,698428,8
3193,698656,698665,9
3194,699534,699537,3
3195,701312,701319,7
3196,702469,702472,3
3197,702472,702475,3
3198,702785,702789,4
3199,702789,702796,7
3200,702796,702806,10
3201,705007,705011,4
3202,705011,705018,7
3203,705106,705111,5
3204,705285,705291,6
3205,705291,705307,16
3206,705327,705339,12
3207,705990,705994,4
3208,707012,707016,4
3209,707626,707631,5
3210,708231,708239,8
3211,709098,709107,9
3212,709182,709191,9
3213,709599,709603,4
3214,710691,710707,16
3215,711273,711283,10
3216,712739,712742,3
3217,712964,712970,6
3218,713757,713763,6
3219,713869,713875,6
3220,714239,714246,7
3221,715059,715064,5
3222,715591,715598,7
3223,715598,715601,3
3224,717340,717345,5
3225,718458,718462,4
3226,719059,719066,7
3227,720094,720097,3
3228,720412,720417,5
3229,721739,721745,6
3230,721792,721824,32
3231,721904,721916,12
3232,722342,722346,4
3233,725895,725903,8
3234,725936,725940,4
3235,726306,726310,4
3236,726310,726314,4
3237,728681,728688,7
3238,729504,729509,5
3239,730296,730303,7
3240,730436,730446,10
3241,731107,731110,3
3242,731426,731430,4
3243,731459,731467,8
3244,732380,732384,4
3245,732874,732885,11
3246,733662,733671,9
3247,733671,733677,6
3248,733677,733683,6
3249,733683,733688,5
3250,733814,733818,4
3251,733977,733980,3
3252,734212,734221,9
3253,734817,734821,4
3254,735047,735053,6
3255,736035,736044,9
3256,739294,739301,7
3257,739958,739969,11
3258,740795,740800,5
3259,740938,740945,7
3260,741273,741279,6
3261,741917,741923,6
3262,742550,742559,9
3263,742572,742581,9
3264,742629,742637,8
3265,742974,742978,4
3266,743031,743035,4
3267,743189,743200,11
3268,743212,743216,4
3269,743296,743305,9
3270,743335,743338,3
3271,743619,743626,7
3272,743626,743632,6
3273,744025,744032,7
3274,744180,744184,4
3275,745409,745416,7
3276,745649,745657,8
3277,745985,745989,4
3278,746559,746566,7
3279,746772,746778,6
3280,746778,746787,9
3281,748242,748250,8
3282,748913,748922,9
3283,749276,749279,3
3284,749279,749287,8
3285,750217,750223,6
3286,750719,750724,5
3287,751354,751358,4
3288,751584,751592,8
3289,751592,751604,12
3290,751604,751608,4
3291,752389,752397,8
3292,752397,752401,4
3293,752555,752564,9
3294,752743,752749,6
3295,752749,752752,3
3296,752965,752972,7
3297,753078,753085,7
3298,754422,754428,6
3299,754658,754662,4
3300,754687,754691,4
3301,754872,754876,4
3302,754887,754890,3
3303,755164,755172,8
3304,755283,755287,4
3305,757387,757394,7
3306,757476,757479,3
3307,758652,758658,6
3308,759710,759713,3
3309,759792,759800,8
3310,761084,761087,3
3311,762191,762196,5
3312,762271,762279,8
3313,762377,762384,7
3314,762384,762393,9
3315,762393,762398,5
3316,762519,762523,4
3317,763256,763260,4
3318,764096,764102,6
3319,764267,764274,7
3320,765610,765613,3
3321,765806,765810,4
3322,766983,766992,9
3323,768618,768622,4
3324,768878,768882,4
3325,768882,768891,9
3326,769024,769034,10
3327,769063,769070,7
3328,769070,769077,7
3329,769232,769238,6
3330,769403,769410,7
3331,769448,769455,7
3332,770242,770248,6
3333,772199,772205,6
3334,774825,774829,4
3335,774829,774832,3
3336,775526,775535,9
3337,777417,777423,6
3338,777945,777949,4
3339,778113,778116,3
3340,778129,778135,6
3341,778165,778174,9
3342,778174,778177,3
3343,779353,779361,8
3344,779856,779859,3
3345,780218,780222,4
3346,780495,780504,9
3347,782559,782569,10
3348,783350,783359,9
3349,783476,783480,4
3350,783842,783847,5
3351,784119,784128,9
3352,784514,784520,6
3353,784675,784683,8
3354,785322,785328,6
3355,785583,785588,5
3356,788078,788086,8
3357,788980,788986,6
3358,788986,788991,5
3359,789274,789277,3
3360,789422,789427,5
3361,789427,789431,4
3362,789603,789612,9
3363,789888,789891,3
3364,789891,789900,9
3365,790052,790060,8
3366,790709,790715,6
3367,790715,790724,9
3368,791655,791658,3
3369,792267,792271,4
3370,792311,792319,8
3371,792703,792709,6
3372,792721,792726,5
3373,792861,792869,8
3374,794112,794118,6
3375,794784,794792,8
3376,795405,795412,7
3377,796086,796094,8
3378,796094,796097,3
3379,797197,797201,4
3380,797710,797718,8
3381,798040,798046,6
3382,798664,798670,6
3383,798670,798673,3
3384,798784,798793,9
3385,798831,798835,4
3386,798961,798970,9
3387,798970,798973,3
3388,799135,799142,7
3389,799869,799874,5
3390,799934,799942,8
3391,800113,800116,3
3392,801183,801191,8
3393,802321,802328,7
3394,802364,802368,4
3395,802933,802942,9
3396,803938,803941,3
3397,805021,805026,5
3398,805026,805034,8
3399,805093,805100,7
3400,805424,805428,4
3401,805428,805434,6
3402,805565,805571,6
3403,807310,807318,8
3404,807381,807384,3
3405,807934,807941,7
3406,807941,807945,4
3407,808265,808270,5
3408,808341,808346,5
3409,808346,808351,5
3410,808351,808357,6
3411,809771,809774,3
3412,810843,810848,5
3413,810927,810937,10
3414,810990,811001,11
3415,811079,811085,6
3416,811398,811403,5
3417,811888,811894,6
3418,812269,812272,3
3419,812468,812582,114
3420,812582,812602,20
3421,812602,812736,134
3422,812736,812847,111
3423,812847,813194,347
3424,813194,813230,36
3425,813230,813260,30
3426,813260,813277,17
3427,813277,813324,47
3428,813324,813350,26
3429,813350,813530,180
3430,813530,813571,41
3431,813571,813577,6
3432,813577,813623,46
3433,813623,813639,16
3434,813639,813877,238
3435,814075,814137,62
3436,814137,814400,263
3437,814400,814416,16
3438,814416,814457,41
3439,814503,814559,56
3440,814559,814576,17
3441,814576,814636,60
3442,814636,814654,18
3443,814654,814741,87
3444,814741,814765,24
3445,814765,814781,16
3446,814781,814786,5
3447,814786,815003,217
3448,815003,815065,62
3449,815065,815101,36
3450,815101,815138,37
3451,815202,815206,4
3452,815206,815219,13
3453,815219,815398,179
3454,815398,815401,3
3455,815401,815473,72
3456,815473,815554,81
3457,815554,815625,71
3458,815625,815642,17
3459,815642,815727,85
3460,815727,815731,4
3461,815731,815781,50
3462,815781,815812,31
3463,815812,815842,30
3464,815842,815920,78
3465,815920,816044,124
3466,816044,816086,42
3467,816086,816098,12
3468,816098,816124,26
3469,816124,816157,33
3470,816157,816301,144
3471,816301,816361,60
3472,816361,816400,39
3473,816400,816442,42
3474,816442,816448,6
3475,816734,816747,13
3476,816747,816846,99
3477,816846,817103,257
3478,817103,817176,73
3479,817176,817247,71
3480,817247,817250,3
3481,817250,817286,36
3482,817286,817330,44
3483,817330,817355,25
3484,817641,817755,114
3485,817755,817775,20
3486,818483,818489,6
3487,818489,818495,6
3488,819006,819010,4
3489,819476,819480,4
3490,819671,819674,3
3491,820056,820065,9
3492,820065,820070,5
3493,821386,821392,6
3494,821417,821420,3
3495,821455,821464,9
3496,821544,821548,4
3497,822598,822605,7
3498,823716,823723,7
3499,823896,823900,4
3500,824283,824291,8
3501,824655,824658,3
3502,825465,825470,5
3503,825523,825529,6
3504,825529,825535,6
3505,825751,825754,3
3506,827415,827426,11
3507,827736,827752,16
3508,827752,827833,81
3509,827833,827878,45
3510,827878,827899,21
3511,827899,827907,8
3512,827907,827930,23
3513,827930,827981,51
3514,827981,827986,5
3515,827986,828014,28
3516,828014,828075,61
3517,828075,828255,180
3518,828869,828957,88
3519,828957,829025,68
3520,829025,829038,13
3521,829038,829068,30
3522,829068,829079,11
3523,829079,829302,223
3524,829302,829332,30
3525,829332,829383,51
3526,829383,829391,8
3527,829391,829571,180
3528,829571,829590,19
3529,829590,829605,15
3530,829605,829650,45
3531,829650,829780,130
3532,829780,829809,29
3533,829809,829830,21
3534,829830,829886,56
3535,829886,829935,49
3536,829935,829941,6
3537,829941,830043,102
3538,830043,830120,77
3539,830120,830255,135
3540,830255,830266,11
3541,830266,830423,157
3542,830423,830471,48
3543,830471,830475,4
3544,830475,830519,44
3545,830519,830612,93
3546,830612,830690,78
3547,830690,830700,10
3548,830700,830739,39
3549,830739,830763,24
3550,830763,830847,84
3551,830847,830858,11
3552,830858,830869,11
3553,830869,830931,62
3554,830931,830964,33
3555,830964,830967,3
3556,830967,831018,51
3557,831018,831024,6
3558,831024,831031,7
3559,831031,831060,29
3560,831060,831075,15
3561,831075,831092,17
3562,831092,831180,88
3563,831180,831194,14
3564,831194,831207,13
3565,831207,831242,35
3566,831242,831249,7
3567,831249,831285,36
3568,831285,831357,72
3569,831357,831422,65
3570,831422,831444,22
3571,831444,831453,9
3572,831453,831576,123
3573,831576,831585,9
3574,831585,831627,42
3575,831627,831639,12
3576,831639,831660,21
3577,831660,831721,61
3578,831721,831740,19
3579,831740,831858,118
3580,831858,831888,30
3581,831888,831945,57
3582,831945,831955,10
3583,831955,832007,52
3584,832007,832026,19
3585,832026,832047,21
3586,832047,832115,68
3587,832115,832145,30
3588,832145,832153,8
3589,832153,832330,177
3590,832330,832352,22
3591,832352,832368,16
3592,832368,832376,8
3593,832376,832391,15
3594,832391,832412,21
3595,832412,832437,25
3596,832437,832488,51
3597,832488,832500,12
3598,832500,832521,21
3599,832521,832535,14
3600,832535,832545,10
3601,832545,832656,111
3602,832656,832659,3
3603,832659,832732,73
3604,832732,832742,10
3605,832742,832790,48
3606,832790,832850,60
3607,832850,832926,76
3608,832926,832951,25
3609,832951,833063,112
3610,833063,833102,39
3611,833102,833219,117
3612,833219,833250,31
3613,833250,833311,61
3614,833311,833370,59
3615,833370,833407,37
3616,833407,833487,80
3617,833487,833525,38
3618,833525,833552,27
3619,833552,833556,4
3620,833821,833829,8
3621,833829,833911,82
3622,833911,833916,5
3623,833916,833964,48
3624,833964,833968,4
3625,833968,834070,102
3626,834070,834084,14
3627,834084,834103,19
3628,834103,834250,147
3629,834250,834307,57
3630,834307,834399,92
3631,834399,834409,10
3632,834409,834455,46
3633,834455,834505,50
3634,834505,834539,34
3635,834539,834564,25
3636,834564,835042,478
3637,835042,835058,16
3638,835058,835139,81
3639,835139,835184,45
3640,835184,835205,21
3641,835205,835213,8
3642,835213,835236,23
3643,835236,835287,51
3644,835287,835292,5
3645,835292,835320,28
3646,835320,835381,61
3647,835461,835472,11
3648,836290,836298,8
3649,837005,837014,9
3650,837294,837297,3
3651,837368,837374,6
3652,837497,837503,6
3653,837587,837593,6
3654,837816,837820,4
3655,838624,838631,7
3656,838833,838837,4
3657,839174,839183,9
3658,839913,839918,5
3659,839936,839939,3
3660,840261,840269,8
3661,842051,842057,6
3662,842738,842742,4
3663,842742,842749,7
3664,843067,843073,6
3665,843262,843271,9
3666,844428,844432,4
3667,844479,844482,3
3668,845865,845871,6
3669,845871,845877,6
3670,845939,845945,6
3671,846854,846857,3
3672,846940,846947,7
3673,847295,847299,4
3674,849554,849559,5
3675,849604,849609,5
3676,849609,849617,8
3677,850322,850326,4
3678,851061,851066,5
3679,852123,852128,5
3680,852434,852438,4
3681,852533,852539,6
3682,853366,853371,5
3683,854463,854471,8
3684,856220,856227,7
3685,856432,856436,4
3686,856844,856847,3
3687,857710,857716,6
3688,859566,859573,7
3689,859573,859578,5
3690,859834,859840,6
3691,859985,859995,10
3692,863587,863590,3
3693,864296,864304,8
3694,864355,864362,7
3695,864362,864367,5
3696,864618,864624,6
3697,865166,865174,8
3698,865174,865184,10
3699,866233,866242,9
3700,867137,867148,11
3701,867419,867424,5
3702,867885,867891,6
3703,868765,868774,9
3704,869961,869968,7
3705,870123,870127,4
3706,870127,870132,5
3707,871085,871091,6
3708,872603,872611,8
3709,874510,874515,5
3710,874925,874932,7
3711,875783,875791,8
3712,875841,875847,6
3713,876328,876336,8
3714,876388,876395,7
3715,876826,876830,4
3716,877072,877078,6
3717,877394,877400,6
3718,877400,877406,6
3719,877406,877412,6
3720,877845,877849,4
3721,878396,878405,9
3722,878933,878942,9
3723,879585,879591,6
3724,879591,879600,9
3725,881105,881109,4
3726,881178,881181,3
3727,881181,881184,3
3728,881375,881381,6
3729,881459,881464,5
3730,881540,881543,3
3731,882373,882384,11
3732,882625,882631,6
3733,882631,882635,4
3734,883014,883019,5
3735,883100,883107,7
3736,883279,883282,3
3737,883282,883285,3
3738,883285,883288,3
3739,883288,883291,3
3740,883291,883294,3
3741,883758,883763,5
3742,884157,884160,3
3743,884504,884512,8
3744,884512,884517,5
3745,885322,885325,3
3746,885325,885328,3
3747,885480,885488,8
3748,885488,885495,7
3749,885495,885502,7
3750,885845,885849,4
3751,885964,885967,3
3752,886667,886678,11
3753,888635,888639,4
3754,888639,888648,9
3755,888648,888657,9
3756,888877,888883,6
3757,888926,888933,7
3758,888947,888959,12
3759,889640,889644,4
3760,889663,889672,9
3761,889813,889819,6
3762,893852,893858,6
3763,894104,894110,6
3764,894253,894260,7
3765,896511,896515,4
3766,898920,898929,9
3767,899153,899157,4
3768,899874,899878,4
3769,900569,900572,3
3770,901824,901833,9
3771,902202,902209,7
3772,902919,902927,8
3773,902927,902935,8
3774,903166,903171,5
3775,903810,903815,5
3776,905784,905790,6
3777,905882,905888,6
3778,906084,906092,8
3779,907381,907407,26
3780,907407,907421,14
3781,907570,907574,4
3782,907574,907595,21
3783,907708,907732,24
3784,907963,907967,4
3785,907967,907988,21
3786,908232,908243,11
3787,908243,908348,105
3788,908712,908719,7
3789,910552,910557,5
3790,910570,910577,7
3791,911544,911549,5
3792,912297,912301,4
3793,913390,913394,4
3794,913534,913538,4
3795,913603,913611,8
3796,914237,914244,7
3797,915357,915364,7
3798,915950,915957,7
3799,917431,917436,5
3800,921035,921041,6
3801,922239,922251,12
3802,922326,922331,5
3803,922331,922335,4
3804,923164,923167,3
3805,923167,923176,9
3806,923266,923272,6
3807,924072,924076,4
3808,924076,924083,7
3809,924228,924234,6
3810,924384,924393,9
3811,924896,924900,4
3812,925030,925033,3
3813,925108,925111,3
3814,925345,925354,9
3815,925354,925357,3
3816,925956,925962,6
3817,930150,930153,3
3818,930153,930162,9
3819,930957,930962,5
3820,932670,932677,7
3821,932677,932681,4
3822,932934,932938,4
3823,934602,934608,6
3824,935555,935561,6
3825,935561,935567,6
3826,938026,938029,3
3827,938202,938208,6
3828,938435,938444,9
3829,938832,938838,6
3830,938838,938844,6
3831,938877,938882,5
3832,938882,938887,5
3833,938887,938892,5
3834,938892,938898,6
3835,939006,939009,3
3836,943162,943170,8
3837,945077,945082,5
3838,945724,945732,8
3839,946430,946433,3
3840,946433,946442,9
3841,946515,946520,5
3842,946583,946586,3
3843,946859,946869,10
3844,946922,946926,4
3845,947187,947195,8
3846,947195,947199,4
3847,947548,947553,5
3848,947763,947773,10
3849,948663,948669,6
3850,948687,948696,9
3851,948708,948717,9
3852,949025,949033,8
3853,949270,949279,9
3854,949767,949774,7
3855,949774,949783,9
3856,950147,950156,9
3857,950166,950172,6
3858,950204,950208,4
3859,950620,950623,3
3860,950876,950884,8
3861,951071,951074,3
3862,951854,951862,8
3863,952757,952760,3
3864,952800,952806,6
3865,952951,952957,6
3866,952957,952962,5
3867,953140,953145,5
3868,954016,954021,5
3869,954021,954026,5
3870,954259,954263,4
3871,954555,954564,9
3872,954591,954598,7
3873,955609,955617,8
3874,955726,955734,8
3875,956021,956026,5
3876,956026,956029,3
3877,958025,958030,5
3878,958210,958214,4
3879,958323,958330,7
3880,958990,958993,3
3881,959256,959262,6
3882,959450,959457,7
3883,962230,962237,7
3884,962373,962376,3
3885,962376,962383,7
3886,962383,962390,7
3887,963457,963466,9
3888,964544,964552,8
3889,964552,964559,7
3890,964687,964690,3
3891,964690,964694,4
3892,964705,964709,4
3893,964709,964712,3
3894,964998,965006,8
3895,965651,965657,6
3896,966123,966131,8
3897,966209,966213,4
3898,966933,966937,4
3899,966973,966977,4
3900,967399,967402,3
3901,968545,968550,5
3902,968730,968736,6
3903,969044,969048,4
3904,969195,969200,5
3905,970729,970738,9
3906,970983,970986,3
3907,971368,971374,6
3908,972437,972443,6
3909,972986,972989,3
3910,973028,973033,5
3911,974859,974866,7
3912,974907,974915,8
3913,975476,975482,6
3914,975725,975734,9
3915,976085,976095,10
3916,976095,976100,5
3917,976100,976104,4
3918,976212,976216,4
3919,977047,977053,6
3920,977053,977057,4
3921,977768,977777,9
3922,978020,978027,7
3923,978269,978277,8
3924,978277,978285,8
3925,978285,978292,7
3926,979597,979603,6
3927,981249,981259,10
3928,981659,981666,7
3929,981992,982002,10
3930,984070,984073,3
3931,984536,984545,9
3932,984803,984809,6
3933,984844,984851,7
3934,985481,985488,7
3935,985736,985739,3
3936,986327,986332,5
3937,986581,986584,3
3938,987100,987103,3
3939,989325,989335,10
3940,989805,989815,10
3941,989815,989825,10
3942,989994,990000,6
3943,990000,990006,6
3944,990018,990023,5
3945,990023,990028,5
3946,990709,990716,7
3947,990866,990872,6
3948,990902,990908,6
3949,990908,990914,6
3950,991505,991510,5
3951,991703,991706,3
3952,991961,991969,8
3953,992386,992389,3
3954,993490,993495,5
3955,994904,994911,7
3956,995390,995394,4
3957,995553,995556,3
3958,1000204,1000208,4
3959,1000947,1000952,5
3960,1001393,1001400,7
3961,1001761,1001765,4
3962,1002197,1002204,7
3963,1002542,1002551,9
3964,1003153,1003160,7
3965,1003215,1003223,8
3966,1004241,1004247,6
3967,1004247,1004253,6
3968,1004804,1004812,8
3969,1005126,1005130,4
3970,1005547,1005557,10
3971,1007742,1007748,6
3972,1007906,1007916,10
3973,1009833,1009837,4
3974,1010462,1010465,3
3975,1011671,1011680,9
3976,1011815,1011821,6
3977,1011821,1011824,3
3978,1012115,1012118,3
3979,1013008,1013014,6
3980,1013768,1013775,7
3981,1013996,1014000,4
3982,1014245,1014249,4
3983,1015082,1015089,7
3984,1015089,1015096,7
3985,1015371,1015379,8
3986,1015379,1015382,3
3987,1016397,1016405,8
3988,1018055,1018071,16
3989,1020806,1020809,3
3990,1021546,1021556,10
3991,1021718,1021725,7
3992,1021725,1021731,6
3993,1024716,1024720,4
3994,1025455,1025464,9
3995,1026340,1026344,4
3996,1026344,1026351,7
3997,1026571,1026578,7
3998,1026739,1026744,5
3999,1030237,1030246,9
4000,1030264,1030270,6
4001,1032281,1032287,6
4002,1032287,1032292,5
4003,1032741,1032747,6
4004,1033220,1033229,9
4005,1033296,1033305,9
4006,1033522,1033532,10
4007,1033532,1033662,130
4008,1033662,1033672,10
4009,1033672,1033681,9
4010,1033681,1033736,55
4011,1034560,1034631,71
4012,1034631,1034776,145
4013,1034776,1034789,13
4014,1034789,1034991,202
4015,1034991,1035083,92
4016,1035083,1035109,26
4017,1035109,1035125,16
4018,1035309,1035314,5
4019,1035314,1035321,7
4020,1035321,1035370,49
4021,1035370,1035443,73
4022,1035443,1035554,111
4023,1035554,1035630,76
4024,1035630,1035666,36
4025,1035666,1035675,9
4026,1035675,1035714,39
4027,1035714,1035822,108
4028,1035822,1035833,11
4029,1035833,1035847,14
4030,1035847,1036092,245
4031,1036092,1036128,36
4032,1036128,1036190,62
4033,1036190,1036254,64
4034,1036254,1036262,8
4035,1036262,1036316,54
4036,1036316,1036348,32
4037,1036348,1036649,301
4038,1036649,1036739,90
4039,1036739,1036751,12
4040,1036751,1036870,119
4041,1036870,1036901,31
4042,1036901,1036916,15
4043,1036916,1036940,24
4044,1036940,1036958,18
4045,1036958,1036988,30
4046,1036988,1037006,18
4047,1037006,1037100,94
4048,1037100,1037118,18
4049,1037118,1037138,20
4050,1037138,1037141,3
4051,1037141,1037243,102
4052,1037243,1037414,171
4053,1037414,1037475,61
4054,1037475,1037483,8
4055,1037483,1037486,3
4056,1037486,1037570,84
4057,1037570,1037648,78
4058,1037648,1037664,16
4059,1037664,1037732,68
4060,1037732,1037735,3
4061,1037735,1037780,45
4062,1037780,1037813,33
4063,1037813,1037828,15
4064,1037828,1037874,46
4065,1037874,1037920,46
4066,1037920,1037972,52
4067,1037972,1038143,171
4068,1038143,1038158,15
4069,1038158,1038188,30
4070,1038188,1038279,91
4071,1038279,1038314,35
4072,1038314,1038413,99
4073,1038413,1038640,227
4074,1038640,1038740,100
4075,1038740,1038776,36
4076,1038776,1038810,34
4077,1038810,1038854,44
4078,1038854,1038958,104
4079,1038958,1038996,38
4080,1038996,1039001,5
4081,1039001,1039010,9
4082,1039010,1039034,24
4083,1039034,1039040,6
4084,1039040,1039082,42
4085,1039082,1039139,57
4086,1039139,1039256,117
4087,1039256,1039259,3
4088,1039420,1039448,28
4089,1039448,1039526,78
4090,1039526,1039785,259
4091,1039785,1039811,26
4092,1039811,1039967,156
4093,1039967,1039970,3
4094,1039970,1040102,132
4095,1040102,1040167,65
4096,1040167,1040183,16
4097,1040183,1040240,57
4098,1040240,1040244,4
4099,1040244,1040265,21
4100,1040265,1040463,198
4101,1040463,1040581,118
4102,1040581,1040591,10
4103,1040591,1040721,130
4104,1040721,1040731,10
4105,1040731,1040740,9
4106,1040740,1040795,55
4107,1041364,1041373,9
4108,1041373,1041380,7
4109,1041586,1041590,4
4110,1042258,1042263,5
4111,1043013,1043021,8
4112,1043021,1043028,7
4113,1043390,1043393,3
4114,1044069,1044072,3
4115,1044072,1044078,6
4116,1044459,1044465,6
4117,1045372,1045381,9
4118,1045381,1045390,9
4119,1046737,1046745,8
4120,1046745,1046749,4
4121,1046986,1046992,6
4122,1047382,1047385,3
4123,1048001,1048007,6
4124,1048477,1048484,7
4125,1049034,1049038,4
4126,1050049,1050053,4
4127,1050683,1050692,9
4128,1050762,1050770,8
4129,1050783,1050789,6
4130,1051262,1051268,6
4131,1051268,1051274,6
4132,1051364,1051371,7
4133,1051597,1051605,8
4134,1052286,1052291,5
4135,1053437,1053443,6
4136,1053841,1053849,8
4137,1055216,1055223,7
4138,1055382,1055389,7
4139,1055969,1055975,6
4140,1057064,1057073,9
4141,1057265,1057272,7
4142,1057823,1057827,4
4143,1059361,1059367,6
4144,1059682,1059689,7
4145,1060313,1060318,5
4146,1060334,1060341,7
4147,1060576,1060583,7
4148,1061114,1061120,6
4149,1062159,1062165,6
4150,1062218,1062225,7
4151,1062225,1062232,7
4152,1062502,1062508,6
4153,1063289,1063292,3
4154,1063292,1063296,4
4155,1063296,1063307,11
4156,1063481,1063494,13
4157,1063681,1063689,8
4158,1063890,1063906,16
4159,1063906,1063987,81
4160,1063987,1064032,45
4161,1064032,1064053,21
4162,1064053,1064061,8
4163,1064061,1064084,23
4164,1064084,1064135,51
4165,1064135,1064140,5
4166,1064140,1064168,28
4167,1064168,1064229,61
4168,1064229,1064410,181
4169,1065104,1065192,88
4170,1065192,1065260,68
4171,1065260,1065273,13
4172,1065273,1065303,30
4173,1065303,1065314,11
4174,1065314,1065537,223
4175,1065537,1065567,30
4176,1065567,1065618,51
4177,1065618,1065626,8
4178,1065626,1065806,180
4179,1065806,1065825,19
4180,1065825,1065840,15
4181,1065840,1065885,45
4182,1065885,1066015,130
4183,1066015,1066044,29
4184,1066044,1066065,21
4185,1066065,1066121,56
4186,1066121,1066170,49
4187,1066170,1066176,6
4188,1066176,1066278,102
4189,1066278,1066355,77
4190,1066355,1066490,135
4191,1066490,1066501,11
4192,1066501,1066658,157
4193,1066658,1066706,48
4194,1066706,1066710,4
4195,1066710,1066754,44
4196,1066754,1066847,93
4197,1066847,1066925,78
4198,1066925,1066935,10
4199,1066935,1066974,39
4200,1066974,1066998,24
4201,1066998,1067082,84
4202,1067082,1067093,11
4203,1067093,1067104,11
4204,1067104,1067166,62
4205,1067166,1067199,33
4206,1067199,1067202,3
4207,1067202,1067253,51
4208,1067253,1067259,6
4209,1067259,1067266,7
4210,1067266,1067295,29
4211,1067295,1067310,15
4212,1067310,1067327,17
4213,1067327,1067415,88
4214,1067415,1067429,14
4215,1067429,1067442,13
4216,1067442,1067477,35
4217,1067477,1067484,7
4218,1067484,1067520,36
4219,1067592,1067657,65
4220,1067657,1067679,22
4221,1067679,1067688,9
4222,1067688,1067811,123
4223,1067811,1067820,9
4224,1067820,1067862,42
4225,1067862,1067874,12
4226,1067874,1067895,21
4227,1067895,1067956,61
4228,1067956,1067975,19
4229,1068003,1068180,177
4230,1068180,1068202,22
4231,1068202,1068218,16
4232,1068218,1068226,8
4233,1068226,1068241,15
4234,1068241,1068262,21
4235,1068262,1068287,25
4236,1068287,1068338,51
4237,1068338,1068350,12
4238,1068350,1068371,21
4239,1068371,1068385,14
4240,1068385,1068395,10
4241,1068395,1068506,111
4242,1068506,1068509,3
4243,1068509,1068582,73
4244,1068582,1068592,10
4245,1068592,1068640,48
4246,1068640,1068700,60
4247,1068700,1068776,76
4248,1068776,1068801,25
4249,1068801,1068913,112
4250,1068913,1068952,39
4251,1068952,1069069,117
4252,1069069,1069100,31
4253,1069100,1069161,61
4254,1069161,1069220,59
4255,1069220,1069257,37
4256,1069257,1069337,80
4257,1069337,1069375,38
4258,1069375,1069402,27
4259,1069402,1069406,4
4260,1069406,1069673,267
4261,1069673,1069694,21
4262,1069694,1069727,33
4263,1069727,1069835,108
4264,1069835,1069857,22
4265,1069857,1069898,41
4266,1069898,1069901,3
4267,1069901,1069927,26
4268,1069927,1069938,11
4269,1069938,1070056,118
4270,1070056,1070123,67
4271,1070123,1070136,13
4272,1070136,1070192,56
4273,1070192,1070200,8
4274,1070200,1070243,43
4275,1070243,1070348,105
4276,1070348,1070401,53
4277,1070401,1070412,11
4278,1070412,1070480,68
4279,1070480,1070486,6
4280,1070486,1070489,3
4281,1070489,1070528,39
4282,1070528,1070546,18
4283,1070546,1070579,33
4284,1070579,1070615,36
4285,1070615,1070719,104
4286,1070719,1070743,24
4287,1070743,1070788,45
4288,1070788,1070792,4
4289,1070792,1070966,174
4290,1070966,1070974,8
4291,1070974,1071056,82
4292,1071056,1071061,5
4293,1071061,1071109,48
4294,1071109,1071113,4
4295,1071113,1071215,102
4296,1071215,1071229,14
4297,1071229,1071248,19
4298,1071248,1071395,147
4299,1071395,1071452,57
4300,1071452,1071544,92
4301,1071544,1071554,10
4302,1071554,1071600,46
4303,1071600,1071650,50
4304,1071650,1071684,34
4305,1071684,1071709,25
4306,1071709,1072198,489
4307,1072198,1072214,16
4308,1072214,1072295,81
4309,1072295,1072340,45
4310,1072340,1072361,21
4311,1072361,1072369,8
4312,1072369,1072392,23
4313,1072392,1072443,51
4314,1072443,1072448,5
4315,1072448,1072476,28
4316,1072476,1072537,61
4317,1072583,1072590,7
4318,1073794,1073800,6
4319,1073800,1073806,6
4320,1074347,1074354,7
4321,1074880,1074883,3
4322,1075054,1075060,6
4323,1075365,1075371,6
4324,1076107,1076113,6
4325,1076285,1076293,8
4326,1076684,1076689,5
4327,1077239,1077248,9
4328,1077408,1077417,9
4329,1078981,1078989,8
4330,1079167,1079172,5
4331,1079579,1079583,4
4332,1079861,1079872,11
4333,1080178,1080182,4
4334,1080215,1080219,4
4335,1081166,1081170,4
4336,1081722,1081725,3
4337,1082289,1082293,4
4338,1082387,1082392,5
4339,1083638,1083644,6
4340,1083793,1083797,4
4341,1083797,1083802,5
4342,1083890,1083897,7
4343,1083938,1083944,6
4344,1084090,1084094,4
4345,1084735,1084743,8
4346,1084743,1084751,8
4347,1084751,1084759,8
4348,1086075,1086086,11
4349,1086558,1086563,5
4350,1086907,1086910,3
4351,1086910,1086916,6
4352,1086948,1086954,6
4353,1088673,1088677,4
4354,1089559,1089566,7
4355,1092237,1092240,3
4356,1092626,1092634,8
4357,1092883,1092886,3
4358,1092886,1092889,3
4359,1093267,1093271,4
4360,1093509,1093516,7
4361,1093558,1093567,9
4362,1093567,1093571,4
4363,1093964,1093967,3
4364,1093967,1093974,7
4365,1094438,1094442,4
4366,1094442,1094449,7
4367,1094449,1094456,7
4368,1094484,1094490,6
4369,1095518,1095523,5
4370,1095592,1095597,5
4371,1096024,1096032,8
4372,1096097,1096102,5
4373,1096255,1096262,7
4374,1096787,1096790,3
4375,1096790,1096793,3
4376,1096793,1096796,3
4377,1099694,1099698,4
4378,1099698,1099712,14
4379,1100002,1100008,6
4380,1101239,1101246,7
4381,1101503,1101509,6
4382,1101938,1101941,3
4383,1101956,1101959,3
4384,1103120,1103126,6
4385,1103126,1103132,6
4386,1103132,1103135,3
4387,1103135,1103138,3
4388,1103138,1103141,3
4389,1103141,1103144,3
4390,1103637,1103645,8
4391,1103645,1103649,4
4392,1104300,1104303,3
4393,1106089,1106094,5
4394,1106094,1106103,9
4395,1106453,1106456,3
4396,1107485,1107491,6
4397,1107723,1107726,3
4398,1108610,1108613,3
4399,1108759,1108768,9
4400,1108790,1108799,9
4401,1109012,1109017,5
4402,1109739,1109748,9
4403,1109947,1109950,3
4404,1110602,1110605,3
4405,1110663,1110671,8
4406,1110789,1110793,4
4407,1111918,1111927,9
4408,1112809,1112819,10
4409,1114158,1114168,10
4410,1115042,1115050,8
4411,1115402,1115408,6
4412,1115408,1115414,6
4413,1115414,1115420,6
4414,1115420,1115426,6
4415,1116020,1116025,5
4416,1116042,1116046,4
4417,1116046,1116051,5
4418,1116051,1116055,4
4419,1116486,1116492,6
4420,1117083,1117093,10
4421,1118018,1118021,3
4422,1118021,1118024,3
4423,1118556,1118564,8
4424,1118595,1118603,8
4425,1119628,1119632,4
4426,1119714,1119720,6
4427,1119735,1119742,7
4428,1119753,1119765,12
4429,1120057,1120065,8
4430,1120422,1120428,6
4431,1120428,1120433,5
4432,1120654,1120659,5
4433,1120659,1120663,4
4434,1120663,1120671,8
4435,1122682,1122686,4
4436,1123892,1123896,4
4437,1124050,1124060,10
4438,1124075,1124083,8
4439,1124544,1124553,9
4440,1124673,1124679,6
4441,1125454,1125463,9
4442,1125488,1125493,5
4443,1125502,1125511,9
4444,1125537,1125545,8
4445,1125788,1125793,5
4446,1126188,1126194,6
4447,1126194,1126200,6
4448,1127486,1127489,3
4449,1128348,1128353,5
4450,1128353,1128356,3
4451,1128356,1128359,3
4452,1129112,1129117,5
4453,1130279,1130285,6
4454,1130408,1130415,7
4455,1130749,1130755,6
4456,1130859,1130866,7
4457,1131237,1131246,9
4458,1131469,1131473,4
4459,1131578,1131584,6
4460,1131805,1131810,5
4461,1131810,1131815,5
4462,1131815,1131820,5
4463,1131856,1131860,4
4464,1131893,1131902,9
4465,1132420,1132426,6
4466,1132580,1132584,4
4467,1132676,1132682,6
4468,1132864,1132874,10
4469,1133001,1133006,5
4470,1134007,1134012,5
4471,1134568,1134572,4
4472,1134572,1134581,9
4473,1134581,1134591,10
4474,1136541,1136544,3
4475,1137934,1137941,7
4476,1138945,1138951,6
4477,1138951,1138957,6
4478,1139122,1139128,6
4479,1139193,1139199,6
4480,1139380,1139386,6
4481,1139386,1139392,6
4482,1139410,1139416,6
4483,1139416,1139422,6
4484,1139590,1139595,5
4485,1139649,1139653,4
4486,1140418,1140421,3
4487,1140421,1140430,9
4488,1140449,1140455,6
4489,1140455,1140458,3
4490,1140458,1140461,3
4491,1141184,1141195,11
4492,1141213,1141216,3
4493,1143385,1143394,9
4494,1144228,1144233,5
4495,1144754,1144764,10
4496,1145092,1145095,3
4497,1145095,1145111,16
4498,1145988,1145991,3
4499,1145991,1145994,3
4500,1146007,1146013,6
4501,1146013,1146022,9
4502,1146022,1146031,9
4503,1146031,1146034,3
4504,1146049,1146058,9
4505,1146259,1146265,6
4506,1147018,1147026,8
4507,1147149,1147153,4
4508,1148062,1148071,9
4509,1148071,1148080,9
4510,1148354,1148357,3
4511,1148357,1148360,3
4512,1149070,1149076,6
4513,1149159,1149164,5
4514,1149164,1149171,7
4515,1149460,1149465,5
4516,1150466,1150472,6
4517,1150520,1150528,8
4518,1152210,1152219,9
4519,1152747,1152755,8
4520,1152847,1152851,4
4521,1153333,1153341,8
4522,1153356,1153365,9
4523,1153380,1153383,3
4524,1155430,1155436,6
4525,1156488,1156492,4
4526,1156685,1156692,7
4527,1157435,1157444,9
4528,1158717,1158721,4
4529,1158721,1158728,7
4530,1159226,1159235,9
4531,1159351,1159360,9
4532,1159397,1159405,8
4533,1160214,1160223,9
4534,1160600,1160609,9
4535,1160609,1160615,6
4536,1161323,1161329,6
4537,1161463,1161468,5
4538,1162514,1162519,5
4539,1163576,1163584,8
4540,1164653,1164656,3
4541,1164656,1164659,3
4542,1166524,1166527,3
4543,1168174,1168182,8
4544,1168520,1168523,3
4545,1168725,1168733,8
4546,1169167,1169174,7
4547,1170137,1170141,4
4548,1170477,1170485,8
4549,1170734,1170739,5
4550,1171313,1171318,5
4551,1171960,1171964,4
4552,1172159,1172164,5
4553,1172730,1172736,6
4554,1172882,1172887,5
4555,1173525,1173528,3
4556,1173827,1173831,4
4557,1173852,1173855,3
4558,1174242,1174248,6
4559,1175549,1175554,5
4560,1175692,1175698,6
4561,1175911,1175914,3
4562,1176203,1176208,5
4563,1176831,1176834,3
4564,1176939,1176943,4
4565,1178557,1178560,3
4566,1178752,1178757,5
4567,1178944,1178949,5
4568,1179174,1179182,8
4569,1179182,1179190,8
4570,1179302,1179307,5
4571,1181252,1181259,7
4572,1181384,1181391,7
4573,1181391,1181395,4
4574,1182400,1182409,9
4575,1182515,1182519,4
4576,1184161,1184169,8
4577,1184169,1184172,3
4578,1184227,1184233,6
4579,1184233,1184239,6
4580,1184239,1184248,9
4581,1186405,1186408,3
4582,1186678,1186685,7
4583,1186685,1186691,6
4584,1186793,1186800,7
4585,1188720,1188727,7
4586,1188900,1188905,5
4587,1189042,1189050,8
4588,1189050,1189058,8
4589,1189058,1189066,8
4590,1189334,1189337,3
4591,1189337,1189343,6
4592,1189343,1189346,3
4593,1189346,1189349,3
4594,1189647,1189652,5
4595,1190219,1190229,10
4596,1190523,1190528,5
4597,1191447,1191453,6
4598,1193628,1193632,4
4599,1193835,1193839,4
4600,1193851,1193855,4
4601,1193970,1193980,10
4602,1194514,1194520,6
4603,1194930,1194934,4
4604,1195267,1195270,3
4605,1195779,1195785,6
4606,1196884,1196887,3
4607,1197185,1197188,3
4608,1197188,1197192,4
4609,1197192,1197197,5
4610,1197603,1197607,4
4611,1197890,1197897,7
4612,1199695,1199701,6
4613,1199701,1199709,8
4614,1200172,1200182,10
4615,1201202,1201210,8
4616,1201210,1201219,9
4617,1202552,1202555,3
4618,1203772,1203775,3
4619,1205574,1205580,6
4620,1205672,1205678,6
4621,1205678,1205684,6
4622,1205973,1205977,4
4623,1206136,1206140,4
4624,1207261,1207269,8
4625,1210022,1210029,7
4626,1210029,1210037,8
4627,1210037,1210045,8
4628,1210628,1210634,6
4629,1211930,1211934,4
4630,1212011,1212018,7
4631,1212037,1212048,11
4632,1212263,1212272,9
4633,1212329,1212333,4
4634,1212554,1212559,5
4635,1212559,1212566,7
4636,1212566,1212572,6
4637,1212572,1212578,6
4638,1213247,1213250,3
4639,1213250,1213254,4
4640,1215456,1215460,4
4641,1215501,1215504,3
4642,1215987,1215991,4
4643,1218715,1218721,6
4644,1218771,1218779,8
4645,1218779,1218788,9
4646,1219645,1219654,9
4647,1219982,1219991,9
4648,1221185,1221191,6
4649,1221350,1221354,4
4650,1222724,1222730,6
4651,1222730,1222739,9
4652,1223097,1223101,4
4653,1223287,1223295,8
4654,1223326,1223332,6
4655,1223332,1223340,8
4656,1223500,1223508,8
4657,1223571,1223574,3
4658,1223718,1223721,3
4659,1223721,1223724,3
4660,1224543,1224552,9
4661,1225592,1225600,8
4662,1225615,1225624,9
4663,1226262,1226270,8
4664,1226470,1226475,5
4665,1226475,1226479,4
4666,1226590,1226600,10
4667,1226600,1226610,10
4668,1227128,1227133,5
4669,1227133,1227140,7
4670,1227140,1227149,9
4671,1227239,1227246,7
4672,1228338,1228343,5
4673,1228597,1228602,5
4674,1228640,1228645,5
4675,1228659,1228667,8
4676,1228943,1228946,3
4677,1229663,1229669,6
4678,1229669,1229672,3
4679,1230149,1230156,7
4680,1230338,1230342,4
4681,1230569,1230575,6
4682,1231573,1231583,10
4683,1231607,1231615,8
4684,1232524,1232530,6
4685,1232530,1232533,3
4686,1232533,1232536,3
4687,1234663,1234668,5
4688,1234916,1234925,9
4689,1234994,1235000,6
4690,1235000,1235005,5
4691,1235730,1235736,6
4692,1236694,1236697,3
4693,1238458,1238462,4
4694,1238576,1238579,3
4695,1238579,1238588,9
4696,1239288,1239295,7
4697,1239374,1239379,5
4698,1240339,1240343,4
4699,1240343,1240347,4
4700,1240669,1240677,8
4701,1241267,1241273,6
4702,1241691,1241698,7
4703,1242248,1242253,5
4704,1242800,1242807,7
4705,1242830,1242836,6
4706,1242922,1242926,4
4707,1242991,1242996,5
4708,1243386,1243391,5
4709,1243680,1243689,9
4710,1243689,1243693,4
4711,1243693,1243696,3
4712,1243715,1243718,3
4713,1243718,1243724,6
4714,1245498,1245504,6
4715,1246268,1246271,3
4716,1246271,1246274,3
4717,1246274,1246277,3
4718,1246321,1246327,6
4719,1247654,1247659,5
4720,1248189,1248192,3
4721,1248280,1248288,8
4722,1248928,1248935,7
4723,1249088,1249097,9
4724,1249462,1249468,6
4725,1250847,1250854,7
4726,1251314,1251318,4
4727,1251403,1251409,6
4728,1251409,1251415,6
4729,1251970,1251974,4
4730,1252151,1252156,5
4731,1252156,1252162,6
4732,1252162,1252169,7
4733,1252376,1252380,4
4734,1252380,1252386,6
4735,1252386,1252390,4
4736,1253924,1253931,7
4737,1254120,1254124,4
4738,1254182,1254188,6
4739,1254577,1254580,3
4740,1254603,1254609,6
4741,1254621,1254627,6
4742,1254627,1254633,6
4743,1254633,1254639,6
4744,1255217,1255224,7
4745,1255584,1255588,4
4746,1256244,1256251,7
4747,1256348,1256356,8
4748,1257093,1257100,7
4749,1257150,1257155,5
4750,1257155,1257165,10
4751,1258627,1258633,6
4752,1258876,1258882,6
4753,1259055,1259065,10
4754,1259065,1259070,5
4755,1259421,1259425,4
4756,1259716,1259720,4
4757,1260060,1260064,4
4758,1260082,1260086,4
4759,1260258,1260264,6
4760,1260264,1260270,6
4761,1260865,1260871,6
4762,1260871,1260878,7
4763,1261256,1261262,6
4764,1261419,1261428,9
4765,1261511,1261516,5
4766,1261516,1261521,5
4767,1261521,1261526,5
4768,1261526,1261531,5
4769,1261531,1261541,10
4770,1261541,1261546,5
4771,1261565,1261574,9
4772,1261846,1261852,6
4773,1262263,1262272,9
4774,1262312,1262319,7
4775,1262772,1262778,6
4776,1262817,1262822,5
4777,1263163,1263166,3
4778,1263587,1263590,3
4779,1263804,1263809,5
4780,1263885,1263888,3
4781,1264049,1264053,4
4782,1264119,1264123,4
4783,1264123,1264127,4
4784,1264366,1264372,6
4785,1264372,1264377,5
4786,1264722,1264728,6
4787,1265068,1265074,6
4788,1265388,1265393,5
4789,1265393,1265405,12
4790,1265405,1265412,7
4791,1267368,1267373,5
4792,1267386,1267391,5
4793,1267574,1267585,11
4794,1267859,1267865,6
4795,1268124,1268133,9
4796,1268827,1268836,9
4797,1268963,1268969,6
4798,1268969,1268975,6
4799,1269552,1269560,8
4800,1270273,1270281,8
4801,1270281,1270293,12
4802,1270767,1270770,3
4803,1271583,1271590,7
4804,1271590,1271593,3
4805,1271593,1271597,4
4806,1272739,1272745,6
4807,1272745,1272754,9
4808,1273502,1273509,7
4809,1273891,1273898,7
4810,1275181,1275187,6
4811,1275444,1275454,10
4812,1276396,1276402,6
4813,1278291,1278295,4
4814,1278295,1278300,5
4815,1278300,1278305,5
4816,1278305,1278309,4
4817,1278658,1278665,7
4818,1278797,1278801,4
4819,1279253,1279262,9
4820,1279528,1279532,4
4821,1279912,1279918,6
4822,1283013,1283019,6
4823,1283137,1283145,8
4824,1283145,1283148,3
4825,1283189,1283196,7
4826,1283196,1283203,7
4827,1283252,1283256,4
4828,1283380,1283388,8
4829,1283628,1283639,11
4830,1284190,1284194,4
4831,1284713,1284716,3
4832,1286843,1286851,8
4833,1287816,1287822,6
4834,1288684,1288692,8
4835,1289210,1289219,9
4836,1289484,1289497,13
4837,1290016,1290022,6
4838,1290154,1290159,5
4839,1290159,1290165,6
4840,1290625,1290630,5
4841,1292281,1292286,5
4842,1292286,1292290,4
4843,1292921,1292926,5
4844,1293022,1293028,6
4845,1293028,1293034,6
4846,1294733,1294739,6
4847,1295906,1295915,9
4848,1296933,1296936,3
4849,1297176,1297180,4
4850,1297180,1297186,6
4851,1297936,1297943,7
4852,1298023,1298027,4
4853,1298472,1298477,5
4854,1298477,1298484,7
4855,1298787,1298794,7
4856,1298829,1298835,6
4857,1298835,1298841,6
4858,1298841,1298847,6
4859,1298847,1298853,6
4860,1299157,1299161,4
4861,1299536,1299543,7
4862,1301012,1301016,4
4863,1301242,1301251,9
4864,1301348,1301356,8
4865,1301625,1301628,3
4866,1302061,1302068,7
4867,1302068,1302075,7
4868,1303549,1303556,7
4869,1303656,1303660,4
4870,1303787,1303794,7
4871,1303794,1303801,7
4872,1303801,1303808,7
4873,1303808,1303816,8
4874,1304299,1304308,9
4875,1304648,1304657,9
4876,1304960,1304968,8
4877,1305021,1305026,5
4878,1305550,1305555,5
4879,1305555,1305560,5
4880,1305560,1305565,5
4881,1306431,1306437,6
4882,1306437,1306443,6
4883,1306443,1306449,6
4884,1306449,1306455,6
4885,1307359,1307367,8
4886,1307479,1307486,7
4887,1307486,1307493,7
4888,1310769,1310776,7
4889,1310776,1310781,5
4890,1311014,1311021,7
4891,1316425,1316436,11
4892,1316655,1316661,6
4893,1317590,1317597,7
4894,1318112,1318117,5
4895,1318117,1318122,5
4896,1318122,1318127,5
4897,1319335,1319338,3
4898,1319467,1319474,7
4899,1319474,1319478,4
4900,1320225,1320232,7
4901,1320809,1320814,5
4902,1323177,1323183,6
4903,1324047,1324053,6
4904,1326989,1326995,6
4905,1327083,1327091,8
4906,1327190,1327193,3
4907,1327758,1327763,5
4908,1327898,1327902,4
4909,1328009,1328012,3
4910,1328597,1328605,8
4911,1328636,1328639,3
4912,1328659,1328667,8
4913,1329309,1329313,4
4914,1329313,1329316,3
4915,1329447,1329452,5
4916,1329647,1329654,7
4917,1329825,1329832,7
4918,1330326,1330333,7
4919,1331996,1332000,4
4920,1332171,1332175,4
4921,1332288,1332292,4
4922,1333836,1333843,7
4923,1333868,1333876,8
4924,1334126,1334133,7
4925,1334133,1334140,7
4926,1334424,1334434,10
4927,1334469,1334475,6
4928,1334475,1334484,9
4929,1335424,1335430,6
4930,1335430,1335433,3
4931,1335433,1335436,3
4932,1335436,1335442,6
4933,1335442,1335448,6
4934,1336398,1336404,6
4935,1336549,1336554,5
4936,1336847,1336854,7
4937,1337070,1337076,6
4938,1337148,1337152,4
4939,1338126,1338132,6
4940,1338132,1338136,4
4941,1338401,1338406,5
4942,1338706,1338714,8
4943,1338770,1338777,7
4944,1338890,1338896,6
4945,1339006,1339009,3
4946,1340717,1340724,7
4947,1341163,1341170,7
4948,1342034,1342042,8
4949,1342042,1342049,7
4950,1342069,1342072,3
4951,1342072,1342081,9
4952,1342175,1342182,7
4953,1342229,1342234,5
4954,1342234,1342238,4
4955,1342238,1342242,4
4956,1342906,1342911,5
4957,1343594,1343601,7
4958,1343991,1343999,8
4959,1344482,1344485,3
4960,1344502,1344511,9
4961,1344701,1344707,6
4962,1344707,1344713,6
4963,1344713,1344722,9
4964,1345075,1345079,4
4965,1346309,1346318,9
4966,1346725,1346733,8
4967,1346851,1346861,10
4968,1347025,1347028,3
4969,1347371,1347374,3
4970,1348058,1348062,4
4971,1348274,1348277,3
4972,1349297,1349304,7
4973,1349434,1349437,3
4974,1351404,1351416,12
4975,1352005,1352011,6
4976,1352990,1352996,6
4977,1353041,1353044,3
4978,1353766,1353773,7
4979,1353773,1353778,5
4980,1354018,1354024,6
4981,1354250,1354257,7
4982,1354679,1354682,3
4983,1355798,1355807,9
4984,1356290,1356296,6
4985,1356296,1356302,6
4986,1357347,1357350,3
4987,1357401,1357404,3
4988,1357991,1358004,13
4989,1358004,1358009,5
4990,1358009,1358052,43
4991,1358052,1358139,87
4992,1358139,1358158,19
4993,1358158,1358166,8
4994,1358166,1358180,14
4995,1358180,1358192,12
4996,1358192,1358243,51
4997,1358243,1358254,11
4998,1358254,1358258,4
4999,1358258,1358324,66
5000,1358324,1358366,42
5001,1358366,1358370,4
5002,1358370,1358431,61
5003,1358431,1358456,25
5004,1358456,1358561,105
5005,1358561,1358568,7
5006,1358568,1358735,167
5007,1358735,1358755,20
5008,1358755,1358871,116
5009,1358871,1358918,47
5010,1358918,1358946,28
5011,1358946,1359032,86
5012,1359032,1359063,31
5013,1359063,1359068,5
5014,1359068,1359084,16
5015,1359084,1359111,27
5016,1359111,1359151,40
5017,1359151,1359180,29
5018,1359180,1359200,20
5019,1359200,1359225,25
5020,1359560,1359898,338
5021,1359898,1359923,25
5022,1359923,1360041,118
5023,1360041,1360058,17
5024,1360058,1360177,119
5025,1360177,1360243,66
5026,1360243,1360289,46
5027,1360289,1360384,95
5028,1360384,1360558,174
5029,1360558,1360712,154
5030,1360712,1360864,152
5031,1360864,1361029,165
5032,1361029,1361116,87
5033,1361116,1361163,47
5034,1361163,1361297,134
5035,1361297,1361326,29
5036,1361326,1361500,174
5037,1361500,1361582,82
5038,1361582,1361712,130
5039,1361712,1361716,4
5040,1361716,1361773,57
5041,1361773,1361785,12
5042,1361785,1361935,150
5043,1362064,1362085,21
5044,1362085,1362101,16
5045,1362101,1362129,28
5046,1362129,1362313,184
5047,1362313,1362418,105
5048,1362418,1362593,175
5049,1362593,1362633,40
5050,1362633,1362652,19
5051,1362652,1362681,29
5052,1362681,1362735,54
5053,1362735,1362919,184
5054,1362919,1363010,91
5055,1363010,1363015,5
5056,1363015,1363033,18
5057,1363033,1363105,72
5058,1363105,1363147,42
5059,1363147,1363150,3
5060,1363150,1363158,8
5061,1363158,1363229,71
5062,1363875,1363881,6
5063,1363881,1363921,40
5064,1364018,1364021,3
5065,1364119,1364197,78
5066,1364197,1364323,126
5067,1364323,1364350,27
5068,1364350,1364440,90
5069,1364440,1364468,28
5070,1364468,1364502,34
5071,1364502,1364592,90
5072,1364592,1364623,31
5073,1364623,1364634,11
5074,1364634,1364671,37
5075,1364671,1364700,29
5076,1364700,1364721,21
5077,1364721,1364804,83
5078,1364804,1364815,11
5079,1364815,1364861,46
5080,1364861,1364869,8
5081,1364869,1364875,6
5082,1364875,1364882,7
5083,1364882,1364922,40
5084,1364922,1364960,38
5085,1364960,1364984,24
5086,1364984,1365068,84
5087,1365068,1365077,9
5088,1365077,1365094,17
5089,1365094,1365114,20
5090,1365114,1365120,6
5091,1365120,1365179,59
5092,1365179,1365199,20
5093,1365199,1365209,10
5094,1365209,1365233,24
5095,1365233,1365238,5
5096,1365238,1365262,24
5097,1365262,1365308,46
5098,1365308,1365319,11
5099,1365319,1365403,84
5100,1365403,1365511,108
5101,1365511,1365585,74
5102,1365585,1365617,32
5103,1365617,1365718,101
5104,1365718,1365750,32
5105,1365750,1365758,8
5106,1365758,1365794,36
5107,1365794,1365805,11
5108,1365805,1365957,152
5109,1365957,1365977,20
5110,1365977,1365987,10
5111,1365987,1366004,17
5112,1366004,1366016,12
5113,1366016,1366039,23
5114,1366039,1366333,294
5115,1366333,1366363,30
5116,1366363,1366450,87
5117,1366450,1366469,19
5118,1366469,1366500,31
5119,1366500,1366514,14
5120,1366514,1366537,23
5121,1366537,1366552,15
5122,1366633,1366641,8
5123,1366641,1366703,62
5124,1366703,1366715,12
5125,1366715,1366742,27
5126,1366742,1366822,80
5127,1366822,1366843,21
5128,1366959,1367015,56
5129,1367015,1367078,63
5130,1367078,1367086,8
5131,1367086,1367119,33
5132,1367119,1367274,155
5133,1367274,1367314,40
5134,1367314,1367415,101
5135,1367415,1367448,33
5136,1367448,1367507,59
5137,1367507,1367514,7
5138,1367514,1367518,4
5139,1367518,1367535,17
5140,1367535,1367578,43
5141,1367578,1367602,24
5142,1367602,1367624,22
5143,1367726,1367776,50
5144,1367776,1367792,16
5145,1367792,1367810,18
5146,1367810,1367818,8
5147,1367818,1367827,9
5148,1367827,1367832,5
5149,1367832,1367835,3
5150,1367835,1367856,21
5151,1367856,1367870,14
5152,1367870,1367923,53
5153,1368146,1368150,4
5154,1370280,1370286,6
5155,1371047,1371053,6
5156,1371319,1371324,5
5157,1374761,1374769,8
5158,1374799,1374802,3
5159,1374802,1374808,6
5160,1375907,1375916,9
5161,1376577,1376585,8
5162,1376585,1376590,5
5163,1377684,1377693,9
5164,1378199,1378204,5
5165,1378409,1378421,12
5166,1378778,1378789,11
5167,1378952,1378955,3
5168,1379572,1379576,4
5169,1380365,1380371,6
5170,1380398,1380403,5
5171,1381491,1381496,5
5172,1381839,1381842,3
5173,1382303,1382310,7
5174,1382327,1382332,5
5175,1382332,1382337,5
5176,1382352,1382357,5
5177,1382372,1382377,5
5178,1382377,1382382,5
5179,1382382,1382387,5
5180,1382835,1382841,6
5181,1383557,1383567,10
5182,1383699,1383704,5
5183,1383719,1383724,5
5184,1384031,1384039,8
5185,1384039,1384048,9
5186,1384230,1384236,6
5187,1384264,1384270,6
5188,1384302,1384308,6
5189,1384370,1384375,5
5190,1384746,1384751,5
5191,1385252,1385261,9
5192,1385405,1385412,7
5193,1385476,1385481,5
5194,1385507,1385512,5
5195,1385642,1385647,5
5196,1386599,1386606,7
5197,1386691,1386699,8
5198,1387458,1387467,9
5199,1387559,1387565,6
5200,1387565,1387571,6
5201,1387571,1387577,6
5202,1387577,1387583,6
5203,1387583,1387595,12
5204,1387595,1387601,6
5205,1387723,1387732,9
5206,1387732,1387738,6
5207,1387908,1387914,6
5208,1387914,1387918,4
5209,1388890,1388895,5
5210,1389016,1389024,8
5211,1389410,1389415,5
5212,1389415,1389419,4
5213,1389531,1389540,9
5214,1389697,1389702,5
5215,1391652,1391655,3
5216,1393270,1393277,7
5217,1393695,1393704,9
5218,1394604,1394610,6
5219,1394610,1394622,12
5220,1394643,1394646,3
5221,1394999,1395005,6
5222,1395880,1395888,8
5223,1395985,1395995,10
5224,1396348,1396357,9
5225,1397189,1397194,5
5226,1397194,1397199,5
5227,1397199,1397204,5
5228,1398402,1398410,8
5229,1398676,1398682,6
5230,1398682,1398688,6
5231,1399884,1399888,4
5232,1399888,1399896,8
5233,1400525,1400533,8
5234,1402021,1402025,4
5235,1402025,1402029,4
5236,1402029,1402033,4
5237,1402033,1402037,4
5238,1404005,1404010,5
5239,1404180,1404184,4
5240,1405515,1405518,3
5241,1405562,1405568,6
5242,1406311,1406314,3
5243,1410823,1410829,6
5244,1411337,1411345,8
5245,1413416,1413424,8
5246,1414260,1414267,7
5247,1414438,1414447,9
5248,1414837,1414844,7
5249,1415314,1415320,6
5250,1415320,1415325,5
5251,1415325,1415334,9
5252,1415345,1415350,5
5253,1415894,1415900,6
5254,1415900,1415906,6
5255,1415906,1415912,6
5256,1415912,1415918,6
5257,1416573,1416577,4
5258,1416633,1416639,6
5259,1416894,1416903,9
5260,1419480,1419484,4
5261,1420038,1420047,9
5262,1420047,1420050,3
5263,1420337,1420340,3
5264,1421443,1421448,5
5265,1421667,1421674,7
5266,1421674,1421681,7
5267,1423045,1423050,5
5268,1423525,1423533,8
5269,1424490,1424497,7
5270,1424497,1424504,7
5271,1424662,1424672,10
5272,1425511,1425515,4
5273,1426106,1426112,6
5274,1426130,1426136,6
5275,1426224,1426227,3
5276,1426761,1426764,3
5277,1427842,1427850,8
5278,1428359,1428362,3
5279,1428362,1428368,6
5280,1429678,1429683,5
5281,1429799,1429807,8
5282,1430134,1430138,4
5283,1430198,1430205,7
5284,1430503,1430510,7
5285,1430538,1430545,7
5286,1431670,1431674,4
5287,1433135,1433141,6
5288,1433710,1433714,4
5289,1433837,1433848,11
5290,1434602,1434611,9
5291,1435508,1435513,5
5292,1436015,1436020,5
5293,1436738,1436741,3
5294,1437784,1437788,4
5295,1438385,1438394,9
5296,1438394,1438397,3
5297,1439525,1439534,9
5298,1439870,1439873,3
5299,1440083,1440089,6
5300,1440236,1440239,3
5301,1440728,1440735,7
5302,1441343,1441352,9
5303,1441853,1441864,11
5304,1441864,1441868,4
5305,1442207,1442216,9
5306,1442855,1442864,9
5307,1443632,1443635,3
5308,1444187,1444196,9
5309,1446623,1446632,9
5310,1446919,1446923,4
5311,1447810,1447816,6
5312,1449905,1449912,7
5313,1449954,1449961,7
5314,1449961,1449966,5
5315,1450287,1450296,9
5316,1450453,1450462,9
5317,1450462,1450466,4
5318,1450541,1450546,5
5319,1451064,1451070,6
5320,1451521,1451526,5
5321,1451526,1451531,5
5322,1452045,1452049,4
5323,1452352,1452360,8
5324,1452360,1452364,4
5325,1452364,1452367,3
5326,1452398,1452404,6
5327,1452404,1452408,4
5328,1452544,1452551,7
5329,1452615,1452622,7
5330,1452682,1452689,7
5331,1453055,1453059,4
5332,1453213,1453220,7
5333,1453220,1453229,9
5334,1453416,1453424,8
5335,1454040,1454049,9
5336,1454367,1454404,37
5337,1454404,1454414,10
5338,1454658,1454695,37
5339,1454695,1454705,10
5340,1454999,1455003,4
5341,1455277,1455284,7
5342,1456006,1456014,8
5343,1456786,1456795,9
5344,1457087,1457094,7
5345,1457605,1457608,3
5346,1458619,1458626,7
5347,1458940,1458946,6
5348,1459248,1459252,4
5349,1459275,1459278,3
5350,1459598,1459603,5
5351,1460267,1460272,5
5352,1460727,1460733,6
5353,1460836,1460845,9
5354,1462406,1462414,8
5355,1464057,1464064,7
5356,1464230,1464235,5
5357,1464500,1464504,4
5358,1466334,1466341,7
5359,1466758,1466765,7
5360,1469810,1469816,6
5361,1471188,1471191,3
5362,1471715,1471718,3
5363,1471978,1471983,5
5364,1472339,1472344,5
5365,1472344,1472348,4
5366,1472401,1472412,11
5367,1472412,1472417,5
5368,1472557,1472564,7
5369,1473327,1473330,3
5370,1474555,1474561,6
5371,1474643,1474651,8
5372,1474651,1474654,3
5373,1475195,1475203,8
5374,1475308,1475314,6
5375,1475944,1475953,9
5376,1476568,1476577,9
5377,1477704,1477713,9
5378,1477713,1477716,3
5379,1478316,1478325,9
5380,1479121,1479133,12
5381,1480207,1480213,6
5382,1480635,1480638,3
5383,1480638,1480645,7
5384,1481703,1481712,9
5385,1482468,1482477,9
5386,1482687,1482696,9
5387,1483903,1483909,6
5388,1483999,1484008,9
5389,1485378,1485387,9
5390,1486260,1486267,7
5391,1486267,1486274,7
5392,1486274,1486281,7
5393,1486281,1486288,7
5394,1486426,1486432,6
5395,1486852,1486860,8
5396,1486895,1486903,8
5397,1487065,1487071,6
5398,1487071,1487076,5
5399,1487663,1487670,7
5400,1487993,1488000,7
5401,1488706,1488715,9
5402,1488715,1488724,9
5403,1489515,1489518,3
5404,1489600,1489603,3
5405,1490019,1490027,8
5406,1490515,1490521,6
5407,1490700,1490707,7
5408,1491403,1491406,3
5409,1491430,1491436,6
5410,1491804,1491808,4
5411,1492001,1492005,4
5412,1492005,1492009,4
5413,1492020,1492025,5
5414,1492037,1492044,7
5415,1492437,1492447,10
5416,1492780,1492786,6
5417,1493116,1493125,9
5418,1493276,1493280,4
5419,1493280,1493287,7
5420,1493287,1493295,8
5421,1493453,1493459,6
5422,1494087,1494094,7
5423,1494222,1494226,4
5424,1494250,1494258,8
5425,1494258,1494266,8
5426,1494266,1494270,4
5427,1494270,1494278,8
5428,1494278,1494282,4
5429,1494319,1494322,3
5430,1494322,1494326,4
5431,1494326,1494330,4
5432,1494330,1494337,7
5433,1494351,1494358,7
5434,1494684,1494695,11
5435,1495774,1495781,7
5436,1495809,1495815,6
5437,1496491,1496494,3
5438,1496827,1496830,3
5439,1498091,1498094,3
5440,1499001,1499008,7
5441,1499439,1499447,8
5442,1499659,1499662,3
5443,1499662,1499668,6
5444,1500991,1500998,7
5445,1501962,1501971,9
5446,1502390,1502397,7
5447,1502397,1502401,4
5448,1503045,1503052,7
5449,1503495,1503501,6
5450,1505921,1505930,9
5451,1505975,1505983,8
5452,1506076,1506085,9
5453,1506463,1506468,5
5454,1506468,1506478,10
5455,1507673,1507682,9
5456,1507682,1507688,6
5457,1507688,1507694,6
5458,1508044,1508050,6
5459,1508638,1508648,10
5460,1509394,1509399,5
5461,1509438,1509441,3
5462,1509516,1509525,9
5463,1509538,1509542,4
5464,1509542,1509547,5
5465,1509592,1509595,3
5466,1510872,1510877,5
5467,1512042,1512047,5
5468,1512361,1512366,5
5469,1512769,1512772,3
5470,1512772,1512775,3
5471,1512884,1512892,8
5472,1513061,1513066,5
5473,1513635,1513642,7
5474,1514209,1514226,17
5475,1514226,1514241,15
5476,1514855,1514858,3
5477,1515571,1515576,5
5478,1515695,1515700,5
5479,1516167,1516173,6
5480,1516173,1516179,6
5481,1516636,1516639,3
5482,1517069,1517074,5
5483,1517074,1517081,7
5484,1518112,1518115,3
5485,1518176,1518213,37
5486,1518213,1518235,22
5487,1518235,1518258,23
5488,1518494,1518542,48
5489,1518542,1518742,200
5490,1518742,1518764,22
5491,1518764,1518884,120
5492,1518884,1519085,201
5493,1519085,1519091,6
5494,1519091,1519121,30
5495,1519121,1519184,63
5496,1519184,1519254,70
5497,1519254,1519289,35
5498,1519289,1519417,128
5499,1519417,1519436,19
5500,1519436,1519508,72
5501,1519508,1519511,3
5502,1519511,1519600,89
5503,1519600,1519617,17
5504,1519617,1519674,57
5505,1519674,1519715,41
5506,1519715,1519805,90
5507,1519805,1519882,77
5508,1519882,1519976,94
5509,1520228,1520246,18
5510,1520246,1520274,28
5511,1520274,1520287,13
5512,1520287,1520293,6
5513,1520293,1520475,182
5514,1520549,1520553,4
5515,1520553,1520560,7
5516,1520560,1520614,54
5517,1520614,1520651,37
5518,1520651,1520770,119
5519,1520770,1520809,39
5520,1520995,1521163,168
5521,1521163,1521180,17
5522,1521180,1521244,64
5523,1521244,1521256,12
5524,1521256,1521577,321
5525,1521577,1521586,9
5526,1521586,1521613,27
5527,1521613,1521658,45
5528,1521658,1521705,47
5529,1521795,1521823,28
5530,1521823,1521837,14
5531,1521837,1521958,121
5532,1521958,1522087,129
5533,1522087,1522219,132
5534,1522219,1522246,27
5535,1522246,1522312,66
5536,1522312,1522431,119
5537,1522431,1522474,43
5538,1522474,1522542,68
5539,1522677,1522683,6
5540,1522683,1523045,362
5541,1523045,1523106,61
5542,1523106,1523142,36
5543,1523183,1523186,3
5544,1523186,1523202,16
5545,1523202,1523238,36
5546,1523238,1523292,54
5547,1523292,1523311,19
5548,1523311,1523333,22
5549,1523333,1523361,28
5550,1525417,1525420,3
5551,1525445,1525451,6
5552,1525842,1525847,5
5553,1527451,1527457,6
5554,1528150,1528154,4
5555,1528580,1528589,9
5556,1529603,1529610,7
5557,1531261,1531264,3
5558,1531882,1531892,10
5559,1531927,1531936,9
5560,1532578,1532582,4
5561,1532658,1532661,3
5562,1532759,1532767,8
5563,1535025,1535033,8
5564,1535698,1535706,8
5565,1535706,1535714,8
5566,1536051,1536059,8
5567,1536879,1536886,7
5568,1537002,1537006,4
5569,1537006,1537012,6
5570,1537024,1537030,6
5571,1537464,1537467,3
5572,1537783,1537788,5
5573,1538625,1538633,8
5574,1538633,1538641,8
5575,1539572,1539603,31
5576,1539603,1539606,3
5577,1539915,1539946,31
5578,1539946,1539949,3
5579,1540295,1540298,3
5580,1540994,1540998,4
5581,1541701,1541706,5
5582,1542000,1542009,9
5583,1543402,1543413,11
5584,1543606,1543613,7
5585,1543657,1543663,6
5586,1544160,1544169,9
5587,1544698,1544703,5
5588,1546091,1546097,6
5589,1546097,1546101,4
5590,1546101,1546105,4
5591,1546870,1546873,3
5592,1546895,1546903,8
5593,1548606,1548612,6
5594,1550339,1550346,7
5595,1551215,1551227,12
5596,1551301,1551304,3
5597,1551324,1551330,6
5598,1552742,1552746,4
5599,1553011,1553017,6
5600,1553035,1553038,3
5601,1553083,1553088,5
5602,1553338,1553349,11
5603,1554628,1554635,7
5604,1554635,1554643,8
5605,1556640,1556645,5
5606,1556854,1556862,8
5607,1556881,1556886,5
5608,1556886,1556890,4
5609,1558190,1558198,8
5610,1558753,1558758,5
5611,1558758,1558766,8
5612,1559270,1559277,7
5613,1559310,1559315,5
5614,1559724,1559732,8
5615,1559732,1559738,6
5616,1559766,1559774,8
5617,1560338,1560345,7
5618,1562392,1562398,6
5619,1563869,1563874,5
5620,1563874,1563879,5
5621,1564372,1564378,6
5622,1564559,1564564,5
5623,1565203,1565209,6
5624,1565412,1565416,4
5625,1566875,1566880,5
5626,1566880,1566885,5
5627,1567141,1567148,7
5628,1567172,1567176,4
5629,1567338,1567344,6
5630,1567729,1567733,4
5631,1567733,1567765,32
5632,1567765,1567895,130
5633,1567895,1567954,59
5634,1567954,1568022,68
5635,1568022,1568095,73
5636,1568095,1568184,89
5637,1568184,1568229,45
5638,1568229,1568333,104
5639,1568333,1568355,22
5640,1568355,1568368,13
5641,1568368,1568451,83
5642,1568451,1568511,60
5643,1568511,1568528,17
5644,1568528,1568576,48
5645,1568576,1568582,6
5646,1568582,1568604,22
5647,1568604,1568664,60
5648,1568664,1568763,99
5649,1568763,1568783,20
5650,1568783,1568806,23
5651,1568806,1568863,57
5652,1568863,1568885,22
5653,1568885,1568904,19
5654,1568904,1568969,65
5655,1568969,1568982,13
5656,1568982,1569033,51
5657,1569033,1569067,34
5658,1569067,1569089,22
5659,1569089,1569237,148
5660,1569237,1569432,195
5661,1569432,1569438,6
5662,1569438,1569443,5
5663,1571327,1571332,5
5664,1573081,1573088,7
5665,1573489,1573494,5
5666,1574785,1574788,3
5667,1574788,1574794,6
5668,1574794,1574797,3
5669,1574797,1574800,3
5670,1574800,1574803,3
5671,1574803,1574809,6
5672,1574809,1574815,6
5673,1574815,1574818,3
5674,1574818,1574821,3
5675,1574821,1574824,3
5676,1574824,1574827,3
5677,1575924,1575933,9
5678,1577083,1577093,10
5679,1578493,1578503,10
5680,1578856,1578868,12
5681,1578879,1578885,6
5682,1578885,1578888,3
5683,1579143,1579147,4
5684,1580190,1580197,7
5685,1580407,1580416,9
5686,1581744,1581748,4
5687,1581896,1581903,7
5688,1581903,1581910,7
5689,1583861,1583869,8
5690,1583977,1583986,9
5691,1585139,1585143,4
5692,1588351,1588357,6
5693,1591497,1591505,8
5694,1592805,1592808,3
5695,1592960,1592967,7
5696,1593070,1593078,8
5697,1593760,1593764,4
5698,1593775,1593779,4
5699,1594184,1594190,6
5700,1597220,1597231,11
5701,1598000,1598009,9
5702,1600368,1600376,8
5703,1600480,1600486,6
5704,1601085,1601092,7
5705,1601930,1601933,3
5706,1601933,1601938,5
5707,1602739,1602746,7
5708,1602746,1602753,7
5709,1603026,1603029,3
5710,1603166,1603173,7
5711,1603173,1603180,7
5712,1603180,1603187,7
5713,1603187,1603193,6
5714,1603380,1603384,4
5715,1603437,1603447,10
5716,1603447,1603455,8
5717,1603506,1603516,10
5718,1603516,1603522,6
5719,1604096,1604101,5
5720,1604101,1604106,5
5721,1604673,1604681,8
5722,1605649,1605658,9
5723,1605890,1605895,5
5724,1606310,1606313,3
5725,1606325,1606331,6
5726,1606331,1606334,3
5727,1607105,1607114,9
5728,1607771,1607775,4
5729,1608299,1608306,7
5730,1608306,1608313,7
5731,1609129,1609136,7
5732,1609931,1609938,7
5733,1610277,1610283,6
5734,1610631,1610634,3
5735,1611602,1611610,8
5736,1611939,1611944,5
5737,1611944,1611953,9
5738,1611967,1611974,7
5739,1611974,1611981,7
5740,1612986,1612992,6
5741,1613205,1613211,6
5742,1613211,1613217,6
5743,1613217,1613223,6
5744,1613271,1613277,6
5745,1614683,1614691,8
5746,1614735,1614741,6
5747,1615377,1615383,6
5748,1615383,1615386,3
5749,1615386,1615389,3
5750,1615389,1615395,6
5751,1615395,1615404,9
5752,1617037,1617042,5
5753,1617042,1617047,5
5754,1617047,1617052,5
5755,1617921,1617925,4
5756,1617925,1617929,4
5757,1618034,1618042,8
5758,1619252,1619263,11
5759,1619496,1619500,4
5760,1620238,1620242,4
5761,1621046,1621051,5
5762,1621563,1621566,3
5763,1622470,1622473,3
5764,1622532,1622535,3
5765,1623096,1623102,6
5766,1623461,1623469,8
5767,1624797,1624801,4
5768,1625676,1625680,4
5769,1627331,1627337,6
5770,1627337,1627343,6
5771,1627361,1627373,12
5772,1627373,1627379,6
5773,1627379,1627385,6
5774,1627385,1627391,6
5775,1627619,1627627,8
5776,1628050,1628079,29
5777,1628079,1628111,32
5778,1628111,1628166,55
5779,1628166,1628211,45
5780,1628211,1628385,174
5781,1628385,1628399,14
5782,1628399,1628536,137
5783,1628536,1628570,34
5784,1628570,1628624,54
5785,1628624,1628720,96
5786,1628720,1628789,69
5787,1628789,1628805,16
5788,1628805,1628867,62
5789,1628867,1628877,10
5790,1628877,1628896,19
5791,1628896,1628960,64
5792,1628960,1628963,3
5793,1628963,1629009,46
5794,1629009,1629170,161
5795,1629170,1629178,8
5796,1629178,1629186,8
5797,1629186,1629232,46
5798,1629346,1629353,7
5799,1629353,1629361,8
5800,1629361,1629410,49
5801,1629410,1629457,47
5802,1629457,1629602,145
5803,1629602,1629680,78
5804,1629680,1629724,44
5805,1629724,1629847,123
5806,1629847,1629935,88
5807,1629935,1629938,3
5808,1630230,1630266,36
5809,1630266,1630280,14
5810,1630280,1630302,22
5811,1630302,1630419,117
5812,1630419,1630575,156
5813,1630713,1630875,162
5814,1630913,1630952,39
5815,1630952,1631048,96
5816,1631048,1631130,82
5817,1631130,1631373,243
5818,1631373,1631387,14
5819,1631387,1631394,7
5820,1631394,1631423,29
5821,1631423,1631429,6
5822,1631429,1631435,6
5823,1631435,1631440,5
5824,1631440,1631595,155
5825,1631595,1631604,9
5826,1631604,1631623,19
5827,1631623,1631637,14
5828,1631637,1631666,29
5829,1631666,1631769,103
5830,1631769,1631799,30
5831,1631799,1631844,45
5832,1631844,1632174,330
5833,1632174,1632183,9
5834,1632183,1632198,15
5835,1632375,1632402,27
5836,1632402,1632497,95
5837,1632497,1632552,55
5838,1632694,1632705,11
5839,1632705,1632733,28
5840,1632733,1632788,55
5841,1632788,1632822,34
5842,1632822,1632981,159
5843,1632981,1633044,63
5844,1633044,1633145,101
5845,1633145,1633150,5
5846,1633540,1633562,22
5847,1633562,1633629,67
5848,1633629,1634009,380
5849,1634060,1634153,93
5850,1634503,1634522,19
5851,1634905,1634966,61
5852,1634966,1634995,29
5853,1634995,1635027,32
5854,1635027,1635082,55
5855,1635082,1635127,45
5856,1635127,1635301,174
5857,1635301,1635315,14
5858,1635512,1635517,5
5859,1635517,1635527,10
5860,1635527,1635533,6
5861,1635533,1635539,6
5862,1635551,1635557,6
5863,1635557,1635562,5
5864,1636772,1636775,3
5865,1637471,1637478,7
5866,1637664,1637672,8
5867,1638092,1638101,9
5868,1640013,1640020,7
5869,1640524,1640530,6
5870,1640689,1640693,4
5871,1641276,1641280,4
5872,1641280,1641285,5
5873,1641285,1641290,5
5874,1641532,1641535,3
5875,1641535,1641538,3
5876,1641742,1641750,8
5877,1641750,1641753,3
5878,1642150,1642155,5
5879,1644134,1644143,9
5880,1644912,1644920,8
5881,1646550,1646562,12
5882,1646562,1646567,5
5883,1647060,1647066,6
5884,1647078,1647084,6
5885,1647084,1647090,6
5886,1647090,1647102,12
5887,1647102,1647109,7
5888,1649134,1649137,3
5889,1649946,1649956,10
5890,1650165,1650170,5
5891,1650170,1650178,8
5892,1650178,1650183,5
5893,1650516,1650523,7
5894,1650523,1650529,6
5895,1650837,1650847,10
5896,1650847,1650850,3
5897,1650850,1650853,3
5898,1651057,1651063,6
5899,1652739,1652746,7
5900,1653497,1653505,8
5901,1654815,1654822,7
5902,1654822,1654831,9
5903,1655210,1655217,7
5904,1655819,1655825,6
5905,1655868,1655871,3
5906,1655871,1655879,8
5907,1656805,1656809,4
5908,1659794,1659800,6
5909,1660727,1660738,11
5910,1660738,1660743,5
5911,1661177,1661185,8
5912,1661185,1661188,3
5913,1662244,1662251,7
5914,1662251,1662258,7
5915,1663960,1663966,6
5916,1664051,1664056,5
5917,1664171,1664177,6
5918,1664177,1664189,12
5919,1664189,1664195,6
5920,1664195,1664201,6
5921,1664201,1664207,6
5922,1664207,1664213,6
5923,1664983,1664989,6
5924,1665239,1665245,6
5925,1668027,1668030,3
5926,1668261,1668268,7
5927,1669268,1669276,8
5928,1669462,1669471,9
5929,1669521,1669529,8
5930,1669816,1669822,6
5931,1669822,1669831,9
5932,1669831,1669837,6
5933,1670019,1670025,6
5934,1671091,1671098,7
5935,1671405,1671408,3
5936,1672201,1672212,11
5937,1672356,1672362,6
5938,1673283,1673289,6
5939,1673289,1673295,6
5940,1673295,1673301,6
5941,1673402,1673411,9
5942,1673940,1673946,6
5943,1674366,1674374,8
5944,1675033,1675041,8
5945,1675113,1675121,8
5946,1675121,1675129,8
5947,1675448,1675453,5
5948,1675530,1675536,6
5949,1675536,1675543,7
5950,1675578,1675581,3
5951,1675723,1675729,6
5952,1675729,1675735,6
5953,1677863,1677866,3
5954,1677877,1677880,3
5955,1677982,1677988,6
5956,1677988,1677994,6
5957,1677994,1678006,12
5958,1678006,1678011,5
5959,1678011,1678019,8
5960,1678019,1678022,3
5961,1678271,1678277,6
5962,1678330,1678334,4
5963,1678345,1678353,8
5964,1678353,1678357,4
5965,1678357,1678365,8
5966,1678697,1678708,11
5967,1679196,1679205,9
5968,1679365,1679373,8
5969,1679401,1679410,9
5970,1679410,1679416,6
5971,1679416,1679423,7
5972,1679755,1679758,3
5973,1679758,1679762,4
5974,1679762,1679767,5
5975,1680243,1680252,9
5976,1680273,1680276,3
5977,1680836,1680843,7
5978,1681048,1681056,8
5979,1681100,1681105,5
5980,1682650,1682654,4
5981,1683926,1683935,9
5982,1683977,1683981,4
5983,1684066,1684069,3
5984,1684369,1684375,6
5985,1684459,1684466,7
5986,1684571,1684581,10
5987,1684786,1684794,8
5988,1684936,1684941,5
5989,1684941,1684949,8
5990,1684976,1684982,6
5991,1684993,1684999,6
5992,1685026,1685034,8
5993,1685053,1685058,5
5994,1685058,1685063,5
5995,1685246,1685254,8
5996,1685379,1685383,4
5997,1685743,1685747,4
5998,1685747,1685751,4
5999,1685777,1685782,5
6000,1686619,1686622,3
6001,1687267,1687272,5
6002,1687484,1687492,8
6003,1687686,1687698,12
6004,1687864,1687873,9
6005,1688142,1688150,8
6006,1688256,1688266,10
6007,1688266,1688273,7
6008,1688273,1688281,8
6009,1689572,1689576,4
6010,1690203,1690211,8
6011,1690264,1690270,6
6012,1690381,1690388,7
6013,1690712,1690720,8
6014,1690853,1690860,7
6015,1691182,1691190,8
6016,1691190,1691196,6
6017,1691681,1691687,6
6018,1692458,1692464,6
6019,1692464,1692469,5
6020,1692898,1692908,10
6021,1694074,1694082,8
6022,1694527,1694534,7
6023,1696325,1696331,6
6024,1696331,1696337,6
6025,1696719,1696726,7
6026,1696848,1696853,5
6027,1696954,1696959,5
6028,1698010,1698013,3
6029,1698013,1698019,6
6030,1698019,1698025,6
6031,1698070,1698073,3
6032,1698411,1698416,5
6033,1699669,1699675,6
6034,1699675,1699681,6
6035,1700789,1700800,11
6036,1702252,1702260,8
6037,1702380,1702387,7
6038,1702387,1702393,6
6039,1702716,1702725,9
6040,1703353,1703356,3
6041,1703491,1703546,55
6042,1703613,1703619,6
6043,1703619,1703632,13
6044,1703632,1703655,23
6045,1703655,1703672,17
6046,1703672,1703675,3
6047,1703675,1703693,18
6048,1703693,1703735,42
6049,1703961,1703967,6
6050,1703967,1703980,13
6051,1703980,1704003,23
6052,1704003,1704020,17
6053,1704020,1704023,3
6054,1704023,1704041,18
6055,1704041,1704083,42
6056,1704188,1704243,55
6057,1704311,1704317,6
6058,1704317,1704330,13
6059,1704370,1704373,3
6060,1704373,1704391,18
6061,1705228,1705234,6
6062,1705470,1705473,3
6063,1705586,1705592,6
6064,1705592,1705598,6
6065,1705598,1705604,6
6066,1705604,1705610,6
6067,1705610,1705616,6
6068,1705638,1705643,5
6069,1706603,1706608,5
6070,1706623,1706629,6
6071,1706629,1706635,6
6072,1706635,1706643,8
6073,1706643,1706647,4
6074,1707107,1707113,6
6075,1707310,1707316,6
6076,1707899,1707905,6
6077,1708691,1708696,5
6078,1708719,1708725,6
6079,1709790,1709800,10
6080,1710291,1710298,7
6081,1712487,1712490,3
6082,1712490,1712493,3
6083,1712493,1712496,3
6084,1712496,1712499,3
6085,1712499,1712502,3
6086,1712502,1712508,6
6087,1712508,1712511,3
6088,1713485,1713491,6
6089,1713670,1713678,8
6090,1713678,1713686,8
6091,1713686,1713694,8
6092,1713694,1713702,8
6093,1715897,1715905,8
6094,1715905,1715913,8
6095,1715925,1715929,4
6096,1716820,1716825,5
6097,1717075,1717082,7
6098,1717632,1717641,9
6099,1717829,1717836,7
6100,1717836,1717843,7
6101,1718284,1718290,6
6102,1719012,1719015,3
6103,1719015,1719018,3
6104,1719018,1719021,3
6105,1720376,1720379,3
6106,1720497,1720503,6
6107,1721437,1721444,7
6108,1721507,1721517,10
6109,1721724,1721728,4
6110,1723446,1723454,8
6111,1723478,1723483,5
6112,1723551,1723559,8
6113,1723559,1723567,8
6114,1723595,1723600,5
6115,1725095,1725098,3
6116,1726149,1726155,6
6117,1726527,1726535,8
6118,1726604,1726612,8
6119,1727959,1727966,7
6120,1727966,1727973,7
6121,1728130,1728138,8
6122,1728510,1728519,9
6123,1729438,1729442,4
6124,1729833,1729836,3
6125,1730127,1730132,5
6126,1730417,1730422,5
6127,1730458,1730463,5
6128,1731737,1731746,9
6129,1733015,1733022,7
6130,1733157,1733166,9
6131,1735708,1735715,7
6132,1736141,1736144,3
6133,1736338,1736342,4
6134,1736342,1736350,8
6135,1736462,1736468,6
6136,1736613,1736618,5
6137,1736652,1736659,7
6138,1737216,1737412,196
6139,1737412,1737485,73
6140,1737485,1737519,34
6141,1737519,1737534,15
6142,1737534,1737618,84
6143,1737618,1737672,54
6144,1737672,1737700,28
6145,1737700,1737741,41
6146,1737741,1737849,108
6147,1737849,1737906,57
6148,1737906,1738045,139
6149,1738045,1738072,27
6150,1738072,1738129,57
6151,1738129,1738140,11
6152,1738140,1738153,13
6153,1738153,1738203,50
6154,1738203,1738442,239
6155,1738442,1738561,119
6156,1738561,1738588,27
6157,1738588,1738651,63
6158,1738651,1738695,44
6159,1738695,1738699,4
6160,1738699,1738733,34
6161,1738733,1738748,15
6162,1738748,1738873,125
6163,1738873,1738909,36
6164,1738909,1739007,98
6165,1739007,1739116,109
6166,1739116,1739139,23
6167,1739139,1739251,112
6168,1739251,1739295,44
6169,1739295,1739340,45
6170,1739340,1739464,124
6171,1739464,1739480,16
6172,1739480,1739533,53
6173,1739533,1739645,112
6174,1739645,1739651,6
6175,1739651,1739667,16
6176,1739667,1739765,98
6177,1739765,1739860,95
6178,1739860,1739999,139
6179,1739999,1740026,27
6180,1740026,1740212,186
6181,1740212,1740370,158
6182,1740370,1740419,49
6183,1740487,1740571,84
6184,1740571,1740773,202
6185,1740773,1740866,93
6186,1740866,1740871,5
6187,1740871,1740949,78
6188,1740949,1740980,31
6189,1740980,1740992,12
6190,1740992,1741089,97
6191,1741089,1741198,109
6192,1741198,1741322,124
6193,1741322,1741350,28
6194,1741350,1741366,16
6195,1741366,1741387,21
6196,1741387,1741445,58
6197,1741445,1741505,60
6198,1741505,1741527,22
6199,1741527,1741544,17
6200,1741544,1741754,210
6201,1741754,1741821,67
6202,1741821,1741831,10
6203,1741831,1741912,81
6204,1741912,1741935,23
6205,1741935,1741965,30
6206,1741965,1742051,86
6207,1742051,1742316,265
6208,1742316,1742395,79
6209,1742395,1742404,9
6210,1742404,1742749,345
6211,1742858,1742876,18
6212,1742876,1742888,12
6213,1742888,1742926,38
6214,1742926,1742979,53
6215,1742979,1743089,110
6216,1743089,1743157,68
6217,1743157,1743272,115
6218,1743272,1743291,19
6219,1743291,1743493,202
6220,1743493,1743580,87
6221,1743580,1743640,60
6222,1743640,1743774,134
6223,1743774,1743777,3
6224,1743777,1743873,96
6225,1743873,1744005,132
6226,1744005,1744048,43
6227,1744048,1744180,132
6228,1744180,1744207,27
6229,1744207,1744252,45
6230,1744252,1744564,312
6231,1744564,1744689,125
6232,1744689,1744707,18
6233,1744707,1744819,112
6234,1744819,1744832,13
6235,1744832,1744852,20
6236,1745076,1745108,32
6237,1745108,1745257,149
6238,1745257,1745267,10
6239,1745267,1745270,3
6240,1745323,1745398,75
6241,1745398,1745497,99
6242,1745497,1745562,65
6243,1745658,1745757,99
6244,1745757,1745821,64
6245,1745821,1745833,12
6246,1745833,1745895,62
6247,1745895,1746091,196
6248,1746091,1746164,73
6249,1746164,1746198,34
6250,1746198,1746213,15
6251,1746321,1746328,7
6252,1746328,1746334,6
6253,1746343,1746352,9
6254,1746352,1746358,6
6255,1747211,1747219,8
6256,1747219,1747223,4
6257,1747861,1747872,11
6258,1748344,1748350,6
6259,1749274,1749277,3
6260,1749945,1749948,3
6261,1751907,1751914,7
6262,1752436,1752442,6
6263,1752442,1752448,6
6264,1754151,1754158,7
6265,1754176,1754182,6
6266,1757009,1757014,5
6267,1757107,1757114,7
6268,1757114,1757117,3
6269,1757661,1757669,8
6270,1757669,1757674,5
6271,1757674,1757682,8
6272,1758379,1758388,9
6273,1758588,1758597,9
6274,1758712,1758719,7
6275,1760424,1760431,7
6276,1760771,1760778,7
6277,1761024,1761032,8
6278,1761032,1761036,4
6279,1762852,1762855,3
6280,1764442,1764452,10
6281,1764671,1764677,6
6282,1765620,1765628,8
6283,1765646,1765649,3
6284,1765663,1765670,7
6285,1766254,1766257,3
6286,1766257,1766260,3
6287,1766869,1766876,7
6288,1766876,1766880,4
6289,1767235,1767241,6
6290,1767241,1767247,6
6291,1767438,1767444,6
6292,1768990,1768997,7
6293,1769241,1769245,4
6294,1770188,1770195,7
6295,1770195,1770202,7
6296,1770202,1770210,8
6297,1770210,1770217,7
6298,1771561,1771569,8
6299,1772947,1772953,6
6300,1773268,1773276,8
6301,1773715,1773722,7
6302,1773722,1773730,8
6303,1774829,1774835,6
6304,1775201,1775211,10
6305,1775252,1775257,5
6306,1775257,1775266,9
6307,1775266,1775270,4
6308,1775270,1775274,4
6309,1775274,1775278,4
6310,1775278,1775286,8
6311,1775286,1775294,8
6312,1775294,1775298,4
6313,1775298,1775306,8
6314,1775306,1775314,8
6315,1775314,1775318,4
6316,1775340,1775344,4
6317,1776264,1776273,9
6318,1777006,1777012,6
6319,1778755,1778763,8
6320,1780475,1780485,10
6321,1780485,1780490,5
6322,1781824,1781832,8
6323,1782432,1782438,6
6324,1782438,1782447,9
6325,1784140,1784150,10
6326,1784474,1784479,5
6327,1785376,1785384,8
6328,1785819,1785823,4
6329,1786925,1786933,8
6330,1787898,1787906,8
6331,1788175,1788179,4
6332,1788207,1788213,6
6333,1789067,1789070,3
6334,1789545,1789551,6
6335,1790162,1790167,5
6336,1790167,1790170,3
6337,1790170,1790180,10
6338,1792804,1792814,10
6339,1792814,1792822,8
6340,1793214,1793221,7
6341,1793965,1793970,5
6342,1794516,1794524,8
6343,1794548,1794554,6
6344,1794818,1794824,6
6345,1794842,1794846,4
6346,1795837,1795844,7
6347,1796782,1796791,9
6348,1796826,1796831,5
6349,1796879,1796886,7
6350,1797800,1797807,7
6351,1797915,1797922,7
6352,1798409,1798417,8
6353,1798417,1798423,6
6354,1799010,1799016,6
6355,1799157,1799165,8
6356,1800029,1800037,8
6357,1800315,1800318,3
6358,1801122,1801128,6
6359,1801128,1801134,6
6360,1801134,1801140,6
6361,1801169,1801174,5
6362,1801174,1801179,5
6363,1802635,1802638,3
6364,1802638,1802645,7
6365,1802645,1802651,6
6366,1803009,1803015,6
6367,1803015,1803025,10
6368,1803116,1803123,7
6369,1804030,1804036,6
6370,1804245,1804253,8
6371,1804253,1804261,8
6372,1804607,1804616,9
6373,1806811,1806821,10
6374,1806821,1806826,5
6375,1807150,1807159,9
6376,1807326,1807329,3
6377,1807329,1807332,3
6378,1807491,1807499,8
6379,1807499,1807503,4
6380,1807503,1807511,8
6381,1809824,1809830,6
6382,1809999,1810003,4
6383,1811721,1811728,7
6384,1811940,1811943,3
6385,1812498,1812501,3
6386,1812570,1812589,19
6387,1812813,1812832,19
6388,1812910,1812918,8
6389,1813089,1813095,6
6390,1813095,1813101,6
6391,1813101,1813107,6
6392,1813107,1813113,6
6393,1813645,1813654,9
6394,1813772,1813775,3
6395,1815422,1815430,8
6396,1815523,1815528,5
6397,1815528,1815533,5
6398,1815637,1815643,6
6399,1815643,1815647,4
6400,1816289,1816294,5
6401,1816944,1816951,7
6402,1817543,1817548,5
6403,1817579,1817585,6
6404,1817708,1817713,5
6405,1817955,1817959,4
6406,1818475,1818483,8
6407,1818910,1818926,16
6408,1818926,1818932,6
6409,1819429,1819442,13
6410,1820009,1820019,10
6411,1820189,1820199,10
6412,1820457,1820461,4
6413,1820461,1820471,10
6414,1820507,1820515,8
6415,1821873,1821879,6
6416,1822484,1822489,5
6417,1822505,1822509,4
6418,1822509,1822519,10
6419,1822549,1822555,6
6420,1822555,1822563,8
6421,1823690,1823697,7
6422,1824443,1824446,3
6423,1825730,1825734,4
6424,1826571,1826574,3
6425,1827075,1827080,5
6426,1827603,1827613,10
6427,1827613,1827618,5
6428,1828745,1828748,3
6429,1830171,1830176,5
6430,1832221,1832231,10
6431,1832231,1832238,7
6432,1832291,1832295,4
6433,1833042,1833047,5
6434,1834201,1834209,8
6435,1834261,1834267,6
6436,1834741,1834747,6
6437,1834747,1834753,6
6438,1834806,1834812,6
6439,1835111,1835114,3
6440,1835449,1835458,9
6441,1836236,1836240,4
6442,1836303,1836306,3
6443,1836306,1836311,5
6444,1836311,1836319,8
6445,1836319,1836327,8
6446,1836475,1836483,8
6447,1837308,1837312,4
6448,1838804,1838807,3
6449,1838855,1838863,8
6450,1839612,1839624,12
6451,1841106,1841109,3
6452,1841109,1841115,6
6453,1841115,1841118,3
6454,1841118,1841121,3
6455,1841121,1841124,3
6456,1841124,1841130,6
6457,1841322,1841328,6
6458,1841897,1841900,3
6459,1841900,1841903,3
6460,1842438,1842446,8
6461,1843419,1843424,5
6462,1844528,1844533,5
6463,1845190,1845201,11
6464,1845293,1845297,4
6465,1845513,1845525,12
6466,1845677,1845681,4
6467,1845694,1845702,8
6468,1846699,1846704,5
6469,1846704,1846714,10
6470,1846714,1846719,5
6471,1846745,1846754,9
6472,1847920,1847925,5
6473,1849324,1849327,3
6474,1854008,1854014,6
6475,1854214,1854223,9
6476,1854570,1854579,9
6477,1854659,1854666,7
6478,1854740,1854747,7
6479,1854747,1854754,7
6480,1854754,1854758,4
6481,1854758,1854769,11
6482,1854852,1854861,9
6483,1854956,1854966,10
6484,1855499,1855502,3
6485,1855824,1855832,8
6486,1856126,1856135,9
6487,1856307,1856310,3
6488,1856656,1856661,5
6489,1856661,1856666,5
6490,1856666,1856671,5
6491,1857482,1857489,7
6492,1861035,1861040,5
6493,1861106,1861115,9
6494,1861641,1861646,5
6495,1861679,1861684,5
6496,1863786,1863793,7
6497,1865260,1865268,8
6498,1865597,1865600,3
6499,1867039,1867045,6
6500,1867452,1867456,4
6501,1868170,1868173,3
6502,1868173,1868180,7
6503,1868946,1868957,11
6504,1869487,1869496,9
6505,1869496,1869502,6
6506,1869673,1869678,5
6507,1870191,1870197,6
6508,1871460,1871470,10
6509,1871817,1871823,6
6510,1872188,1872194,6
6511,1872435,1872443,8
6512,1872691,1872699,8
6513,1873205,1873208,3
6514,1874175,1874185,10
6515,1874830,1874836,6
6516,1876318,1876327,9
6517,1878635,1878643,8
6518,1878725,1878734,9
6519,1879099,1879105,6
6520,1879465,1879471,6
6521,1880651,1880657,6
6522,1881855,1881864,9
6523,1882034,1882039,5
6524,1882329,1882333,4
6525,1882675,1882682,7
6526,1882964,1882968,4
6527,1883360,1883367,7
6528,1884385,1884388,3
6529,1884774,1884777,3
6530,1884812,1884821,9
6531,1885507,1885510,3
6532,1885510,1885513,3
6533,1885598,1885604,6
6534,1886698,1886704,6
6535,1886987,1886992,5
6536,1888083,1888087,4
6537,1889239,1889242,3
6538,1889424,1889432,8
6539,1889807,1889812,5
6540,1891699,1891705,6
6541,1891705,1891713,8
6542,1891713,1891720,7
6543,1892304,1892314,10
6544,1892846,1892850,4
6545,1892958,1892967,9
6546,1892967,1892973,6
6547,1893097,1893105,8
6548,1893218,1893224,6
6549,1893224,1893233,9
6550,1893503,1893507,4
6551,1893630,1893634,4
6552,1894822,1894832,10
6553,1895154,1895161,7
6554,1895255,1895262,7
6555,1896087,1896095,8
6556,1896340,1896345,5
6557,1896720,1896729,9
6558,1896729,1896738,9
6559,1896761,1896765,4
6560,1896831,1896841,10
6561,1898415,1898424,9
6562,1898522,1898526,4
6563,1898681,1898689,8
6564,1898830,1898840,10
6565,1899746,1899751,5
6566,1900188,1900196,8
6567,1900626,1900633,7
6568,1901673,1901678,5
6569,1901723,1901729,6
6570,1902668,1902676,8
6571,1902726,1902729,3
6572,1903247,1903256,9
6573,1905140,1905146,6
6574,1905271,1905280,9
6575,1906397,1906403,6
6576,1906451,1906459,8
6577,1906824,1906829,5
6578,1907175,1907181,6
6579,1907689,1907696,7
6580,1909925,1909929,4
6581,1910060,1910067,7
6582,1910067,1910071,4
6583,1910455,1910458,3
6584,1910873,1910881,8
6585,1911227,1911232,5
6586,1911463,1911470,7
6587,1912063,1912066,3
6588,1912168,1912171,3
6589,1912964,1912975,11
6590,1913039,1913050,11
6591,1915045,1915048,3
6592,1916286,1916295,9
6593,1917168,1917173,5
6594,1918222,1918228,6
6595,1918812,1918817,5
6596,1919084,1919087,3
6597,1919919,1919925,6
6598,1920322,1920328,6
6599,1920588,1920592,4
6600,1920719,1920728,9
6601,1920745,1920748,3
6602,1921535,1921538,3
6603,1922556,1922567,11
6604,1923992,1923995,3
6605,1924944,1924955,11
6606,1925103,1925108,5
6607,1925108,1925111,3
6608,1925406,1925409,3
6609,1926361,1926366,5
6610,1926619,1926622,3
6611,1927200,1927204,4
6612,1928230,1928237,7
6613,1928999,1929003,4
6614,1929253,1929261,8
6615,1929744,1929750,6
6616,1930329,1930338,9
6617,1930652,1930695,43
6618,1930695,1930720,25
6619,1930720,1930737,17
6620,1930737,1930749,12
6621,1930749,1930970,221
6622,1930970,1931121,151
6623,1931121,1931136,15
6624,1931136,1931264,128
6625,1931264,1931422,158
6626,1931422,1931486,64
6627,1931486,1931489,3
6628,1931489,1931501,12
6629,1931501,1931613,112
6630,1931613,1931700,87
6631,1931700,1931748,48
6632,1932134,1932139,5
6633,1932139,1932160,21
6634,1932160,1932348,188
6635,1932348,1932389,41
6636,1932389,1932437,48
6637,1932437,1932533,96
6638,1932533,1932611,78
6639,1932611,1932615,4
6640,1932615,1932632,17
6641,1932632,1932742,110
6642,1932742,1932758,16
6643,1932758,1932834,76
6644,1932951,1933134,183
6645,1933134,1933167,33
6646,1933167,1933204,37
6647,1933204,1933234,30
6648,1933234,1933256,22
6649,1933256,1933325,69
6650,1933325,1933341,16
6651,1933341,1933348,7
6652,1933348,1933427,79
6653,1933427,1933501,74
6654,1933501,1933518,17
6655,1933518,1933610,92
6656,1933661,1933701,40
6657,1933701,1933797,96
6658,1933797,1933826,29
6659,1933826,1933882,56
6660,1933882,1933942,60
6661,1933942,1934117,175
6662,1934117,1934145,28
6663,1934145,1934218,73
6664,1934218,1934243,25
6665,1934243,1934280,37
6666,1934280,1934283,3
6667,1934283,1934340,57
6668,1934340,1934355,15
6669,1934355,1934457,102
6670,1934457,1934462,5
6671,1934462,1934541,79
6672,1934541,1934600,59
6673,1934600,1934646,46
6674,1934646,1934706,60
6675,1934747,1934763,16
6676,1934763,1934787,24
6677,1934825,1934842,17
6678,1934842,1934950,108
6679,1934950,1935034,84
6680,1935034,1935136,102
6681,1935136,1935235,99
6682,1935235,1935380,145
6683,1935380,1935586,206
6684,1935586,1935595,9
6685,1935595,1935608,13
6686,1935608,1935613,5
6687,1935613,1935716,103
6688,1935716,1935722,6
6689,1935722,1935758,36
6690,1935758,1935830,72
6691,1935830,1935885,55
6692,1935885,1935975,90
6693,1935975,1935986,11
6694,1935986,1936333,347
6695,1936333,1936533,200
6696,1936533,1936555,22
6697,1936555,1936626,71
6698,1937201,1937388,187
6699,1937388,1937473,85
6700,1937473,1937480,7
6701,1937649,1937692,43
6702,1937692,1937717,25
6703,1937717,1937734,17
6704,1937734,1937746,12
6705,1937746,1937967,221
6706,1939086,1939095,9
6707,1939272,1939278,6
6708,1939686,1939693,7
6709,1939812,1939818,6
6710,1940279,1940283,4
6711,1942099,1942104,5
6712,1942950,1942957,7
6713,1943645,1943654,9
6714,1943736,1943743,7
6715,1943743,1943750,7
6716,1943992,1943998,6
6717,1944284,1944291,7
6718,1945208,1945217,9
6719,1945754,1945758,4
6720,1946269,1946274,5
6721,1946545,1946553,8
6722,1947063,1947075,12
6723,1948384,1948389,5
6724,1948830,1948837,7
6725,1949320,1949329,9
6726,1949415,1949420,5
6727,1950415,1950419,4
6728,1951010,1951018,8
6729,1952404,1952409,5
6730,1954974,1955190,216
6731,1955190,1955213,23
6732,1955213,1955261,48
6733,1955261,1955353,92
6734,1955749,1955775,26
6735,1955775,1956065,290
6736,1956065,1956131,66
6737,1956131,1956165,34
6738,1956165,1956234,69
6739,1956234,1956326,92
6740,1956326,1956406,80
6741,1956406,1956440,34
6742,1956440,1956580,140
6743,1956580,1956666,86
6744,1956666,1956699,33
6745,1956699,1956708,9
6746,1956708,1956808,100
6747,1956808,1956841,33
6748,1956841,1956915,74
6749,1956915,1956971,56
6750,1956971,1957093,122
6751,1957093,1957145,52
6752,1957145,1957171,26
6753,1957171,1957278,107
6754,1957278,1957296,18
6755,1957296,1957314,18
6756,1957314,1957324,10
6757,1957324,1957439,115
6758,1957439,1957448,9
6759,1957448,1957522,74
6760,1957522,1957548,26
6761,1957548,1957695,147
6762,1957695,1957752,57
6763,1957752,1957762,10
6764,1957762,1957860,98
6765,1957860,1957997,137
6766,1957997,1958064,67
6767,1958064,1958090,26
6768,1958090,1958127,37
6769,1958127,1958181,54
6770,1958181,1958247,66
6771,1958247,1958294,47
6772,1958294,1958333,39
6773,1958333,1958339,6
6774,1958339,1958350,11
6775,1958350,1958395,45
6776,1958395,1958483,88
6777,1958483,1958582,99
6778,1958582,1958610,28
6779,1958610,1958640,30
6780,1958640,1958653,13
6781,1958653,1958720,67
6782,1958720,1958766,46
6783,1958766,1958784,18
6784,1958784,1958800,16
6785,1958800,1958825,25
6786,1958825,1958886,61
6787,1958886,1959050,164
6788,1959050,1959057,7
6789,1959057,1959109,52
6790,1959109,1959169,60
6791,1959169,1959256,87
6792,1959256,1959281,25
6793,1959281,1959467,186
6794,1959467,1959512,45
6795,1959512,1959571,59
6796,1959571,1959612,41
6797,1959612,1959711,99
6798,1959711,1959808,97
6799,1959808,1959823,15
6800,1959823,1959858,35
6801,1959858,1959957,99
6802,1959957,1960036,79
6803,1960036,1960100,64
6804,1960100,1960164,64
6805,1960164,1960206,42
6806,1960206,1960225,19
6807,1960225,1960231,6
6808,1960231,1960335,104
6809,1960335,1960348,13
6810,1960606,1960626,20
6811,1960626,1960656,30
6812,1960656,1960824,168
6813,1961058,1961075,17
6814,1961075,1961141,66
6815,1961141,1961263,122
6816,1961596,1961645,49
6817,1961645,1961866,221
6818,1962433,1962649,216
6819,1962649,1962672,23
6820,1962672,1962720,48
6821,1962720,1962812,92
6822,1963055,1963064,9
6823,1964404,1964412,8
6824,1966068,1966072,4
6825,1968212,1968221,9
6826,1968463,1968472,9
6827,1968777,1968780,3
6828,1970130,1970135,5
6829,1970327,1970336,9
6830,1970605,1970613,8
6831,1971361,1971365,4
6832,1971519,1971522,3
6833,1972586,1972591,5
6834,1972740,1972747,7
6835,1974176,1974179,3
6836,1974363,1974368,5
6837,1974479,1974487,8
6838,1974997,1975005,8
6839,1978958,1978964,6
6840,1979863,1979873,10
6841,1980184,1980192,8
6842,1980648,1980658,10
6843,1980658,1980663,5
6844,1980663,1980668,5
6845,1981138,1981143,5
6846,1981180,1981188,8
6847,1981188,1981192,4
6848,1981285,1981288,3
6849,1981424,1981431,7
6850,1981431,1981438,7
6851,1981438,1981441,3
6852,1981441,1981445,4
6853,1982741,1982747,6
6854,1982747,1982753,6
6855,1983228,1983238,10
6856,1983309,1983314,5
6857,1983314,1983319,5
6858,1983653,1983660,7
6859,1983927,1983935,8
6860,1984316,1984327,11
6861,1984401,1984407,6
6862,1984407,1984414,7
6863,1984620,1984625,5
6864,1985306,1985310,4
6865,1985462,1985471,9
6866,1986033,1986040,7
6867,1986498,1986507,9
6868,1988641,1988647,6
6869,1989641,1989648,7
6870,1990825,1990830,5
6871,1992103,1992109,6
6872,1993441,1993444,3
6873,1993471,1993480,9
6874,1995123,1995133,10
6875,1995931,1995935,4
6876,1996785,1996790,5
6877,1997046,1997050,4
6878,1997344,1997350,6
6879,1997350,1997360,10
6880,1997360,1997368,8
6881,1997488,1997497,9
6882,1997667,1997674,7
6883,2002022,2002028,6
6884,2002070,2002079,9
6885,2002603,2002608,5
6886,2002692,2002698,6
6887,2002698,2002704,6
6888,2003990,2003993,3
6889,2004484,2004491,7
6890,2004491,2004497,6
6891,2004497,2004503,6
6892,2004503,2004509,6
6893,2004560,2004567,7
6894,2005488,2005497,9
6895,2005612,2005620,8
6896,2005620,2005630,10
6897,2007166,2007172,6
6898,2007316,2007324,8
6899,2007633,2007638,5
6900,2007654,2007658,4
6901,2007658,2007662,4
6902,2007662,2007668,6
6903,2007668,2007672,4
6904,2007672,2007676,4
6905,2007868,2007875,7
6906,2008151,2008156,5
6907,2008156,2008164,8
6908,2008444,2008448,4
6909,2008647,2008652,5
6910,2009307,2009315,8
6911,2010812,2010824,12
6912,2010993,2011000,7
6913,2011358,2011364,6
6914,2011364,2011370,6
6915,2013715,2013720,5
6916,2013720,2013725,5
6917,2014064,2014069,5
6918,2014590,2014593,3
6919,2015331,2015337,6
6920,2015355,2015361,6
6921,2015373,2015379,6
6922,2015665,2015673,8
6923,2016189,2016197,8
6924,2016420,2016425,5
6925,2016564,2016572,8
6926,2016572,2016582,10
6927,2017941,2017945,4
6928,2017945,2017953,8
6929,2018218,2018223,5
6930,2019959,2019967,8
6931,2020712,2020718,6
6932,2022691,2022704,13
6933,2022801,2022810,9
6934,2022810,2022817,7
6935,2022817,2022826,9
6936,2022838,2022849,11
6937,2022849,2022856,7
6938,2022856,2022862,6
6939,2022862,2022868,6
6940,2023387,2023393,6
6941,2023559,2023563,4
6942,2023949,2023953,4
6943,2024070,2024074,4
6944,2024087,2024090,3
6945,2024426,2024435,9
6946,2024445,2024454,9
6947,2024548,2024552,4
6948,2024552,2024560,8
6949,2025381,2025384,3
6950,2026122,2026126,4
6951,2026194,2026201,7
6952,2026650,2026662,12
6953,2026767,2026773,6
6954,2026966,2026973,7
6955,2027000,2027005,5
6956,2027145,2027149,4
6957,2027149,2027156,7
6958,2027247,2027252,5
6959,2028464,2028472,8
6960,2028531,2028540,9
6961,2029038,2029042,4
6962,2029248,2029256,8
6963,2029355,2029367,12
6964,2029433,2029444,11
6965,2029703,2029706,3
6966,2030317,2030322,5
6967,2030322,2030331,9
6968,2030331,2030337,6
6969,2030337,2030341,4
6970,2030799,2030808,9
6971,2030917,2030921,4
6972,2031135,2031143,8
6973,2031143,2031149,6
6974,2031163,2031170,7
6975,2032734,2032741,7
6976,2033323,2033331,8
6977,2033331,2033335,4
6978,2033524,2033535,11
6979,2033535,2033541,6
6980,2033541,2033553,12
6981,2033553,2033559,6
6982,2034059,2034068,9
6983,2034107,2034111,4
6984,2034141,2034149,8
6985,2034192,2034199,7
6986,2034578,2034587,9
6987,2034602,2034606,4
6988,2034924,2034930,6
6989,2035336,2035344,8
6990,2035356,2035362,6
6991,2035362,2035368,6
6992,2035442,2035446,4
6993,2035446,2035450,4
6994,2035450,2035454,4
6995,2035454,2035462,8
6996,2035462,2035466,4
6997,2035614,2035621,7
6998,2035969,2035973,4
6999,2036657,2036667,10
7000,2036959,2036965,6
7001,2037982,2037990,8
7002,2037990,2037995,5
7003,2037995,2038003,8
7004,2038768,2038776,8
7005,2039509,2039513,4
7006,2040184,2040193,9
7007,2043141,2043148,7
7008,2043462,2043467,5
7009,2043697,2043706,9
7010,2043755,2043760,5
7011,2044090,2044095,5
7012,2045356,2045369,13
7013,2045388,2045399,11
7014,2045569,2045575,6
7015,2046127,2046130,3
7016,2046130,2046135,5
7017,2046792,2046799,7
7018,2046813,2046817,4
7019,2046817,2046823,6
7020,2046823,2046832,9
7021,2047052,2047055,3
7022,2047952,2047956,4
7023,2047956,2047959,3
7024,2048346,2048353,7
7025,2048765,2048770,5
7026,2048770,2048775,5
7027,2048775,2048780,5
7028,2050070,2050080,10
7029,2050462,2050469,7
7030,2050537,2050541,4
7031,2050541,2050546,5
7032,2050660,2050669,9
7033,2050954,2050962,8
7034,2051147,2051152,5
7035,2051682,2051689,7
7036,2052466,2052469,3
7037,2052780,2052786,6
7038,2054372,2054378,6
7039,2054650,2054653,3
7040,2054990,2054995,5
7041,2055081,2055092,11
7042,2055663,2055669,6
7043,2056276,2056284,8
7044,2056472,2056481,9
7045,2056496,2056505,9
7046,2056802,2056811,9
7047,2056811,2056814,3
7048,2056835,2056838,3
7049,2056910,2056916,6
7050,2056916,2056922,6
7051,2056922,2056928,6
7052,2056928,2056934,6
7053,2056934,2056940,6
7054,2057293,2057302,9
7055,2057314,2057319,5
7056,2058146,2058152,6
7057,2058359,2058362,3
7058,2058374,2058382,8
7059,2058564,2058570,6
7060,2059226,2059235,9
7061,2059650,2059656,6
7062,2059694,2059699,5
7063,2060200,2060206,6
7064,2060227,2060232,5
7065,2060777,2060783,6
7066,2060795,2060801,6
7067,2061031,2061038,7
7068,2062482,2062489,7
7069,2062859,2062862,3
7070,2064742,2064751,9
7071,2065112,2065119,7
7072,2065190,2065198,8
7073,2065369,2065377,8
7074,2066039,2066042,3
7075,2067257,2067265,8
7076,2067545,2067549,4
7077,2068006,2068011,5
7078,2068647,2068655,8
7079,2068930,2068933,3
7080,2069983,2069991,8
7081,2070094,2070097,3
7082,2071226,2071229,3
7083,2071727,2071731,4
7084,2072242,2072249,7
7085,2072762,2072768,6
7086,2073615,2073622,7
7087,2073622,2073631,9
7088,2074015,2074024,9
7089,2074586,2074589,3
7090,2074721,2074729,8
7091,2074801,2074805,4
7092,2074956,2074961,5
7093,2076792,2076796,4
7094,2077871,2077880,9
7095,2078087,2078095,8
7096,2078095,2078100,5
7097,2078270,2078279,9
7098,2079141,2079151,10
7099,2079684,2079692,8
7100,2079734,2079739,5
7101,2080072,2080076,4
7102,2080758,2080766,8
7103,2081420,2081427,7
7104,2082198,2082202,4
7105,2082710,2082716,6
7106,2083274,2083281,7
7107,2083361,2083366,5
7108,2083455,2083463,8
7109,2084094,2084097,3
7110,2084469,2084477,8
7111,2085002,2085011,9
7112,2085032,2085036,4
7113,2085472,2085475,3
7114,2086892,2086899,7
7115,2087123,2087134,11
7116,2087622,2087628,6
7117,2088291,2088298,7
7118,2088720,2088723,3
7119,2089044,2089047,3
7120,2089224,2089234,10
7121,2089338,2089341,3
7122,2089341,2089348,7
7123,2090210,2090220,10
7124,2090931,2090939,8
7125,2091162,2091168,6
7126,2091168,2091174,6
7127,2091328,2091337,9
7128,2092636,2092646,10
7129,2092830,2092837,7
7130,2093096,2093099,3
7131,2093099,2093102,3
7132,2093102,2093108,6
7133,2093410,2093419,9
7134,2093490,2093499,9
7135,2093970,2093980,10
7136,2094666,2094675,9
7137,2095460,2095464,4
7138,2095656,2095665,9
7139,2096226,2096230,4
7140,2096344,2096348,4
7141,2096440,2096445,5
7142,2097044,2097052,8
7143,2097276,2097283,7
7144,2097306,2097313,7
7145,2097330,2097335,5
7146,2097378,2097387,9
7147,2097639,2097648,9
7148,2098853,2098861,8
7149,2098861,2098867,6
7150,2099053,2099058,5
7151,2099058,2099061,3
7152,2099359,2099362,3
7153,2099539,2099546,7
7154,2099546,2099550,4
7155,2100342,2100349,7
7156,2101773,2101779,6
7157,2101779,2101785,6
7158,2101785,2101791,6
7159,2102037,2102040,3
7160,2102281,2102287,6
7161,2102418,2102424,6
7162,2102424,2102430,6
7163,2102430,2102436,6
7164,2104015,2104018,3
7165,2104691,2104697,6
7166,2104987,2104995,8
7167,2104995,2104998,3
7168,2105032,2105040,8
7169,2105149,2105156,7
7170,2106162,2106171,9
7171,2106171,2106176,5
7172,2106176,2106180,4
7173,2106180,2106192,12
7174,2106518,2106527,9
7175,2106868,2106876,8
7176,2107497,2107507,10
7177,2107507,2107510,3
7178,2108529,2108534,5
7179,2109218,2109226,8
7180,2109287,2109291,4
7181,2110800,2110804,4
7182,2110804,2110809,5
7183,2110809,2110816,7
7184,2110816,2110821,5
7185,2110949,2110954,5
7186,2110986,2110994,8
7187,2112731,2112737,6
7188,2112752,2112758,6
7189,2112810,2112820,10
7190,2112986,2112992,6
7191,2112992,2112998,6
7192,2112998,2113004,6
7193,2113663,2113670,7
7194,2114016,2114022,6
7195,2114185,2114190,5
7196,2114272,2114279,7
7197,2114279,2114285,6
7198,2114475,2114479,4
7199,2114665,2114671,6
7200,2115157,2115162,5
7201,2115255,2115263,8
7202,2115811,2115816,5
7203,2116115,2116123,8
7204,2116123,2116132,9
7205,2116608,2116615,7
7206,2116615,2116620,5
7207,2116703,2116706,3
7208,2117101,2117106,5
7209,2117436,2117450,14
7210,2117450,2117568,118
7211,2117568,2117588,20
7212,2117588,2117641,53
7213,2117641,2117753,112
7214,2117753,2117756,3
7215,2117756,2117768,12
7216,2117768,2117812,44
7217,2117812,2117820,8
7218,2117820,2117831,11
7219,2117976,2117982,6
7220,2118213,2118216,3
7221,2118216,2118246,30
7222,2118575,2118586,11
7223,2118586,2118592,6
7224,2118592,2118596,4
7225,2118932,2119082,150
7226,2119082,2119090,8
7227,2119090,2119109,19
7228,2119109,2119141,32
7229,2119457,2119498,41
7230,2119498,2119527,29
7231,2119527,2119581,54
7232,2119581,2119654,73
7233,2119654,2119751,97
7234,2120010,2120034,24
7235,2120034,2120144,110
7236,2120144,2120147,3
7237,2120147,2120152,5
7238,2120735,2120810,75
7239,2120810,2120819,9
7240,2120819,2120845,26
7241,2120845,2120854,9
7242,2120854,2120878,24
7243,2120878,2120987,109
7244,2120987,2121211,224
7245,2121386,2121390,4
7246,2121432,2121438,6
7247,2121937,2121941,4
7248,2122032,2122035,3
7249,2123120,2123130,10
7250,2124225,2124232,7
7251,2124748,2124754,6
7252,2125937,2125940,3
7253,2126400,2126409,9
7254,2126654,2126662,8
7255,2127379,2127393,14
7256,2127393,2127511,118
7257,2127511,2127531,20
7258,2127531,2127584,53
7259,2127584,2127696,112
7260,2127696,2127699,3
7261,2127699,2127711,12
7262,2127711,2127755,44
7263,2127755,2127763,8
7264,2127763,2127774,11
7265,2128156,2128159,3
7266,2128159,2128189,30
7267,2128497,2128508,11
7268,2128845,2128995,150
7269,2128995,2129003,8
7270,2129003,2129022,19
7271,2129022,2129054,32
7272,2129373,2129414,41
7273,2129414,2129443,29
7274,2129443,2129497,54
7275,2129497,2129570,73
7276,2129570,2129667,97
7277,2129926,2129950,24
7278,2129950,2130060,110
7279,2130060,2130063,3
7280,2130574,2130578,4
7281,2130639,2130714,75
7282,2130714,2130723,9
7283,2130723,2130749,26
7284,2130749,2130758,9
7285,2130758,2130782,24
7286,2130782,2130891,109
7287,2130891,2131115,224
7288,2132226,2132530,304
7289,2132703,2132857,154
7290,2133011,2133167,156
7291,2133167,2133208,41
7292,2133208,2133228,20
7293,2133228,2133239,11
7294,2133239,2133251,12
7295,2133251,2133339,88
7296,2133339,2133350,11
7297,2133350,2133388,38
7298,2133388,2133493,105
7299,2133493,2133521,28
7300,2133925,2133931,6
7301,2135110,2135114,4
7302,2135431,2135440,9
7303,2135528,2135538,10
7304,2135722,2135725,3
7305,2138756,2138761,5
7306,2138851,2138861,10
7307,2141825,2141831,6
7308,2142791,2142799,8
7309,2143055,2143060,5
7310,2143282,2143291,9
7311,2144400,2144407,7
7312,2144445,2144454,9
7313,2145197,2145204,7
7314,2145865,2145871,6
7315,2145911,2145916,5
7316,2146058,2146064,6
7317,2146841,2146845,4
7318,2146845,2146849,4
7319,2147230,2147235,5
7320,2147235,2147242,7
7321,2147694,2147701,7
7322,2148570,2148576,6
7323,2148834,2148837,3
7324,2148965,2148974,9
7325,2149021,2149031,10
7326,2149267,2149271,4
7327,2150507,2150513,6
7328,2150850,2150856,6
7329,2150856,2150862,6
7330,2150934,2150940,6
7331,2151104,2151107,3
7332,2151200,2151204,4
7333,2151216,2151220,4
7334,2152372,2152381,9
7335,2153004,2153018,14
7336,2153018,2153023,5
7337,2153664,2153670,6
7338,2153670,2153673,3
7339,2153814,2153819,5
7340,2154081,2154087,6
7341,2154087,2154093,6
7342,2155026,2155031,5
7343,2155089,2155095,6
7344,2155095,2155100,5
7345,2155333,2155336,3
7346,2155523,2155526,3
7347,2156406,2156414,8
7348,2156640,2156645,5
7349,2157191,2157197,6
7350,2157269,2157273,4
7351,2158801,2158809,8
7352,2159193,2159203,10
7353,2159346,2159355,9
7354,2159526,2159532,6
7355,2160045,2160048,3
7356,2160351,2160354,3
7357,2160406,2160410,4
7358,2160923,2160932,9
7359,2161363,2161368,5
7360,2161410,2161418,8
7361,2161740,2161743,3
7362,2162076,2162079,3
7363,2162496,2162503,7
7364,2162562,2162566,4
7365,2162653,2162659,6
7366,2162659,2162668,9
7367,2162934,2162940,6
7368,2163638,2163645,7
7369,2163676,2163682,6
7370,2164015,2164023,8
7371,2164023,2164026,3
7372,2164205,2164211,6
7373,2166877,2166885,8
7374,2167918,2167923,5
7375,2168458,2168464,6
7376,2168464,2168470,6
7377,2168715,2168722,7
7378,2168722,2168725,3
7379,2169815,2169821,6
7380,2170982,2170991,9
7381,2171375,2171379,4
7382,2172448,2172458,10
7383,2172517,2172524,7
7384,2172548,2172554,6
7385,2173732,2173739,7
7386,2174975,2174983,8
7387,2175271,2175275,4
7388,2175615,2175619,4
7389,2175722,2175727,5
7390,2175843,2175854,11
7391,2176062,2176066,4
7392,2176368,2176377,9
7393,2176425,2176433,8
7394,2176433,2176439,6
7395,2176488,2176491,3
7396,2177326,2177330,4
7397,2177330,2177337,7
7398,2177997,2178003,6
7399,2178438,2178443,5
7400,2178443,2178449,6
7401,2179034,2179039,5
7402,2180478,2180486,8
7403,2180486,2180496,10
7404,2180786,2180793,7
7405,2181195,2181203,8
7406,2182846,2182854,8
7407,2183070,2183074,4
7408,2183280,2183287,7
7409,2184148,2184151,3
7410,2184662,2184669,7
7411,2184727,2184734,7
7412,2185335,2185343,8
7413,2185343,2185350,7
7414,2185350,2185357,7
7415,2185649,2185655,6
7416,2186160,2186171,11
7417,2186640,2186648,8
7418,2186648,2186652,4
7419,2186965,2186973,8
7420,2187307,2187316,9
7421,2188098,2188104,6
7422,2188394,2188403,9
7423,2188746,2188751,5
7424,2189158,2189165,7
7425,2189165,2189172,7
7426,2189172,2189179,7
7427,2190120,2190124,4
7428,2190404,2190410,6
7429,2191391,2191397,6
7430,2191722,2191727,5
7431,2191842,2191850,8
7432,2191850,2191857,7
7433,2191872,2191880,8
7434,2192013,2192023,10
7435,2192361,2192365,4
7436,2192641,2192651,10
7437,2192896,2192903,7
7438,2192953,2192961,8
7439,2193839,2193845,6
7440,2194152,2194158,6
7441,2195051,2195056,5
7442,2195056,2195064,8
7443,2195124,2195129,5
7444,2195129,2195136,7
7445,2195136,2195143,7
7446,2195386,2195390,4
7447,2195390,2195396,6
7448,2195407,2195413,6
7449,2195471,2195475,4
7450,2195475,2195481,6
7451,2195738,2195742,4
7452,2196303,2196306,3
7453,2196536,2196540,4
7454,2196684,2196690,6
7455,2197251,2197256,5
7456,2198895,2198901,6
7457,2199371,2199375,4
7458,2199405,2199411,6
7459,2199501,2199504,3
7460,2199639,2199645,6
7461,2199957,2199966,9
7462,2199976,2199983,7
7463,2199983,2199986,3
7464,2200122,2200131,9
7465,2201922,2201931,9
7466,2202146,2202151,5
7467,2202166,2202174,8
7468,2203500,2203504,4
7469,2203778,2203785,7
7470,2203893,2203898,5
7471,2204072,2204076,4
7472,2204076,2204079,3
7473,2204079,2204082,3
7474,2204082,2204090,8
7475,2204318,2204327,9
7476,2204447,2204452,5
7477,2205847,2205854,7
7478,2205927,2205932,5
7479,2206244,2206253,9
7480,2207153,2207161,8
7481,2207331,2207337,6
7482,2207337,2207344,7
7483,2207899,2207902,3
7484,2209091,2209099,8
7485,2210516,2210714,198
7486,2210714,2210766,52
7487,2210875,2211073,198
7488,2211073,2211125,52
7489,2211431,2211483,52
7490,2211750,2211754,4
7491,2213160,2213168,8
7492,2214529,2214536,7
7493,2214844,2214853,9
7494,2214853,2214860,7
7495,2215077,2215083,6
7496,2215374,2215383,9
7497,2215416,2215424,8
7498,2217192,2217197,5
7499,2217296,2217301,5
7500,2217420,2217423,3
7501,2217537,2217543,6
7502,2217750,2217753,3
7503,2218336,2218344,8
7504,2218344,2218352,8
7505,2218443,2218446,3
7506,2218446,2218450,4
7507,2219074,2219078,4
7508,2219485,2219493,8
7509,2219688,2219695,7
7510,2219760,2219764,4
7511,2219782,2219787,5
7512,2219907,2219914,7
7513,2219914,2219918,4
7514,2220735,2220742,7
7515,2220888,2220892,4
7516,2221143,2221149,6
7517,2221587,2221591,4
7518,2221788,2221795,7
7519,2221795,2221801,6
7520,2221801,2221808,7
7521,2221841,2221847,6
7522,2222297,2222303,6
7523,2222697,2222710,13
7524,2222710,2222716,6
7525,2223524,2223527,3
7526,2223847,2223853,6
7527,2223901,2223911,10
7528,2224035,2224042,7
7529,2224461,2224470,9
7530,2224719,2224723,4
7531,2224723,2224728,5
7532,2224738,2224747,9
7533,2224747,2224756,9
7534,2226775,2226780,5
7535,2228091,2228094,3
7536,2228127,2228133,6
7537,2230607,2230613,6
7538,2230613,2230619,6
7539,2230820,2230823,3
7540,2230838,2230844,6
7541,2232570,2232578,8
7542,2233979,2233987,8
7543,2235593,2235602,9
7544,2236070,2236073,3
7545,2236193,2236196,3
7546,2236502,2236511,9
7547,2237381,2237384,3
7548,2237393,2237399,6
7549,2237399,2237411,12
7550,2238751,2238755,4
7551,2239528,2239532,4
7552,2240266,2240269,3
7553,2240642,2240645,3
7554,2242562,2242565,3
7555,2243734,2243739,5
7556,2244291,2244297,6
7557,2244297,2244306,9
7558,2246575,2246586,11
7559,2247135,2247144,9
7560,2247405,2247410,5
7561,2247421,2247426,5
7562,2247426,2247435,9
7563,2248773,2248778,5
7564,2248778,2248784,6
7565,2248998,2249001,3
7566,2249402,2249411,9
7567,2249654,2249661,7
7568,2249783,2249788,5
7569,2249955,2249961,6
7570,2250191,2250202,11
7571,2250691,2250696,5
7572,2251631,2251638,7
7573,2252548,2252555,7
7574,2252582,2252585,3
7575,2252585,2252591,6
7576,2253324,2253330,6
7577,2253634,2253643,9
7578,2253972,2253978,6
7579,2254257,2254262,5
7580,2254426,2254434,8
7581,2254811,2254817,6
7582,2254944,2254949,5
7583,2254949,2254954,5
7584,2255124,2255129,5
7585,2255320,2255324,4
7586,2255630,2255636,6
7587,2256822,2256828,6
7588,2257440,2257449,9
7589,2258004,2258010,6
7590,2260021,2260026,5
7591,2260213,2260219,6
7592,2260326,2260331,5
7593,2260560,2260568,8
7594,2260662,2260666,4
7595,2261717,2261724,7
7596,2261914,2261919,5
7597,2261951,2261957,6
7598,2261979,2261988,9
7599,2261988,2261991,3
7600,2262721,2262727,6
7601,2263524,2263532,8
7602,2263741,2263746,5
7603,2264294,2264297,3
7604,2264423,2264429,6
7605,2266251,2266259,8
7606,2266894,2266899,5
7607,2266899,2266906,7
7608,2267178,2267182,4
7609,2267182,2267190,8
7610,2267276,2267283,7
7611,2267837,2267840,3
7612,2267920,2267927,7
7613,2268433,2268438,5
7614,2268692,2268701,9
7615,2270724,2270732,8
7616,2270732,2270738,6
7617,2271061,2271068,7
7618,2271147,2271156,9
7619,2271703,2271709,6
7620,2272083,2272092,9
7621,2272292,2272296,4
7622,2272475,2272481,6
7623,2273638,2273649,11
7624,2273959,2273963,4
7625,2273963,2273971,8
7626,2273971,2273979,8
7627,2274044,2274051,7
7628,2274098,2274105,7
7629,2274381,2274386,5
7630,2275090,2275100,10
7631,2277538,2277546,8
7632,2278406,2278414,8
7633,2279127,2279130,3
7634,2281028,2281034,6
7635,2281034,2281044,10
7636,2281762,2281765,3
7637,2281780,2281786,6
7638,2281786,2281792,6
7639,2281792,2281798,6
7640,2281862,2281871,9
7641,2282110,2282114,4
7642,2282352,2282355,3
7643,2286388,2286396,8
7644,2286778,2286783,5
7645,2286903,2286911,8
7646,2287176,2287179,3
7647,2287328,2287332,4
7648,2287511,2287517,6
7649,2287517,2287524,7
7650,2288715,2288718,3
7651,2288718,2288726,8
7652,2288726,2288734,8
7653,2289673,2289677,4
7654,2289784,2289792,8
7655,2289955,2289963,8
7656,2289984,2289988,4
7657,2291269,2291275,6
7658,2291275,2291278,3
7659,2291278,2291281,3
7660,2291281,2291284,3
7661,2291956,2291963,7
7662,2292532,2292538,6
7663,2292538,2292545,7
7664,2292794,2292803,9
7665,2292803,2292810,7
7666,2293670,2293675,5
7667,2295004,2295007,3
7668,2295007,2295010,3
7669,2295134,2295140,6
7670,2297005,2297016,11
7671,2298149,2298152,3
7672,2298359,2298367,8
7673,2298395,2298398,3
7674,2299363,2299369,6
7675,2299369,2299376,7
7676,2299392,2299399,7
7677,2300214,2300220,6
7678,2300395,2300403,8
7679,2301469,2301475,6
7680,2301582,2301588,6
7681,2302639,2302644,5
7682,2302644,2302649,5
7683,2302649,2302654,5
7684,2302696,2302700,4
7685,2302840,2302844,4
7686,2304306,2304309,3
7687,2304609,2304612,3
7688,2308795,2308805,10
7689,2308805,2308811,6
7690,2308859,2308884,25
7691,2308884,2308889,5
7692,2308889,2308925,36
7693,2308925,2308942,17
7694,2308942,2309177,235
7695,2309177,2309217,40
7696,2309217,2309220,3
7697,2309220,2309306,86
7698,2309306,2309317,11
7699,2309317,2309328,11
7700,2309328,2309331,3
7701,2309331,2309341,10
7702,2309341,2309350,9
7703,2309350,2309380,30
7704,2309380,2309448,68
7705,2309448,2309461,13
7706,2309461,2309556,95
7707,2309556,2309605,49
7708,2309605,2309641,36
7709,2309641,2309644,3
7710,2309644,2309687,43
7711,2309687,2309719,32
7712,2309719,2309752,33
7713,2309752,2310022,270
7714,2310022,2310103,81
7715,2310103,2310157,54
7716,2310157,2310373,216
7717,2310373,2310388,15
7718,2310388,2310426,38
7719,2310426,2310675,249
7720,2310675,2310715,40
7721,2310715,2310811,96
7722,2310811,2310935,124
7723,2310935,2310951,16
7724,2310951,2311141,190
7725,2311141,2311210,69
7726,2311210,2311297,87
7727,2311297,2311424,127
7728,2311424,2311509,85
7729,2311509,2311516,7
7730,2311516,2311630,114
7731,2311630,2311681,51
7732,2311681,2311709,28
7733,2311709,2311723,14
7734,2311723,2311849,126
7735,2311849,2311857,8
7736,2311857,2311875,18
7737,2311875,2311897,22
7738,2311897,2311930,33
7739,2312209,2312234,25
7740,2312234,2312409,175
7741,2312409,2312416,7
7742,2312416,2312576,160
7743,2312576,2312653,77
7744,2312653,2312719,66
7745,2312719,2312723,4
7746,2312723,2312782,59
7747,2312782,2312869,87
7748,2312869,2312880,11
7749,2312880,2312908,28
7750,2312908,2312948,40
7751,2312948,2312978,30
7752,2312978,2313070,92
7753,2313070,2313079,9
7754,2313079,2313210,131
7755,2313210,2313225,15
7756,2313225,2313243,18
7757,2313243,2313286,43
7758,2313286,2313295,9
7759,2313295,2313309,14
7760,2313309,2313320,11
7761,2313320,2313352,32
7762,2313352,2313388,36
7763,2313388,2313437,49
7764,2313437,2313442,5
7765,2313442,2313453,11
7766,2313453,2313504,51
7767,2313504,2313515,11
7768,2313515,2313584,69
7769,2313584,2313604,20
7770,2313604,2313612,8
7771,2313612,2313663,51
7772,2313663,2313724,61
7773,2313724,2313798,74
7774,2313798,2313820,22
7775,2313820,2313866,46
7776,2313866,2313886,20
7777,2313886,2313901,15
7778,2313901,2313964,63
7779,2313964,2314032,68
7780,2314032,2314070,38
7781,2314070,2314144,74
7782,2314144,2314182,38
7783,2314182,2314270,88
7784,2314270,2314325,55
7785,2314325,2314333,8
7786,2314333,2314480,147
7787,2314480,2314510,30
7788,2314510,2314523,13
7789,2314523,2314663,140
7790,2314663,2314921,258
7791,2314921,2315019,98
7792,2315019,2315024,5
7793,2315024,2315094,70
7794,2315094,2315106,12
7795,2315106,2315154,48
7796,2315154,2315166,12
7797,2315166,2315184,18
7798,2315184,2315247,63
7799,2315247,2315314,67
7800,2315314,2315368,54
7801,2315368,2315374,6
7802,2315374,2315423,49
7803,2315423,2315539,116
7804,2315539,2315630,91
7805,2315630,2315651,21
7806,2315651,2315795,144
7807,2315795,2315906,111
7808,2315906,2315924,18
7809,2315924,2316016,92
7810,2316016,2316027,11
7811,2316027,2316059,32
7812,2316059,2316068,9
7813,2316068,2316078,10
7814,2316078,2316122,44
7815,2316122,2316150,28
7816,2316150,2316158,8
7817,2316158,2316161,3
7818,2316161,2316168,7
7819,2316168,2316172,4
7820,2316172,2316259,87
7821,2316259,2316270,11
7822,2316270,2316277,7
7823,2316277,2316281,4
7824,2316281,2316362,81
7825,2316362,2316370,8
7826,2316370,2316373,3
7827,2316373,2316380,7
7828,2316380,2316384,4
7829,2316464,2316472,8
7830,2316472,2316475,3
7831,2316475,2316482,7
7832,2316482,2316486,4
7833,2316486,2316566,80
7834,2316566,2316574,8
7835,2316574,2316577,3
7836,2316577,2316584,7
7837,2316584,2316588,4
7838,2316588,2316668,80
7839,2316668,2316676,8
7840,2316676,2316679,3
7841,2316679,2316686,7
7842,2316686,2316690,4
7843,2316690,2316968,278
7844,2316968,2316993,25
7845,2316993,2316998,5
7846,2316998,2317034,36
7847,2317034,2317051,17
7848,2317051,2317286,235
7849,2317286,2317326,40
7850,2317326,2317329,3
7851,2317567,2317573,6
7852,2318086,2318092,6
7853,2318698,2318706,8
7854,2318742,2318746,4
7855,2319698,2319702,4
7856,2319702,2319706,4
7857,2319809,2319815,6
7858,2319815,2319818,3
7859,2319818,2319821,3
7860,2319821,2319827,6
7861,2320131,2320141,10
7862,2320141,2320148,7
7863,2320148,2320155,7
7864,2320210,2320215,5
7865,2320239,2320246,7
7866,2320271,2320277,6
7867,2320423,2320430,7
7868,2320829,2320838,9
7869,2320870,2320876,6
7870,2321144,2321148,4
7871,2321393,2321397,4
7872,2321397,2321400,3
7873,2322526,2322529,3
7874,2323935,2323942,7
7875,2324257,2324260,3
7876,2324260,2324263,3
7877,2324351,2324356,5
7878,2324534,2324538,4
7879,2324538,2324542,4
7880,2324542,2324546,4
7881,2324631,2324643,12
7882,2325422,2325431,9
7883,2326497,2326500,3
7884,2326569,2326576,7
7885,2327541,2327550,9
7886,2328487,2328493,6
7887,2329011,2329015,4
7888,2329167,2329171,4
7889,2330234,2330244,10
7890,2330244,2330249,5
7891,2330249,2330255,6
7892,2330863,2330870,7
7893,2332153,2332161,8
7894,2332205,2332214,9
7895,2333025,2333030,5
7896,2334406,2334412,6
7897,2334991,2334995,4
7898,2335396,2335404,8
7899,2335404,2335413,9
7900,2335413,2335419,6
7901,2335419,2335425,6
7902,2335491,2335494,3
7903,2335963,2335966,3
7904,2336146,2336152,6
7905,2336152,2336160,8
7906,2336800,2336806,6
7907,2336806,2336813,7
7908,2336813,2336822,9
7909,2336822,2336829,7
7910,2336904,2336911,7
7911,2338081,2338088,7
7912,2338682,2338687,5
7913,2340191,2340197,6
7914,2340325,2340331,6
7915,2340422,2340428,6
7916,2341368,2341377,9
7917,2342037,2342041,4
7918,2343113,2343118,5
7919,2344036,2344045,9
7920,2346226,2346234,8
7921,2346689,2346692,3
7922,2347094,2347097,3
7923,2347238,2347244,6
7924,2347478,2347483,5
7925,2347651,2347656,5
7926,2347734,2347743,9
7927,2347922,2347928,6
7928,2348839,2348846,7
7929,2349282,2349291,9
7930,2349700,2349706,6
7931,2349706,2349709,3
7932,2349863,2349867,4
7933,2351025,2351029,4
7934,2351418,2351425,7
7935,2351681,2351688,7
7936,2351901,2351905,4
7937,2352316,2352321,5
7938,2352466,2352469,3
7939,2352496,2352501,5
7940,2352618,2352622,4
7941,2352622,2352626,4
7942,2352693,2352696,3
7943,2354508,2354516,8
7944,2354890,2354893,3
7945,2355947,2355953,6
7946,2356872,2356875,3
7947,2358324,2358328,4
7948,2358700,2358704,4
7949,2359207,2359214,7
7950,2359300,2359305,5
7951,2359502,2359507,5
7952,2359507,2359512,5
7953,2360037,2360046,9
7954,2360046,2360052,6
7955,2360088,2360094,6
7956,2360186,2360193,7
7957,2360558,2360568,10
7958,2362701,2362705,4
7959,2363512,2363522,10
7960,2365028,2365032,4
7961,2365212,2365220,8
7962,2365220,2365228,8
7963,2365793,2365800,7
7964,2365971,2365981,10
7965,2365981,2365986,5
7966,2365986,2365991,5
7967,2365991,2365996,5
7968,2366810,2366815,5
7969,2367005,2367014,9
7970,2367014,2367020,6
7971,2368245,2368254,9
7972,2368349,2368358,9
7973,2368528,2368536,8
7974,2368625,2368633,8
7975,2369264,2369272,8
7976,2370353,2370358,5
7977,2370670,2370679,9
7978,2370679,2370690,11
7979,2370721,2370725,4
7980,2371043,2371049,6
7981,2371131,2371139,8
7982,2371139,2371148,9
7983,2371218,2371224,6
7984,2371392,2371396,4
7985,2371412,2371421,9
7986,2371421,2371428,7
7987,2371428,2371432,4
7988,2371432,2371438,6
7989,2371438,2371444,6
7990,2371444,2371447,3
7991,2371447,2371450,3
7992,2371450,2371456,6
7993,2371456,2371462,6
7994,2371462,2371468,6
7995,2371912,2371917,5
7996,2371917,2371924,7
7997,2371924,2371930,6
7998,2371993,2371997,4
7999,2371997,2372005,8
8000,2372223,2372229,6
8001,2374007,2374013,6
8002,2374108,2374114,6
8003,2374993,2375001,8
8004,2375862,2375870,8
8005,2376092,2376096,4
8006,2376096,2376104,8
8007,2376104,2376111,7
8008,2376111,2376118,7
8009,2376625,2376633,8
8010,2376633,2376638,5
8011,2376713,2376716,3
8012,2376770,2376776,6
8013,2376776,2376782,6
8014,2376782,2376788,6
8015,2376895,2376900,5
8016,2377864,2377870,6
8017,2378069,2378077,8
8018,2378534,2378541,7
8019,2379613,2379616,3
8020,2379820,2379828,8
8021,2379951,2379955,4
8022,2380242,2380245,3
8023,2380258,2380263,5
8024,2383215,2383220,5
8025,2384032,2384037,5
8026,2384248,2384254,6
8027,2384744,2384754,10
8028,2386221,2386231,10
8029,2386231,2386234,3
8030,2386234,2386243,9
8031,2386678,2386685,7
8032,2386992,2387000,8
8033,2387155,2387161,6
8034,2387161,2387167,6
8035,2387330,2387338,8
8036,2387338,2387342,4
8037,2387342,2387346,4
8038,2387544,2387548,4
8039,2387871,2387876,5
8040,2387876,2387885,9
8041,2388066,2388069,3
8042,2388275,2388279,4
8043,2388279,2388284,5
8044,2388658,2388666,8
8045,2389185,2389193,8
8046,2389306,2389311,5
8047,2389353,2389358,5
8048,2389505,2389515,10
8049,2389702,2389711,9
8050,2390599,2390605,6
8051,2390760,2390764,4
8052,2391012,2391019,7
8053,2391049,2391053,4
8054,2391350,2391354,4
8055,2391830,2391835,5
8056,2391948,2391957,9
8057,2393334,2393339,5
8058,2393452,2393457,5
8059,2393457,2393462,5
8060,2393462,2393465,3
8061,2393582,2393589,7
8062,2393589,2393594,5
8063,2393687,2393690,3
8064,2393701,2393707,6
8065,2393785,2393792,7
8066,2395035,2395041,6
8067,2395294,2395299,5
8068,2395299,2395308,9
8069,2395321,2395329,8
8070,2395329,2395336,7
8071,2396950,2396956,6
8072,2396956,2396962,6
8073,2398162,2398167,5
8074,2398167,2398173,6
8075,2398599,2398610,11
8076,2399395,2399398,3
8077,2399835,2399840,5
8078,2399972,2399988,16
8079,2399988,2400069,81
8080,2400069,2400114,45
8081,2400114,2400135,21
8082,2400135,2400143,8
8083,2400143,2400166,23
8084,2400166,2400217,51
8085,2400217,2400222,5
8086,2400222,2400250,28
8087,2400250,2400311,61
8088,2400311,2400491,180
8089,2401168,2401256,88
8090,2401256,2401324,68
8091,2401324,2401337,13
8092,2401337,2401367,30
8093,2401367,2401378,11
8094,2401378,2401601,223
8095,2401601,2401631,30
8096,2401631,2401682,51
8097,2401682,2401690,8
8098,2401690,2401870,180
8099,2401870,2401889,19
8100,2401889,2401904,15
8101,2401904,2401949,45
8102,2401949,2402079,130
8103,2402079,2402108,29
8104,2402108,2402129,21
8105,2402129,2402185,56
8106,2402185,2402234,49
8107,2402234,2402240,6
8108,2402240,2402342,102
8109,2402342,2402419,77
8110,2402419,2402554,135
8111,2402554,2402565,11
8112,2402565,2402722,157
8113,2402722,2402770,48
8114,2402770,2402774,4
8115,2402774,2402818,44
8116,2402818,2402911,93
8117,2402911,2402989,78
8118,2402989,2402999,10
8119,2402999,2403038,39
8120,2403038,2403062,24
8121,2403062,2403146,84
8122,2403146,2403157,11
8123,2403157,2403168,11
8124,2403168,2403230,62
8125,2403230,2403263,33
8126,2403263,2403266,3
8127,2403266,2403317,51
8128,2403317,2403323,6
8129,2403323,2403330,7
8130,2403330,2403359,29
8131,2403359,2403374,15
8132,2403374,2403391,17
8133,2403391,2403479,88
8134,2403479,2403493,14
8135,2403493,2403506,13
8136,2403506,2403541,35
8137,2403541,2403548,7
8138,2403548,2403584,36
8139,2403584,2403656,72
8140,2403656,2403721,65
8141,2403721,2403743,22
8142,2403743,2403752,9
8143,2403752,2403875,123
8144,2403875,2403884,9
8145,2403884,2403926,42
8146,2403926,2403938,12
8147,2403938,2403959,21
8148,2403959,2404020,61
8149,2404020,2404039,19
8150,2404039,2404157,118
8151,2404157,2404187,30
8152,2404187,2404244,57
8153,2404244,2404254,10
8154,2404254,2404306,52
8155,2404306,2404325,19
8156,2404325,2404346,21
8157,2404346,2404414,68
8158,2404414,2404444,30
8159,2404444,2404452,8
8160,2404452,2404629,177
8161,2404629,2404651,22
8162,2404651,2404667,16
8163,2404667,2404675,8
8164,2404675,2404690,15
8165,2404690,2404711,21
8166,2404711,2404736,25
8167,2404736,2404787,51
8168,2404787,2404799,12
8169,2404799,2404820,21
8170,2404820,2404834,14
8171,2404834,2404844,10
8172,2404844,2404955,111
8173,2404955,2404958,3
8174,2404958,2405031,73
8175,2405031,2405041,10
8176,2405041,2405089,48
8177,2405089,2405149,60
8178,2405149,2405225,76
8179,2405225,2405250,25
8180,2405250,2405362,112
8181,2405362,2405401,39
8182,2405401,2405518,117
8183,2405518,2405549,31
8184,2405549,2405610,61
8185,2405610,2405669,59
8186,2405669,2405706,37
8187,2405706,2405786,80
8188,2405786,2405824,38
8189,2405824,2405851,27
8190,2405851,2405855,4
8191,2406122,2406143,21
8192,2406143,2406176,33
8193,2406176,2406284,108
8194,2406284,2406306,22
8195,2406306,2406347,41
8196,2406347,2406350,3
8197,2406350,2406376,26
8198,2406376,2406387,11
8199,2406387,2406505,118
8200,2406505,2406572,67
8201,2406572,2406585,13
8202,2406585,2406641,56
8203,2406641,2406649,8
8204,2406649,2406692,43
8205,2406796,2406849,53
8206,2406849,2406860,11
8207,2406860,2406928,68
8208,2406928,2406934,6
8209,2406934,2406937,3
8210,2407036,2407093,57
8211,2407185,2407195,10
8212,2407195,2407241,46
8213,2407241,2407291,50
8214,2407291,2407325,34
8215,2407325,2407350,25
8216,2407350,2407839,489
8217,2407839,2407855,16
8218,2407855,2407936,81
8219,2407936,2407981,45
8220,2407981,2408002,21
8221,2408002,2408010,8
8222,2408010,2408033,23
8223,2408033,2408084,51
8224,2408084,2408089,5
8225,2408089,2408117,28
8226,2408117,2408178,61
8227,2408333,2408340,7
8228,2408382,2408393,11
8229,2408393,2408396,3
8230,2408617,2408629,12
8231,2408815,2408822,7
8232,2409053,2409058,5
8233,2409297,2409300,3
8234,2409300,2409308,8
8235,2409567,2409570,3
8236,2410184,2410193,9
8237,2410193,2410201,8
8238,2411178,2411183,5
8239,2411183,2411191,8
8240,2411936,2411944,8
8241,2411944,2411951,7
8242,2411988,2411996,8
8243,2411996,2412005,9
8244,2412204,2412208,4
8245,2412625,2412634,9
8246,2413200,2413206,6
8247,2413420,2413429,9
8248,2413498,2413505,7
8249,2413794,2413802,8
8250,2414167,2414173,6
8251,2414173,2414179,6
8252,2414179,2414185,6
8253,2414221,2414227,6
8254,2414227,2414235,8
8255,2414235,2414241,6
8256,2414241,2414247,6
8257,2414774,2414784,10
8258,2415214,2415220,6
8259,2416268,2416273,5
8260,2416273,2416279,6
8261,2416279,2416288,9
8262,2416642,2416645,3
8263,2417477,2417484,7
8264,2417775,2417778,3
8265,2417841,2417848,7
8266,2418033,2418039,6
8267,2418039,2418045,6
8268,2418059,2418066,7
8269,2419989,2420041,52
8270,2420041,2420149,108
8271,2420347,2420399,52
8272,2420399,2420507,108
8273,2420507,2420705,198
8274,2421064,2421116,52
8275,2421223,2421421,198
8276,2421421,2421581,160
8277,2422137,2422189,52
8278,2422495,2422547,52
8279,2422654,2422852,198
8280,2422904,2423012,108
8281,2423012,2423210,198
8282,2423262,2423370,108
8283,2423370,2423568,198
8284,2423727,2423925,198
8285,2423925,2424085,160
8286,2424673,2424679,6
8287,2425136,2425142,6
8288,2425676,2425685,9
8289,2425685,2425691,6
8290,2425825,2425831,6
8291,2425888,2425894,6
8292,2426623,2426726,103
8293,2426726,2426777,51
8294,2426777,2426880,103
8295,2426880,2426931,51
8296,2427209,2427212,3
8297,2427212,2427221,9
8298,2427237,2427245,8
8299,2427386,2427392,6
8300,2427535,2427541,6
8301,2427556,2427567,11
8302,2429899,2429906,7
8303,2430336,2430343,7
8304,2430624,2430628,4
8305,2430628,2430632,4
8306,2431409,2431415,6
8307,2431623,2431633,10
8308,2431778,2431788,10
8309,2432725,2432734,9
8310,2432734,2432738,4
8311,2432738,2432742,4
8312,2432742,2432746,4
8313,2432912,2432921,9
8314,2433232,2433239,7
8315,2433782,2433789,7
8316,2433836,2433844,8
8317,2434645,2434652,7
8318,2435305,2435311,6
8319,2435337,2435345,8
8320,2436928,2436933,5
8321,2438866,2438873,7
8322,2438873,2438885,12
8323,2438885,2438897,12
8324,2439007,2439012,5
8325,2439012,2439020,8
8326,2439020,2439028,8
8327,2439028,2439036,8
8328,2439200,2439203,3
8329,2439523,2439534,11
8330,2439585,2439594,9
8331,2439658,2439663,5
8332,2439663,2439670,7
8333,2439849,2439854,5
8334,2439854,2439860,6
8335,2440002,2440005,3
8336,2440255,2440263,8
8337,2440263,2440271,8
8338,2441026,2441029,3
8339,2442141,2442144,3
8340,2442897,2442906,9
8341,2445768,2445771,3
8342,2446590,2446600,10
8343,2446732,2446740,8
8344,2447693,2447700,7
8345,2447723,2447726,3
8346,2447738,2447743,5
8347,2447881,2447885,4
8348,2447885,2447892,7
8349,2447915,2447921,6
8350,2449001,2449007,6
8351,2449007,2449011,4
8352,2449011,2449020,9
8353,2449139,2449148,9
8354,2449295,2449304,9
8355,2450240,2450243,3
8356,2450243,2450252,9
8357,2450252,2450258,6
8358,2451154,2451162,8
8359,2451162,2451166,4
8360,2451615,2451620,5
8361,2452619,2452625,6
8362,2452805,2452816,11
8363,2454202,2454209,7
8364,2454669,2454672,3
8365,2454967,2454974,7
8366,2455334,2455337,3
8367,2456106,2456109,3
8368,2456109,2456121,12
8369,2456142,2456148,6
8370,2456148,2456161,13
8371,2456243,2456248,5
8372,2456248,2456253,5
8373,2456253,2456258,5
8374,2456258,2456263,5
8375,2456288,2456298,10
8376,2456514,2456519,5
8377,2456567,2456573,6
8378,2457007,2457014,7
8379,2457782,2457790,8
8380,2458949,2458955,6
8381,2459485,2459490,5
8382,2461202,2461212,10
8383,2461228,2461233,5
8384,2461960,2461968,8
8385,2461968,2461976,8
8386,2462065,2462069,4
8387,2462909,2462919,10
8388,2463873,2463878,5
8389,2464673,2464680,7
8390,2464680,2464687,7
8391,2465106,2465114,8
8392,2465926,2465935,9
8393,2465935,2465944,9
8394,2466495,2466506,11
8395,2467498,2467506,8
8396,2467687,2467691,4
8397,2468106,2468112,6
8398,2468152,2468158,6
8399,2468158,2468167,9
8400,2468167,2468170,3
8401,2468170,2468176,6
8402,2468176,2468179,3
8403,2468590,2468593,3
8404,2469043,2469048,5
8405,2469201,2469205,4
8406,2469433,2469438,5
8407,2469438,2469444,6
8408,2469648,2469656,8
8409,2470387,2470393,6
8410,2470393,2470396,3
8411,2470409,2470412,3
8412,2471335,2471345,10
8413,2471756,2471760,4
8414,2471760,2471769,9
8415,2471949,2471954,5
8416,2472203,2472209,6
8417,2472348,2472354,6
8418,2472535,2472541,6
8419,2472541,2472548,7
8420,2472561,2472566,5
8421,2472629,2472638,9
8422,2472638,2472645,7
8423,2472738,2472745,7
8424,2472885,2472889,4
8425,2473600,2473607,7
8426,2474389,2474394,5
8427,2474499,2474507,8
8428,2474875,2474880,5
8429,2476341,2476345,4
8430,2476520,2476527,7
8431,2476662,2476671,9
8432,2476764,2476767,3
8433,2476767,2476771,4
8434,2477061,2477065,4
8435,2477298,2477307,9
8436,2477340,2477345,5
8437,2477583,2477589,6
8438,2478068,2478074,6
8439,2478249,2478257,8
8440,2478376,2478385,9
8441,2478385,2478390,5
8442,2478482,2478491,9
8443,2478535,2478539,4
8444,2478539,2478543,4
8445,2478543,2478550,7
8446,2478550,2478554,4
8447,2478953,2478963,10
8448,2479212,2479221,9
8449,2479996,2480002,6
8450,2481023,2481031,8
8451,2481210,2481217,7
8452,2481932,2481941,9
8453,2482114,2482123,9
8454,2482756,2482763,7
8455,2482763,2482768,5
8456,2482768,2482773,5
8457,2482773,2482778,5
8458,2482778,2482783,5
8459,2482783,2482788,5
8460,2483283,2483287,4
8461,2483287,2483291,4
8462,2483291,2483299,8
8463,2483340,2483343,3
8464,2483343,2483349,6
8465,2483370,2483373,3
8466,2484516,2484519,3
8467,2484698,2484703,5
8468,2485865,2485873,8
8469,2486025,2486034,9
8470,2486034,2486043,9
8471,2486218,2486225,7
8472,2486252,2486256,4
8473,2486256,2486261,5
8474,2486277,2486280,3
8475,2486785,2486794,9
8476,2487230,2487236,6
8477,2487294,2487301,7
8478,2488016,2488020,4
8479,2488020,2488024,4
8480,2488151,2488155,4
8481,2488663,2488667,4
8482,2488667,2488675,8
8483,2488808,2488814,6
8484,2489460,2489466,6
8485,2491162,2491166,4
8486,2492352,2492355,3
8487,2492497,2492505,8
8488,2492528,2492536,8
8489,2492654,2492658,4
8490,2492787,2492790,3
8491,2492926,2492932,6
8492,2492932,2492935,3
8493,2493684,2493695,11
8494,2493914,2493923,9
8495,2494039,2494044,5
8496,2494219,2494224,5
8497,2494564,2494568,4
8498,2494704,2494712,8
8499,2494846,2494852,6
8500,2495348,2495354,6
8501,2495354,2495359,5
8502,2495359,2495367,8
8503,2496041,2496048,7
8504,2496108,2496111,3
8505,2496176,2496182,6
8506,2496182,2496191,9
8507,2496207,2496214,7
8508,2496601,2496608,7
8509,2496979,2496988,9
8510,2497000,2497007,7
8511,2497028,2497032,4
8512,2497047,2497051,4
8513,2497291,2497298,7
8514,2497298,2497303,5
8515,2497577,2497581,4
8516,2497866,2497869,3
8517,2498212,2498220,8
8518,2498670,2498673,3
8519,2499717,2499724,7
8520,2500373,2500377,4
8521,2500377,2500387,10
8522,2500723,2500729,6
8523,2500787,2500791,4
8524,2501091,2501099,8
8525,2501099,2501102,3
8526,2501583,2501590,7
8527,2501781,2501785,4
8528,2502120,2502125,5
8529,2502306,2502309,3
8530,2503640,2503648,8
8531,2503648,2503654,6
8532,2503654,2503660,6
8533,2503808,2503815,7
8534,2504027,2504032,5
8535,2504083,2504088,5
8536,2504817,2504825,8
8537,2504825,2504836,11
8538,2504836,2504843,7
8539,2505072,2505076,4
8540,2505076,2505084,8
8541,2505988,2505993,5
8542,2506657,2506664,7
8543,2508262,2508266,4
8544,2508321,2508327,6
8545,2508339,2508343,4
8546,2508678,2508683,5
8547,2508844,2508851,7
8548,2508905,2508908,3
8549,2509271,2509278,7
8550,2509649,2509661,12
8551,2509700,2509703,3
8552,2509913,2509917,4
8553,2510489,2510499,10
8554,2512160,2512163,3
8555,2512866,2512873,7
8556,2513351,2513360,9
8557,2513691,2513697,6
8558,2513749,2513756,7
8559,2513756,2513762,6
8560,2513762,2513768,6
8561,2513768,2513774,6
8562,2514928,2514934,6
8563,2515757,2515760,3
8564,2515805,2515814,9
8565,2516170,2516175,5
8566,2516820,2516826,6
8567,2517100,2517110,10
8568,2521331,2521339,8
8569,2522135,2522143,8
8570,2522161,2522165,4
8571,2522165,2522168,3
8572,2522574,2522577,3
8573,2523089,2523093,4
8574,2523456,2523461,5
8575,2523574,2523581,7
8576,2523581,2523586,5
8577,2523906,2523914,8
8578,2524389,2524396,7
8579,2524413,2524418,5
8580,2525295,2525302,7
8581,2526287,2526292,5
8582,2527544,2527551,7
8583,2528049,2528057,8
8584,2528205,2528211,6
8585,2528294,2528300,6
8586,2528300,2528306,6
8587,2528469,2528472,3
8588,2528614,2528622,8
8589,2529969,2529978,9
8590,2530012,2530018,6
8591,2530167,2530173,6
8592,2531008,2531011,3
8593,2531363,2531369,6
8594,2531369,2531375,6
8595,2531631,2531639,8
8596,2531675,2531682,7
8597,2531682,2531688,6
8598,2532547,2532552,5
8599,2532552,2532557,5
8600,2532670,2532674,4
8601,2533342,2533345,3
8602,2533716,2533719,3
8603,2535615,2535625,10
8604,2535727,2535734,7
8605,2536841,2536845,4
8606,2536845,2536849,4
8607,2537140,2537146,6
8608,2537662,2537666,4
8609,2537760,2537766,6
8610,2538309,2538314,5
8611,2538314,2538319,5
8612,2538736,2538741,5
8613,2539868,2539874,6
8614,2539874,2539877,3
8615,2540138,2540144,6
8616,2540144,2540151,7
8617,2540151,2540157,6
8618,2540169,2540173,4
8619,2540394,2540399,5
8620,2540717,2540722,5
8621,2540890,2540896,6
8622,2540896,2540899,3
8623,2540899,2540907,8
8624,2541050,2541053,3
8625,2541762,2541769,7
8626,2542765,2542768,3
8627,2542823,2542828,5
8628,2542828,2542835,7
8629,2542874,2542879,5
8630,2543112,2543119,7
8631,2543183,2543190,7
8632,2543478,2543483,5
8633,2543950,2543953,3
8634,2544603,2544612,9
8635,2546860,2546865,5
8636,2548439,2548443,4
8637,2548896,2548904,8
8638,2549061,2549068,7
8639,2549278,2549285,7
8640,2550948,2550954,6
8641,2550954,2550957,3
8642,2550991,2550997,6
8643,2553963,2553971,8
8644,2554971,2554976,5
8645,2555140,2555146,6
8646,2555631,2555638,7
8647,2556090,2556093,3
8648,2557086,2557095,9
8649,2558863,2558871,8
8650,2560924,2560929,5
8651,2562900,2562908,8
8652,2563879,2563887,8
8653,2566237,2566243,6
8654,2566573,2566577,4
8655,2566800,2566806,6
8656,2566806,2566814,8
8657,2567061,2567064,3
8658,2567321,2567325,4
8659,2567396,2567400,4
8660,2567400,2567408,8
8661,2567599,2567602,3
8662,2567958,2567962,4
8663,2568359,2568362,3
8664,2568362,2568368,6
8665,2568722,2568729,7
8666,2570327,2570334,7
8667,2571141,2571151,10
8668,2571410,2571414,4
8669,2572386,2572395,9
8670,2573192,2573198,6
8671,2574497,2574504,7
8672,2576004,2576010,6
8673,2576173,2576176,3
8674,2576573,2576582,9
8675,2577983,2577989,6
8676,2577989,2577993,4
8677,2578393,2578400,7
8678,2578702,2578709,7
8679,2578837,2578840,3
8680,2578840,2578845,5
8681,2578845,2578849,4
8682,2578946,2578954,8
8683,2579101,2579108,7
8684,2579474,2579477,3
8685,2579507,2579510,3
8686,2579510,2579518,8
8687,2579817,2579823,6
8688,2579858,2579862,4
8689,2579957,2579962,5
8690,2580478,2580483,5
8691,2580483,2580488,5
8692,2580488,2580493,5
8693,2580530,2580535,5
8694,2580583,2580586,3
8695,2581487,2581495,8
8696,2582543,2582549,6
8697,2583050,2583053,3
8698,2583203,2583212,9
8699,2583327,2583333,6
8700,2583683,2583693,10
8701,2583693,2583702,9
8702,2584857,2584860,3
8703,2584895,2584899,4
8704,2585114,2585123,9
8705,2585774,2585783,9
8706,2586656,2586666,10
8707,2587117,2587124,7
8708,2588580,2588587,7
8709,2588587,2588592,5
8710,2588592,2588601,9
8711,2590184,2590193,9
8712,2590193,2590202,9
8713,2590867,2590874,7
8714,2591230,2591233,3
8715,2591512,2591521,9
8716,2592908,2592913,5
8717,2593623,2593626,3
8718,2593653,2593659,6
8719,2593659,2593665,6
8720,2594207,2594215,8
8721,2594793,2594797,4
8722,2594797,2594800,3
8723,2595085,2595091,6
8724,2595129,2595141,12
8725,2595141,2595145,4
8726,2595227,2595232,5
8727,2595400,2595403,3
8728,2595403,2595409,6
8729,2595409,2595412,3
8730,2595652,2595658,6
8731,2595658,2595665,7
8732,2596063,2596069,6
8733,2596069,2596076,7
8734,2596931,2596934,3
8735,2597535,2597538,3
8736,2598057,2598061,4
8737,2598213,2598218,5
8738,2598218,2598223,5
8739,2598733,2598739,6
8740,2598802,2598807,5
8741,2598807,2598813,6
8742,2599448,2599456,8
8743,2600186,2600191,5
8744,2600191,2600195,4
8745,2600362,2600368,6
8746,2600368,2600374,6
8747,2600562,2600567,5
8748,2600936,2600943,7
8749,2601053,2601060,7
8750,2601563,2601570,7
8751,2601686,2601693,7
8752,2601800,2601804,4
8753,2602421,2602427,6
8754,2602680,2602684,4
8755,2603025,2603030,5
8756,2603030,2603033,3
8757,2603817,2603825,8
8758,2603918,2603924,6
8759,2603962,2603968,6
8760,2604167,2604174,7
8761,2604767,2604770,3
8762,2605093,2605100,7
8763,2605675,2605679,4
8764,2606451,2606456,5
8765,2606487,2606493,6
8766,2606612,2606615,3
8767,2607193,2607200,7
8768,2607538,2607544,6
8769,2608593,2608599,6
8770,2608599,2608611,12
8771,2608611,2608623,12
8772,2608635,2608641,6
8773,2609199,2609206,7
8774,2609438,2609444,6
8775,2609599,2609604,5
8776,2609894,2609897,3
8777,2610156,2610161,5
8778,2610454,2610459,5
8779,2610459,2610468,9
8780,2610468,2610609,141
8781,2610609,2610638,29
8782,2610638,2610668,30
8783,2610668,2610744,76
8784,2610744,2610749,5
8785,2610749,2610779,30
8786,2610779,2610862,83
8787,2610862,2610885,23
8788,2610885,2610978,93
8789,2610978,2611066,88
8790,2611066,2611103,37
8791,2611103,2611116,13
8792,2611116,2611417,301
8793,2611417,2611451,34
8794,2611451,2611484,33
8795,2611484,2611544,60
8796,2611544,2611597,53
8797,2611597,2611789,192
8798,2611789,2611960,171
8799,2611960,2612029,69
8800,2612029,2612069,40
8801,2612069,2612074,5
8802,2612074,2612127,53
8803,2612127,2612146,19
8804,2612146,2612205,59
8805,2612205,2612214,9
8806,2612214,2612253,39
8807,2612253,2612260,7
8808,2612260,2612443,183
8809,2612443,2612483,40
8810,2612483,2612507,24
8811,2612507,2612517,10
8812,2612517,2612565,48
8813,2612565,2612646,81
8814,2612646,2612895,249
8815,2612895,2612908,13
8816,2612908,2612962,54
8817,2612962,2613026,64
8818,2613026,2613037,11
8819,2613037,2613192,155
8820,2613192,2613206,14
8821,2613206,2613218,12
8822,2613218,2613317,99
8823,2613317,2613332,15
8824,2613332,2613373,41
8825,2613373,2613553,180
8826,2613553,2613556,3
8827,2613556,2613559,3
8828,2613559,2613592,33
8829,2613592,2613691,99
8830,2613691,2613712,21
8831,2613712,2613719,7
8832,2613719,2613738,19
8833,2613738,2613756,18
8834,2613756,2613817,61
8835,2613817,2613858,41
8836,2613858,2613958,100
8837,2613958,2614023,65
8838,2614023,2614052,29
8839,2614052,2614063,11
8840,2614063,2614101,38
8841,2614101,2614125,24
8842,2614125,2614394,269
8843,2614394,2614474,80
8844,2614474,2614691,217
8845,2614691,2614758,67
8846,2614758,2614922,164
8847,2614922,2615027,105
8848,2615027,2615057,30
8849,2615057,2615171,114
8850,2615171,2615210,39
8851,2615210,2615265,55
8852,2615265,2615317,52
8853,2615317,2615366,49
8854,2615366,2615625,259
8855,2615625,2615666,41
8856,2615666,2615685,19
8857,2615685,2615689,4
8858,2615689,2615697,8
8859,2615697,2615876,179
8860,2615876,2615938,62
8861,2615938,2615960,22
8862,2615960,2615973,13
8863,2616496,2616518,22
8864,2616518,2616838,320
8865,2616838,2616997,159
8866,2616997,2617023,26
8867,2617023,2617165,142
8868,2617165,2617253,88
8869,2617253,2617258,5
8870,2617258,2617267,9
8871,2617267,2617408,141
8872,2617408,2617437,29
8873,2617437,2617467,30
8874,2617828,2617836,8
8875,2617836,2617845,9
8876,2618968,2618971,3
8877,2619430,2619436,6
8878,2619757,2619761,4
8879,2619783,2619790,7
8880,2620056,2620063,7
8881,2620063,2620067,4
8882,2620067,2620071,4
8883,2621737,2621740,3
8884,2621740,2621747,7
8885,2621747,2621750,3
8886,2622253,2622259,6
8887,2622617,2622622,5
8888,2623037,2623043,6
8889,2623187,2623195,8
8890,2624043,2624050,7
8891,2624050,2624053,3
8892,2624131,2624139,8
8893,2624551,2624560,9
8894,2625367,2625370,3
8895,2625753,2625760,7
8896,2626085,2626089,4
8897,2627270,2627280,10
8898,2627292,2627298,6
8899,2627920,2627926,6
8900,2627926,2627930,4
8901,2628587,2628594,7
8902,2628642,2628647,5
8903,2628789,2628797,8
8904,2628839,2628849,10
8905,2628923,2628932,9
8906,2629524,2629529,5
8907,2629604,2629614,10
8908,2631329,2631334,5
8909,2631334,2631339,5
8910,2631339,2631344,5
8911,2631494,2631501,7
8912,2632355,2632363,8
8913,2632789,2632796,7
8914,2635349,2635352,3
8915,2635352,2635359,7
8916,2637706,2637712,6
8917,2637880,2637885,5
8918,2637885,2637891,6
8919,2638064,2638072,8
8920,2638886,2638893,7
8921,2639008,2639012,4
8922,2639317,2639321,4
8923,2640245,2640252,7
8924,2640252,2640257,5
8925,2640645,2640653,8
8926,2641441,2641447,6
8927,2645670,2645676,6
8928,2646607,2646613,6
8929,2647646,2647654,8
8930,2649158,2649163,5
8931,2649968,2649973,5
8932,2649973,2649982,9
8933,2650184,2650193,9
8934,2651057,2651067,10
8935,2652189,2652194,5
8936,2652751,2652756,5
8937,2653952,2653959,7
8938,2653959,2653966,7
8939,2654156,2654161,5
8940,2654734,2654741,7
8941,2655665,2655670,5
8942,2655764,2655770,6
8943,2655770,2655776,6
8944,2656373,2656383,10
8945,2656856,2656861,5
8946,2657337,2657341,4
8947,2657945,2657948,3
8948,2657968,2657972,4
8949,2657972,2657982,10
8950,2657993,2658001,8
8951,2658356,2658361,5
8952,2660019,2660024,5
8953,2660024,2660033,9
8954,2660033,2660042,9
8955,2660042,2660051,9
8956,2660051,2660060,9
8957,2660060,2660063,3
8958,2660063,2660066,3
8959,2660066,2660069,3
8960,2660081,2660084,3
8961,2660084,2660091,7
8962,2660091,2660098,7
8963,2660237,2660246,9
8964,2660630,2660633,3
8965,2660753,2660759,6
8966,2660759,2660762,3
8967,2660966,2660972,6
8968,2660972,2660978,6
8969,2660978,2660984,6
8970,2662023,2662029,6
8971,2662315,2662322,7
8972,2662742,2662749,7
8973,2662874,2662882,8
8974,2663397,2663401,4
8975,2663401,2663407,6
8976,2663468,2663474,6
8977,2663487,2663494,7
8978,2663696,2663703,7
8979,2663703,2663710,7
8980,2663847,2663854,7
8981,2663854,2663857,3
8982,2664002,2664007,5
8983,2664007,2664013,6
8984,2664176,2664184,8
8985,2664184,2664188,4
8986,2664645,2664669,24
8987,2664669,2664732,63
8988,2665157,2665172,15
8989,2665253,2665269,16
8990,2665809,2665815,6
8991,2666214,2666222,8
8992,2666222,2666226,4
8993,2666309,2666317,8
8994,2666317,2666326,9
8995,2666358,2666368,10
8996,2666632,2666642,10
8997,2667276,2667281,5
8998,2667281,2667289,8
8999,2667322,2667327,5
9000,2667327,2667332,5
9001,2667552,2667556,4
9002,2667556,2667560,4
9003,2667560,2667564,4
9004,2667564,2667568,4
9005,2668587,2668593,6
9006,2668959,2668965,6
9007,2668965,2668973,8
9008,2668973,2668981,8
9009,2668981,2668989,8
9010,2669025,2669033,8
9011,2670747,2670753,6
9012,2671855,2671859,4
9013,2671859,2671865,6
9014,2671865,2671872,7
9015,2672315,2672321,6
9016,2672338,2672344,6
9017,2672344,2672356,12
9018,2672505,2672513,8
9019,2672513,2672521,8
9020,2672610,2672619,9
9021,2672619,2672624,5
9022,2672624,2672629,5
9023,2672785,2672788,3
9024,2672862,2672869,7
9025,2673111,2673116,5
9026,2673116,2673120,4
9027,2673378,2673384,6
9028,2673832,2673837,5
9029,2673837,2673845,8
9030,2673986,2673992,6
9031,2674422,2674430,8
9032,2674455,2674459,4
9033,2674479,2674489,10
9034,2674544,2674551,7
9035,2675027,2675031,4
9036,2675261,2675268,7
9037,2676208,2676213,5
9038,2676554,2676562,8
9039,2676562,2676565,3
9040,2676589,2676595,6
9041,2676787,2676796,9
9042,2676796,2676806,10
9043,2677178,2677184,6
9044,2677213,2677219,6
9045,2677444,2677451,7
9046,2678079,2678085,6
9047,2678504,2678512,8
9048,2678512,2678515,3
9049,2678628,2678631,3
9050,2678656,2678660,4
9051,2680073,2680081,8
9052,2680081,2680088,7
9053,2680149,2680159,10
9054,2680783,2680792,9
9055,2680862,2680867,5
9056,2681913,2681918,5
9057,2681918,2681923,5
9058,2682121,2682128,7
9059,2682128,2682133,5
9060,2682701,2682707,6
9061,2684112,2684116,4
9062,2684339,2684344,5
9063,2684344,2684350,6
9064,2685470,2685480,10
9065,2686502,2686508,6
9066,2686735,2686740,5
9067,2686850,2686860,10
9068,2687898,2687906,8
9069,2689883,2689891,8
9070,2690944,2690949,5
9071,2692169,2692174,5
9072,2692333,2692342,9
9073,2692342,2692345,3
9074,2692591,2692600,9
9075,2692625,2692628,3
9076,2692805,2692809,4
9077,2692809,2692814,5
9078,2693187,2693195,8
9079,2693711,2693718,7
9080,2694158,2694165,7
9081,2694203,2694208,5
9082,2694439,2694445,6
9083,2694445,2694451,6
9084,2696494,2696503,9
9085,2697206,2697209,3
9086,2697295,2697299,4
9087,2697823,2697829,6
9088,2698151,2698154,3
9089,2698198,2698202,4
9090,2698224,2698230,6
9091,2698230,2698241,11
9092,2698241,2698246,5
9093,2698627,2698632,5
9094,2699704,2699711,7
9095,2700584,2700589,5
9096,2700589,2700597,8
9097,2700822,2700831,9
9098,2701750,2701759,9
9099,2701818,2701824,6
9100,2702014,2702017,3
9101,2702017,2702020,3
9102,2703938,2703942,4
9103,2705583,2705592,9
9104,2705592,2705599,7
9105,2705821,2705826,5
9106,2705836,2705841,5
9107,2706051,2706059,8
9108,2706135,2706141,6
9109,2706141,2706145,4
9110,2706508,2706514,6
9111,2707071,2707078,7
9112,2707588,2707593,5
9113,2708815,2708820,5
9114,2710161,2710170,9
9115,2711507,2711511,4
9116,2712485,2712488,3
9117,2712488,2712497,9
9118,2713276,2713280,4
9119,2713910,2713918,8
9120,2713934,2713940,6
9121,2714069,2714076,7
9122,2714337,2714343,6
9123,2714801,2714808,7
9124,2715144,2715147,3
9125,2715701,2715707,6
9126,2715971,2715980,9
9127,2715980,2715988,8
9128,2715988,2715992,4
9129,2716701,2716709,8
9130,2716970,2716978,8
9131,2717749,2717755,6
9132,2718755,2718763,8
9133,2718973,2718979,6
9134,2719134,2719140,6
9135,2719140,2719143,3
9136,2719143,2719146,3
9137,2719146,2719149,3
9138,2719149,2719152,3
9139,2719152,2719155,3
9140,2719484,2719492,8
9141,2720366,2720369,3
9142,2720369,2720376,7
9143,2722702,2722705,3
9144,2723099,2723103,4
9145,2723137,2723142,5
9146,2723261,2723268,7
9147,2723484,2723489,5
9148,2723513,2723516,3
9149,2723516,2723520,4
9150,2723520,2723523,3
9151,2723584,2723588,4
9152,2723843,2723848,5
9153,2723848,2723854,6
9154,2724232,2724241,9
9155,2725803,2725808,5
9156,2726184,2726196,12
9157,2726254,2726260,6
9158,2727071,2727075,4
9159,2727920,2727924,4
9160,2728223,2728229,6
9161,2728324,2728331,7
9162,2728628,2728634,6
9163,2728843,2728846,3
9164,2728846,2728852,6
9165,2730148,2730153,5
9166,2730635,2730640,5
9167,2730911,2730914,3
9168,2732252,2732259,7
9169,2732282,2732291,9
9170,2732971,2732978,7
9171,2733107,2733113,6
9172,2734325,2734334,9
9173,2734419,2734428,9
9174,2734428,2734433,5
9175,2735100,2735109,9
9176,2735856,2735860,4
9177,2735860,2735867,7
9178,2736372,2736379,7
9179,2736611,2736615,4
9180,2736648,2736656,8
9181,2737110,2737118,8
9182,2737264,2737273,9
9183,2737680,2737684,4
9184,2738734,2738740,6
9185,2740170,2740173,3
9186,2740218,2740236,18
9187,2740342,2740350,8
9188,2740716,2740719,3
9189,2740764,2740782,18
9190,2741199,2741204,5
9191,2741666,2741670,4
9192,2743089,2743094,5
9193,2743256,2743262,6
9194,2744358,2744364,6
9195,2745164,2745172,8
9196,2745326,2745332,6
9197,2745332,2745340,8
9198,2747995,2748000,5
9199,2748051,2748055,4
9200,2748055,2748061,6
9201,2749105,2749108,3
9202,2749260,2749270,10
9203,2749401,2749409,8
9204,2749409,2749414,5
9205,2749824,2749832,8
9206,2752444,2752450,6
9207,2752599,2752603,4
9208,2752717,2752725,8
9209,2753472,2753476,4
9210,2753660,2753666,6
9211,2753687,2753697,10
9212,2754096,2754100,4
9213,2754578,2754581,3
9214,2756334,2756337,3
9215,2757097,2757104,7
9216,2758556,2758560,4
9217,2758560,2758563,3
9218,2758611,2758617,6
9219,2759722,2759730,8
9220,2759730,2759734,4
9221,2759734,2759737,3
9222,2759799,2759803,4
9223,2760170,2760173,3
9224,2760390,2760393,3
9225,2760411,2760415,4
9226,2761692,2761696,4
9227,2761879,2761887,8
9228,2761905,2761911,6
9229,2761911,2761917,6
9230,2761917,2761923,6
9231,2761923,2761929,6
9232,2762018,2762023,5
9233,2762150,2762155,5
9234,2762327,2762335,8
9235,2765054,2765063,9
9236,2765063,2765070,7
9237,2766445,2766454,9
9238,2767251,2767255,4
9239,2767559,2767567,8
9240,2769102,2769168,66
9241,2769455,2769461,6
9242,2769461,2769527,66
9243,2770683,2770686,3
9244,2771041,2771049,8
9245,2771273,2771281,8
9246,2772660,2772663,3
9247,2774035,2774038,3
9248,2775930,2775939,9
9249,2775953,2775960,7
9250,2777415,2777424,9
9251,2777424,2777430,6
9252,2777585,2777591,6
9253,2778295,2778304,9
9254,2780130,2780135,5
9255,2780677,2780685,8
9256,2780991,2780996,5
9257,2782331,2782339,8
9258,2784054,2784060,6
9259,2784762,2784765,3
9260,2785030,2785038,8
9261,2785142,2785145,3
9262,2785145,2785148,3
9263,2785263,2785268,5
9264,2785348,2785352,4
9265,2785352,2785357,5
9266,2785462,2785465,3
9267,2785465,2785470,5
9268,2785916,2785924,8
9269,2786064,2786067,3
9270,2786468,2786471,3
9271,2786790,2786794,4
9272,2787369,2787380,11
9273,2787411,2787417,6
9274,2787826,2787830,4
9275,2787976,2787986,10
9276,2788533,2788540,7
9277,2788555,2788563,8
9278,2789186,2789195,9
9279,2789935,2789939,4
9280,2791101,2791108,7
9281,2791193,2791201,8
9282,2791964,2791969,5
9283,2792430,2792433,3
9284,2792469,2792477,8
9285,2792659,2792665,6
9286,2792665,2792673,8
9287,2793135,2793142,7
9288,2793570,2793577,7
9289,2793577,2793585,8
9290,2793585,2793593,8
9291,2794497,2794505,8
9292,2794505,2794511,6
9293,2795582,2795590,8
9294,2795590,2795597,7
9295,2795639,2795649,10
9296,2795733,2795739,6
9297,2796028,2796036,8
9298,2796036,2796042,6
9299,2796042,2796047,5
9300,2796686,2796691,5
9301,2797042,2797045,3
9302,2797216,2797222,6
9303,2797403,2797408,5
9304,2797584,2797595,11
9305,2799401,2799405,4
9306,2800410,2800413,3
9307,2804283,2804287,4
9308,2804577,2804580,3
9309,2804725,2804731,6
9310,2805721,2805732,11
9311,2805742,2805748,6
9312,2807259,2807264,5
9313,2807372,2807379,7
9314,2808448,2808452,4
9315,2808854,2808859,5
9316,2808909,2808915,6
9317,2808933,2808939,6
9318,2808939,2808945,6
9319,2808945,2808951,6
9320,2808951,2808954,3
9321,2808954,2808960,6
9322,2808960,2808963,3
9323,2808963,2808969,6
9324,2808969,2808972,3
9325,2808972,2808978,6
9326,2808978,2808981,3
9327,2808981,2808984,3
9328,2808984,2808987,3
9329,2808987,2808990,3
9330,2808990,2808993,3
9331,2808993,2808996,3
9332,2808996,2808999,3
9333,2808999,2809002,3
9334,2809002,2809005,3
9335,2810373,2810380,7
9336,2811173,2811179,6
9337,2813047,2813053,6
9338,2813289,2813295,6
9339,2813390,2813393,3
9340,2814306,2814313,7
9341,2815220,2815223,3
9342,2815223,2815226,3
9343,2819012,2819019,7
9344,2819019,2819027,8
9345,2820153,2820162,9
9346,2823231,2823239,8
9347,2823239,2823247,8
9348,2823893,2824089,196
9349,2824089,2824162,73
9350,2824162,2824196,34
9351,2824196,2824211,15
9352,2824211,2824296,85
9353,2824296,2824350,54
9354,2824350,2824378,28
9355,2824378,2824419,41
9356,2824419,2824527,108
9357,2824527,2824584,57
9358,2824584,2824723,139
9359,2824723,2824750,27
9360,2824750,2824807,57
9361,2824807,2824818,11
9362,2824818,2824831,13
9363,2824831,2824881,50
9364,2824881,2825120,239
9365,2825120,2825239,119
9366,2825239,2825266,27
9367,2825311,2825355,44
9368,2825355,2825400,45
9369,2825400,2825524,124
9370,2825524,2825540,16
9371,2825540,2825593,53
9372,2825593,2825705,112
9373,2825705,2825711,6
9374,2825711,2825727,16
9375,2825727,2825825,98
9376,2825825,2825920,95
9377,2825920,2826059,139
9378,2826059,2826086,27
9379,2826086,2826272,186
9380,2826272,2826430,158
9381,2826430,2826479,49
9382,2826479,2826547,68
9383,2826547,2826631,84
9384,2826631,2826833,202
9385,2826833,2826926,93
9386,2826926,2826931,5
9387,2826931,2827009,78
9388,2827009,2827040,31
9389,2827040,2827052,12
9390,2827052,2827149,97
9391,2827149,2827258,109
9392,2827258,2827382,124
9393,2827382,2827410,28
9394,2827410,2827426,16
9395,2827426,2827447,21
9396,2827447,2827505,58
9397,2827505,2827565,60
9398,2827565,2827587,22
9399,2827587,2827604,17
9400,2827604,2827814,210
9401,2827814,2827881,67
9402,2827881,2827891,10
9403,2827891,2827972,81
9404,2827972,2827995,23
9405,2827995,2828025,30
9406,2828025,2828111,86
9407,2828111,2828376,265
9408,2828376,2828455,79
9409,2828455,2828464,9
9410,2828464,2828809,345
9411,2828809,2828918,109
9412,2828918,2828936,18
9413,2828936,2828948,12
9414,2828948,2828986,38
9415,2828986,2829039,53
9416,2829039,2829149,110
9417,2829149,2829217,68
9418,2829217,2829332,115
9419,2829332,2829351,19
9420,2829351,2829553,202
9421,2829553,2829640,87
9422,2829640,2829700,60
9423,2829700,2829834,134
9424,2829834,2829837,3
9425,2829837,2829933,96
9426,2829933,2830065,132
9427,2830065,2830108,43
9428,2830108,2830240,132
9429,2830240,2830267,27
9430,2830267,2830312,45
9431,2830312,2830624,312
9432,2830624,2830749,125
9433,2830749,2830767,18
9434,2830767,2830879,112
9435,2830879,2830892,13
9436,2830892,2830912,20
9437,2830912,2831136,224
9438,2831136,2831168,32
9439,2831168,2831317,149
9440,2831317,2831327,10
9441,2831327,2831330,3
9442,2831610,2831706,96
9443,2831881,2831893,12
9444,2831893,2831955,62
9445,2831955,2832151,196
9446,2832151,2832224,73
9447,2832224,2832258,34
9448,2832258,2832273,15
9449,2832667,2832671,4
9450,2833475,2833484,9
9451,2837216,2837224,8
9452,2837384,2837391,7
9453,2838169,2838178,9
9454,2839212,2839217,5
9455,2839269,2839273,4
9456,2839343,2839349,6
9457,2839816,2839822,6
9458,2840091,2840100,9
9459,2841038,2841047,9
9460,2841245,2841249,4
9461,2841464,2841469,5
9462,2841832,2841836,4
9463,2842154,2842162,8
9464,2842997,2843001,4
9465,2843318,2843329,11
9466,2843549,2843553,4
9467,2843572,2843581,9
9468,2844982,2845060,78
9469,2845060,2845071,11
9470,2845071,2845082,11
9471,2845082,2845105,23
9472,2845105,2845173,68
9473,2845173,2845252,79
9474,2845252,2845320,68
9475,2845496,2845505,9
9476,2845947,2846036,89
9477,2846036,2846102,66
9478,2846102,2846169,67
9479,2846263,2846321,58
9480,2846380,2846411,31
9481,2846411,2846633,222
9482,2846633,2846637,4
9483,2846637,2846646,9
9484,2846646,2846785,139
9485,2846785,2846818,33
9486,2846818,2846862,44
9487,2846862,2846872,10
9488,2846995,2847003,8
9489,2847003,2847007,4
9490,2847007,2847089,82
9491,2847089,2847139,50
9492,2847139,2847171,32
9493,2847171,2847189,18
9494,2847189,2847270,81
9495,2847270,2847275,5
9496,2847275,2847336,61
9497,2847336,2847455,119
9498,2847455,2847561,106
9499,2847638,2847834,196
9500,2847882,2848064,182
9501,2848064,2848101,37
9502,2848101,2848155,54
9503,2848155,2848221,66
9504,2848221,2848268,47
9505,2848268,2848313,45
9506,2848313,2848399,86
9507,2848399,2848457,58
9508,2848457,2848532,75
9509,2848717,2848750,33
9510,2848750,2848772,22
9511,2848772,2848802,30
9512,2848802,2848987,185
9513,2848987,2849078,91
9514,2849078,2849100,22
9515,2849100,2849115,15
9516,2849115,2849226,111
9517,2849226,2849252,26
9518,2849252,2849284,32
9519,2849284,2849501,217
9520,2849501,2849662,161
9521,2849662,2849817,155
9522,2849817,2849830,13
9523,2849830,2849845,15
9524,2849845,2849858,13
9525,2849858,2849871,13
9526,2849871,2849902,31
9527,2849902,2849928,26
9528,2849928,2849954,26
9529,2849954,2849969,15
9530,2849969,2850182,213
9531,2850182,2850191,9
9532,2850191,2850217,26
9533,2850217,2850234,17
9534,2850234,2850246,12
9535,2850246,2850282,36
9536,2850282,2850361,79
9537,2850361,2850368,7
9538,2850368,2850573,205
9539,2850664,2850686,22
9540,2850686,2850713,27
9541,2850852,2850861,9
9542,2850861,2850964,103
9543,2851328,2851360,32
9544,2851360,2851363,3
9545,2851363,2851366,3
9546,2851366,2851491,125
9547,2851491,2851523,32
9548,2851523,2851533,10
9549,2851533,2851561,28
9550,2851561,2851575,14
9551,2851575,2851743,168
9552,2851743,2851780,37
9553,2851780,2851844,64
9554,2851844,2851893,49
9555,2851893,2851971,78
9556,2851971,2851982,11
9557,2851982,2851993,11
9558,2851993,2852016,23
9559,2852016,2852084,68
9560,2852084,2852163,79
9561,2852163,2852231,68
9562,2853203,2853207,4
9563,2853680,2853689,9
9564,2858232,2858240,8
9565,2859366,2859373,7
9566,2860168,2860174,6
9567,2860319,2860323,4
9568,2861552,2861560,8
9569,2862029,2862036,7
9570,2862036,2862039,3
9571,2864672,2864675,3
9572,2865189,2865201,12
9573,2865597,2865601,4
9574,2867467,2867474,7
9575,2868852,2868859,7
9576,2869413,2869422,9
9577,2869485,2869488,3
9578,2870229,2870235,6
9579,2870786,2870791,5
9580,2870791,2870795,4
9581,2872072,2872078,6
9582,2872330,2872339,9
9583,2872541,2872547,6
9584,2872960,2872968,8
9585,2873007,2873013,6
9586,2873379,2873385,6
9587,2873768,2873775,7
9588,2881751,2881761,10
9589,2882088,2882096,8
9590,2882222,2882227,5
9591,2882612,2882616,4
9592,2883295,2883303,8
9593,2883989,2883997,8
9594,2884863,2884868,5
9595,2884868,2884877,9
9596,2885332,2885341,9
9597,2886564,2886568,4
9598,2886976,2886983,7
9599,2887140,2887147,7
9600,2887193,2887197,4
9601,2887502,2887509,7
9602,2887802,2887809,7
9603,2889196,2889207,11
9604,2889277,2889288,11
9605,2889410,2889415,5
9606,2889853,2889856,3
9607,2890821,2890827,6
9608,2891469,2891476,7
9609,2893430,2893436,6
9610,2893468,2893474,6
9611,2893685,2893690,5
9612,2893690,2893693,3
9613,2893693,2893697,4
9614,2893844,2893853,9
9615,2894252,2894258,6
9616,2894279,2894285,6
9617,2894285,2894295,10
9618,2895343,2895352,9
9619,2896246,2896255,9
9620,2897315,2897322,7
9621,2897322,2897329,7
9622,2897631,2897639,8
9623,2897785,2897794,9
9624,2897811,2897816,5
9625,2899685,2899694,9
9626,2900263,2900266,3
9627,2900899,2900906,7
9628,2901011,2901020,9
9629,2901525,2901531,6
9630,2901531,2901537,6
9631,2901537,2901541,4
9632,2904247,2904250,3
9633,2904784,2904793,9
9634,2904793,2904800,7
9635,2904834,2904842,8
9636,2904842,2904848,6
9637,2904868,2904878,10
9638,2905557,2905562,5
9639,2906608,2906615,7
9640,2906672,2906679,7
9641,2906732,2906737,5
9642,2907689,2907693,4
9643,2907693,2907697,4
9644,2908361,2908365,4
9645,2908773,2908781,8
9646,2909520,2909528,8
9647,2911685,2911693,8
9648,2911827,2911834,7
9649,2912076,2912079,3
9650,2912079,2912089,10
9651,2913088,2913095,7
9652,2913095,2913098,3
9653,2913953,2913956,3
9654,2913979,2913982,3
9655,2913982,2913985,3
9656,2914645,2914651,6
9657,2914750,2914756,6
9658,2914756,2914763,7
9659,2915075,2915083,8
9660,2915083,2915086,3
9661,2915164,2915168,4
9662,2919031,2919036,5
9663,2919579,2919584,5
9664,2920635,2920643,8
9665,2920643,2920647,4
9666,2920791,2920795,4
9667,2921720,2921726,6
9668,2923276,2923285,9
9669,2923353,2923357,4
9670,2923357,2923363,6
9671,2923965,2923973,8
9672,2925494,2925500,6
9673,2925500,2925506,6
9674,2926560,2926569,9
9675,2926618,2926627,9
9676,2926627,2926636,9
9677,2927030,2927036,6
9678,2927036,2927040,4
9679,2927203,2927208,5
9680,2929208,2929212,4
9681,2929693,2929697,4
9682,2930806,2930811,5
9683,2930862,2930868,6
9684,2931075,2931078,3
9685,2932086,2932089,3
9686,2932089,2932092,3
9687,2933409,2933412,3
9688,2933690,2933694,4
9689,2933694,2933699,5
9690,2934656,2934662,6
9691,2935677,2935681,4
9692,2936539,2936544,5
9693,2936638,2936646,8
9694,2936950,2936957,7
9695,2936957,2936964,7
9696,2937334,2937337,3
9697,2937337,2937340,3
9698,2937469,2937472,3
9699,2937472,2937478,6
9700,2937478,2937490,12
9701,2937522,2937525,3
9702,2938036,2938042,6
9703,2938267,2938276,9
9704,2938475,2938482,7
9705,2939153,2939157,4
9706,2939310,2939313,3
9707,2939450,2939459,9
9708,2939938,2939941,3
9709,2939941,2939949,8
9710,2940007,2940010,3
9711,2940010,2940019,9
9712,2940472,2940479,7
9713,2940738,2940747,9
9714,2940784,2940789,5
9715,2940862,2940871,9
9716,2941112,2941122,10
9717,2941122,2941126,4
9718,2941126,2941131,5
9719,2941152,2941158,6
9720,2941439,2941447,8
9721,2941886,2941889,3
9722,2941952,2941961,9
9723,2942398,2942404,6
9724,2942655,2942665,10
9725,2943615,2943618,3
9726,2944067,2944070,3
9727,2944070,2944076,6
9728,2944762,2944767,5
9729,2944767,2944772,5
9730,2944772,2944781,9
9731,2944923,2944931,8
9732,2945060,2945070,10
9733,2945220,2945223,3
9734,2945764,2945770,6
9735,2945990,2945996,6
9736,2946450,2946457,7
9737,2946470,2946478,8
9738,2946559,2946566,7
9739,2946865,2946872,7
9740,2946872,2946879,7
9741,2947012,2947017,5
9742,2947099,2947106,7
9743,2947106,2947115,9
9744,2949693,2949697,4
9745,2950843,2950850,7
9746,2953563,2953566,3
9747,2953566,2953575,9
9748,2953861,2953867,6
9749,2954384,2954389,5
9750,2955968,2955971,3
9751,2958202,2958207,5
9752,2959797,2959800,3
9753,2959891,2959897,6
9754,2960040,2960047,7
9755,2960768,2960772,4
9756,2960980,2960986,6
9757,2961298,2961308,10
9758,2961308,2961315,7
9759,2961529,2961534,5
9760,2961556,2961561,5
9761,2962644,2962647,3
9762,2963476,2963482,6
9763,2964209,2964213,4
9764,2965148,2965156,8
9765,2965828,2965831,3
9766,2965956,2965959,3
9767,2967601,2967607,6
9768,2968435,2968441,6
9769,2968441,2968450,9
9770,2968618,2968624,6
9771,2968624,2968630,6
9772,2968926,2968934,8
9773,2969798,2969805,7
9774,2970802,2970805,3
9775,2970899,2970909,10
9776,2970909,2970916,7
9777,2971075,2971080,5
9778,2972283,2972290,7
9779,2972966,2972970,4
9780,2972970,2972975,5
9781,2973372,2973381,9
9782,2973910,2973913,3
9783,2974210,2974220,10
9784,2974376,2974382,6
9785,2974871,2974879,8
9786,2974933,2974941,8
9787,2974941,2974950,9
9788,2974950,2974958,8
9789,2974970,2974976,6
9790,2974988,2974996,8
9791,2975472,2975477,5
9792,2976028,2976036,8
9793,2978413,2978419,6
9794,2979361,2979367,6
9795,2979605,2979609,4
9796,2979877,2979886,9
9797,2979914,2979926,12
9798,2979946,2979949,3
9799,2979949,2979952,3
9800,2979952,2979955,3
9801,2979955,2979958,3
9802,2979958,2979964,6
9803,2979964,2979969,5
9804,2979969,2979974,5
9805,2979974,2979979,5
9806,2979979,2979984,5
9807,2980023,2980028,5
9808,2980044,2980048,4
9809,2980048,2980055,7
9810,2980302,2980306,4
9811,2980671,2980675,4
9812,2981479,2981485,6
9813,2981556,2981563,7
9814,2982826,2982830,4
9815,2983333,2983338,5
9816,2983587,2983600,13
9817,2984701,2984706,5
9818,2984706,2984718,12
9819,2984974,2984977,3
9820,2985638,2985641,3
9821,2985735,2985744,9
9822,2985744,2985753,9
9823,2985753,2985762,9
9824,2985771,2985780,9
9825,2985897,2985903,6
9826,2985903,2985908,5
9827,2986785,2986789,4
9828,2987469,2987475,6
9829,2988127,2988135,8
9830,2988325,2988332,7
9831,2988343,2988351,8
9832,2988351,2988360,9
9833,2989829,2989835,6
9834,2991311,2991316,5
9835,2991610,2991613,3
9836,2992032,2992041,9
9837,2992067,2992072,5
9838,2992107,2992114,7
9839,2992757,2992764,7
9840,2995096,2995099,3
9841,2995099,2995107,8
9842,2995107,2995111,4
9843,2995111,2995116,5
9844,2995116,2995122,6
9845,2995422,2995429,7
9846,2995559,2995566,7
9847,2996036,2996044,8
9848,2996618,2996628,10
9849,2997469,2997475,6
9850,2997503,2997510,7
9851,2997510,2997513,3
9852,2997513,2997516,3
9853,2997516,2997519,3
9854,2997519,2997525,6
9855,2997525,2997531,6
9856,2998066,2998076,10
9857,2998133,2998141,8
9858,2998141,2998146,5
9859,3000082,3000091,9
9860,3002085,3002091,6
9861,3002417,3002422,5
9862,3002422,3002428,6
9863,3002647,3002654,7
9864,3002682,3002685,3
9865,3003163,3003168,5
9866,3003168,3003173,5
9867,3003231,3003237,6
9868,3003923,3003926,3
9869,3004408,3004415,7
9870,3006550,3006554,4
9871,3007103,3007108,5
9872,3007868,3007877,9
9873,3008073,3008079,6
9874,3008209,3008216,7
9875,3010031,3010038,7
9876,3010445,3010457,12
9877,3010457,3010463,6
9878,3010463,3010469,6
9879,3010469,3010475,6
9880,3010475,3010481,6
9881,3010675,3010680,5
9882,3011115,3011119,4
9883,3011119,3011125,6
9884,3011572,3011580,8
9885,3015438,3015442,4
9886,3015990,3015998,8
9887,3017559,3017562,3
9888,3018209,3018216,7
9889,3018216,3018226,10
9890,3018226,3018236,10
9891,3018383,3018391,8
9892,3018391,3018397,6
9893,3018431,3018435,4
9894,3018580,3018584,4
9895,3019242,3019246,4
9896,3019246,3019250,4
9897,3019250,3019254,4
9898,3019303,3019312,9
9899,3019657,3019661,4
9900,3020264,3020269,5
9901,3020858,3020862,4
9902,3024477,3024481,4
9903,3024619,3024628,9
9904,3025107,3025113,6
9905,3025152,3025155,3
9906,3025155,3025158,3
9907,3025425,3025431,6
9908,3025443,3025451,8
9909,3025451,3025460,9
9910,3025979,3025986,7
9911,3025986,3025989,3
9912,3026081,3026085,4
9913,3028230,3028238,8
9914,3028430,3028439,9
9915,3028558,3028567,9
9916,3028706,3028710,4
9917,3028710,3028714,4
9918,3030797,3030800,3
9919,3031571,3031574,3
9920,3031760,3031772,12
9921,3033465,3033471,6
9922,3033471,3033477,6
9923,3035934,3035942,8
9924,3037969,3037977,8
9925,3038052,3038058,6
9926,3038185,3038188,3
9927,3041537,3041543,6
9928,3041543,3041549,6
9929,3041589,3041593,4
9930,3041593,3041597,4
9931,3041597,3041601,4
9932,3041871,3041875,4
9933,3042008,3042016,8
9934,3042016,3042025,9
9935,3042532,3042537,5
9936,3042563,3042571,8
9937,3043791,3043805,14
9938,3043805,3043810,5
9939,3044175,3044182,7
9940,3044305,3044313,8
9941,3044586,3044589,3
9942,3044589,3044593,4
9943,3044717,3044721,4
9944,3045697,3045707,10
9945,3045904,3045907,3
9946,3045907,3045915,8
9947,3045915,3045924,9
9948,3046060,3046067,7
9949,3046394,3046401,7
9950,3046401,3046407,6
9951,3046427,3046437,10
9952,3046961,3046965,4
9953,3047268,3047271,3
9954,3048376,3048381,5
9955,3048467,3048473,6
9956,3048965,3048971,6
9957,3049248,3049251,3
9958,3049251,3049254,3
9959,3049254,3049257,3
9960,3049305,3049313,8
9961,3049313,3049322,9
9962,3050031,3050037,6
9963,3050037,3050042,5
9964,3050474,3050480,6
9965,3051883,3051886,3
9966,3052779,3052788,9
9967,3055697,3055703,6
9968,3055703,3055709,6
9969,3055857,3055860,3
9970,3055875,3055878,3
9971,3056285,3056292,7
9972,3057000,3057004,4
9973,3057126,3057136,10
9974,3057523,3057528,5
9975,3057833,3057836,3
9976,3058118,3058208,90
9977,3058208,3058219,11
9978,3058219,3058235,16
9979,3058409,3058415,6
9980,3058477,3058485,8
9981,3058711,3058716,5
9982,3058920,3058930,10
9983,3058973,3058982,9
9984,3059170,3059174,4
9985,3059174,3059177,3
9986,3059177,3059184,7
9987,3059276,3059279,3
9988,3059279,3059285,6
9989,3059285,3059289,4
9990,3059289,3059295,6
9991,3059295,3059304,9
9992,3059304,3059312,8
9993,3059473,3059477,4
9994,3059564,3059568,4
9995,3059568,3059572,4
9996,3060477,3060480,3
9997,3060516,3060520,4
9998,3060520,3060524,4
9999,3060899,3060904,5
10000,3060904,3060907,3
10001,3061479,3061482,3
10002,3061988,3061997,9
10003,3061997,3062003,6
10004,3062547,3062552,5
10005,3062552,3062561,9
10006,3064447,3064455,8
10007,3064455,3064463,8
10008,3064463,3064471,8
10009,3064758,3064765,7
10010,3065193,3065199,6
10011,3066990,3066998,8
10012,3066998,3067006,8
10013,3067044,3067047,3
10014,3067047,3067050,3
10015,3067050,3067056,6
10016,3067570,3067578,8
10017,3068273,3068278,5
10018,3068510,3068517,7
10019,3068517,3068520,3
10020,3070202,3070210,8
10021,3070686,3070789,103
10022,3070921,3071075,154
10023,3071075,3071229,154
10024,3071229,3071383,154
10025,3071383,3071537,154
10026,3071537,3071691,154
10027,3071691,3071845,154
10028,3071845,3071999,154
10029,3071999,3072153,154
10030,3072153,3072307,154
10031,3072307,3072461,154
10032,3072461,3072615,154
10033,3072769,3072957,188
10034,3072957,3072998,41
10035,3072998,3073018,20
10036,3073018,3073029,11
10037,3073029,3073041,12
10038,3073041,3073129,88
10039,3073129,3073140,11
10040,3073140,3073178,38
10041,3073178,3073283,105
10042,3073283,3073311,28
10043,3073770,3073777,7
10044,3074439,3074446,7
10045,3074564,3074572,8
10046,3074947,3074954,7
10047,3075720,3075790,70
10048,3075790,3075804,14
10049,3075804,3075892,88
10050,3075892,3075961,69
10051,3075961,3076027,66
10052,3076027,3076246,219
10053,3076291,3076421,130
10054,3076421,3076430,9
10055,3076430,3076448,18
10056,3076448,3076487,39
10057,3076487,3076548,61
10058,3076548,3076564,16
10059,3076646,3076658,12
10060,3076658,3076744,86
10061,3076744,3076750,6
10062,3076750,3076874,124
10063,3076874,3076895,21
10064,3076895,3076985,90
10065,3076985,3077030,45
10066,3077030,3077121,91
10067,3077121,3077231,110
10068,3077231,3077260,29
10069,3077260,3077267,7
10070,3077267,3077359,92
10071,3077359,3077524,165
10072,3077524,3077572,48
10073,3077572,3077589,17
10074,3077589,3077614,25
10075,3077614,3077641,27
10076,3077641,3077693,52
10077,3077693,3077784,91
10078,3077784,3077800,16
10079,3077800,3077881,81
10080,3077881,3078019,138
10081,3078019,3078023,4
10082,3078023,3078030,7
10083,3078030,3078048,18
10084,3078048,3078114,66
10085,3078114,3078133,19
10086,3078133,3078283,150
10087,3078283,3078408,125
10088,3078408,3078483,75
10089,3078483,3078625,142
10090,3078625,3078676,51
10091,3078676,3078681,5
10092,3078681,3078697,16
10093,3078697,3078717,20
10094,3078717,3078766,49
10095,3078766,3078997,231
10096,3078997,3079084,87
10097,3079084,3079123,39
10098,3079123,3079192,69
10099,3079192,3079204,12
10100,3079204,3079228,24
10101,3079228,3079237,9
10102,3079237,3079270,33
10103,3079270,3079348,78
10104,3079348,3079588,240
10105,3079588,3079608,20
10106,3079608,3079756,148
10107,3079756,3079801,45
10108,3079801,3079813,12
10109,3079813,3079916,103
10110,3079916,3079923,7
10111,3079923,3079980,57
10112,3079980,3079990,10
10113,3079990,3080002,12
10114,3080002,3080044,42
10115,3080044,3080086,42
10116,3080086,3080096,10
10117,3080096,3080126,30
10118,3080126,3080140,14
10119,3080140,3080232,92
10120,3080232,3080236,4
10121,3080236,3080326,90
10122,3080326,3080439,113
10123,3080439,3080476,37
10124,3080476,3080512,36
10125,3080512,3080639,127
10126,3080639,3080709,70
10127,3080709,3080723,14
10128,3080723,3080811,88
10129,3080811,3080880,69
10130,3082463,3082471,8
10131,3082627,3082635,8
10132,3082651,3082659,8
10133,3084063,3084067,4
10134,3084778,3084786,8
10135,3084886,3084889,3
10136,3085146,3085152,6
10137,3085878,3085889,11
10138,3086132,3086138,6
10139,3086619,3086622,3
10140,3086622,3086631,9
10141,3086631,3086638,7
10142,3086666,3086675,9
10143,3086718,3086725,7
10144,3087736,3087744,8
10145,3087744,3087752,8
10146,3087752,3087760,8
10147,3087760,3087768,8
10148,3087768,3087777,9
10149,3088701,3088705,4
10150,3088889,3088897,8
10151,3090262,3090271,9
10152,3090831,3090834,3
10153,3091930,3091939,9
10154,3093191,3093199,8
10155,3093351,3093360,9
10156,3093493,3093501,8
10157,3094167,3094170,3
10158,3094170,3094180,10
10159,3095924,3095933,9
10160,3097444,3097452,8
10161,3100597,3100601,4
10162,3101448,3101453,5
10163,3101453,3101458,5
10164,3105293,3105299,6
10165,3106284,3106288,4
10166,3106659,3106669,10
10167,3106706,3106709,3
10168,3106709,3106712,3
10169,3107559,3107571,12
10170,3107571,3107576,5
10171,3107878,3107881,3
10172,3108602,3108609,7
10173,3109603,3109610,7
10174,3110206,3110212,6
10175,3118696,3118705,9
10176,3121746,3121749,3
10177,3122154,3122158,4
10178,3122739,3122748,9
10179,3124368,3124371,3
10180,3124371,3124377,6
10181,3125179,3125185,6
10182,3127727,3127733,6
10183,3127733,3127739,6
10184,3127739,3127748,9
10185,3130025,3130029,4
10186,3130507,3130510,3
10187,3130924,3130928,4
10188,3131009,3131015,6
10189,3131230,3131233,3
10190,3131233,3131242,9
10191,3131428,3131435,7
10192,3131435,3131443,8
10193,3131900,3131905,5
10194,3132631,3132640,9
10195,3135714,3135726,12
10196,3135993,3135998,5
10197,3135998,3136001,3
10198,3136019,3136025,6
10199,3136170,3136174,4
10200,3136945,3136950,5
10201,3136950,3136955,5
10202,3137531,3137539,8
10203,3139327,3139333,6
10204,3139333,3139340,7
10205,3139340,3139347,7
10206,3139763,3139772,9
10207,3140021,3140028,7
10208,3141175,3141183,8
10209,3141267,3141272,5
10210,3141462,3141470,8
10211,3141470,3141474,4
10212,3142710,3142713,3
10213,3143329,3143335,6
10214,3143352,3143362,10
10215,3144099,3144107,8
10216,3144107,3144110,3
10217,3144430,3144435,5
10218,3144782,3144792,10
10219,3147523,3147528,5
10220,3147628,3147631,3
10221,3147631,3147640,9
10222,3147847,3147856,9
10223,3148253,3148259,6
10224,3149755,3149765,10
10225,3149779,3149787,8
10226,3149971,3149974,3
10227,3150077,3150085,8
10228,3150313,3150322,9
10229,3151587,3151590,3
10230,3151590,3151593,3
10231,3151593,3151601,8
10232,3151601,3151605,4
10233,3151605,3151609,4
10234,3151609,3151613,4
10235,3151881,3151888,7
10236,3152114,3152119,5
10237,3152382,3152387,5
10238,3152387,3152392,5
10239,3152392,3152396,4
10240,3152396,3152404,8
10241,3152404,3152412,8
10242,3153007,3153017,10
10243,3153295,3153303,8
10244,3153303,3153311,8
10245,3153630,3153637,7
10246,3153826,3153830,4
10247,3153937,3153943,6
10248,3153943,3153951,8
10249,3153951,3153957,6
10250,3153957,3153965,8
10251,3153965,3153970,5
10252,3153983,3153987,4
10253,3154069,3154074,5
10254,3154765,3154771,6
10255,3155694,3155700,6
10256,3155925,3155930,5
10257,3156660,3156665,5
10258,3158937,3158943,6
10259,3159627,3159630,3
10260,3160271,3160274,3
10261,3160963,3160966,3
10262,3161486,3161493,7
10263,3162650,3162657,7
10264,3163987,3163994,7
10265,3164140,3164143,3
10266,3164440,3164446,6
10267,3164858,3164866,8
10268,3165514,3165519,5
10269,3165547,3165556,9
10270,3165694,3165700,6
10271,3166051,3166060,9
10272,3166398,3166408,10
10273,3166408,3166411,3
10274,3166759,3166765,6
10275,3166863,3166867,4
10276,3166978,3166987,9
10277,3167116,3167122,6
10278,3167149,3167158,9
10279,3167604,3167611,7
10280,3167782,3167790,8
10281,3168097,3168106,9
10282,3168247,3168256,9
10283,3168307,3168313,6
10284,3168423,3168430,7
10285,3168733,3168738,5
10286,3168748,3168754,6
10287,3168871,3168877,6
10288,3168960,3168967,7
10289,3168967,3168976,9
10290,3168976,3168980,4
10291,3169089,3169094,5
10292,3169760,3169765,5
10293,3170541,3170550,9
10294,3170985,3170991,6
10295,3170991,3170994,3
10296,3171021,3171029,8
10297,3171307,3171313,6
10298,3171313,3171319,6
10299,3171479,3171484,5
10300,3171484,3171488,4
10301,3171984,3171991,7
10302,3171991,3172001,10
10303,3172001,3172009,8
10304,3172744,3172752,8
10305,3173950,3173955,5
10306,3173955,3173958,3
10307,3174171,3174174,3
10308,3174982,3174989,7
10309,3175324,3175331,7
10310,3175366,3175371,5
10311,3175371,3175377,6
10312,3175377,3175382,5
10313,3175789,3175794,5
10314,3175977,3175985,8
10315,3176109,3176115,6
10316,3176831,3176835,4
10317,3177621,3177630,9
10318,3177807,3177813,6
10319,3178274,3178283,9
10320,3178428,3178431,3
10321,3178431,3178434,3
10322,3178434,3178443,9
10323,3178656,3178810,154
10324,3178810,3178877,67
10325,3178877,3179014,137
10326,3179071,3179080,9
10327,3179137,3179143,6
10328,3182370,3182374,4
10329,3182374,3182377,3
10330,3182950,3182958,8
10331,3183271,3183277,6
10332,3183344,3183348,4
10333,3184093,3184099,6
10334,3185015,3185023,8
10335,3185023,3185032,9
10336,3185745,3185899,154
10337,3185899,3185966,67
10338,3185966,3186103,137
10339,3186367,3186373,6
10340,3186652,3186658,6
10341,3187080,3187092,12
10342,3187239,3187244,5
10343,3187359,3187365,6
10344,3187773,3187778,5
10345,3187778,3187783,5
10346,3187783,3187788,5
10347,3188032,3188038,6
10348,3188038,3188044,6
10349,3188044,3188050,6
10350,3188050,3188056,6
10351,3188056,3188062,6
10352,3188173,3188181,8
10353,3188274,3188280,6
10354,3188280,3188283,3
10355,3188347,3188355,8
10356,3188583,3188588,5
10357,3188588,3188595,7
10358,3188694,3188697,3
10359,3188697,3188700,3
10360,3188711,3188717,6
10361,3188734,3188739,5
10362,3188739,3188749,10
10363,3188794,3188802,8
10364,3188942,3188951,9
10365,3189224,3189234,10
10366,3189279,3189286,7
10367,3189590,3189595,5
10368,3191321,3191331,10
10369,3191331,3191334,3
10370,3192041,3192045,4
10371,3194266,3194276,10
10372,3194404,3194413,9
10373,3195325,3195330,5
10374,3195525,3195528,3
10375,3195676,3195679,3
10376,3195752,3195755,3
10377,3197275,3197278,3
10378,3197673,3197677,4
10379,3197853,3197857,4
10380,3198425,3198428,3
10381,3198783,3198790,7
10382,3198790,3198797,7
10383,3200235,3200238,3
10384,3201052,3201065,13
10385,3201065,3201070,5
10386,3202745,3202748,3
10387,3203558,3203563,5
10388,3204885,3204888,3
10389,3209078,3209085,7
10390,3209425,3209433,8
10391,3210192,3210198,6
10392,3210384,3210391,7
10393,3210574,3210577,3
10394,3210598,3210602,4
10395,3211708,3211718,10
10396,3212060,3212067,7
10397,3212204,3212207,3
10398,3212264,3212267,3
10399,3213109,3213115,6
10400,3214357,3214363,6
10401,3214572,3214576,4
10402,3215337,3215341,4
10403,3215634,3215641,7
10404,3216237,3216245,8
10405,3218466,3218475,9
10406,3218475,3218480,5
10407,3218611,3218807,196
10408,3218807,3218880,73
10409,3218880,3218914,34
10410,3218914,3218929,15
10411,3218929,3219013,84
10412,3219013,3219067,54
10413,3219067,3219095,28
10414,3219095,3219136,41
10415,3219136,3219244,108
10416,3219244,3219301,57
10417,3219301,3219440,139
10418,3219440,3219467,27
10419,3219467,3219524,57
10420,3219524,3219535,11
10421,3219535,3219548,13
10422,3219548,3219598,50
10423,3219598,3219837,239
10424,3219837,3219956,119
10425,3219956,3219983,27
10426,3219983,3220046,63
10427,3220046,3220090,44
10428,3220090,3220094,4
10429,3220094,3220128,34
10430,3220128,3220143,15
10431,3220143,3220268,125
10432,3220268,3220304,36
10433,3220304,3220402,98
10434,3220503,3220526,23
10435,3220526,3220638,112
10436,3220638,3220682,44
10437,3220682,3220727,45
10438,3220851,3220867,16
10439,3220867,3220920,53
10440,3220920,3221032,112
10441,3221032,3221038,6
10442,3221038,3221054,16
10443,3221247,3221386,139
10444,3221386,3221413,27
10445,3221413,3221599,186
10446,3221599,3221757,158
10447,3221757,3221806,49
10448,3221806,3221874,68
10449,3221874,3221958,84
10450,3221958,3222160,202
10451,3222160,3222253,93
10452,3222253,3222258,5
10453,3222258,3222336,78
10454,3222336,3222367,31
10455,3222367,3222379,12
10456,3222379,3222476,97
10457,3222476,3222585,109
10458,3222585,3222709,124
10459,3222709,3222737,28
10460,3222737,3222753,16
10461,3222753,3222774,21
10462,3222774,3222832,58
10463,3222832,3222892,60
10464,3222892,3222914,22
10465,3222914,3222931,17
10466,3222931,3223141,210
10467,3223141,3223208,67
10468,3223208,3223218,10
10469,3223218,3223299,81
10470,3223299,3223322,23
10471,3223322,3223352,30
10472,3223352,3223438,86
10473,3223438,3223703,265
10474,3223703,3223782,79
10475,3223782,3223791,9
10476,3224136,3224245,109
10477,3224245,3224263,18
10478,3224263,3224275,12
10479,3224275,3224313,38
10480,3224313,3224366,53
10481,3224366,3224476,110
10482,3224476,3224544,68
10483,3224544,3224659,115
10484,3224659,3224678,19
10485,3224678,3224880,202
10486,3224961,3225021,60
10487,3225021,3225155,134
10488,3225155,3225158,3
10489,3225158,3225254,96
10490,3225254,3225386,132
10491,3225386,3225429,43
10492,3225429,3225561,132
10493,3225561,3225588,27
10494,3225588,3225633,45
10495,3225633,3225945,312
10496,3225945,3226070,125
10497,3226070,3226088,18
10498,3226088,3226200,112
10499,3226200,3226213,13
10500,3226213,3226233,20
10501,3226233,3226457,224
10502,3226457,3226489,32
10503,3226489,3226638,149
10504,3226638,3226648,10
10505,3226648,3226651,3
10506,3226702,3226777,75
10507,3226942,3227038,96
10508,3227038,3227136,98
10509,3227136,3227200,64
10510,3227200,3227212,12
10511,3227274,3227470,196
10512,3227470,3227543,73
10513,3227543,3227577,34
10514,3227577,3227592,15
10515,3228771,3228777,6
10516,3228777,3228782,5
10517,3229125,3229131,6
10518,3229131,3229137,6
10519,3230327,3230335,8
10520,3230335,3230341,6
10521,3230949,3230954,5
10522,3232870,3232873,3
10523,3232926,3232930,4
10524,3232930,3232933,3
10525,3233128,3233132,4
10526,3233160,3233164,4
10527,3233164,3233168,4
10528,3233576,3233588,12
10529,3234025,3234031,6
10530,3235540,3235545,5
10531,3235648,3235651,3
10532,3235752,3235756,4
10533,3235756,3235762,6
10534,3235778,3235784,6
10535,3238095,3238099,4
10536,3238523,3238527,4
10537,3239107,3239116,9
10538,3239151,3239158,7
10539,3239785,3239792,7
10540,3239811,3239814,3
10541,3241579,3241584,5
10542,3242499,3242502,3
10543,3242759,3242764,5
10544,3243638,3243641,3
10545,3243641,3243646,5
10546,3244073,3244076,3
10547,3244799,3244804,5
10548,3245490,3245501,11
10549,3246821,3246829,8
10550,3247245,3247253,8
10551,3247362,3247367,5
10552,3247367,3247373,6
10553,3247373,3247377,4
10554,3247377,3247382,5
10555,3249078,3249084,6
10556,3249263,3249268,5
10557,3250045,3250053,8
10558,3252247,3252251,4
10559,3253144,3253149,5
10560,3253268,3253277,9
10561,3253310,3253316,6
10562,3255258,3255265,7
10563,3255763,3255772,9
10564,3256672,3256680,8
10565,3256789,3256797,8
10566,3256955,3256961,6
10567,3258138,3258144,6
10568,3258144,3258150,6
10569,3258150,3258162,12
10570,3258174,3258180,6
10571,3259058,3259063,5
10572,3260318,3260326,8
10573,3260326,3260334,8
10574,3260465,3260471,6
10575,3260720,3260725,5
10576,3261033,3261038,5
10577,3261038,3261042,4
10578,3261042,3261047,5
10579,3261067,3261073,6
10580,3261482,3261488,6
10581,3263102,3263111,9
10582,3263111,3263115,4
10583,3263711,3263719,8
10584,3263911,3263918,7
10585,3264360,3264367,7
10586,3264809,3264815,6
10587,3265214,3265220,6
10588,3265220,3265226,6
10589,3265989,3265997,8
10590,3266085,3266091,6
10591,3268189,3268198,9
10592,3268198,3268202,4
10593,3268202,3268206,4
10594,3269240,3269246,6
10595,3269857,3269863,6
10596,3270176,3270181,5
10597,3270261,3270268,7
10598,3272885,3272889,4
10599,3272889,3272896,7
10600,3273774,3273782,8
10601,3274070,3274077,7
10602,3274468,3274472,4
10603,3274606,3274610,4
10604,3276584,3276589,5
10605,3276589,3276594,5
10606,3278549,3278557,8
10607,3278557,3278565,8
10608,3280801,3280805,4
10609,3280805,3280808,3
10610,3280948,3280954,6
10611,3281230,3281233,3
10612,3285704,3285709,5
10613,3285728,3285737,9
10614,3285737,3285745,8
10615,3286225,3286234,9
10616,3286808,3286813,5
10617,3287201,3287209,8
10618,3287568,3287576,8
10619,3287879,3287883,4
10620,3288271,3288279,8
10621,3291919,3291926,7
10622,3292013,3292022,9
10623,3292501,3292509,8
10624,3293419,3293422,3
10625,3294784,3294787,3
10626,3295850,3295860,10
10627,3296482,3296487,5
10628,3297818,3297823,5
10629,3297823,3297828,5
10630,3297828,3297833,5
10631,3297833,3297839,6
10632,3297849,3297854,5
10633,3297854,3297859,5
10634,3298291,3298300,9
10635,3298333,3298337,4
10636,3298337,3298345,8
10637,3298345,3298349,4
10638,3298349,3298357,8
10639,3298385,3298394,9
10640,3298436,3298443,7
10641,3298633,3298636,3
10642,3298696,3298704,8
10643,3299295,3299304,9
10644,3299304,3299309,5
10645,3300299,3300307,8
10646,3300533,3300539,6
10647,3301080,3301086,6
10648,3301148,3301153,5
10649,3302080,3302088,8
10650,3302638,3302646,8
10651,3305116,3305119,3
10652,3305846,3305854,8
10653,3306853,3306859,6
10654,3306859,3306865,6
10655,3306865,3306871,6
10656,3306871,3306877,6
10657,3306877,3306883,6
10658,3306883,3306889,6
10659,3307066,3307073,7
10660,3307519,3307524,5
10661,3308113,3308116,3
10662,3310053,3310056,3
10663,3310056,3310062,6
10664,3310062,3310065,3
10665,3310065,3310071,6
10666,3310071,3310077,6
10667,3310077,3310083,6
10668,3310103,3310106,3
10669,3310218,3310222,4
10670,3311438,3311446,8
10671,3311446,3311450,4
10672,3311450,3311456,6
10673,3311495,3311504,9
10674,3312529,3312532,3
10675,3312532,3312541,9
10676,3312541,3312549,8
10677,3313675,3313678,3
10678,3314213,3314219,6
10679,3314237,3314243,6
10680,3314346,3314351,5
10681,3314548,3314556,8
10682,3314621,3314627,6
10683,3314969,3314973,4
10684,3314973,3314977,4
10685,3315058,3315065,7
10686,3315094,3315102,8
10687,3315671,3315677,6
10688,3316072,3316076,4
10689,3317325,3317332,7
10690,3317848,3317855,7
10691,3321424,3321430,6
10692,3321430,3321433,3
10693,3321549,3321554,5
10694,3323742,3323746,4
10695,3325751,3325756,5
10696,3326342,3326346,4
10697,3328167,3328179,12
10698,3329173,3329179,6
10699,3329760,3329769,9
10700,3330441,3330447,6
10701,3330782,3330786,4
10702,3330786,3330793,7
10703,3331042,3331046,4
10704,3331046,3331055,9
10705,3331055,3331059,4
10706,3331114,3331122,8
10707,3332994,3332999,5
10708,3334007,3334010,3
10709,3334665,3334672,7
10710,3337091,3337097,6
10711,3337151,3337160,9
10712,3337907,3337913,6
10713,3338112,3338117,5
10714,3338397,3338401,4
10715,3338693,3338702,9
10716,3339494,3339498,4
10717,3339971,3339975,4
10718,3339975,3339979,4
10719,3339989,3339998,9
10720,3339998,3340005,7
10721,3340526,3340534,8
10722,3340933,3340941,8
10723,3340991,3340995,4
10724,3341296,3341302,6
10725,3343719,3343728,9
10726,3344398,3344402,4
10727,3344662,3344669,7
10728,3344696,3344703,7
10729,3345336,3345343,7
10730,3345482,3345488,6
10731,3346608,3346611,3
10732,3346611,3346618,7
10733,3346618,3346623,5
10734,3347800,3347807,7
10735,3347931,3347934,3
10736,3349834,3349840,6
10737,3349840,3349846,6
10738,3349846,3349849,3
10739,3350533,3350537,4
10740,3350873,3350885,12
10741,3352282,3352288,6
10742,3352566,3352572,6
10743,3352657,3352661,4
10744,3352661,3352664,3
10745,3353506,3353509,3
10746,3353999,3354006,7
10747,3354689,3354695,6
10748,3355169,3355177,8
10749,3355213,3355220,7
10750,3355885,3355891,6
10751,3356402,3356407,5
10752,3356445,3356453,8
10753,3357231,3357237,6
10754,3357426,3357437,11
10755,3357876,3357880,4
10756,3357911,3357915,4
10757,3358666,3358675,9
10758,3358675,3358681,6
10759,3358681,3358687,6
10760,3358729,3358738,9
10761,3358936,3358947,11
10762,3359172,3359178,6
10763,3359575,3359581,6
10764,3359923,3359928,5
10765,3360599,3360606,7
10766,3360606,3360610,4
10767,3362516,3362521,5
10768,3362913,3362921,8
10769,3363536,3363541,5
10770,3363740,3363749,9
10771,3364040,3364045,5
10772,3365384,3365387,3
10773,3365885,3365889,4
10774,3366095,3366100,5
10775,3366115,3366121,6
10776,3366171,3366177,6
10777,3367904,3367908,4
10778,3367923,3367927,4
10779,3368409,3368415,6
10780,3368782,3368790,8
10781,3369051,3369056,5
10782,3370277,3370281,4
10783,3371763,3371766,3
10784,3373224,3373229,5
10785,3373618,3373628,10
10786,3374629,3374636,7
10787,3375074,3375080,6
10788,3375080,3375086,6
10789,3375758,3375764,6
10790,3375844,3375851,7
10791,3375851,3375860,9
10792,3376961,3376964,3
10793,3376964,3376967,3
10794,3376967,3376970,3
10795,3380070,3380073,3
10796,3380313,3380318,5
10797,3380318,3380326,8
10798,3380793,3380796,3
10799,3380924,3380927,3
10800,3381456,3381459,3
10801,3381857,3381862,5
10802,3381862,3381867,5
10803,3381867,3381870,3
10804,3381888,3381896,8
10805,3382035,3382040,5
10806,3382427,3382433,6
10807,3382433,3382439,6
10808,3382449,3382452,3
10809,3383847,3383857,10
10810,3384081,3384090,9
10811,3384090,3384095,5
10812,3384095,3384100,5
10813,3384299,3384305,6
10814,3384305,3384308,3
10815,3384483,3384489,6
10816,3384489,3384493,4
10817,3384907,3384913,6
10818,3384913,3384922,9
10819,3385012,3385021,9
10820,3385021,3385026,5
10821,3385421,3385432,11
10822,3385621,3385632,11
10823,3385648,3385653,5
10824,3385744,3385749,5
10825,3386095,3386100,5
10826,3386262,3386265,3
10827,3386745,3386753,8
10828,3386889,3386896,7
10829,3387300,3387310,10
10830,3387310,3387317,7
10831,3388690,3388695,5
10832,3389769,3389778,9
10833,3390975,3390980,5
10834,3391135,3391140,5
10835,3392060,3392070,10
10836,3393057,3393063,6
10837,3393263,3393271,8
10838,3393855,3393863,8
10839,3394016,3394019,3
10840,3394366,3394371,5
10841,3394752,3394755,3
10842,3394864,3394873,9
10843,3395237,3395246,9
10844,3395394,3395401,7
10845,3396103,3396108,5
10846,3396108,3396116,8
10847,3396116,3396123,7
10848,3396750,3396756,6
10849,3396756,3396762,6
10850,3396762,3396768,6
10851,3396768,3396774,6
10852,3396786,3396798,12
10853,3396798,3396804,6
10854,3396866,3396871,5
10855,3396935,3396941,6
10856,3397247,3397250,3
10857,3397591,3397599,8
10858,3397875,3397880,5
10859,3397892,3397899,7
10860,3397899,3397906,7
10861,3397906,3397912,6
10862,3397912,3397920,8
10863,3398176,3398179,3
10864,3398313,3398324,11
10865,3399850,3399857,7
10866,3400530,3400533,3
10867,3400656,3400664,8
10868,3401968,3401972,4
10869,3402012,3402019,7
10870,3402615,3402622,7
10871,3402825,3402828,3
10872,3402828,3402833,5
10873,3403593,3403598,5
10874,3404140,3404148,8
10875,3405773,3405776,3
10876,3405776,3405782,6
10877,3405782,3405788,6
10878,3405788,3405791,3
10879,3405791,3405796,5
10880,3405941,3405947,6
10881,3405962,3405970,8
10882,3406305,3406315,10
10883,3406473,3406478,5
10884,3406478,3406488,10
10885,3406488,3406492,4
10886,3406666,3406672,6
10887,3406672,3406678,6
10888,3407379,3407383,4
10889,3408900,3408905,5
10890,3409350,3409354,4
10891,3410840,3410847,7
10892,3410930,3410934,4
10893,3411417,3411426,9
10894,3411426,3411431,5
10895,3411431,3411437,6
10896,3412335,3412338,3
10897,3413706,3413714,8
10898,3414142,3414147,5
10899,3414822,3414826,4
10900,3415157,3415177,20
10901,3415224,3415320,96
10902,3415320,3415332,12
10903,3415332,3415341,9
10904,3415341,3415385,44
10905,3415567,3415599,32
10906,3415599,3415630,31
10907,3415630,3415638,8
10908,3415638,3415653,15
10909,3415755,3415805,50
10910,3416203,3416239,36
10911,3416315,3416323,8
10912,3416323,3416329,6
10913,3416407,3416444,37
10914,3416636,3416644,8
10915,3416644,3416698,54
10916,3416698,3416703,5
10917,3416703,3416708,5
10918,3416708,3416730,22
10919,3416844,3416849,5
10920,3416849,3416871,22
10921,3417093,3417114,21
10922,3417314,3417341,27
10923,3417380,3417391,11
10924,3417661,3417705,44
10925,3417705,3417719,14
10926,3417814,3417848,34
10927,3417848,3417865,17
10928,3417865,3417899,34
10929,3418021,3418083,62
10930,3418596,3418600,4
10931,3418938,3418943,5
10932,3419228,3419234,6
10933,3419234,3419252,18
10934,3419556,3419572,16
10935,3419715,3419729,14
10936,3420923,3420943,20
10937,3420990,3421086,96
10938,3421086,3421098,12
10939,3421098,3421107,9
10940,3421107,3421151,44
10941,3421223,3421230,7
10942,3421407,3421414,7
10943,3421544,3421547,3
10944,3421957,3421966,9
10945,3422177,3422182,5
10946,3424314,3424319,5
10947,3424748,3424752,4
10948,3425532,3425538,6
10949,3425538,3425544,6
10950,3425544,3425550,6
10951,3426633,3426638,5
10952,3427229,3427238,9
10953,3427475,3427483,8
10954,3429652,3429658,6
10955,3431585,3431590,5
10956,3431590,3431595,5
10957,3431641,3431649,8
10958,3432420,3432427,7
10959,3433200,3433206,6
10960,3433427,3433433,6
10961,3433433,3433439,6
10962,3433439,3433445,6
10963,3434333,3434340,7
10964,3434852,3434860,8
10965,3434860,3434863,3
10966,3434863,3434869,6
10967,3435737,3435744,7
10968,3435744,3435751,7
10969,3435982,3435987,5
10970,3436439,3436444,5
10971,3437197,3437203,6
10972,3438328,3438337,9
10973,3438337,3438344,7
10974,3438385,3438390,5
10975,3439057,3439065,8
10976,3439235,3439240,5
10977,3439515,3439519,4
10978,3440201,3440204,3
10979,3440204,3440207,3
10980,3440463,3440469,6
10981,3440469,3440479,10
10982,3440552,3440558,6
10983,3441486,3441492,6
10984,3442060,3442066,6
10985,3442066,3442072,6
10986,3442197,3442204,7
10987,3442841,3442850,9
10988,3442900,3442903,3
10989,3443490,3443493,3
10990,3443658,3443667,9
10991,3443739,3443745,6
10992,3444024,3444033,9
10993,3444183,3444186,3
10994,3444254,3444259,5
10995,3444390,3444396,6
10996,3445424,3445434,10
10997,3445722,3445725,3
10998,3446151,3446158,7
10999,3446365,3446372,7
11000,3451039,3451050,11
11001,3451050,3451059,9
11002,3451831,3451836,5
11003,3451917,3451920,3
11004,3451984,3451987,3
11005,3452537,3452540,3
11006,3452642,3452650,8
11007,3452910,3452916,6
11008,3455921,3455926,5
11009,3455926,3455936,10
11010,3456098,3456101,3
11011,3457406,3457414,8
11012,3457442,3457450,8
11013,3457704,3457709,5
11014,3457770,3457774,4
11015,3457808,3457816,8
11016,3457975,3457979,4
11017,3457979,3457983,4
11018,3457983,3457987,4
11019,3457987,3457991,4
11020,3459443,3459451,8
11021,3460392,3460399,7
11022,3460963,3460969,6
11023,3461293,3461301,8
11024,3461301,3461307,6
11025,3461637,3461643,6
11026,3461770,3461775,5
11027,3461988,3461992,4
11028,3462547,3462550,3
11029,3462830,3462837,7
11030,3462837,3462843,6
11031,3463117,3463125,8
11032,3463417,3463420,3
11033,3463630,3463638,8
11034,3463784,3463791,7
11035,3463791,3463796,5
11036,3464085,3464091,6
11037,3464879,3464906,27
11038,3465977,3465983,6
11039,3466572,3466575,3
11040,3466787,3466796,9
11041,3467329,3467338,9
11042,3467486,3467496,10
11043,3467692,3467699,7
11044,3467843,3467850,7
11045,3467850,3467859,9
11046,3468532,3468536,4
11047,3470219,3470230,11
11048,3470584,3470593,9
11049,3470946,3470951,5
11050,3471577,3471583,6
11051,3472454,3472457,3
11052,3472457,3472466,9
11053,3472832,3472836,4
11054,3473080,3473088,8
11055,3473170,3473177,7
11056,3473177,3473184,7
11057,3473559,3473562,3
11058,3475351,3475359,8
11059,3476904,3476914,10
11060,3477043,3477047,4
11061,3477356,3477359,3
11062,3477359,3477365,6
11063,3477515,3477520,5
11064,3477520,3477528,8
11065,3479279,3479283,4
11066,3479298,3479301,3
11067,3479824,3479832,8
11068,3480071,3480075,4
11069,3480136,3480141,5
11070,3480158,3480166,8
11071,3480227,3480234,7
11072,3480495,3480506,11
11073,3480872,3480876,4
11074,3481611,3481617,6
11075,3481905,3481909,4
11076,3482294,3482300,6
11077,3482300,3482306,6
11078,3482633,3482637,4
11079,3483000,3483006,6
11080,3483184,3483193,9
11081,3483592,3483597,5
11082,3484780,3484783,3
11083,3484828,3484836,8
11084,3484876,3484885,9
11085,3484917,3484921,4
11086,3484987,3484995,8
11087,3485040,3485049,9
11088,3485621,3485628,7
11089,3486418,3486422,4
11090,3487826,3487833,7
11091,3489302,3489305,3
11092,3489477,3489487,10
11093,3489487,3489493,6
11094,3489805,3489810,5
11095,3490630,3490636,6
11096,3490636,3490644,8
11097,3490961,3490969,8
11098,3490969,3490977,8
11099,3491169,3491181,12
11100,3491193,3491205,12
11101,3491571,3491578,7
11102,3491719,3491722,3
11103,3493197,3493393,196
11104,3493393,3493466,73
11105,3493466,3493500,34
11106,3493500,3493515,15
11107,3493515,3493600,85
11108,3493600,3493654,54
11109,3493654,3493682,28
11110,3493682,3493723,41
11111,3493723,3493876,153
11112,3493876,3494015,139
11113,3494015,3494042,27
11114,3494042,3494099,57
11115,3494099,3494110,11
11116,3494110,3494123,13
11117,3494123,3494173,50
11118,3494173,3494412,239
11119,3494412,3494531,119
11120,3494531,3494558,27
11121,3494558,3494621,63
11122,3494621,3494665,44
11123,3494665,3494669,4
11124,3494669,3494703,34
11125,3494703,3494718,15
11126,3494718,3494843,125
11127,3494843,3494879,36
11128,3494879,3494977,98
11129,3494977,3495086,109
11130,3495086,3495109,23
11131,3495109,3495221,112
11132,3495265,3495310,45
11133,3495310,3495434,124
11134,3495434,3495450,16
11135,3495450,3495503,53
11136,3495503,3495615,112
11137,3495615,3495621,6
11138,3495621,3495637,16
11139,3495637,3495735,98
11140,3495735,3495830,95
11141,3495830,3495969,139
11142,3495969,3495996,27
11143,3495996,3496182,186
11144,3496182,3496340,158
11145,3496340,3496389,49
11146,3496389,3496457,68
11147,3496457,3496541,84
11148,3496541,3496743,202
11149,3496743,3496836,93
11150,3496836,3496841,5
11151,3496841,3496919,78
11152,3496919,3496950,31
11153,3496950,3496962,12
11154,3496962,3497059,97
11155,3497059,3497168,109
11156,3497168,3497292,124
11157,3497292,3497320,28
11158,3497320,3497336,16
11159,3497336,3497357,21
11160,3497357,3497415,58
11161,3497415,3497475,60
11162,3497475,3497497,22
11163,3497497,3497514,17
11164,3497514,3497724,210
11165,3497724,3497791,67
11166,3497791,3497801,10
11167,3497801,3497882,81
11168,3497882,3497905,23
11169,3497905,3497935,30
11170,3497935,3498021,86
11171,3498021,3498286,265
11172,3498286,3498365,79
11173,3498365,3498374,9
11174,3498374,3498719,345
11175,3498719,3498828,109
11176,3498828,3498846,18
11177,3498846,3498858,12
11178,3498858,3498896,38
11179,3498896,3498949,53
11180,3498949,3499059,110
11181,3499059,3499127,68
11182,3499127,3499242,115
11183,3499242,3499261,19
11184,3499261,3499463,202
11185,3499463,3499550,87
11186,3499550,3499610,60
11187,3499610,3499744,134
11188,3499744,3499747,3
11189,3499747,3499843,96
11190,3499843,3499975,132
11191,3499975,3500018,43
11192,3500018,3500150,132
11193,3500150,3500177,27
11194,3500177,3500222,45
11195,3500534,3500659,125
11196,3500659,3500677,18
11197,3500677,3500789,112
11198,3500789,3500802,13
11199,3500802,3500822,20
11200,3500822,3501046,224
11201,3501046,3501078,32
11202,3501078,3501227,149
11203,3501227,3501237,10
11204,3501237,3501240,3
11205,3501299,3501374,75
11206,3501374,3501473,99
11207,3501473,3501538,65
11208,3501538,3501634,96
11209,3501634,3501732,98
11210,3501732,3501796,64
11211,3501796,3501808,12
11212,3501808,3501870,62
11213,3501870,3502066,196
11214,3502066,3502139,73
11215,3502139,3502173,34
11216,3502173,3502188,15
11217,3502713,3502716,3
11218,3505290,3505293,3
11219,3506892,3506898,6
11220,3506918,3506924,6
11221,3506924,3506929,5
11222,3507327,3507331,4
11223,3507551,3507559,8
11224,3507650,3507663,13
11225,3507958,3507962,4
11226,3508568,3508576,8
11227,3510411,3510422,11
11228,3512204,3512208,4
11229,3512823,3512833,10
11230,3513340,3513343,3
11231,3513358,3513364,6
11232,3513364,3513370,6
11233,3514055,3514060,5
11234,3514690,3514700,10
11235,3514973,3514981,8
11236,3515230,3515233,3
11237,3515332,3515341,9
11238,3516347,3516354,7
11239,3516419,3516429,10
11240,3516863,3516871,8
11241,3517478,3517483,5
11242,3518101,3518104,3
11243,3518993,3518996,3
11244,3519274,3519284,10
11245,3519639,3519648,9
11246,3519648,3519657,9
11247,3519657,3519666,9
11248,3519666,3519669,3
11249,3519685,3519691,6
11250,3519703,3519713,10
11251,3519713,3519723,10
11252,3519723,3519729,6
11253,3519879,3519887,8
11254,3519912,3519919,7
11255,3521969,3521978,9
11256,3522057,3522065,8
11257,3524788,3524792,4
11258,3525076,3525086,10
11259,3525397,3525406,9
11260,3526456,3526461,5
11261,3526461,3526469,8
11262,3526469,3526477,8
11263,3526728,3526735,7
11264,3528389,3528395,6
11265,3528707,3528712,5
11266,3530295,3530303,8
11267,3532395,3532398,3
11268,3532930,3532936,6
11269,3533018,3533023,5
11270,3533621,3533625,4
11271,3533625,3533629,4
11272,3533970,3533975,5
11273,3535022,3535029,7
11274,3536522,3536532,10
11275,3538429,3538433,4
11276,3538515,3538523,8
11277,3539262,3539267,5
11278,3540241,3540244,3
11279,3540315,3540325,10
11280,3541051,3541058,7
11281,3541058,3541065,7
11282,3541337,3541343,6
11283,3543223,3543228,5
11284,3545055,3545064,9
11285,3545329,3545332,3
11286,3546397,3546400,3
11287,3546613,3546617,4
11288,3548594,3548600,6
11289,3548982,3548989,7
11290,3549417,3549424,7
11291,3550154,3550164,10
11292,3550417,3550423,6
11293,3551363,3551366,3
11294,3551717,3551723,6
11295,3551997,3552003,6
11296,3552466,3552469,3
11297,3552595,3552604,9
11298,3552604,3552607,3
11299,3553285,3553291,6
11300,3553672,3553680,8
11301,3553792,3553798,6
11302,3553975,3553980,5
11303,3553980,3553990,10
11304,3554913,3554917,4
11305,3554917,3554923,6
11306,3556048,3556056,8
11307,3556799,3556810,11
11308,3558063,3558067,4
11309,3558404,3558409,5
11310,3558881,3558896,15
11311,3559589,3559593,4
11312,3561132,3561141,9
11313,3561141,3561145,4
11314,3561277,3561282,5
11315,3561646,3561649,3
11316,3562013,3562021,8
11317,3563022,3563027,5
11318,3564562,3564565,3
11319,3564958,3564965,7
11320,3565282,3565290,8
11321,3565594,3565603,9
11322,3565795,3565801,6
11323,3566040,3566043,3
11324,3566059,3566062,3
11325,3566062,3566065,3
11326,3566065,3566068,3
11327,3566907,3566911,4
11328,3567747,3567757,10
11329,3567833,3567836,3
11330,3568423,3568426,3
11331,3568507,3568513,6
11332,3569105,3569113,8
11333,3570279,3570282,3
11334,3572175,3572184,9
11335,3572463,3572470,7
11336,3572634,3572639,5
11337,3573143,3573150,7
11338,3574523,3574529,6
11339,3575110,3575114,4
11340,3575469,3575479,10
11341,3577994,3578002,8
11342,3579347,3579350,3
11343,3581014,3581023,9
11344,3582137,3582140,3
11345,3582942,3582948,6
11346,3583022,3583030,8
11347,3583030,3583037,7
11348,3583181,3583190,9
11349,3583539,3583543,4
11350,3583580,3583585,5
11351,3584073,3584081,8
11352,3584981,3584991,10
11353,3585118,3585127,9
11354,3585393,3585403,10
11355,3587185,3587193,8
11356,3589110,3589118,8
11357,3589184,3589190,6
11358,3589274,3589284,10
11359,3589463,3589467,4
11360,3590172,3590181,9
11361,3590551,3590556,5
11362,3591611,3591618,7
11363,3594203,3594208,5
11364,3596726,3596731,5
11365,3597685,3597701,16
11366,3597701,3597782,81
11367,3597782,3597827,45
11368,3597827,3597848,21
11369,3597848,3597856,8
11370,3597856,3597879,23
11371,3597879,3597930,51
11372,3597930,3597935,5
11373,3597935,3597963,28
11374,3597963,3598024,61
11375,3598024,3598204,180
11376,3598204,3598882,678
11377,3598882,3598970,88
11378,3598970,3599038,68
11379,3599038,3599051,13
11380,3599051,3599081,30
11381,3599081,3599092,11
11382,3599092,3599315,223
11383,3599315,3599345,30
11384,3599345,3599396,51
11385,3599396,3599404,8
11386,3599404,3599584,180
11387,3599584,3599603,19
11388,3599603,3599618,15
11389,3599618,3599663,45
11390,3599663,3599793,130
11391,3599793,3599822,29
11392,3599822,3599843,21
11393,3599843,3599899,56
11394,3599899,3599948,49
11395,3599948,3599954,6
11396,3599954,3600056,102
11397,3600056,3600133,77
11398,3600133,3600268,135
11399,3600268,3600279,11
11400,3600279,3600436,157
11401,3600436,3600484,48
11402,3600484,3600488,4
11403,3600488,3600532,44
11404,3600532,3600625,93
11405,3600625,3600703,78
11406,3600703,3600713,10
11407,3600713,3600752,39
11408,3600752,3600776,24
11409,3600776,3600860,84
11410,3600860,3600871,11
11411,3600871,3600882,11
11412,3600882,3600944,62
11413,3600944,3600977,33
11414,3600977,3600980,3
11415,3600980,3601031,51
11416,3601031,3601037,6
11417,3601037,3601044,7
11418,3601044,3601073,29
11419,3601073,3601088,15
11420,3601088,3601105,17
11421,3601105,3601193,88
11422,3601193,3601207,14
11423,3601207,3601220,13
11424,3601220,3601255,35
11425,3601255,3601262,7
11426,3601296,3601368,72
11427,3601368,3601433,65
11428,3601433,3601455,22
11429,3601455,3601464,9
11430,3601464,3601564,100
11431,3601564,3601760,196
11432,3601760,3601833,73
11433,3601833,3601867,34
11434,3601867,3601882,15
11435,3601882,3601966,84
11436,3601966,3602020,54
11437,3602020,3602048,28
11438,3602048,3602089,41
11439,3602089,3602197,108
11440,3602197,3602254,57
11441,3602254,3602393,139
11442,3602393,3602420,27
11443,3602420,3602477,57
11444,3602477,3602488,11
11445,3602488,3602501,13
11446,3602501,3602551,50
11447,3602551,3602790,239
11448,3602790,3602909,119
11449,3602909,3602936,27
11450,3602936,3602999,63
11451,3602999,3603043,44
11452,3603043,3603047,4
11453,3603047,3603081,34
11454,3603081,3603096,15
11455,3603096,3603221,125
11456,3603221,3603257,36
11457,3603257,3603355,98
11458,3603355,3603464,109
11459,3603464,3603487,23
11460,3603487,3603599,112
11461,3603599,3603643,44
11462,3603643,3603688,45
11463,3603688,3603812,124
11464,3603812,3603828,16
11465,3603828,3603881,53
11466,3603881,3603993,112
11467,3603993,3603999,6
11468,3603999,3604015,16
11469,3604015,3604113,98
11470,3604113,3604208,95
11471,3604208,3604347,139
11472,3604347,3604374,27
11473,3604374,3604560,186
11474,3604560,3604718,158
11475,3604718,3604767,49
11476,3604767,3604835,68
11477,3604835,3604919,84
11478,3604919,3605121,202
11479,3605121,3605214,93
11480,3605214,3605219,5
11481,3605219,3605297,78
11482,3605297,3605328,31
11483,3605328,3605340,12
11484,3605340,3605437,97
11485,3605437,3605546,109
11486,3605546,3605670,124
11487,3605670,3605698,28
11488,3605698,3605714,16
11489,3605714,3605735,21
11490,3605735,3605793,58
11491,3605793,3605853,60
11492,3605853,3605875,22
11493,3605875,3605892,17
11494,3605892,3606102,210
11495,3606102,3606169,67
11496,3606169,3606179,10
11497,3606179,3606260,81
11498,3606260,3606283,23
11499,3606283,3606313,30
11500,3606313,3606399,86
11501,3606399,3606664,265
11502,3606664,3606743,79
11503,3606743,3606752,9
11504,3606752,3607097,345
11505,3607097,3607206,109
11506,3607206,3607224,18
11507,3607224,3607236,12
11508,3607236,3607274,38
11509,3607310,3607390,80
11510,3607390,3607428,38
11511,3607428,3607455,27
11512,3607455,3607459,4
11513,3607459,3607726,267
11514,3607726,3607747,21
11515,3607747,3607780,33
11516,3607780,3607888,108
11517,3607888,3607910,22
11518,3607910,3607951,41
11519,3607951,3607954,3
11520,3607954,3607980,26
11521,3607980,3607991,11
11522,3607991,3608109,118
11523,3608109,3608176,67
11524,3608176,3608189,13
11525,3608189,3608245,56
11526,3608245,3608253,8
11527,3608253,3608296,43
11528,3608296,3608401,105
11529,3608401,3608454,53
11530,3608454,3608465,11
11531,3608465,3608533,68
11532,3608533,3608539,6
11533,3608539,3608542,3
11534,3608542,3608581,39
11535,3608581,3608599,18
11536,3608599,3608632,33
11537,3608632,3608668,36
11538,3608668,3608772,104
11539,3608772,3608796,24
11540,3608796,3608841,45
11541,3608841,3608845,4
11542,3608845,3609019,174
11543,3609019,3609027,8
11544,3609027,3609109,82
11545,3609109,3609114,5
11546,3609114,3609162,48
11547,3609162,3609166,4
11548,3609166,3609268,102
11549,3609268,3609282,14
11550,3609282,3609301,19
11551,3609505,3609597,92
11552,3609597,3609607,10
11553,3609607,3609653,46
11554,3609653,3609703,50
11555,3609737,3609762,25
11556,3609762,3610251,489
11557,3610251,3610267,16
11558,3610267,3610348,81
11559,3610348,3610393,45
11560,3610393,3610414,21
11561,3610414,3610422,8
11562,3610422,3610445,23
11563,3610445,3610496,51
11564,3610496,3610501,5
11565,3610501,3610529,28
11566,3610529,3610590,61
11567,3610590,3610770,180
11568,3610770,3611448,678
11569,3611448,3611536,88
11570,3611536,3611604,68
11571,3611604,3611617,13
11572,3611617,3611647,30
11573,3611647,3611658,11
11574,3611658,3611881,223
11575,3611881,3611911,30
11576,3611911,3611962,51
11577,3611962,3611970,8
11578,3611970,3612150,180
11579,3612150,3612169,19
11580,3612169,3612184,15
11581,3612184,3612229,45
11582,3612229,3612359,130
11583,3612359,3612388,29
11584,3612388,3612409,21
11585,3612409,3612465,56
11586,3612465,3612514,49
11587,3612514,3612520,6
11588,3612520,3612622,102
11589,3612622,3612699,77
11590,3612699,3612834,135
11591,3612834,3612845,11
11592,3612845,3613002,157
11593,3613002,3613050,48
11594,3613050,3613054,4
11595,3613054,3613098,44
11596,3613098,3613191,93
11597,3613191,3613269,78
11598,3613269,3613279,10
11599,3613279,3613318,39
11600,3613318,3613342,24
11601,3613342,3613426,84
11602,3613426,3613437,11
11603,3613437,3613448,11
11604,3613448,3613510,62
11605,3613510,3613543,33
11606,3613543,3613546,3
11607,3613546,3613597,51
11608,3613597,3613603,6
11609,3613603,3613610,7
11610,3613610,3613639,29
11611,3613639,3613654,15
11612,3613654,3613671,17
11613,3613671,3613759,88
11614,3613759,3613773,14
11615,3613773,3613786,13
11616,3613786,3613821,35
11617,3613821,3613828,7
11618,3613828,3613864,36
11619,3613864,3613936,72
11620,3613936,3614001,65
11621,3614001,3614023,22
11622,3614023,3614032,9
11623,3614032,3614132,100
11624,3614132,3614328,196
11625,3614328,3614401,73
11626,3614401,3614435,34
11627,3614435,3614450,15
11628,3614450,3614534,84
11629,3614534,3614588,54
11630,3614588,3614616,28
11631,3614616,3614657,41
11632,3614657,3614765,108
11633,3614765,3614822,57
11634,3614822,3614961,139
11635,3614961,3614988,27
11636,3614988,3615045,57
11637,3615045,3615056,11
11638,3615056,3615069,13
11639,3615069,3615119,50
11640,3615119,3615358,239
11641,3615358,3615477,119
11642,3615477,3615504,27
11643,3615567,3615611,44
11644,3615611,3615615,4
11645,3615615,3615649,34
11646,3615649,3615664,15
11647,3615664,3615789,125
11648,3615789,3615825,36
11649,3615825,3615923,98
11650,3615923,3616032,109
11651,3616032,3616055,23
11652,3616055,3616167,112
11653,3616167,3616211,44
11654,3616211,3616256,45
11655,3616256,3616380,124
11656,3616380,3616396,16
11657,3616396,3616449,53
11658,3616449,3616561,112
11659,3616561,3616567,6
11660,3616567,3616583,16
11661,3616583,3616681,98
11662,3616681,3616776,95
11663,3616776,3616915,139
11664,3616915,3616942,27
11665,3616942,3617128,186
11666,3617286,3617335,49
11667,3617335,3617403,68
11668,3617403,3617487,84
11669,3617487,3617689,202
11670,3617689,3617782,93
11671,3617782,3617787,5
11672,3617787,3617865,78
11673,3617865,3617896,31
11674,3617896,3617908,12
11675,3617908,3618005,97
11676,3618005,3618114,109
11677,3618114,3618238,124
11678,3618238,3618266,28
11679,3618266,3618282,16
11680,3618282,3618303,21
11681,3618303,3618361,58
11682,3618361,3618421,60
11683,3618421,3618443,22
11684,3618443,3618460,17
11685,3618460,3618670,210
11686,3618670,3618737,67
11687,3618737,3618747,10
11688,3618747,3618828,81
11689,3618828,3618851,23
11690,3618851,3618881,30
11691,3618881,3618967,86
11692,3618967,3619232,265
11693,3619232,3619311,79
11694,3619311,3619320,9
11695,3619320,3619665,345
11696,3619762,3619771,9
11697,3620573,3620580,7
11698,3620750,3620753,3
11699,3622189,3622194,5
11700,3622478,3622485,7
11701,3622668,3622672,4
11702,3622672,3622675,3
11703,3622675,3622678,3
11704,3622678,3622681,3
11705,3622681,3622684,3
11706,3622684,3622687,3
11707,3622687,3622690,3
11708,3622690,3622696,6
11709,3624359,3624367,8
11710,3624367,3624372,5
11711,3624891,3624900,9
11712,3624900,3624908,8
11713,3624942,3624951,9
11714,3625868,3625874,6
11715,3625874,3625880,6
11716,3626358,3626364,6
11717,3629564,3629569,5
11718,3632301,3632313,12
11719,3633247,3633250,3
11720,3633566,3633571,5
11721,3633571,3633574,3
11722,3634015,3634022,7
11723,3635553,3635561,8
11724,3636597,3636601,4
11725,3641115,3641119,4
11726,3641268,3641275,7
11727,3641910,3641914,4
11728,3641914,3641919,5
11729,3642357,3642360,3
11730,3642741,3642749,8
11731,3642749,3642757,8
11732,3642818,3642827,9
11733,3643070,3643077,7
11734,3643077,3643085,8
11735,3644309,3644315,6
11736,3644554,3644557,3
11737,3644837,3644843,6
11738,3644843,3644849,6
11739,3645451,3645457,6
11740,3645833,3645840,7
11741,3645840,3645844,4
11742,3647513,3647520,7
11743,3647704,3647709,5
11744,3647950,3647953,3
11745,3648008,3648016,8
11746,3648016,3648020,4
11747,3648538,3648545,7
11748,3649361,3649367,6
11749,3649520,3649529,9
11750,3649878,3649884,6
11751,3651343,3651346,3
11752,3651408,3651414,6
11753,3651503,3651506,3
11754,3651506,3651515,9
11755,3651772,3651777,5
11756,3652306,3652317,11
11757,3656551,3656554,3
11758,3656684,3656690,6
11759,3658244,3658250,6
11760,3658250,3658256,6
11761,3658471,3658478,7
11762,3658641,3658646,5
11763,3659729,3659735,6
11764,3660339,3660347,8
11765,3660590,3660595,5
11766,3660709,3660715,6
11767,3661432,3661436,4
11768,3663138,3663147,9
11769,3663956,3663959,3
11770,3663959,3663968,9
11771,3663985,3663993,8
11772,3664541,3664547,6
11773,3665001,3665010,9
11774,3665530,3665535,5
11775,3666792,3666796,4
11776,3667755,3667760,5
11777,3667760,3667770,10
11778,3667770,3667775,5
11779,3667775,3667780,5
11780,3668492,3668500,8
11781,3668500,3668506,6
11782,3668506,3668511,5
11783,3668591,3668596,5
11784,3668895,3668904,9
11785,3669555,3669564,9
11786,3670027,3670036,9
11787,3670036,3670042,6
11788,3670042,3670045,3
11789,3670433,3670438,5
11790,3671246,3671252,6
11791,3671516,3671523,7
11792,3671523,3671532,9
11793,3672734,3672738,4
11794,3672840,3672849,9
11795,3675052,3675055,3
11796,3675055,3675062,7
11797,3675468,3675474,6
11798,3675488,3675493,5
11799,3676538,3676544,6
11800,3678591,3678599,8
11801,3681451,3681455,4
11802,3681676,3681679,3
11803,3681731,3681734,3
11804,3682322,3682327,5
11805,3682495,3682498,3
11806,3683056,3683060,4
11807,3683060,3683063,3
11808,3686539,3686542,3
11809,3690543,3690551,8
11810,3691272,3691278,6
11811,3691501,3691508,7
11812,3691532,3691538,6
11813,3694478,3694482,4
11814,3694513,3694523,10
11815,3694656,3694663,7
11816,3696354,3696360,6
11817,3696686,3696697,11
11818,3696697,3696708,11
11819,3697595,3697602,7
11820,3698112,3698122,10
11821,3698568,3698571,3
11822,3699520,3699534,14
11823,3700473,3700482,9
11824,3700684,3700690,6
11825,3702417,3702421,4
11826,3704029,3704037,8
11827,3705632,3705636,4
11828,3705636,3705639,3
11829,3705728,3705731,3
11830,3705895,3705902,7
11831,3706233,3706238,5
11832,3706307,3706311,4
11833,3707309,3707314,5
11834,3707579,3707582,3
11835,3708023,3708028,5
11836,3708130,3708136,6
11837,3708659,3708663,4
11838,3709040,3709044,4
11839,3709136,3709144,8
11840,3710015,3710025,10
11841,3710221,3710229,8
11842,3712128,3712131,3
11843,3712623,3712632,9
11844,3712632,3712637,5
11845,3713664,3713669,5
11846,3713939,3713945,6
11847,3713945,3713950,5
11848,3714670,3714680,10
11849,3716295,3716299,4
11850,3716310,3716318,8
11851,3716656,3716662,6
11852,3716813,3716820,7
11853,3716930,3716936,6
11854,3716936,3716941,5
11855,3716941,3716944,3
11856,3717521,3717530,9
11857,3717672,3717678,6
11858,3718123,3718131,8
11859,3718176,3718188,12
11860,3718188,3718191,3
11861,3718842,3718852,10
11862,3719794,3719803,9
11863,3720274,3720279,5
11864,3720349,3720355,6
11865,3720875,3720882,7
11866,3720882,3720888,6
11867,3721262,3721267,5
11868,3721822,3721831,9
11869,3722445,3722450,5
11870,3722450,3722455,5
11871,3723068,3723074,6
11872,3723494,3723503,9
11873,3723653,3723660,7
11874,3724893,3724900,7
11875,3726222,3726230,8
11876,3726244,3726253,9
11877,3727244,3727347,103
11878,3727347,3727501,154
11879,3727580,3727734,154
11880,3727734,3727888,154
11881,3727888,3728042,154
11882,3728042,3728196,154
11883,3728196,3728350,154
11884,3728350,3728504,154
11885,3728504,3728658,154
11886,3728658,3728812,154
11887,3728812,3728966,154
11888,3728966,3729120,154
11889,3729120,3729274,154
11890,3729274,3729428,154
11891,3729582,3729770,188
11892,3729770,3729811,41
11893,3729811,3729831,20
11894,3729831,3729842,11
11895,3729842,3729854,12
11896,3729854,3729942,88
11897,3729942,3729953,11
11898,3729953,3729991,38
11899,3729991,3730096,105
11900,3730096,3730124,28
11901,3730283,3730288,5
11902,3730314,3730324,10
11903,3731277,3731283,6
11904,3731900,3731915,15
11905,3731934,3731938,4
11906,3731938,3731942,4
11907,3731942,3731950,8
11908,3732117,3732123,6
11909,3732123,3732131,8
11910,3732131,3732137,6
11911,3732160,3732166,6
11912,3732166,3732172,6
11913,3732172,3732178,6
11914,3732178,3732184,6
11915,3732246,3732252,6
11916,3732252,3732258,6
11917,3733516,3733527,11
11918,3733700,3733718,18
11919,3734137,3734143,6
11920,3734591,3734594,3
11921,3736267,3736276,9
11922,3736276,3736279,3
11923,3736752,3736761,9
11924,3738476,3738479,3
11925,3738536,3738539,3
11926,3738539,3738542,3
11927,3738542,3738551,9
11928,3738942,3738953,11
11929,3739169,3739174,5
11930,3739174,3739180,6
11931,3739352,3739355,3
11932,3740441,3740452,11
11933,3742228,3742232,4
11934,3742730,3742737,7
11935,3742737,3742742,5
11936,3746116,3746122,6
11937,3746155,3746158,3
11938,3746188,3746196,8
11939,3747169,3747175,6
11940,3747209,3747212,3
11941,3748041,3748045,4
11942,3748045,3748050,5
11943,3748471,3748477,6
11944,3750275,3750279,4
11945,3751706,3751714,8
11946,3752075,3752081,6
11947,3752834,3752842,8
11948,3752842,3752852,10
11949,3752864,3752867,3
11950,3752996,3753023,27
11951,3753023,3753030,7
11952,3753030,3753051,21
11953,3753051,3753065,14
11954,3753065,3753136,71
11955,3753136,3753152,16
11956,3753152,3753221,69
11957,3753221,3753248,27
11958,3753248,3753255,7
11959,3753255,3753276,21
11960,3753276,3753290,14
11961,3753360,3753429,69
11962,3753429,3753456,27
11963,3753456,3753463,7
11964,3753595,3753599,4
11965,3753599,3753615,16
11966,3753615,3753723,108
11967,3753723,3753770,47
11968,3753770,3753837,67
11969,3753837,3753874,37
11970,3753874,3753890,16
11971,3754022,3754026,4
11972,3754026,3754030,4
11973,3754084,3754090,6
11974,3754710,3754715,5
11975,3755274,3755277,3
11976,3755783,3755791,8
11977,3757085,3757092,7
11978,3757622,3757629,7
11979,3758666,3758672,6
11980,3758860,3758867,7
11981,3758867,3758873,6
11982,3759062,3759068,6
11983,3759633,3759660,27
11984,3759743,3759805,62
11985,3759844,3759852,8
11986,3760150,3760160,10
11987,3760160,3760216,56
11988,3760216,3760253,37
11989,3760253,3760286,33
11990,3760286,3760335,49
11991,3760581,3760585,4
11992,3760585,3760601,16
11993,3760601,3760709,108
11994,3760709,3760756,47
11995,3760756,3760823,67
11996,3760823,3760860,37
11997,3760860,3760876,16
11998,3760986,3761000,14
11999,3761000,3761071,71
12000,3761071,3761087,16
12001,3761274,3761277,3
12002,3763428,3763432,4
12003,3763698,3763703,5
12004,3766525,3766533,8
12005,3766826,3766829,3
12006,3766968,3766973,5
12007,3769492,3769495,3
12008,3769495,3769498,3
12009,3769592,3769595,3
12010,3770742,3770746,4
12011,3771162,3771168,6
12012,3771168,3771171,3
12013,3771965,3771968,3
12014,3772669,3772674,5
12015,3774004,3774012,8
12016,3774129,3774132,3
12017,3774461,3774470,9
12018,3774502,3774506,4
12019,3775401,3775406,5
12020,3775761,3775767,6
12021,3775805,3775813,8
12022,3775838,3775846,8
12023,3781458,3781463,5
12024,3782047,3782056,9
12025,3783750,3783754,4
12026,3784309,3784314,5
12027,3784864,3784867,3
12028,3785106,3785110,4
12029,3785146,3785155,9
12030,3785393,3785399,6
12031,3786179,3786188,9
12032,3786616,3786620,4
12033,3787053,3787059,6
12034,3787199,3787202,3
12035,3787715,3787720,5
12036,3787720,3787725,5
12037,3788023,3788070,47
12038,3788110,3788117,7
12039,3788117,3788231,114
12040,3788231,3788257,26
12041,3788521,3788529,8
12042,3788529,3788535,6
12043,3788535,3788541,6
12044,3788614,3788619,5
12045,3788619,3788628,9
12046,3788628,3788635,7
12047,3788635,3788641,6
12048,3788641,3788646,5
12049,3788672,3788679,7
12050,3790009,3790053,44
12051,3790187,3790271,84
12052,3790377,3790385,8
12053,3790385,3790477,92
12054,3790477,3790504,27
12055,3790504,3790596,92
12056,3790759,3791033,274
12057,3791033,3791084,51
12058,3791084,3791105,21
12059,3791105,3791233,128
12060,3791233,3791252,19
12061,3791252,3791304,52
12062,3791304,3791354,50
12063,3791354,3791375,21
12064,3791375,3791526,151
12065,3791526,3791547,21
12066,3791547,3791563,16
12067,3791650,3791708,58
12068,3791991,3792000,9
12069,3792179,3792193,14
12070,3792193,3792197,4
12071,3792197,3792295,98
12072,3792295,3792342,47
12073,3792439,3792520,81
12074,3792652,3792687,35
12075,3792687,3792763,76
12076,3792763,3792820,57
12077,3792820,3792857,37
12078,3792857,3792897,40
12079,3792897,3792932,35
12080,3792932,3792983,51
12081,3792983,3793138,155
12082,3793138,3793150,12
12083,3793150,3793313,163
12084,3793313,3793436,123
12085,3793436,3793465,29
12086,3793465,3793565,100
12087,3793565,3793589,24
12088,3793589,3793619,30
12089,3793619,3793628,9
12090,3793628,3793697,69
12091,3793697,3793796,99
12092,3793796,3793874,78
12093,3793874,3793916,42
12094,3794104,3794180,76
12095,3794180,3794248,68
12096,3794248,3794317,69
12097,3794317,3794409,92
12098,3794409,3794423,14
12099,3794423,3794436,13
12100,3794436,3794464,28
12101,3794464,3794575,111
12102,3794575,3794611,36
12103,3794611,3794639,28
12104,3794639,3794771,132
12105,3794771,3794800,29
12106,3794800,3794806,6
12107,3794806,3794865,59
12108,3794865,3794868,3
12109,3794868,3794915,47
12110,3794982,3795025,43
12111,3795025,3795062,37
12112,3795062,3795184,122
12113,3795184,3795222,38
12114,3795222,3795297,75
12115,3795343,3795365,22
12116,3795420,3795515,95
12117,3795704,3795732,28
12118,3795778,3795781,3
12119,3796494,3796498,4
12120,3796892,3796939,47
12121,3796978,3797092,114
12122,3797092,3797118,26
12123,3799114,3799158,44
12124,3799270,3799354,84
12125,3799460,3799468,8
12126,3799468,3799560,92
12127,3799560,3799587,27
12128,3799587,3799679,92
12129,3799842,3800116,274
12130,3800116,3800167,51
12131,3800167,3800188,21
12132,3800188,3800316,128
12133,3800316,3800335,19
12134,3800335,3800387,52
12135,3800387,3800437,50
12136,3800437,3800458,21
12137,3800458,3800609,151
12138,3800609,3800630,21
12139,3800630,3800646,16
12140,3800733,3800791,58
12141,3801074,3801083,9
12142,3801260,3801274,14
12143,3801274,3801278,4
12144,3801278,3801376,98
12145,3801376,3801423,47
12146,3801532,3801613,81
12147,3801745,3801780,35
12148,3801780,3801856,76
12149,3801856,3801913,57
12150,3801913,3801950,37
12151,3801950,3801990,40
12152,3801990,3802025,35
12153,3802025,3802076,51
12154,3802076,3802231,155
12155,3802231,3802243,12
12156,3802243,3802406,163
12157,3802406,3802529,123
12158,3802529,3802558,29
12159,3802558,3802658,100
12160,3802658,3802682,24
12161,3802682,3802712,30
12162,3802712,3802721,9
12163,3802721,3802790,69
12164,3802790,3802889,99
12165,3802889,3802967,78
12166,3802967,3803009,42
12167,3803197,3803273,76
12168,3803273,3803341,68
12169,3803341,3803410,69
12170,3803410,3803502,92
12171,3803502,3803516,14
12172,3803516,3803529,13
12173,3803529,3803557,28
12174,3803557,3803668,111
12175,3803668,3803704,36
12176,3803704,3803732,28
12177,3803732,3803864,132
12178,3803864,3803893,29
12179,3803893,3803899,6
12180,3803899,3803958,59
12181,3803958,3803961,3
12182,3803961,3804008,47
12183,3804075,3804118,43
12184,3804118,3804155,37
12185,3804155,3804277,122
12186,3804277,3804315,38
12187,3804315,3804390,75
12188,3804436,3804458,22
12189,3804513,3804608,95
12190,3804796,3804824,28
12191,3806048,3806054,6
12192,3806228,3806237,9
12193,3806375,3806385,10
12194,3807316,3807319,3
12195,3807924,3807929,5
12196,3807968,3807971,3
12197,3808167,3808174,7
12198,3809342,3809345,3
12199,3811364,3811380,16
12200,3811506,3811522,16
12201,3811926,3811932,6
12202,3812121,3812131,10
12203,3812131,3812141,10
12204,3812373,3812380,7
12205,3812691,3812700,9
12206,3812994,3812998,4
12207,3813460,3813464,4
12208,3814173,3814184,11
12209,3814400,3814406,6
12210,3814466,3814473,7
12211,3814927,3814930,3
12212,3815050,3815055,5
12213,3815055,3815058,3
12214,3815058,3815061,3
12215,3815993,3815997,4
12216,3815997,3816001,4
12217,3816001,3816008,7
12218,3816417,3816421,4
12219,3816568,3816571,3
12220,3816571,3816580,9
12221,3816580,3816583,3
12222,3816613,3816620,7
12223,3816620,3816627,7
12224,3816627,3816634,7
12225,3816634,3816641,7
12226,3816641,3816648,7
12227,3816648,3816651,3
12228,3816810,3816814,4
12229,3817004,3817016,12
12230,3818027,3818038,11
12231,3820147,3820154,7
12232,3821609,3821614,5
12233,3821947,3821952,5
12234,3821952,3821962,10
12235,3822134,3822142,8
12236,3822717,3822722,5
12237,3822880,3822883,3
12238,3822883,3822893,10
12239,3823361,3823364,3
12240,3825760,3825770,10
12241,3826079,3826082,3
12242,3826082,3826086,4
12243,3826086,3826095,9
12244,3826115,3826119,4
12245,3826119,3826123,4
12246,3826123,3826128,5
12247,3826128,3826134,6
12248,3826153,3826160,7
12249,3826175,3826182,7
12250,3826182,3826189,7
12251,3826487,3826492,5
12252,3826550,3826557,7
12253,3826557,3826564,7
12254,3826581,3826585,4
12255,3827248,3827252,4
12256,3827485,3827493,8
12257,3828393,3828405,12
12258,3829784,3829791,7
12259,3829791,3829796,5
12260,3829867,3829872,5
12261,3829899,3829904,5
12262,3829904,3829913,9
12263,3831190,3831197,7
12264,3831306,3831309,3
12265,3831822,3831829,7
12266,3833319,3833322,3
12267,3833432,3833444,12
12268,3833444,3833453,9
12269,3834181,3834185,4
12270,3834999,3835008,9
12271,3836660,3836666,6
12272,3837187,3837193,6
12273,3837414,3837417,3
12274,3837438,3837441,3
12275,3837892,3837896,4
12276,3837954,3837959,5
12277,3838193,3838199,6
12278,3838199,3838211,12
12279,3838662,3838666,4
12280,3838666,3838674,8
12281,3838738,3838747,9
12282,3839232,3839239,7
12283,3839902,3839909,7
12284,3840152,3840159,7
12285,3840390,3840399,9
12286,3840578,3840586,8
12287,3840778,3840782,4
12288,3842419,3842509,90
12289,3842509,3842520,11
12290,3842520,3842536,16
12291,3842870,3842873,3
12292,3842873,3842879,6
12293,3843592,3843598,6
12294,3843879,3843882,3
12295,3843976,3843982,6
12296,3844678,3844682,4
12297,3845442,3845445,3
12298,3846152,3846158,6
12299,3846275,3846280,5
12300,3846378,3846386,8
12301,3849949,3849953,4
12302,3850262,3850270,8
12303,3850281,3850284,3
12304,3852424,3852427,3
12305,3852769,3852778,9
12306,3852898,3852904,6
12307,3853773,3853782,9
12308,3853782,3853791,9
12309,3855268,3855274,6
12310,3855639,3855644,5
12311,3855736,3855746,10
12312,3856355,3856364,9
12313,3856580,3856583,3
12314,3856583,3856586,3
12315,3856586,3856589,3
12316,3857939,3857945,6
12317,3858294,3858300,6
12318,3860660,3860665,5
12319,3862054,3862057,3
12320,3862057,3862061,4
12321,3862274,3862277,3
12322,3862327,3862333,6
12323,3862635,3862639,4
12324,3862639,3862647,8
12325,3864019,3864022,3
12326,3864748,3864757,9
12327,3865138,3865142,4
12328,3865400,3865403,3
12329,3865479,3865484,5
12330,3866419,3866422,3
12331,3866612,3866618,6
12332,3866922,3866930,8
12333,3867465,3867471,6
12334,3869711,3869717,6
12335,3870006,3870014,8
12336,3870365,3870372,7
12337,3870829,3870834,5
12338,3871338,3871343,5
12339,3872240,3872245,5
12340,3873914,3873920,6
12341,3874430,3874438,8
12342,3875102,3875109,7
12343,3875220,3875224,4
12344,3875239,3875246,7
12345,3875335,3875341,6
12346,3875761,3875769,8
12347,3876495,3876498,3
12348,3876838,3876845,7
12349,3877130,3877137,7
12350,3878160,3878167,7
12351,3879700,3879709,9
12352,3880280,3880287,7
12353,3880800,3880804,4
12354,3881018,3881025,7
12355,3881443,3881452,9
12356,3881836,3881842,6
12357,3881842,3881847,5
12358,3882477,3882480,3
12359,3883237,3883242,5
12360,3883800,3883805,5
12361,3883805,3883812,7
12362,3884424,3884432,8
12363,3884432,3884441,9
12364,3884441,3884449,8
12365,3884449,3884457,8
12366,3884528,3884531,3
12367,3884912,3884919,7
12368,3885862,3885867,5
12369,3886001,3886007,6
12370,3887240,3887251,11
12371,3888115,3888120,5
12372,3888339,3888345,6
12373,3888345,3888351,6
12374,3888621,3888627,6
12375,3888802,3888806,4
12376,3888851,3888860,9
12377,3888860,3888869,9
12378,3888938,3888944,6
12379,3889499,3889505,6
12380,3889505,3889508,3
12381,3889508,3889517,9
12382,3889517,3889520,3
12383,3889701,3889710,9
12384,3889740,3889746,6
12385,3889746,3889752,6
12386,3889752,3889758,6
12387,3889758,3889767,9
12388,3889788,3889791,3
12389,3889815,3889821,6
12390,3889866,3889875,9
12391,3890573,3890578,5
12392,3890872,3890879,7
12393,3891374,3891381,7
12394,3891381,3891391,10
12395,3892024,3892029,5
12396,3892058,3892061,3
12397,3892501,3892509,8
12398,3892935,3892942,7
12399,3894137,3894140,3
12400,3894612,3894620,8
12401,3895081,3895086,5
12402,3895086,3895091,5
12403,3895131,3895138,7
12404,3895138,3895145,7
12405,3895672,3895680,8
12406,3896324,3896331,7
12407,3897572,3897575,3
12408,3899903,3899912,9
12409,3900708,3900716,8
12410,3901039,3901046,7
12411,3903351,3903360,9
12412,3905085,3905089,4
12413,3906389,3906401,12
12414,3906413,3906425,12
12415,3906488,3906494,6
12416,3906830,3906839,9
12417,3908573,3908582,9
12418,3909263,3909266,3
12419,3910179,3910188,9
12420,3910188,3910197,9
12421,3911365,3911368,3
12422,3911368,3911371,3
12423,3911371,3911374,3
12424,3911374,3911377,3
12425,3911377,3911380,3
12426,3911380,3911387,7
12427,3912284,3912290,6
12428,3913209,3913215,6
12429,3915795,3915803,8
12430,3916648,3916655,7
12431,3916655,3916662,7
12432,3916662,3916669,7
12433,3916669,3916676,7
12434,3918033,3918043,10
12435,3918145,3918148,3
12436,3918500,3918505,5
12437,3918734,3918740,6
12438,3919956,3919965,9
12439,3922628,3922631,3
12440,3922762,3922768,6
12441,3923281,3923286,5
12442,3923916,3923920,4
12443,3924626,3924629,3
12444,3925495,3925504,9
12445,3926405,3926409,4
12446,3927451,3927459,8
12447,3929449,3929452,3
12448,3929452,3929458,6
12449,3929458,3929464,6
12450,3929947,3929952,5
12451,3929952,3929958,6
12452,3930272,3930278,6
12453,3930278,3930284,6
12454,3930284,3930290,6
12455,3930290,3930298,8
12456,3930298,3930305,7
12457,3930394,3930397,3
12458,3930416,3930427,11
12459,3930498,3930507,9
12460,3931121,3931127,6
12461,3931221,3931229,8
12462,3932994,3933003,9
12463,3933109,3933117,8
12464,3933409,3933415,6
12465,3934055,3934061,6
12466,3934559,3934569,10
12467,3934667,3934671,4
12468,3935753,3935760,7
12469,3936471,3936474,3
12470,3936732,3936739,7
12471,3936925,3936997,72
12472,3937051,3937081,30
12473,3937144,3937147,3
12474,3937351,3937455,104
12475,3937455,3937533,78
12476,3937533,3937555,22
12477,3937555,3937591,36
12478,3937591,3937672,81
12479,3937672,3937684,12
12480,3937684,3937855,171
12481,3937855,3937890,35
12482,3937890,3937906,16
12483,3937906,3937941,35
12484,3938067,3938109,42
12485,3938224,3938227,3
12486,3938227,3938292,65
12487,3938314,3938336,22
12488,3938336,3938356,20
12489,3938356,3938395,39
12490,3938395,3938415,20
12491,3938463,3938467,4
12492,3938467,3938572,105
12493,3938572,3938652,80
12494,3938652,3938728,76
12495,3938728,3938844,116
12496,3938844,3938935,91
12497,3939018,3939043,25
12498,3939043,3939076,33
12499,3939076,3939088,12
12500,3939354,3939387,33
12501,3939387,3939405,18
12502,3939405,3939414,9
12503,3939414,3939460,46
12504,3939460,3939482,22
12505,3939482,3939540,58
12506,3939540,3939548,8
12507,3939548,3939590,42
12508,3939625,3939672,47
12509,3939763,3939766,3
12510,3939779,3939786,7
12511,3940943,3940971,28
12512,3940971,3940978,7
12513,3940978,3941058,80
12514,3941058,3941061,3
12515,3941061,3941158,97
12516,3941158,3941163,5
12517,3941163,3941235,72
12518,3941235,3941252,17
12519,3941252,3941289,37
12520,3941289,3941319,30
12521,3941319,3941589,270
12522,3941589,3941693,104
12523,3941693,3941771,78
12524,3941771,3941793,22
12525,3941793,3941829,36
12526,3941829,3941910,81
12527,3941910,3941922,12
12528,3941922,3942093,171
12529,3942093,3942128,35
12530,3942128,3942144,16
12531,3942144,3942179,35
12532,3942179,3942210,31
12533,3942210,3942228,18
12534,3942228,3942288,60
12535,3942288,3942305,17
12536,3942305,3942347,42
12537,3942347,3942435,88
12538,3942435,3942462,27
12539,3942462,3942465,3
12540,3942465,3942530,65
12541,3942530,3942552,22
12542,3942552,3942574,22
12543,3942574,3942594,20
12544,3942594,3942633,39
12545,3942633,3942653,20
12546,3942653,3942701,48
12547,3942701,3942705,4
12548,3942705,3942810,105
12549,3942810,3942890,80
12550,3942890,3942966,76
12551,3942966,3943082,116
12552,3943082,3943173,91
12553,3943173,3943256,83
12554,3943256,3943281,25
12555,3943281,3943314,33
12556,3943314,3943326,12
12557,3943326,3943465,139
12558,3943465,3943592,127
12559,3943592,3943625,33
12560,3943625,3943643,18
12561,3943643,3943652,9
12562,3943652,3943698,46
12563,3943698,3943720,22
12564,3943720,3943778,58
12565,3943778,3943786,8
12566,3943786,3943828,42
12567,3943828,3943863,35
12568,3943863,3943910,47
12569,3943989,3944033,44
12570,3944033,3944054,21
12571,3944054,3944061,7
12572,3944262,3944283,21
12573,3945139,3945167,28
12574,3945167,3945174,7
12575,3945174,3945254,80
12576,3945254,3945257,3
12577,3945257,3945354,97
12578,3945354,3945359,5
12579,3945359,3945431,72
12580,3945431,3945448,17
12581,3945448,3945485,37
12582,3945485,3945515,30
12583,3945515,3945785,270
12584,3945785,3945889,104
12585,3945889,3945967,78
12586,3945967,3945989,22
12587,3945989,3946025,36
12588,3946025,3946106,81
12589,3946106,3946118,12
12590,3946324,3946340,16
12591,3946340,3946375,35
12592,3946375,3946406,31
12593,3946406,3946424,18
12594,3946424,3946484,60
12595,3946484,3946501,17
12596,3946501,3946543,42
12597,3946543,3946631,88
12598,3946631,3946658,27
12599,3946658,3946661,3
12600,3946661,3946726,65
12601,3946726,3946748,22
12602,3946748,3946770,22
12603,3946770,3946790,20
12604,3946790,3946829,39
12605,3946829,3946849,20
12606,3946849,3946897,48
12607,3946897,3946901,4
12608,3946901,3947006,105
12609,3947006,3947086,80
12610,3947086,3947162,76
12611,3947162,3947278,116
12612,3947278,3947369,91
12613,3947369,3947452,83
12614,3947452,3947477,25
12615,3947477,3947510,33
12616,3947510,3947522,12
12617,3947522,3947661,139
12618,3947661,3947788,127
12619,3947821,3947839,18
12620,3947839,3947848,9
12621,3947848,3947894,46
12622,3947894,3947916,22
12623,3947916,3947974,58
12624,3947974,3947982,8
12625,3947982,3948024,42
12626,3948024,3948059,35
12627,3948059,3948106,47
12628,3948185,3948229,44
12629,3948229,3948250,21
12630,3948250,3948257,7
12631,3948457,3948478,21
12632,3948960,3948967,7
12633,3948967,3948975,8
12634,3950416,3950422,6
12635,3950839,3950843,4
12636,3951043,3951054,11
12637,3951715,3951721,6
12638,3951721,3951730,9
12639,3952431,3952434,3
12640,3952710,3952716,6
12641,3953245,3953251,6
12642,3953694,3953701,7
12643,3954531,3954542,11
12644,3954672,3954680,8
12645,3954680,3954686,6
12646,3954686,3954694,8
12647,3956119,3956125,6
12648,3956405,3956411,6
12649,3956458,3956463,5
12650,3956463,3956468,5
12651,3957085,3957089,4
12652,3957089,3957100,11
12653,3957921,3957925,4
12654,3959071,3959078,7
12655,3959212,3959223,11
12656,3959236,3959239,3
12657,3959239,3959242,3
12658,3960477,3960483,6
12659,3960874,3960881,7
12660,3961096,3961100,4
12661,3961483,3961489,6
12662,3961832,3961837,5
12663,3962386,3962391,5
12664,3962411,3962416,5
12665,3963946,3963954,8
12666,3964507,3964516,9
12667,3964545,3964555,10
12668,3965366,3965374,8
12669,3965814,3965823,9
12670,3966041,3966048,7
12671,3966134,3966137,3
12672,3966755,3966758,3
12673,3966758,3966761,3
12674,3966797,3966802,5
12675,3967223,3967226,3
12676,3967471,3967480,9
12677,3967532,3967538,6
12678,3967576,3967584,8
12679,3967699,3967702,3
12680,3967702,3967705,3
12681,3968260,3968263,3
12682,3968370,3968373,3
12683,3968407,3968412,5
12684,3969278,3969284,6
12685,3969671,3969677,6
12686,3969677,3969682,5
12687,3969707,3969714,7
12688,3969830,3969833,3
12689,3970595,3970603,8
12690,3971959,3971965,6
12691,3972365,3972371,6
12692,3974426,3974429,3
12693,3975000,3975005,5
12694,3975429,3975437,8
12695,3976027,3976030,3
12696,3977168,3977176,8
12697,3977817,3977826,9
12698,3978368,3978374,6
12699,3979359,3979365,6
12700,3982230,3982233,3
12701,3982477,3982485,8
12702,3982485,3982489,4
12703,3983111,3983117,6
12704,3983402,3983410,8
12705,3984122,3984129,7
12706,3984716,3984721,5
12707,3985744,3985747,3
12708,3986854,3986858,4
12709,3986923,3987007,84
12710,3987007,3987062,55
12711,3987062,3987185,123
12712,3987185,3987301,116
12713,3987475,3987545,70
12714,3987545,3987561,16
12715,3987561,3987600,39
12716,3987600,3988032,432
12717,3988032,3988098,66
12718,3988098,3988107,9
12719,3988107,3988168,61
12720,3988168,3988179,11
12721,3988179,3988293,114
12722,3988293,3988633,340
12723,3988633,3988775,142
12724,3988775,3988799,24
12725,3988799,3988808,9
12726,3988808,3988852,44
12727,3988852,3988882,30
12728,3989064,3989132,68
12729,3989132,3989145,13
12730,3989145,3989164,19
12731,3989164,3989182,18
12732,3989406,3989547,141
12733,3989547,3989651,104
12734,3989651,3989827,176
12735,3989827,3990031,204
12736,3990031,3990057,26
12737,3990057,3990089,32
12738,3990089,3990094,5
12739,3990094,3990214,120
12740,3990214,3990306,92
12741,3990306,3990462,156
12742,3990462,3990513,51
12743,3990513,3990549,36
12744,3990549,3990687,138
12745,3990687,3990695,8
12746,3990695,3990762,67
12747,3990762,3990765,3
12748,3990765,3990792,27
12749,3990792,3990908,116
12750,3990908,3990944,36
12751,3990944,3991001,57
12752,3991001,3991139,138
12753,3991139,3991216,77
12754,3991216,3991226,10
12755,3991226,3991243,17
12756,3991243,3991249,6
12757,3991281,3991291,10
12758,3991291,3991308,17
12759,3991308,3991359,51
12760,3991484,3991653,169
12761,3991653,3991743,90
12762,3991743,3991763,20
12763,3991763,3991833,70
12764,3991833,3991942,109
12765,3991942,3992097,155
12766,3992097,3992124,27
12767,3992124,3992282,158
12768,3992282,3992291,9
12769,3992291,3992514,223
12770,3992514,3992526,12
12771,3992526,3992568,42
12772,3992568,3992587,19
12773,3992587,3992614,27
12774,3992614,3992636,22
12775,3992636,3992648,12
12776,3992836,3992932,96
12777,3993243,3993393,150
12778,3993393,3993396,3
12779,3993485,3993523,38
12780,3993681,3993850,169
12781,3993850,3993985,135
12782,3993985,3994069,84
12783,3994069,3994124,55
12784,3994124,3994247,123
12785,3994247,3994363,116
12786,3994594,3994597,3
12787,3995383,3995388,5
12788,3995529,3995537,8
12789,3995537,3995540,3
12790,3995804,3995813,9
12791,3996548,3996552,4
12792,3996923,3996927,4
12793,3997178,3997181,3
12794,3997181,3997184,3
12795,3997706,3997709,3
12796,3997709,3997717,8
12797,3998752,3998758,6
12798,3999166,3999173,7
12799,4000393,4000400,7
12800,4000400,4000407,7
12801,4000738,4000748,10
12802,4000769,4000778,9
12803,4001337,4001341,4
12804,4001355,4001362,7
12805,4002673,4002680,7
12806,4002818,4002827,9
12807,4002934,4002940,6
12808,4003197,4003206,9
12809,4003472,4003480,8
12810,4004770,4004779,9
12811,4006912,4006917,5
12812,4007782,4007789,7
12813,4008582,4008591,9
12814,4009674,4009679,5
12815,4010510,4010518,8
12816,4010518,4010527,9
12817,4010606,4010609,3
12818,4011479,4011482,3
12819,4012333,4012336,3
12820,4012422,4012434,12
12821,4012434,4012440,6
12822,4012530,4012540,10
12823,4012945,4012951,6
12824,4013051,4013059,8
12825,4013323,4013326,3
12826,4013326,4013333,7
12827,4015596,4015600,4
12828,4016801,4016809,8
12829,4017160,4017166,6
12830,4017166,4017172,6
12831,4017285,4017294,9
12832,4018029,4018037,8
12833,4018694,4018698,4
12834,4019076,4019081,5
12835,4019602,4019605,3
12836,4019605,4019608,3
12837,4019608,4019611,3
12838,4019611,4019617,6
12839,4019617,4019623,6
12840,4019623,4019626,3
12841,4022169,4022178,9
12842,4023199,4023202,3
12843,4023240,4023246,6
12844,4023541,4023548,7
12845,4023709,4023715,6
12846,4023715,4023721,6
12847,4027099,4027103,4
12848,4027172,4027179,7
12849,4027753,4027757,4
12850,4027884,4027887,3
12851,4028208,4028211,3
12852,4028534,4028540,6
12853,4029357,4029362,5
12854,4030096,4030103,7
12855,4030103,4030112,9
12856,4031663,4031666,3
12857,4031666,4031669,3
12858,4031669,4031672,3
12859,4031672,4031675,3
12860,4031675,4031681,6
12861,4031681,4031690,9
12862,4031690,4031696,6
12863,4031696,4031699,3
12864,4031699,4031702,3
12865,4032385,4032388,3
12866,4033016,4033025,9
12867,4033104,4033112,8
12868,4033817,4033826,9
12869,4034521,4034525,4
12870,4034543,4034547,4
12871,4036619,4036626,7
12872,4036952,4036956,4
12873,4037025,4037028,3
12874,4037444,4037452,8
12875,4039290,4039293,3
12876,4040163,4040168,5
12877,4040168,4040173,5
12878,4040303,4040312,9
12879,4041074,4041079,5
12880,4041826,4041833,7
12881,4041833,4041840,7
12882,4042434,4042441,7
12883,4042820,4042824,4
12884,4043601,4043605,4
12885,4043616,4043620,4
12886,4043994,4044004,10
12887,4044004,4044010,6
12888,4044010,4044016,6
12889,4045803,4045808,5
12890,4046374,4046380,6
12891,4046380,4046386,6
12892,4046386,4046392,6
12893,4046557,4046569,12
12894,4047191,4047199,8
12895,4048457,4048465,8
12896,4049643,4049646,3
12897,4050379,4050385,6
12898,4050790,4050797,7
12899,4051727,4051735,8
12900,4051891,4051896,5
12901,4052129,4052139,10
12902,4052395,4052399,4
12903,4053982,4053987,5
12904,4054774,4054782,8
12905,4055018,4055026,8
12906,4055254,4055258,4
12907,4055258,4055262,4
12908,4055262,4055272,10
12909,4055434,4055443,9
12910,4055843,4055846,3
12911,4056239,4056248,9
12912,4056451,4056459,8
12913,4056459,4056464,5
12914,4056506,4056512,6
12915,4056855,4056863,8
12916,4057549,4057554,5
12917,4059920,4059925,5
12918,4059925,4059930,5
12919,4060904,4060908,4
12920,4063075,4063078,3
12921,4063174,4063180,6
12922,4065149,4065155,6
12923,4065167,4065173,6
12924,4065192,4065200,8
12925,4065200,4065208,8
12926,4065893,4065897,4
12927,4067297,4067300,3
12928,4069566,4069572,6
12929,4070642,4070649,7
12930,4070649,4070652,3
12931,4070846,4070918,72
12932,4070918,4071000,82
12933,4071204,4071276,72
12934,4071276,4071358,82
12935,4071551,4071557,6
12936,4071557,4071563,6
12937,4071563,4071569,6
12938,4071856,4071861,5
12939,4072310,4072318,8
12940,4073114,4073120,6
12941,4074946,4074950,4
12942,4075163,4075167,4
12943,4075167,4075171,4
12944,4075171,4075175,4
12945,4075191,4075195,4
12946,4075195,4075203,8
12947,4075227,4075239,12
12948,4075239,4075245,6
12949,4076441,4076453,12
12950,4076723,4076729,6
12951,4078230,4078236,6
12952,4078236,4078245,9
12953,4078572,4078578,6
12954,4078578,4078584,6
12955,4078904,4078911,7
12956,4079212,4079218,6
12957,4079510,4079518,8
12958,4079518,4079526,8
12959,4080144,4080150,6
12960,4080189,4080194,5
12961,4081106,4081109,3
12962,4081109,4081112,3
12963,4081112,4081115,3
12964,4082124,4082131,7
12965,4082131,4082135,4
12966,4082216,4082221,5
12967,4082221,4082230,9
12968,4082270,4082277,7
12969,4082385,4082394,9
12970,4082923,4082929,6
12971,4083896,4083904,8
12972,4084730,4084734,4
12973,4085691,4085696,5
12974,4085786,4085795,9
12975,4085831,4085835,4
12976,4086380,4086388,8
12977,4087394,4087399,5
12978,4087399,4087402,3
12979,4087528,4087536,8
12980,4089225,4089228,3
12981,4090241,4090246,5
12982,4090286,4090293,7
12983,4092011,4092018,7
12984,4092193,4092196,3
12985,4092771,4092778,7
12986,4093993,4094000,7
12987,4094578,4094583,5
12988,4094583,4094591,8
12989,4095675,4095681,6
12990,4096980,4096983,3
12991,4096983,4096988,5
12992,4097093,4097098,5
12993,4098227,4098235,8
12994,4098713,4098722,9
12995,4099448,4099451,3
12996,4099604,4099613,9
12997,4099950,4099956,6
12998,4100052,4100061,9
12999,4100154,4100165,11
13000,4100224,4100229,5
13001,4100229,4100236,7
13002,4100236,4100244,8
13003,4100473,4100476,3
13004,4100751,4100755,4
13005,4100945,4100951,6
13006,4101001,4101006,5
13007,4101571,4101575,4
13008,4101604,4101607,3
13009,4101954,4101962,8
13010,4102640,4102644,4
13011,4103441,4103447,6
13012,4105406,4105417,11
13013,4105563,4105566,3
13014,4107002,4107010,8
13015,4107010,4107015,5
13016,4107015,4107019,4
13017,4108305,4108313,8
13018,4108376,4108383,7
13019,4108415,4108420,5
13020,4108567,4108574,7
13021,4108695,4108703,8
13022,4109579,4109583,4
13023,4110318,4110325,7
13024,4110325,4110332,7
13025,4110332,4110339,7
13026,4110339,4110344,5
13027,4110344,4110349,5
13028,4110349,4110354,5
13029,4111129,4111146,17
13030,4111868,4111871,3
13031,4112543,4112548,5
13032,4113026,4113033,7
13033,4114701,4114705,4
13034,4114724,4114733,9
13035,4114896,4114904,8
13036,4114987,4114995,8
13037,4115054,4115060,6
13038,4115096,4115099,3
13039,4115111,4115120,9
13040,4115189,4115193,4
13041,4115366,4115372,6
13042,4115400,4115404,4
13043,4115764,4115768,4
13044,4115861,4115867,6
13045,4116127,4116133,6
13046,4116205,4116209,4
13047,4120316,4120322,6
13048,4120322,4120331,9
13049,4121271,4121276,5
13050,4121295,4121299,4
13051,4121381,4121389,8
13052,4122689,4122692,3
13053,4123691,4123697,6
13054,4124733,4124736,3
13055,4124820,4124823,3
13056,4125743,4125746,3
13057,4126607,4126615,8
13058,4126615,4126621,6
13059,4126944,4126951,7
13060,4128347,4128356,9
13061,4129251,4129258,7
13062,4130231,4130256,25
13063,4130256,4130339,83
13064,4130339,4130354,15
13065,4130354,4130398,44
13066,4130398,4130423,25
13067,4130423,4130506,83
13068,4130506,4130521,15
13069,4130521,4130565,44
13070,4130565,4130590,25
13071,4130673,4130688,15
13072,4130688,4130732,44
13073,4130732,4130757,25
13074,4130850,4130865,15
13075,4131350,4131353,3
13076,4132243,4132248,5
13077,4132421,4132424,3
13078,4133726,4133730,4
13079,4133929,4133935,6
13080,4134069,4134072,3
13081,4134072,4134075,3
13082,4134075,4134081,6
13083,4134622,4134626,4
13084,4135258,4135266,8
13085,4135266,4135274,8
13086,4135375,4135381,6
13087,4135558,4135566,8
13088,4135594,4135604,10
13089,4135604,4135614,10
13090,4135644,4135653,9
13091,4135653,4135660,7
13092,4135660,4135665,5
13093,4135665,4135668,3
13094,4135684,4135687,3
13095,4135687,4135693,6
13096,4135724,4135730,6
13097,4135749,4135758,9
13098,4135758,4135766,8
13099,4136376,4136382,6
13100,4136702,4136708,6
13101,4136708,4136717,9
13102,4138202,4138209,7
13103,4138793,4138800,7
13104,4139305,4139311,6
13105,4139345,4139352,7
13106,4139386,4139391,5
13107,4139391,4139396,5
13108,4140718,4140724,6
13109,4140873,4140881,8
13110,4141253,4141256,3
13111,4141349,4141354,5
13112,4141354,4141359,5
13113,4141359,4141364,5
13114,4141364,4141373,9
13115,4141505,4141509,4
13116,4141509,4141513,4
13117,4141513,4141517,4
13118,4141631,4141636,5
13119,4141636,4141649,13
13120,4142657,4142664,7
13121,4142949,4142957,8
13122,4143373,4143378,5
13123,4143550,4143558,8
13124,4143650,4143658,8
13125,4143658,4143664,6
13126,4145014,4145020,6
13127,4147067,4147075,8
13128,4150987,4150994,7
13129,4153190,4153196,6
13130,4154440,4154447,7
13131,4154876,4154885,9
13132,4154885,4154888,3
13133,4155745,4155751,6
13134,4157238,4157244,6
13135,4157244,4157252,8
13136,4158106,4158220,114
13137,4158220,4158240,20
13138,4158240,4158374,134
13139,4158374,4158485,111
13140,4158833,4158869,36
13141,4158869,4158899,30
13142,4158899,4158916,17
13143,4158916,4158963,47
13144,4158963,4158989,26
13145,4159169,4159210,41
13146,4159210,4159216,6
13147,4159216,4159262,46
13148,4159262,4159278,16
13149,4159278,4159516,238
13150,4159714,4159776,62
13151,4159776,4160039,263
13152,4160039,4160055,16
13153,4160055,4160096,41
13154,4160096,4160142,46
13155,4160142,4160198,56
13156,4160198,4160215,17
13157,4160215,4160275,60
13158,4160275,4160293,18
13159,4160293,4160380,87
13160,4160380,4160404,24
13161,4160404,4160420,16
13162,4160420,4160425,5
13163,4160425,4160642,217
13164,4160642,4160704,62
13165,4160704,4160740,36
13166,4160740,4160777,37
13167,4160777,4160841,64
13168,4160841,4160845,4
13169,4160845,4160858,13
13170,4160858,4161037,179
13171,4161037,4161040,3
13172,4161040,4161112,72
13173,4161112,4161193,81
13174,4161193,4161264,71
13175,4161264,4161281,17
13176,4161366,4161370,4
13177,4161370,4161420,50
13178,4161420,4161451,31
13179,4161451,4161481,30
13180,4161481,4161559,78
13181,4161559,4161683,124
13182,4161683,4161725,42
13183,4161725,4161737,12
13184,4161737,4161763,26
13185,4161763,4161796,33
13186,4161796,4161940,144
13187,4161940,4162000,60
13188,4162000,4162039,39
13189,4162039,4162081,42
13190,4162081,4162087,6
13191,4162087,4162420,333
13192,4162420,4162462,42
13193,4162462,4162507,45
13194,4162507,4162512,5
13195,4162512,4162616,104
13196,4162616,4162685,69
13197,4162685,4162732,47
13198,4162732,4162735,3
13199,4162735,4162758,23
13200,4162758,4163120,362
13201,4163120,4163141,21
13202,4163141,4163197,56
13203,4163213,4163227,14
13204,4163318,4163335,17
13205,4163335,4163456,121
13206,4163456,4163465,9
13207,4163465,4163544,79
13208,4163631,4163750,119
13209,4163750,4163763,13
13210,4163763,4163862,99
13211,4163862,4164119,257
13212,4164119,4164192,73
13213,4164192,4164263,71
13214,4164263,4164266,3
13215,4164266,4164302,36
13216,4164302,4164346,44
13217,4164346,4164371,25
13218,4164371,4164670,299
13219,4164670,4164784,114
13220,4164784,4164804,20
13221,4165484,4165493,9
13222,4166024,4166027,3
13223,4166818,4166824,6
13224,4166824,4166834,10
13225,4166834,4166840,6
13226,4167421,4167424,3
13227,4167459,4167468,9
13228,4168614,4168618,4
13229,4169523,4169534,11
13230,4169565,4169568,3
13231,4169948,4169953,5
13232,4169965,4169969,4
13233,4170229,4170233,4
13234,4170903,4170906,3
13235,4170906,4170910,4
13236,4171350,4171354,4
13237,4171354,4171358,4
13238,4171358,4171368,10
13239,4171436,4171442,6
13240,4171737,4171746,9
13241,4171746,4171750,4
13242,4172757,4172769,12
13243,4174255,4174261,6
13244,4174261,4174267,6
13245,4175256,4175260,4
13246,4175260,4175269,9
13247,4175674,4175682,8
13248,4176228,4176234,6
13249,4176491,4176494,3
13250,4176925,4176930,5
13251,4177105,4177111,6
13252,4177515,4177519,4
13253,4177832,4177840,8
13254,4177840,4177850,10
13255,4177850,4177857,7
13256,4178739,4178745,6
13257,4179111,4179118,7
13258,4179967,4179979,12
13259,4180063,4180070,7
13260,4180070,4180073,3
13261,4181118,4181128,10
13262,4181128,4181131,3
13263,4181402,4181410,8
13264,4181935,4181941,6
13265,4182268,4182273,5
13266,4182502,4182509,7
13267,4182509,4182515,6
13268,4183433,4183439,6
13269,4183439,4183449,10
13270,4184365,4184370,5
13271,4185177,4185183,6
13272,4185593,4185600,7
13273,4186133,4186141,8
13274,4186279,4186282,3
13275,4186622,4186625,3
13276,4187135,4187138,3
13277,4187167,4187171,4
13278,4187315,4187323,8
13279,4187940,4187948,8
13280,4188038,4188042,4
13281,4188295,4188301,6
13282,4189655,4189661,6
13283,4190698,4190706,8
13284,4190814,4190823,9
13285,4190823,4190827,4
13286,4190890,4190895,5
13287,4190951,4190958,7
13288,4191265,4191268,3
13289,4192616,4192620,4
13290,4192997,4193002,5
13291,4194058,4194066,8
13292,4194066,4194072,6
13293,4195797,4195804,7
13294,4195878,4195891,13
13295,4196346,4196353,7
13296,4196840,4196846,6
13297,4198032,4198037,5
13298,4199152,4199157,5
13299,4199595,4199598,3
13300,4201296,4201302,6
13301,4201302,4201308,6
13302,4202615,4202621,6
13303,4202633,4202636,3
13304,4202797,4202802,5
13305,4202820,4202828,8
13306,4202994,4202997,3
13307,4204560,4204567,7
13308,4204880,4204885,5
13309,4206680,4206683,3
13310,4206705,4206709,4
13311,4206709,4206718,9
13312,4207001,4207006,5
13313,4207437,4207446,9
13314,4207446,4207455,9
13315,4207604,4207615,11
13316,4208602,4208607,5
13317,4208607,4208611,4
13318,4209167,4209177,10
13319,4209177,4209182,5
13320,4209626,4209631,5
13321,4209688,4209693,5
13322,4209769,4209773,4
13323,4211801,4211806,5
13324,4212114,4212119,5
13325,4212837,4212845,8
13326,4212845,4212853,8
13327,4212853,4212861,8
13328,4213223,4213229,6
13329,4214611,4214622,11
13330,4217328,4217331,3
13331,4218012,4218020,8
13332,4218067,4218073,6
13333,4218073,4218081,8
13334,4218127,4218133,6
13335,4218447,4218456,9
13336,4218578,4218588,10
13337,4218600,4218608,8
13338,4218794,4218800,6
13339,4218872,4218879,7
13340,4218879,4218882,3
13341,4219028,4219034,6
13342,4220012,4220019,7
13343,4220273,4220285,12
13344,4220666,4220671,5
13345,4220671,4220679,8
13346,4220748,4220760,12
13347,4221677,4221689,12
13348,4221689,4221704,15
13349,4221704,4221716,12
13350,4221716,4221731,15
13351,4221731,4221743,12
13352,4221743,4221758,15
13353,4222582,4222585,3
13354,4222585,4222592,7
13355,4222682,4222688,6
13356,4224094,4224101,7
13357,4225617,4225620,3
13358,4225849,4225856,7
13359,4227930,4227936,6
13360,4228402,4228408,6
13361,4228457,4228465,8
13362,4228890,4228894,4
13363,4230099,4230104,5
13364,4230963,4230967,4
13365,4231727,4231731,4
13366,4231960,4231965,5
13367,4233730,4233734,4
13368,4235453,4235462,9
13369,4235564,4235576,12
13370,4236322,4236325,3
13371,4236325,4236328,3
13372,4237499,4237505,6
13373,4238045,4238050,5
13374,4238573,4238578,5
13375,4238578,4238583,5
13376,4239072,4239081,9
13377,4239199,4239207,8
13378,4240247,4240255,8
13379,4240898,4240901,3
13380,4240901,4240904,3
13381,4241528,4241534,6
13382,4241534,4241540,6
13383,4241540,4241546,6
13384,4241558,4241564,6
13385,4241603,4241607,4
13386,4243072,4243078,6
13387,4243772,4243778,6
13388,4243919,4243928,9
13389,4244012,4244017,5
13390,4244017,4244024,7
13391,4244935,4244941,6
13392,4245259,4245265,6
13393,4245358,4245366,8
13394,4245424,4245433,9
13395,4245433,4245436,3
13396,4245970,4245977,7
13397,4247228,4247234,6
13398,4247396,4247405,9
13399,4248129,4248139,10
13400,4248497,4248500,3
13401,4248652,4248657,5
13402,4249500,4249504,4
13403,4250217,4250221,4
13404,4250221,4250224,3
13405,4252140,4252143,3
13406,4252298,4252301,3
13407,4252487,4252490,3
13408,4252490,4252494,4
13409,4252745,4252749,4
13410,4252844,4252851,7
13411,4253079,4253084,5
13412,4253631,4253635,4
13413,4253635,4253640,5
13414,4254611,4254616,5
13415,4254616,4254620,4
13416,4255640,4255649,9
13417,4255901,4255904,3
13418,4256482,4256487,5
13419,4257684,4257696,12
13420,4258002,4258009,7
13421,4258682,4258686,4
13422,4258749,4258754,5
13423,4259031,4259038,7
13424,4259234,4259240,6
13425,4259240,4259248,8
13426,4259260,4259270,10
13427,4260586,4260589,3
13428,4260589,4260592,3
13429,4260592,4260604,12
13430,4260604,4260613,9
13431,4261647,4261651,4
13432,4261651,4261657,6
13433,4261756,4261764,8
13434,4261956,4261961,5
13435,4262085,4262089,4
13436,4262089,4262093,4
13437,4262093,4262097,4
13438,4262097,4262101,4
13439,4262101,4262105,4
13440,4264570,4264575,5
13441,4264575,4264580,5
13442,4264760,4264767,7
13443,4265014,4265020,6
13444,4265342,4265351,9
13445,4265850,4265857,7
13446,4266058,4266067,9
13447,4266067,4266071,4
13448,4266150,4266158,8
13449,4266233,4266240,7
13450,4266885,4266893,8
13451,4267310,4267317,7
13452,4268408,4268416,8
13453,4269345,4269351,6
13454,4269478,4269485,7
13455,4269549,4269558,9
13456,4269732,4269741,9
13457,4269741,4269750,9
13458,4270765,4270772,7
13459,4270807,4270814,7
13460,4271015,4271021,6
13461,4271401,4271408,7
13462,4271408,4271415,7
13463,4271415,4271419,4
13464,4271419,4271426,7
13465,4272379,4272382,3
13466,4272889,4272897,8
13467,4272897,4272900,3
13468,4274753,4274758,5
13469,4274758,4274766,8
13470,4275969,4275979,10
13471,4276211,4276232,21
13472,4277135,4277156,21
13473,4277313,4277319,6
13474,4277684,4277688,4
13475,4278234,4278243,9
13476,4279515,4279522,7
13477,4280116,4280121,5
13478,4280121,4280126,5
13479,4280126,4280131,5
13480,4280528,4280533,5
13481,4281241,4281246,5
13482,4284449,4284453,4
13483,4284586,4284888,302
13484,4284888,4284908,20
13485,4284908,4284934,26
13486,4284934,4284939,5
13487,4284939,4285012,73
13488,4285012,4285100,88
13489,4285100,4285163,63
13490,4285163,4285205,42
13491,4285205,4285232,27
13492,4285232,4285351,119
13493,4285351,4285397,46
13494,4285397,4285533,136
13495,4285533,4285614,81
13496,4285809,4285823,14
13497,4285823,4285994,171
13498,4285994,4286026,32
13499,4286026,4286154,128
13500,4286154,4286230,76
13501,4286230,4286377,147
13502,4286377,4286498,121
13503,4286498,4286517,19
13504,4286517,4286625,108
13505,4286625,4286695,70
13506,4286695,4286763,68
13507,4286763,4286785,22
13508,4286785,4287213,428
13509,4287213,4287365,152
13510,4287365,4287514,149
13511,4287514,4287660,146
13512,4287660,4287703,43
13513,4287703,4287713,10
13514,4287713,4287876,163
13515,4287876,4287904,28
13516,4287904,4288028,124
13517,4288028,4288115,87
13518,4288115,4288333,218
13519,4288333,4288425,92
13520,4288425,4288588,163
13521,4288588,4288634,46
13522,4288634,4288693,59
13523,4288693,4288740,47
13524,4288740,4288790,50
13525,4288790,4288798,8
13526,4288798,4288902,104
13527,4289934,4289964,30
13528,4290232,4290262,30
13529,4290904,4290911,7
13530,4290911,4290920,9
13531,4291619,4291622,3
13532,4291763,4291770,7
13533,4293889,4293896,7
13534,4294379,4294388,9
13535,4295750,4295755,5
13536,4296361,4296369,8
13537,4297464,4297478,14
13538,4300389,4300397,8
13539,4300931,4300936,5
13540,4301763,4301770,7
13541,4301770,4301776,6
13542,4301946,4301950,4
13543,4301970,4301974,4
13544,4302665,4302670,5
13545,4302670,4302678,8
13546,4302678,4302682,4
13547,4303854,4303863,9
13548,4304436,4304440,4
13549,4304565,4304570,5
13550,4304570,4304574,4
13551,4306827,4306831,4
13552,4307019,4307027,8
13553,4307260,4307267,7
13554,4307267,4307271,4
13555,4307791,4307794,3
13556,4308802,4308810,8
13557,4309059,4309068,9
13558,4309145,4309148,3
13559,4310242,4310249,7
13560,4311392,4311399,7
13561,4313581,4313591,10
13562,4313591,4313596,5
13563,4313596,4313601,5
13564,4313898,4313906,8
13565,4314120,4314123,3
13566,4314174,4314178,4
13567,4314895,4314903,8
13568,4317024,4317031,7
13569,4317214,4317218,4
13570,4317475,4317481,6
13571,4317760,4317766,6
13572,4318261,4318273,12
13573,4318273,4318327,54
13574,4318398,4318410,12
13575,4318533,4318545,12
13576,4318545,4318599,54
13577,4318599,4318670,71
13578,4318670,4318682,12
13579,4318682,4318736,54
13580,4318736,4318807,71
13581,4318807,4318819,12
13582,4318819,4318873,54
13583,4318873,4318942,69
13584,4318942,4318954,12
13585,4318954,4319008,54
13586,4319008,4319079,71
13587,4319079,4319091,12
13588,4319091,4319145,54
13589,4319145,4319216,71
13590,4319216,4319228,12
13591,4319228,4319282,54
13592,4319282,4319351,69
13593,4319351,4319363,12
13594,4319363,4319417,54
13595,4321139,4321142,3
13596,4321142,4321148,6
13597,4321250,4321256,6
13598,4323628,4323635,7
13599,4323936,4323945,9
13600,4324201,4324205,4
13601,4325728,4325735,7
13602,4326329,4326332,3
13603,4328009,4328013,4
13604,4328336,4328342,6
13605,4328342,4328350,8
13606,4328461,4328469,8
13607,4328748,4328801,53
13608,4328801,4328804,3
13609,4330129,4330132,3
13610,4330275,4330280,5
13611,4330301,4330307,6
13612,4330669,4330674,5
13613,4330674,4330681,7
13614,4332755,4332761,6
13615,4332869,4332877,8
13616,4333190,4333196,6
13617,4333196,4333208,12
13618,4333208,4333214,6
13619,4333214,4333220,6
13620,4333376,4333380,4
13621,4333451,4333455,4
13622,4334003,4334012,9
13623,4334043,4334055,12
13624,4334630,4334634,4
13625,4334961,4334964,3
13626,4336270,4336275,5
13627,4336532,4336540,8
13628,4336540,4336546,6
13629,4336719,4336726,7
13630,4337132,4337135,3
13631,4337763,4337772,9
13632,4338167,4338173,6
13633,4338426,4338431,5
13634,4339314,4339317,3
13635,4339317,4339324,7
13636,4339324,4339327,3
13637,4339914,4339919,5
13638,4340309,4340317,8
13639,4341576,4341580,4
13640,4341580,4341584,4
13641,4341869,4341876,7
13642,4344483,4344487,4
13643,4344509,4344513,4
13644,4344561,4344565,4
13645,4344738,4344746,8
13646,4345111,4345119,8
13647,4346391,4346396,5
13648,4347738,4347748,10
13649,4347748,4347758,10
13650,4348727,4348736,9
13651,4349167,4349171,4
13652,4349274,4349280,6
13653,4349428,4349433,5
13654,4349652,4349658,6
13655,4353314,4353320,6
13656,4353320,4353326,6
13657,4353422,4353425,3
13658,4353425,4353428,3
13659,4353428,4353434,6
13660,4353466,4353474,8
13661,4353474,4353481,7
13662,4353523,4353530,7
13663,4353530,4353540,10
13664,4355452,4355457,5
13665,4355490,4355493,3
13666,4355793,4355800,7
13667,4355853,4355860,7
13668,4355985,4355991,6
13669,4356504,4356509,5
13670,4357001,4357006,5
13671,4357042,4357047,5
13672,4357166,4357169,3
13673,4357411,4357419,8
13674,4357467,4357477,10
13675,4358289,4358296,7
13676,4358633,4358639,6
13677,4359368,4359374,6
13678,4360901,4360906,5
13679,4360986,4360993,7
13680,4362034,4362042,8
13681,4362334,4362340,6
13682,4362340,4362346,6
13683,4362346,4362354,8
13684,4363190,4363196,6
13685,4363196,4363204,8
13686,4363326,4363330,4
13687,4364480,4364489,9
13688,4364556,4364562,6
13689,4364822,4364831,9
13690,4365485,4365489,4
13691,4365489,4365497,8
13692,4365610,4365614,4
13693,4365614,4365618,4
13694,4365618,4365622,4
13695,4365622,4365627,5
13696,4365627,4365630,3
13697,4365630,4365634,4
13698,4366174,4366182,8
13699,4366182,4366188,6
13700,4366691,4366695,4
13701,4366695,4366704,9
13702,4366986,4366991,5
13703,4367517,4367523,6
13704,4367604,4367612,8
13705,4367649,4367655,6
13706,4369179,4369182,3
13707,4369393,4369401,8
13708,4369458,4369465,7
13709,4370261,4370270,9
13710,4370722,4370732,10
13711,4370732,4370738,6
13712,4371141,4371147,6
13713,4371785,4371794,9
13714,4372157,4372163,6
13715,4372163,4372169,6
13716,4372181,4372187,6
13717,4372694,4372699,5
13718,4372857,4372985,128
13719,4372985,4373113,128
13720,4374166,4374176,10
13721,4374607,4374612,5
13722,4374612,4374618,6
13723,4375047,4375053,6
13724,4375114,4375126,12
13725,4375396,4375401,5
13726,4378254,4378258,4
13727,4379004,4379013,9
13728,4379424,4379431,7
13729,4379443,4379449,6
13730,4379482,4379491,9
13731,4379491,4379496,5
13732,4379496,4379503,7
13733,4379654,4379660,6
13734,4379809,4379813,4
13735,4380482,4380485,3
13736,4381124,4381130,6
13737,4382655,4382708,53
13738,4382708,4382711,3
13739,4383374,4383382,8
13740,4383382,4383426,44
13741,4383540,4383548,8
13742,4383548,4383592,44
13743,4383871,4383879,8
13744,4383962,4384037,75
13745,4384037,4384045,8
13746,4384045,4384089,44
13747,4384128,4384203,75
13748,4384203,4384211,8
13749,4384211,4384255,44
13750,4384255,4384294,39
13751,4384294,4384369,75
13752,4384369,4384377,8
13753,4384377,4384421,44
13754,4384421,4384460,39
13755,4384534,4384542,8
13756,4384542,4384586,44
13757,4384986,4384994,8
13758,4384994,4385002,8
13759,4385389,4385392,3
13760,4385996,4386004,8
13761,4387133,4387138,5
13762,4388512,4388518,6
13763,4389147,4389152,5
13764,4389836,4389842,6
13765,4389842,4389850,8
13766,4390953,4390958,5
13767,4391142,4391148,6
13768,4391818,4391825,7
13769,4391878,4391886,8
13770,4391886,4391892,6
13771,4392155,4392161,6
13772,4392388,4392391,3
13773,4392516,4392524,8
13774,4393049,4393057,8
13775,4393244,4393255,11
13776,4393255,4393262,7
13777,4393557,4393562,5
13778,4393785,4393792,7
13779,4394049,4394056,7
13780,4394445,4394453,8
13781,4394635,4394643,8
13782,4394643,4394650,7
13783,4394670,4394679,9
13784,4394679,4394688,9
13785,4394824,4394835,11
13786,4395524,4395529,5
13787,4395529,4395537,8
13788,4395581,4395587,6
13789,4395689,4395697,8
13790,4395697,4395705,8
13791,4396076,4396079,3
13792,4396166,4396169,3
13793,4396477,4396484,7
13794,4396484,4396488,4
13795,4396488,4396495,7
13796,4396543,4396552,9
13797,4396740,4396749,9
13798,4397076,4397081,5
13799,4397775,4397779,4
13800,4398796,4398802,6
13801,4399794,4399799,5
13802,4400447,4400452,5
13803,4400773,4400780,7
13804,4400795,4400805,10
13805,4400805,4400810,5
13806,4400810,4400815,5
13807,4400815,4400820,5
13808,4400830,4400835,5
13809,4400835,4400840,5
13810,4400840,4400845,5
13811,4400845,4400850,5
13812,4400992,4400995,3
13813,4403339,4403347,8
13814,4404547,4404554,7
13815,4404554,4404558,4
13816,4404558,4404566,8
13817,4404566,4404569,3
13818,4404569,4404576,7
13819,4405234,4405242,8
13820,4406658,4406666,8
13821,4406666,4406672,6
13822,4408059,4408065,6
13823,4408455,4408458,3
13824,4408458,4408462,4
13825,4409222,4409228,6
13826,4409445,4409449,4
13827,4409518,4409524,6
13828,4410101,4410104,3
13829,4410969,4410976,7
13830,4411439,4411445,6
13831,4411445,4411450,5
13832,4412577,4412582,5
13833,4413279,4413285,6
13834,4414135,4414144,9
13835,4414144,4414148,4
13836,4414148,4414152,4
13837,4414426,4414430,4
13838,4414475,4414481,6
13839,4415774,4415782,8
13840,4415992,4415995,3
13841,4416059,4416066,7
13842,4416251,4416260,9
13843,4416260,4416266,6
13844,4416266,4416272,6
13845,4417685,4417695,10
13846,4417897,4417907,10
13847,4418112,4418120,8
13848,4418639,4418642,3
13849,4418653,4418661,8
13850,4418661,4418665,4
13851,4419538,4419543,5
13852,4419971,4419975,4
13853,4419996,4420001,5
13854,4420808,4420816,8
13855,4420816,4420824,8
13856,4421819,4421822,3
13857,4422656,4422663,7
13858,4423308,4423315,7
13859,4424593,4424597,4
13860,4425763,4425767,4
13861,4428433,4428438,5
13862,4429409,4429412,3
13863,4429947,4429950,3
13864,4429950,4429953,3
13865,4429953,4429956,3
13866,4429956,4429961,5
13867,4429961,4429964,3
13868,4429964,4429967,3
13869,4431899,4431905,6
13870,4431905,4431911,6
13871,4431911,4431919,8
13872,4431919,4431927,8
13873,4432383,4432389,6
13874,4432389,4432396,7
13875,4432406,4432415,9
13876,4433469,4433473,4
13877,4433567,4433578,11
13878,4433621,4433630,9
13879,4435001,4435007,6
13880,4435007,4435010,3
13881,4435825,4435832,7
13882,4435832,4435839,7
13883,4435979,4435986,7
13884,4435986,4435994,8
13885,4436378,4436387,9
13886,4437526,4437530,4
13887,4439548,4439552,4
13888,4439993,4440001,8
13889,4440216,4440222,6
13890,4440273,4440278,5
13891,4440714,4440724,10
13892,4441526,4441532,6
13893,4441645,4441651,6
13894,4441998,4442003,5
13895,4442221,4442227,6
13896,4442227,4442233,6
13897,4442233,4442236,3
13898,4442823,4442831,8
13899,4442950,4442956,6
13900,4444216,4444220,4
13901,4446182,4446188,6
13902,4446429,4446443,14
13903,4447204,4447211,7
13904,4447211,4447214,3
13905,4447863,4447871,8
13906,4447914,4447920,6
13907,4449540,4449543,3
13908,4449543,4449546,3
13909,4449766,4449776,10
13910,4449834,4449842,8
13911,4449972,4449977,5
13912,4450380,4450386,6
13913,4450386,4450389,3
13914,4450389,4450392,3
13915,4450392,4450395,3
13916,4450395,4450398,3
13917,4450901,4450909,8
13918,4451645,4451652,7
13919,4451652,4451659,7
13920,4451972,4451981,9
13921,4453057,4453067,10
13922,4454075,4454080,5
13923,4454194,4454200,6
13924,4454200,4454206,6
13925,4454206,4454212,6
13926,4454255,4454258,3
13927,4454692,4454695,3
13928,4454695,4454698,3
13929,4456386,4456392,6
13930,4456800,4456803,3
13931,4456840,4456845,5
13932,4456845,4456854,9
13933,4456854,4456859,5
13934,4456859,4456864,5
13935,4456885,4456890,5
13936,4456890,4456894,4
13937,4456994,4457001,7
13938,4457327,4457335,8
13939,4458831,4458834,3
13940,4458944,4458949,5
13941,4459184,4459188,4
13942,4459544,4459549,5
13943,4459726,4459729,3
13944,4459729,4459732,3
13945,4459732,4459735,3
13946,4459735,4459738,3
13947,4459738,4459741,3
13948,4460930,4460933,3
13949,4460962,4460971,9
13950,4461092,4461102,10
13951,4461102,4461108,6
13952,4461108,4461114,6
13953,4461136,4461142,6
13954,4461142,4461147,5
13955,4461147,4461152,5
13956,4461152,4461157,5
13957,4461157,4461162,5
13958,4461162,4461172,10
13959,4461222,4461227,5
13960,4461227,4461232,5
13961,4461517,4461524,7
13962,4461623,4461629,6
13963,4461933,4461939,6
13964,4463346,4463349,3
13965,4463434,4463440,6
13966,4464133,4464142,9
13967,4465678,4465685,7
13968,4466290,4466295,5
13969,4466295,4466301,6
13970,4466301,4466311,10
13971,4466479,4466487,8
13972,4468807,4468811,4
13973,4470342,4470347,5
13974,4470374,4470382,8
13975,4470382,4470390,8
13976,4470390,4470398,8
13977,4470398,4470406,8
13978,4470406,4470414,8
13979,4470414,4470422,8
13980,4471221,4471228,7
13981,4471238,4471245,7
13982,4471470,4471474,4
13983,4471490,4471501,11
13984,4472480,4472485,5
13985,4473457,4473461,4
13986,4473949,4473954,5
13987,4474127,4474134,7
13988,4474449,4474452,3
13989,4474531,4474534,3
13990,4474559,4474567,8
13991,4474670,4474674,4
13992,4475527,4475532,5
13993,4476187,4476190,3
13994,4476360,4476364,4
13995,4476364,4476367,3
13996,4476417,4476424,7
13997,4476424,4476431,7
13998,4476981,4476988,7
13999,4476988,4476995,7
14000,4477322,4477332,10
14001,4479003,4479009,6
14002,4479168,4479171,3
14003,4479259,4479263,4
14004,4479263,4479267,4
14005,4479315,4479318,3
14006,4479451,4479458,7
14007,4480160,4480163,3
14008,4480163,4480172,9
14009,4480172,4480175,3
14010,4480175,4480181,6
14011,4480181,4480184,3
14012,4480184,4480187,3
14013,4480187,4480190,3
14014,4480190,4480196,6
14015,4481333,4481339,6
14016,4481480,4481487,7
14017,4482005,4482009,4
14018,4482009,4482012,3
14019,4482012,4482016,4
14020,4482016,4482020,4
14021,4482653,4482662,9
14022,4483270,4483276,6
14023,4483691,4483700,9
14024,4483700,4483706,6
14025,4483706,4483712,6
14026,4483712,4483718,6
14027,4483751,4483757,6
14028,4484282,4484287,5
14029,4486210,4486213,3
14030,4486440,4486445,5
14031,4487809,4487815,6
14032,4488894,4488897,3
14033,4488897,4488903,6
14034,4488903,4488906,3
14035,4488941,4488948,7
14036,4489293,4489299,6
14037,4490775,4490783,8
14038,4490783,4490786,3
14039,4490786,4490791,5
14040,4490791,4490800,9
14041,4491387,4491391,4
14042,4491490,4491499,9
14043,4492364,4492370,6
14044,4492468,4492472,4
14045,4493490,4493498,8
14046,4494972,4494977,5
14047,4495255,4495261,6
14048,4495261,4495268,7
14049,4495296,4495305,9
14050,4495719,4495724,5
14051,4495978,4495982,4
14052,4496197,4496200,3
14053,4496607,4496612,5
14054,4496612,4496617,5
14055,4496617,4496622,5
14056,4496622,4496627,5
14057,4496646,4496649,3
14058,4497276,4497281,5
14059,4498421,4498425,4
14060,4499024,4499027,3
14061,4499796,4499801,5
14062,4500852,4500856,4
14063,4501960,4501966,6
14064,4502519,4502523,4
14065,4502726,4502732,6
14066,4502732,4502738,6
14067,4503753,4503760,7
14068,4504259,4504263,4
14069,4506877,4506888,11
14070,4508745,4508748,3
14071,4508748,4508751,3
14072,4508751,4508754,3
14073,4508754,4508760,6
14074,4508760,4508764,4
14075,4509030,4509039,9
14076,4509076,4509079,3
14077,4509079,4509085,6
14078,4509646,4509650,4
14079,4509938,4509943,5
14080,4510910,4510915,5
14081,4511905,4511913,8
14082,4513847,4513853,6
14083,4513853,4513859,6
14084,4514303,4514309,6
14085,4514309,4514315,6
14086,4514750,4514756,6
14087,4514965,4514972,7
14088,4515612,4515616,4
14089,4515616,4515619,3
14090,4515661,4515668,7
14091,4515668,4515675,7
14092,4515675,4515682,7
14093,4516941,4516946,5
14094,4516946,4516951,5
14095,4517265,4517273,8
14096,4517346,4517351,5
14097,4517699,4517704,5
14098,4517704,4517709,5
14099,4517709,4517714,5
14100,4517714,4517719,5
14101,4517774,4517779,5
14102,4518548,4518554,6
14103,4518554,4518560,6
14104,4518560,4518570,10
14105,4518570,4518577,7
14106,4518590,4518594,4
14107,4518594,4518602,8
14108,4518602,4518607,5
14109,4518607,4518612,5
14110,4518612,4518617,5
14111,4519032,4519039,7
14112,4519766,4519777,11
14113,4520306,4520309,3
14114,4520309,4520312,3
14115,4520507,4520513,6
14116,4520513,4520525,12
14117,4521232,4521239,7
14118,4521239,4521246,7
14119,4521246,4521253,7
14120,4521925,4521934,9
14121,4523345,4523349,4
14122,4525089,4525094,5
14123,4525597,4525602,5
14124,4525620,4525627,7
14125,4526664,4526673,9
14126,4527208,4527216,8
14127,4527608,4527612,4
14128,4527663,4527669,6
14129,4527684,4527694,10
14130,4528470,4528477,7
14131,4528520,4528526,6
14132,4528711,4528715,4
14133,4528715,4528719,4
14134,4528795,4528802,7
14135,4529510,4529516,6
14136,4529595,4529601,6
14137,4529601,4529607,6
14138,4530473,4530480,7
14139,4530874,4530879,5
14140,4530932,4530938,6
14141,4531153,4531162,9
14142,4531924,4531933,9
14143,4531992,4531998,6
14144,4532518,4532525,7
14145,4533352,4533358,6
14146,4533358,4533365,7
14147,4533378,4533385,7
14148,4533945,4533954,9
14149,4533996,4534002,6
14150,4534038,4534044,6
14151,4534217,4534227,10
14152,4534276,4534283,7
14153,4534394,4534403,9
14154,4535383,4535388,5
14155,4535652,4535656,4
14156,4535749,4535754,5
14157,4535888,4535892,4
14158,4535892,4535900,8
14159,4535900,4535905,5
14160,4535915,4535925,10
14161,4536067,4536073,6
14162,4536352,4536358,6
14163,4538329,4538332,3
14164,4538602,4538611,9
14165,4539164,4539167,3
14166,4539510,4539513,3
14167,4539707,4539712,5
14168,4539917,4539923,6
14169,4540371,4540374,3
14170,4541154,4541160,6
14171,4541182,4541192,10
14172,4541192,4541200,8
14173,4542145,4542159,14
14174,4542701,4542706,5
14175,4542867,4542873,6
14176,4543537,4543542,5
14177,4543555,4543563,8
14178,4543606,4543617,11
14179,4545230,4545240,10
14180,4545947,4545953,6
14181,4547188,4547192,4
14182,4547192,4547199,7
14183,4547228,4547234,6
14184,4547338,4547345,7
14185,4547429,4547435,6
14186,4547435,4547442,7
14187,4548080,4548088,8
14188,4548437,4548440,3
14189,4548572,4548580,8
14190,4548580,4548586,6
14191,4548586,4548593,7
14192,4548647,4548652,5
14193,4548717,4548725,8
14194,4549214,4549224,10
14195,4549299,4549304,5
14196,4549853,4549858,5
14197,4549951,4549960,9
14198,4550663,4550669,6
14199,4550760,4550765,5
14200,4550938,4550942,4
14201,4551215,4551218,3
14202,4551338,4551341,3
14203,4551608,4551614,6
14204,4552624,4552631,7
14205,4553324,4553328,4
14206,4553589,4553596,7
14207,4553633,4553640,7
14208,4553640,4553646,6
14209,4553771,4553777,6
14210,4553982,4553985,3
14211,4555542,4555547,5
14212,4555879,4555886,7
14213,4555886,4555891,5
14214,4555996,4556003,7
14215,4556025,4556031,6
14216,4557739,4557747,8
14217,4558278,4558284,6
14218,4558284,4558290,6
14219,4558290,4558296,6
14220,4558466,4558478,12
14221,4558508,4558511,3
14222,4558511,4558520,9
14223,4558823,4558826,3
14224,4558826,4558835,9
14225,4558865,4558868,3
14226,4558997,4559000,3
14227,4559000,4559009,9
14228,4559198,4559204,6
14229,4559222,4559228,6
14230,4560892,4560896,4
14231,4561373,4561381,8
14232,4561633,4561642,9
14233,4561861,4561868,7
14234,4561868,4561876,8
14235,4562164,4562167,3
14236,4562167,4562170,3
14237,4562212,4562219,7
14238,4562219,4562226,7
14239,4562251,4562260,9
14240,4562659,4562668,9
14241,4562697,4562701,4
14242,4563013,4563016,3
14243,4563054,4563061,7
14244,4563950,4563953,3
14245,4563953,4563956,3
14246,4563956,4563959,3
14247,4563959,4563965,6
14248,4563965,4563968,3
14249,4564058,4564064,6
14250,4564064,4564072,8
14251,4564082,4564090,8
14252,4564090,4564099,9
14253,4564099,4564107,8
14254,4564107,4564116,9
14255,4564589,4564598,9
14256,4564957,4564964,7
14257,4566604,4566609,5
14258,4567419,4567426,7
14259,4567426,4567433,7
14260,4567585,4567592,7
14261,4567592,4567599,7
14262,4568087,4568090,3
14263,4568102,4568108,6
14264,4568108,4568114,6
14265,4568269,4568275,6
14266,4568726,4568731,5
14267,4568775,4568780,5
14268,4570048,4570053,5
14269,4570091,4570094,3
14270,4570094,4570097,3
14271,4570097,4570100,3
14272,4570100,4570103,3
14273,4570103,4570106,3
14274,4570189,4570198,9
14275,4570198,4570205,7
14276,4571518,4571521,3
14277,4571521,4571530,9
14278,4572575,4572579,4
14279,4572579,4572587,8
14280,4573007,4573014,7
14281,4573385,4573395,10
14282,4573395,4573400,5
14283,4573579,4573583,4
14284,4573770,4573776,6
14285,4573776,4573780,4
14286,4573780,4573787,7
14287,4573961,4573964,3
14288,4574153,4574158,5
14289,4574349,4574354,5
14290,4574751,4574757,6
14291,4574804,4574811,7
14292,4574973,4574978,5
14293,4575120,4575125,5
14294,4576479,4576487,8
14295,4576487,4576491,4
14296,4576491,4576495,4
14297,4576861,4576867,6
14298,4577248,4577251,3
14299,4577251,4577258,7
14300,4577378,4577384,6
14301,4577384,4577389,5
14302,4577432,4577438,6
14303,4577438,4577444,6
14304,4577585,4577588,3
14305,4577625,4577628,3
14306,4577628,4577634,6
14307,4577674,4577677,3
14308,4577677,4577680,3
14309,4577878,4577884,6
14310,4578474,4578477,3
14311,4578846,4578854,8
14312,4579016,4579019,3
14313,4579131,4579134,3
14314,4579772,4579775,3
14315,4580007,4580015,8
14316,4580309,4580312,3
14317,4580321,4580327,6
14318,4580442,4580448,6
14319,4580492,4580499,7
14320,4580670,4580679,9
14321,4580679,4580684,5
14322,4580724,4580729,5
14323,4580729,4580734,5
14324,4580748,4580753,5
14325,4580753,4580761,8
14326,4580761,4580766,5
14327,4580847,4580857,10
14328,4580857,4580866,9
14329,4581238,4581241,3
14330,4581647,4581656,9
14331,4581710,4581715,5
14332,4581715,4581720,5
14333,4581720,4581726,6
14334,4582534,4582540,6
14335,4583848,4583856,8
14336,4583875,4583879,4
14337,4584700,4584707,7
14338,4585413,4585419,6
14339,4585533,4585538,5
14340,4586163,4586169,6
14341,4586904,4586912,8
14342,4587452,4587456,4
14343,4587839,4587845,6
14344,4587845,4587849,4
14345,4587893,4587902,9
14346,4588035,4588038,3
14347,4588038,4588041,3
14348,4588041,4588044,3
14349,4588115,4588120,5
14350,4588385,4588389,4
14351,4588695,4588703,8
14352,4588703,4588711,8
14353,4588842,4588846,4
14354,4588901,4588909,8
14355,4589011,4589018,7
14356,4589039,4589046,7
14357,4589046,4589053,7
14358,4591711,4591714,3
14359,4591813,4591816,3
14360,4592082,4592090,8
14361,4592460,4592467,7
14362,4594107,4594117,10
14363,4594234,4594241,7
14364,4595349,4595352,3
14365,4595555,4595561,6
14366,4595561,4595567,6
14367,4596022,4596025,3
14368,4596197,4596203,6
14369,4596223,4596229,6
14370,4596229,4596235,6
14371,4596620,4596626,6
14372,4597193,4597201,8
14373,4597201,4597208,7
14374,4599986,4599995,9
14375,4602197,4602200,3
14376,4602369,4602375,6
14377,4602766,4602773,7
14378,4602795,4602802,7
14379,4602802,4602809,7
14380,4602992,4602995,3
14381,4602995,4603002,7
14382,4603002,4603007,5
14383,4603007,4603012,5
14384,4603012,4603016,4
14385,4603321,4603327,6
14386,4603436,4603439,3
14387,4603502,4603505,3
14388,4604014,4604021,7
14389,4604606,4604611,5
14390,4604794,4604801,7
14391,4605228,4605235,7
14392,4605265,4605271,6
14393,4605464,4605467,3
14394,4606560,4606566,6
14395,4606940,4606947,7
14396,4607612,4607616,4
14397,4607616,4607624,8
14398,4607758,4607764,6
14399,4607782,4607788,6
14400,4607816,4607821,5
14401,4607838,4607841,3
14402,4608255,4608261,6
14403,4608405,4608408,3
14404,4608779,4608782,3
14405,4608782,4608786,4
14406,4609499,4609507,8
14407,4609627,4609636,9
14408,4609912,4609918,6
14409,4609949,4609952,3
14410,4609952,4609955,3
14411,4609955,4609963,8
14412,4609963,4609971,8
14413,4610133,4610139,6
14414,4610139,4610145,6
14415,4610145,4610151,6
14416,4610243,4610249,6
14417,4610249,4610255,6
14418,4610255,4610261,6
14419,4611627,4611634,7
14420,4611781,4611784,3
14421,4611784,4611787,3
14422,4611787,4611793,6
14423,4612047,4612050,3
14424,4612203,4612213,10
14425,4612359,4612362,3
14426,4612445,4612449,4
14427,4612558,4612565,7
14428,4612807,4612813,6
14429,4613095,4613103,8
14430,4613129,4613132,3
14431,4613132,4613135,3
14432,4613441,4613449,8
14433,4614119,4614124,5
14434,4616277,4616285,8
14435,4616285,4616290,5
14436,4616666,4616672,6
14437,4616672,4616680,8
14438,4616680,4616686,6
14439,4616776,4616782,6
14440,4617176,4617181,5
14441,4618723,4618726,3
14442,4618756,4618760,4
14443,4618760,4618763,3
14444,4618822,4618832,10
14445,4618832,4618838,6
14446,4619878,4619886,8
14447,4620909,4620914,5
14448,4620914,4620920,6
14449,4621085,4621093,8
14450,4621604,4621610,6
14451,4621682,4621688,6
14452,4621688,4621691,3
14453,4621706,4621712,6
14454,4622078,4622084,6
14455,4622225,4622234,9
14456,4623008,4623017,9
14457,4623660,4623669,9
14458,4623932,4623938,6
14459,4624039,4624043,4
14460,4624069,4624076,7
14461,4624324,4624327,3
14462,4625577,4625582,5
14463,4625864,4625869,5
14464,4626845,4626848,3
14465,4627335,4627343,8
14466,4627374,4627380,6
14467,4627380,4627390,10
14468,4627537,4627541,4
14469,4627689,4627692,3
14470,4628008,4628018,10
14471,4628055,4628205,150
14472,4628205,4628263,58
14473,4628263,4628273,10
14474,4628972,4629041,69
14475,4629041,4629070,29
14476,4629070,4629164,94
14477,4629164,4629238,74
14478,4629238,4629279,41
14479,4629314,4629413,99
14480,4629413,4629470,57
14481,4629470,4629495,25
14482,4629495,4629532,37
14483,4629532,4629556,24
14484,4629556,4629559,3
14485,4629559,4629564,5
14486,4629564,4629619,55
14487,4629619,4629637,18
14488,4629637,4629789,152
14489,4629789,4629812,23
14490,4629812,4629870,58
14491,4630165,4630168,3
14492,4630243,4630246,3
14493,4630512,4630521,9
14494,4630521,4630535,14
14495,4630615,4630618,3
14496,4630618,4630650,32
14497,4631335,4631338,3
14498,4631654,4631659,5
14499,4631687,4631695,8
14500,4631737,4631746,9
14501,4631999,4632009,10
14502,4632046,4632196,150
14503,4632196,4632254,58
14504,4632254,4632264,10
14505,4632486,4632494,8
14506,4633110,4633179,69
14507,4633179,4633208,29
14508,4633208,4633302,94
14509,4633302,4633376,74
14510,4633376,4633417,41
14511,4633452,4633551,99
14512,4633551,4633608,57
14513,4633608,4633633,25
14514,4633633,4633670,37
14515,4633670,4633694,24
14516,4633694,4633697,3
14517,4633697,4633702,5
14518,4633702,4633757,55
14519,4633757,4633775,18
14520,4633775,4633927,152
14521,4633927,4633950,23
14522,4633950,4634008,58
14523,4634034,4634042,8
14524,4634303,4634306,3
14525,4634384,4634387,3
14526,4635505,4635514,9
14527,4635514,4635528,14
14528,4635608,4635611,3
14529,4635611,4635643,32
14530,4635826,4635829,3
14531,4636065,4636071,6
14532,4637276,4637282,6
14533,4637653,4637656,3
14534,4638107,4638110,3
14535,4639883,4639887,4
14536,4639972,4639979,7
14537,4640067,4640076,9
14538,4640285,4640289,4
14539,4640496,4640500,4
14540,4640720,4640726,6
14541,4640726,4640733,7
14542,4640733,4640739,6
14543,4640773,4640778,5
14544,4641076,4641081,5
14545,4641155,4641160,5
14546,4641160,4641165,5
14547,4641165,4641171,6
14548,4641171,4641177,6
14549,4641177,4641183,6
14550,4641183,4641186,3
14551,4641186,4641192,6
14552,4641192,4641199,7
14553,4641795,4641807,12
14554,4641807,4641819,12
14555,4643094,4643098,4
14556,4643380,4643384,4
14557,4643384,4643392,8
14558,4643392,4643397,5
14559,4643397,4643401,4
14560,4643401,4643405,4
14561,4643405,4643409,4
14562,4643449,4643454,5
14563,4643454,4643463,9
14564,4643497,4643500,3
14565,4643937,4643941,4
14566,4644947,4644955,8
14567,4645694,4645702,8
14568,4645920,4645926,6
14569,4646101,4646105,4
14570,4646258,4646264,6
14571,4647046,4647049,3
14572,4647393,4647397,4
14573,4647546,4647552,6
14574,4648181,4648190,9
14575,4648535,4648541,6
14576,4648899,4648903,4
14577,4649077,4649083,6
14578,4650474,4650481,7
14579,4650852,4650856,4
14580,4652014,4652019,5
14581,4652019,4652028,9
14582,4652028,4652035,7
14583,4652035,4652039,4
14584,4652133,4652143,10
14585,4652230,4652238,8
14586,4652972,4652975,3
14587,4653107,4653116,9
14588,4653224,4653227,3
14589,4653659,4653666,7
14590,4653755,4653763,8
14591,4655180,4655186,6
14592,4655520,4655524,4
14593,4655605,4655614,9
14594,4655873,4655877,4
14595,4656188,4656197,9
14596,4656472,4656480,8
14597,4656733,4656737,4
14598,4657036,4657045,9
14599,4657103,4657110,7
14600,4657110,4657119,9
14601,4657119,4657123,4
14602,4657196,4657205,9
14603,4657205,4657208,3
14604,4657411,4657421,10
14605,4657759,4657762,3
14606,4659414,4659423,9
14607,4659423,4659429,6
14608,4660041,4660045,4
14609,4660152,4660157,5
14610,4660494,4660501,7
14611,4660538,4660543,5
14612,4660580,4660587,7
14613,4661907,4661911,4
14614,4662756,4662764,8
14615,4663945,4663955,10
14616,4664141,4664149,8
14617,4664149,4664154,5
14618,4664154,4664159,5
14619,4664731,4664736,5
14620,4664885,4664888,3
14621,4665263,4665267,4
14622,4665482,4665491,9
14623,4665664,4665671,7
14624,4665710,4665718,8
14625,4665718,4665722,4
14626,4665722,4665730,8
14627,4666619,4666625,6
14628,4667541,4667548,7
14629,4669744,4669748,4
14630,4669748,4669752,4
14631,4670028,4670036,8
14632,4670275,4670281,6
14633,4670360,4670365,5
14634,4670512,4670517,5
14635,4672316,4672322,6
14636,4673043,4673046,3
14637,4673268,4673274,6
14638,4673274,4673280,6
14639,4673289,4673298,9
14640,4673482,4673487,5
14641,4673487,4673492,5
14642,4673518,4673524,6
14643,4673644,4673652,8
14644,4674138,4674147,9
14645,4674250,4674259,9
14646,4674259,4674268,9
14647,4674462,4674469,7
14648,4677677,4677686,9
14649,4678005,4678009,4
14650,4678009,4678013,4
14651,4678053,4678061,8
14652,4678061,4678070,9
14653,4678524,4678530,6
14654,4680701,4680710,9
14655,4680948,4680953,5
14656,4682437,4682440,3
14657,4683337,4683342,5
14658,4683693,4683698,5
14659,4683951,4683961,10
14660,4684337,4684343,6
14661,4685307,4685314,7
14662,4686586,4686592,6
14663,4686686,4686689,3
14664,4687752,4687755,3
14665,4687791,4687800,9
14666,4688912,4688920,8
14667,4688982,4688986,4
14668,4691198,4691205,7
14669,4691783,4691793,10
14670,4691793,4691802,9
14671,4693120,4693126,6
14672,4694092,4694099,7
14673,4694223,4694227,4
14674,4696505,4696508,3
14675,4696648,4696656,8
14676,4697151,4697157,6
14677,4698125,4698133,8
14678,4698496,4698502,6
14679,4698569,4698575,6
14680,4698722,4698733,11
14681,4698733,4698740,7
14682,4698774,4698782,8
14683,4698854,4698860,6
14684,4699703,4699707,4
14685,4700481,4700484,3
14686,4700484,4700500,16
14687,4700500,4700536,36
14688,4700536,4700590,54
14689,4700590,4700609,19
14690,4700609,4700631,22
14691,4700631,4700659,28
14692,4701571,4701575,4
14693,4701624,4701628,4
14694,4702447,4702454,7
14695,4702731,4702738,7
14696,4703180,4703188,8
14697,4703637,4703646,9
14698,4703757,4703764,7
14699,4704728,4704734,6
14700,4705221,4705225,4
14701,4705225,4705234,9
14702,4705253,4705262,9
14703,4705262,4705270,8
14704,4705398,4705409,11
14705,4705592,4705597,5
14706,4706826,4706831,5
14707,4706898,4706901,3
14708,4707003,4707011,8
14709,4707252,4707258,6
14710,4707895,4707904,9
14711,4707904,4707912,8
14712,4708074,4708078,4
14713,4708078,4708082,4
14714,4710155,4710161,6
14715,4710490,4710495,5
14716,4711214,4711222,8
14717,4711896,4711901,5
14718,4712856,4712861,5
14719,4713397,4713407,10
14720,4715006,4715015,9
14721,4715015,4715018,3
14722,4718224,4718233,9
14723,4719291,4719297,6
14724,4721761,4721765,4
14725,4721820,4721830,10
14726,4722781,4722791,10
14727,4722871,4722878,7
14728,4723460,4723466,6
14729,4723801,4723804,3
14730,4724322,4724329,7
14731,4725561,4725569,8
14732,4726134,4726139,5
14733,4726277,4726287,10
14734,4726499,4726503,4
14735,4727578,4727581,3
14736,4727581,4727584,3
14737,4727584,4727587,3
14738,4727587,4727590,3
14739,4727590,4727593,3
14740,4727729,4727738,9
14741,4727885,4727893,8
14742,4728104,4728108,4
14743,4728108,4728111,3
14744,4728187,4728190,3
14745,4728329,4728332,3
14746,4728332,4728339,7
14747,4728822,4728828,6
14748,4728828,4728836,8
14749,4730669,4730673,4
14750,4731899,4731902,3
14751,4731902,4731918,16
14752,4731918,4731954,36
14753,4731954,4732008,54
14754,4732008,4732027,19
14755,4732027,4732049,22
14756,4732049,4732077,28
14757,4732266,4732314,48
14758,4732314,4732377,63
14759,4732377,4732383,6
14760,4732383,4732560,177
14761,4732560,4732619,59
14762,4732619,4732629,10
14763,4732710,4732785,75
14764,4732785,4732956,171
14765,4732956,4732960,4
14766,4732960,4732963,3
14767,4733265,4733293,28
14768,4733293,4733307,14
14769,4733711,4733718,7
14770,4733718,4733725,7
14771,4734637,4734645,8
14772,4734692,4734701,9
14773,4734713,4734717,4
14774,4735790,4735797,7
14775,4736620,4736625,5
14776,4736821,4736825,4
14777,4737384,4737392,8
14778,4737959,4737965,6
14779,4737965,4737971,6
14780,4738660,4738668,8
14781,4738862,4738868,6
14782,4738868,4738874,6
14783,4739177,4739185,8
14784,4740075,4740078,3
14785,4740847,4740857,10
14786,4741958,4741967,9
14787,4742710,4742715,5
14788,4743920,4743923,3
14789,4744603,4744612,9
14790,4745150,4745154,4
14791,4746849,4746856,7
14792,4747537,4747542,5
14793,4747542,4747546,4
14794,4747635,4747640,5
14795,4748051,4748055,4
14796,4748068,4748079,11
14797,4748079,4748089,10
14798,4748645,4748650,5
14799,4748782,4748789,7
14800,4748789,4748793,4
14801,4751957,4751962,5
14802,4753847,4753851,4
14803,4754228,4754231,3
14804,4755032,4755039,7
14805,4755039,4755048,9
14806,4755497,4755502,5
14807,4755502,4755511,9
14808,4755905,4755911,6
14809,4757259,4757262,3
14810,4757430,4757438,8
14811,4759578,4759587,9
14812,4759684,4759690,6
14813,4760905,4760913,8
14814,4763099,4763110,11
14815,4763344,4763347,3
14816,4763347,4763464,117
14817,4763464,4763487,23
14818,4763588,4763639,51
14819,4763639,4763656,17
14820,4767053,4767060,7
14821,4767834,4767843,9
14822,4768289,4768297,8
14823,4769189,4769200,11
14824,4769200,4769206,6
14825,4769206,4769209,3
14826,4769510,4769514,4
14827,4769722,4769728,6
14828,4770635,4770642,7
14829,4771029,4771033,4
14830,4771325,4771328,3
14831,4771890,4771896,6
14832,4772201,4772214,13
14833,4772214,4772218,4
14834,4772218,4772224,6
14835,4772907,4772916,9
14836,4772969,4772976,7
14837,4774362,4774371,9
14838,4776240,4776262,22
14839,4776262,4776279,17
14840,4776426,4776477,51
14841,4776477,4776534,57
14842,4776573,4776624,51
14843,4776624,4776681,57
14844,4776681,4776720,39
14845,4776720,4776771,51
14846,4776771,4776828,57
14847,4776828,4776867,39
14848,4776867,4776918,51
14849,4776918,4776975,57
14850,4776975,4776997,22
14851,4776997,4777014,17
14852,4778139,4778145,6
14853,4779578,4779581,3
14854,4779593,4779599,6
14855,4779599,4779605,6
14856,4779605,4779608,3
14857,4779608,4779611,3
14858,4779611,4779617,6
14859,4779617,4779620,3
14860,4779783,4779786,3
14861,4779786,4779793,7
14862,4780302,4780307,5
14863,4781283,4781290,7
14864,4781290,4781297,7
14865,4781685,4781693,8
14866,4782177,4782181,4
14867,4782181,4782185,4
14868,4782185,4782189,4
14869,4782189,4782193,4
14870,4782193,4782197,4
14871,4782363,4782369,6
14872,4782369,4782375,6
14873,4782424,4782430,6
14874,4782849,4782855,6
14875,4783361,4783364,3
14876,4784550,4784553,3
14877,4784595,4784598,3
14878,4785519,4785523,4
14879,4785881,4785886,5
14880,4786095,4786101,6
14881,4786929,4786935,6
14882,4786935,4786941,6
14883,4786966,4786972,6
14884,4786972,4786978,6
14885,4786978,4786990,12
14886,4787315,4787322,7
14887,4788132,4788138,6
14888,4788695,4788702,7
14889,4789705,4789711,6
14890,4789711,4789715,4
14891,4789825,4789829,4
14892,4789954,4789957,3
14893,4789980,4789983,3
14894,4789983,4789987,4
14895,4790064,4790068,4
14896,4790272,4790278,6
14897,4790308,4790312,4
14898,4790312,4790316,4
14899,4790316,4790320,4
14900,4790592,4790600,8
14901,4790600,4790603,3
14902,4791607,4791614,7
14903,4791773,4791779,6
14904,4792466,4792469,3
14905,4792469,4792485,16
14906,4792485,4792521,36
14907,4792521,4792575,54
14908,4792575,4792594,19
14909,4792594,4792616,22
14910,4792616,4792644,28
14911,4792941,4792946,5
14912,4795740,4795752,12
14913,4795752,4795755,3
14914,4796901,4796909,8
14915,4797659,4797666,7
14916,4797864,4797869,5
14917,4798394,4798400,6
14918,4799040,4799049,9
14919,4799548,4799555,7
14920,4799807,4799810,3
14921,4800330,4800336,6
14922,4800441,4800450,9
14923,4800516,4800525,9
14924,4800540,4800549,9
14925,4800931,4800934,3
14926,4802083,4802087,4
14927,4802848,4802855,7
14928,4803367,4803371,4
14929,4803716,4803722,6
14930,4804702,4804709,7
14931,4804842,4804848,6
14932,4804941,4804945,4
14933,4806617,4806625,8
14934,4806859,4806866,7
14935,4806866,4806873,7
14936,4808301,4808304,3
14937,4808423,4808428,5
14938,4810533,4810536,3
14939,4810953,4810959,6
14940,4810959,4810965,6
14941,4810965,4810971,6
14942,4810984,4810996,12
14943,4810996,4811002,6
14944,4811015,4811022,7
14945,4811022,4811029,7
14946,4811397,4811405,8
14947,4812696,4812700,4
14948,4813468,4813474,6
14949,4814559,4814563,4
14950,4816427,4816435,8
14951,4817324,4817330,6
14952,4820487,4820495,8
14953,4820495,4820498,3
14954,4820779,4820789,10
14955,4823136,4823144,8
14956,4823544,4823553,9
14957,4823769,4823778,9
14958,4823923,4823997,74
14959,4824128,4824137,9
14960,4824281,4824355,74
14961,4826392,4826396,4
14962,4827113,4827122,9
14963,4827221,4827226,5
14964,4827226,4827230,4
14965,4828052,4828061,9
14966,4828061,4828115,54
14967,4828115,4828267,152
14968,4828267,4828290,23
14969,4828290,4828433,143
14970,4828545,4828633,88
14971,4828633,4828643,10
14972,4828720,4828758,38
14973,4828758,4828875,117
14974,4828875,4828892,17
14975,4829156,4829224,68
14976,4829224,4829269,45
14977,4829269,4829292,23
14978,4829292,4829303,11
14979,4829303,4829310,7
14980,4829310,4829478,168
14981,4829478,4829509,31
14982,4829509,4829531,22
14983,4829531,4829757,226
14984,4829757,4829766,9
14985,4829766,4829783,17
14986,4829783,4829899,116
14987,4829899,4829932,33
14988,4829932,4830062,130
14989,4830062,4830134,72
14990,4830134,4830145,11
14991,4830145,4830369,224
14992,4830369,4830469,100
14993,4830530,4830639,109
14994,4830639,4830666,27
14995,4830786,4830843,57
14996,4830843,4830853,10
14997,4830853,4830951,98
14998,4830951,4831088,137
14999,4831088,4831155,67
15000,4831155,4831181,26
15001,4831181,4831218,37
15002,4831218,4831272,54
15003,4831272,4831338,66
15004,4831338,4831385,47
15005,4831385,4831424,39
15006,4831424,4831441,17
15007,4831441,4831574,133
15008,4831574,4831635,61
15009,4831635,4831731,96
15010,4831731,4831811,80
15011,4831811,4831857,46
15012,4831857,4831916,59
15013,4831916,4831977,61
15014,4831977,4832125,148
15015,4832125,4832141,16
15016,4832141,4832200,59
15017,4832200,4832260,60
15018,4832260,4832310,50
15019,4832310,4832347,37
15020,4832347,4832418,71
15021,4832418,4832559,141
15022,4832559,4832573,14
15023,4832573,4832618,45
15024,4832618,4832679,61
15025,4832679,4832718,39
15026,4832718,4832817,99
15027,4832817,4832897,80
15028,4832897,4832914,17
15029,4832914,4832929,15
15030,4832929,4832964,35
15031,4833104,4833139,35
15032,4833139,4833153,14
15033,4833153,4833202,49
15034,4833202,4833268,66
15035,4833268,4833277,9
15036,4833277,4833369,92
15037,4833369,4833394,25
15038,4833394,4833430,36
15039,4833503,4833520,17
15040,4833520,4833543,23
15041,4833690,4833718,28
15042,4833718,4833721,3
15043,4833721,4833781,60
15044,4833781,4833793,12
15045,4833793,4833822,29
15046,4833822,4833920,98
15047,4834386,4834395,9
15048,4834603,4834712,109
15049,4834935,4834944,9
15050,4834944,4834998,54
15051,4834998,4835150,152
15052,4835150,4835173,23
15053,4835173,4835316,143
15054,4835763,4835774,11
15055,4835984,4835990,6
15056,4838119,4838122,3
15057,4838256,4838265,9
15058,4838265,4838271,6
15059,4839080,4839091,11
15060,4840113,4840116,3
15061,4840232,4840241,9
15062,4841241,4841247,6
15063,4841247,4841253,6
15064,4841794,4841801,7
15065,4841894,4841897,3
15066,4843440,4843448,8
15067,4843495,4843502,7
15068,4846419,4846429,10
15069,4846511,4846515,4
15070,4847278,4847282,4
15071,4848035,4848042,7
15072,4848161,4848170,9
15073,4848243,4848250,7
15074,4848250,4848257,7
15075,4848924,4848934,10
15076,4851779,4851789,10
15077,4851789,4851797,8
15078,4852597,4852608,11
15079,4853238,4853245,7
15080,4854065,4854068,3
15081,4854480,4854486,6
15082,4854717,4854722,5
15083,4854830,4854839,9
15084,4855049,4855053,4
15085,4855053,4855056,3
15086,4855784,4855791,7
15087,4855951,4855958,7
15088,4855958,4855964,6
15089,4855964,4855974,10
15090,4857089,4857093,4
15091,4857342,4857350,8
15092,4857414,4857420,6
15093,4859010,4859013,3
15094,4859049,4859053,4
15095,4859857,4859866,9
15096,4860941,4860947,6
15097,4861184,4861189,5
15098,4861189,4861193,4
15099,4861271,4861276,5
15100,4863491,4863498,7
15101,4863683,4863689,6
15102,4863710,4863716,6
15103,4865992,4865995,3
15104,4866067,4866073,6
15105,4868916,4868921,5
15106,4868986,4868991,5
15107,4868991,4868996,5
15108,4870057,4870063,6
15109,4870463,4870471,8
15110,4872339,4872344,5
15111,4872504,4872509,5
15112,4873130,4873137,7
15113,4873604,4873611,7
15114,4873825,4873834,9
15115,4874419,4874426,7
15116,4874838,4874844,6
15117,4876472,4876480,8
15118,4876505,4876510,5
15119,4876624,4876631,7
15120,4876915,4876919,4
15121,4877883,4877887,4
15122,4878670,4878679,9
15123,4882174,4882181,7
15124,4883893,4883901,8
15125,4885240,4885246,6
15126,4885686,4885691,5
15127,4886650,4886655,5
15128,4886706,4886714,8
15129,4888943,4888946,3
15130,4889111,4889115,4
15131,4889481,4889491,10
15132,4891257,4891263,6
15133,4891761,4891770,9
15134,4893216,4893223,7
15135,4893882,4893885,3
15136,4894620,4894624,4
15137,4894624,4894628,4
15138,4894628,4894632,4
15139,4894632,4894636,4
15140,4894636,4894640,4
15141,4894697,4894705,8
15142,4895962,4895973,11
15143,4895973,4895981,8
15144,4896274,4896283,9
15145,4896694,4896703,9
15146,4896925,4896933,8
15147,4897538,4897543,5
15148,4898255,4898260,5
15149,4898275,4898281,6
15150,4898748,4898757,9
15151,4898757,4898766,9
15152,4899922,4899928,6
15153,4900179,4900182,3
15154,4900182,4900185,3
15155,4900185,4900190,5
15156,4900269,4900273,4
15157,4900344,4900354,10
15158,4901375,4901381,6
15159,4901799,4901805,6
15160,4902072,4902077,5
15161,4902698,4902702,4
15162,4902763,4902769,6
15163,4902769,4902777,8
15164,4902777,4902785,8
15165,4903100,4903105,5
15166,4903105,4903110,5
15167,4903110,4903115,5
15168,4903345,4903348,3
15169,4904417,4904420,3
15170,4904755,4904759,4
15171,4904759,4904762,3
15172,4905664,4905672,8
15173,4907267,4907275,8
15174,4907655,4907665,10
15175,4908176,4908182,6
15176,4908336,4908340,4
15177,4908471,4908475,4
15178,4908522,4908526,4
15179,4911194,4911200,6
15180,4912745,4912750,5
15181,4913140,4913148,8
15182,4913162,4913169,7
15183,4913739,4913742,3
15184,4913903,4913909,6
15185,4915334,4915338,4
15186,4915599,4915603,4
15187,4916719,4916727,8
15188,4916916,4916923,7
15189,4918322,4918328,6
15190,4918328,4918333,5
15191,4918990,4918995,5
15192,4919880,4919885,5
15193,4920344,4920347,3
15194,4920535,4920539,4
15195,4921418,4921427,9
15196,4921937,4922220,283
15197,4922220,4922503,283
15198,4922503,4922786,283
15199,4923056,4923326,270
15200,4923326,4923609,283
15201,4923609,4923892,283
15202,4923892,4924175,283
15203,4924175,4924458,283
15204,4924458,4924741,283
15205,4924741,4925024,283
15206,4925307,4925577,270
15207,4925847,4926117,270
15208,4926117,4926387,270
15209,4926387,4926657,270
15210,4926657,4926927,270
15211,4926927,4927197,270
15212,4928041,4928049,8
15213,4928758,4928762,4
15214,4928762,4928765,3
15215,4929061,4929064,3
15216,4929111,4929117,6
15217,4929117,4929123,6
15218,4929123,4929126,3
15219,4929671,4929678,7
15220,4929859,4929869,10
15221,4931234,4931247,13
15222,4931247,4931283,36
15223,4931776,4931785,9
15224,4932129,4932142,13
15225,4932142,4932178,36
15226,4932178,4932203,25
15227,4932229,4932258,29
15228,4932258,4932346,88
15229,4932346,4932551,205
15230,4932551,4932725,174
15231,4932725,4932738,13
15232,4932738,4932774,36
15233,4932774,4932801,27
15234,4932801,4932828,27
15235,4932828,4932857,29
15236,4932857,4932945,88
15237,4932945,4933150,205
15238,4933150,4933324,174
15239,4933324,4933337,13
15240,4933337,4933373,36
15241,4933373,4933400,27
15242,4933400,4933427,27
15243,4933427,4933456,29
15244,4933456,4933544,88
15245,4933768,4933781,13
15246,4933781,4933817,36
15247,4933817,4933842,25
15248,4933842,4933869,27
15249,4933869,4933898,29
15250,4933898,4933986,88
15251,4934365,4934378,13
15252,4934378,4934414,36
15253,4934414,4934439,25
15254,4934439,4934466,27
15255,4934466,4934495,29
15256,4934960,4934973,13
15257,4934973,4935009,36
15258,4935009,4935026,17
15259,4935026,4935045,19
15260,4935045,4935072,27
15261,4935072,4935101,29
15262,4935101,4935189,88
15263,4935582,4935595,13
15264,4935595,4935631,36
15265,4935631,4935648,17
15266,4935648,4935667,19
15267,4935667,4935694,27
15268,4935694,4935723,29
15269,4935723,4935811,88
15270,4936205,4936218,13
15271,4936218,4936254,36
15272,4936743,4936749,6
15273,4937301,4937305,4
15274,4940896,4940902,6
15275,4941037,4941046,9
15276,4941302,4941312,10
15277,4941515,4941525,10
15278,4941990,4941993,3
15279,4942167,4942174,7
15280,4942404,4942410,6
15281,4942795,4942799,4
15282,4943939,4943946,7
15283,4944350,4944356,6
15284,4944356,4944362,6
15285,4944628,4944637,9
15286,4945114,4945125,11
15287,4945338,4945344,6
15288,4946044,4946047,3
15289,4946366,4946371,5
15290,4946424,4946429,5
15291,4946620,4946626,6
15292,4946749,4946752,3
15293,4946752,4946760,8
15294,4946866,4946869,3
15295,4947266,4947273,7
15296,4947621,4947629,8
15297,4948011,4948018,7
15298,4948583,4948588,5
15299,4948588,4948592,4
15300,4948592,4948597,5
15301,4948597,4948601,4
15302,4948601,4948609,8
15303,4950606,4950614,8
15304,4950850,4950859,9
15305,4951093,4951103,10
15306,4951213,4951220,7
15307,4951220,4951228,8
15308,4951616,4951625,9
15309,4951826,4951835,9
15310,4951879,4951883,4
15311,4952353,4952359,6
15312,4952813,4952822,9
15313,4953427,4953436,9
15314,4953474,4953481,7
15315,4953481,4953484,3
15316,4953744,4953748,4
15317,4954226,4954232,6
15318,4954232,4954238,6
15319,4954328,4954343,15
15320,4954526,4954532,6
15321,4954532,4954535,3
15322,4954535,4954541,6
15323,4954541,4954547,6
15324,4954580,4954586,6
15325,4955094,4955103,9
15326,4955103,4955108,5
15327,4955202,4955209,7
15328,4955517,4955521,4
15329,4956007,4956014,7
15330,4956066,4956073,7
15331,4956333,4956340,7
15332,4956796,4956803,7
15333,4956813,4956820,7
15334,4956872,4956876,4
15335,4956909,4956914,5
15336,4956914,4956920,6
15337,4956920,4956925,5
15338,4959219,4959222,3
15339,4960123,4960128,5
15340,4960128,4960133,5
15341,4960639,4960644,5
15342,4960951,4960957,6
15343,4961923,4961928,5
15344,4962198,4962203,5
15345,4962203,4962207,4
15346,4962578,4962581,3
15347,4962602,4962610,8
15348,4962840,4962847,7
15349,4963296,4963304,8
15350,4963347,4963352,5
15351,4963352,4963357,5
15352,4963357,4963362,5
15353,4963372,4963382,10
15354,4963382,4963387,5
15355,4963551,4963554,3
15356,4963628,4963635,7
15357,4963635,4963640,5
15358,4963764,4963769,5
15359,4963856,4963862,6
15360,4964175,4964179,4
15361,4964922,4964931,9
15362,4965255,4965259,4
15363,4966212,4966219,7
15364,4967113,4967122,9
15365,4967308,4967313,5
15366,4967313,4967318,5
15367,4967318,4967323,5
15368,4967874,4967878,4
15369,4968212,4968218,6
15370,4968764,4968769,5
15371,4969592,4969601,9
15372,4970090,4970098,8
15373,4970694,4970706,12
15374,4972296,4972301,5
15375,4972477,4972481,4
15376,4972706,4972716,10
15377,4972716,4972720,4
15378,4974023,4974031,8
15379,4974202,4974208,6
15380,4974466,4974472,6
15381,4974884,4974890,6
15382,4975411,4975418,7
15383,4975418,4975427,9
15384,4975427,4975430,3
15385,4975714,4975717,3
15386,4975717,4975720,3
15387,4975720,4975723,3
15388,4976035,4976041,6
15389,4976103,4976109,6
15390,4976419,4976423,4
15391,4976525,4976533,8
15392,4977335,4977340,5
15393,4977978,4977988,10
15394,4978517,4978525,8
15395,4979026,4979030,4
15396,4979540,4979546,6
15397,4979546,4979552,6
15398,4980034,4980045,11
15399,4981108,4981116,8
15400,4981116,4981124,8
15401,4981124,4981129,5
15402,4981129,4981132,3
15403,4981240,4981246,6
15404,4981848,4981857,9
15405,4981933,4981941,8
15406,4981941,4981948,7
15407,4981948,4981956,8
15408,4981956,4981964,8
15409,4981964,4981971,7
15410,4982300,4982307,7
15411,4982870,4982876,6
15412,4982876,4982883,7
15413,4982883,4982888,5
15414,4983150,4983159,9
15415,4983159,4983168,9
15416,4983168,4983175,7
15417,4983394,4983397,3
15418,4983625,4983633,8
15419,4984499,4984502,3
15420,4984541,4984544,3
15421,4984544,4984547,3
15422,4984547,4984550,3
15423,4984550,4984553,3
15424,4984553,4984556,3
15425,4984556,4984562,6
15426,4984934,4984941,7
15427,4985073,4985079,6
15428,4985079,4985085,6
15429,4985085,4985091,6
15430,4986715,4986724,9
15431,4987250,4987255,5
15432,4988494,4988503,9
15433,4989175,4989184,9
15434,4989352,4989359,7
15435,4989713,4989716,3
15436,4989788,4989795,7
15437,4990118,4990149,31
15438,4990149,4990345,196
15439,4990345,4990418,73
15440,4990418,4990452,34
15441,4990452,4990467,15
15442,4990467,4990551,84
15443,4990551,4990605,54
15444,4990605,4990633,28
15445,4990633,4990674,41
15446,4990674,4990782,108
15447,4990782,4990839,57
15448,4990839,4990978,139
15449,4990978,4991005,27
15450,4991005,4991062,57
15451,4991062,4991073,11
15452,4991073,4991296,223
15453,4991296,4991326,30
15454,4991326,4991377,51
15455,4991377,4991385,8
15456,4991385,4991565,180
15457,4991565,4991584,19
15458,4991584,4991599,15
15459,4991599,4991644,45
15460,4991644,4991774,130
15461,4991774,4991803,29
15462,4991803,4991824,21
15463,4991824,4991880,56
15464,4991880,4991929,49
15465,4991929,4991935,6
15466,4991935,4992037,102
15467,4992037,4992114,77
15468,4992114,4992249,135
15469,4992249,4992260,11
15470,4992417,4992465,48
15471,4992465,4992469,4
15472,4992469,4992513,44
15473,4992513,4992606,93
15474,4992606,4992684,78
15475,4992684,4992694,10
15476,4992694,4992733,39
15477,4992733,4992757,24
15478,4992757,4992841,84
15479,4992841,4992852,11
15480,4992852,4992863,11
15481,4992863,4992925,62
15482,4992925,4992958,33
15483,4992958,4992961,3
15484,4992961,4993012,51
15485,4993012,4993018,6
15486,4993018,4993025,7
15487,4993025,4993054,29
15488,4993054,4993069,15
15489,4993069,4993086,17
15490,4993086,4993174,88
15491,4993174,4993188,14
15492,4993188,4993201,13
15493,4993201,4993236,35
15494,4993236,4993243,7
15495,4993243,4993279,36
15496,4993279,4993351,72
15497,4993351,4993416,65
15498,4993416,4993438,22
15499,4993438,4993447,9
15500,4993447,4993570,123
15501,4993570,4993579,9
15502,4993579,4993621,42
15503,4993621,4993633,12
15504,4993633,4993654,21
15505,4993654,4993715,61
15506,4993715,4993734,19
15507,4993734,4993852,118
15508,4993852,4993882,30
15509,4993882,4993939,57
15510,4993939,4993949,10
15511,4993949,4994001,52
15512,4994001,4994020,19
15513,4994020,4994041,21
15514,4994041,4994109,68
15515,4994109,4994139,30
15516,4994139,4994147,8
15517,4994147,4994324,177
15518,4994324,4994346,22
15519,4994346,4994362,16
15520,4994362,4994370,8
15521,4994370,4994385,15
15522,4994385,4994406,21
15523,4994406,4994431,25
15524,4994431,4994482,51
15525,4994482,4994494,12
15526,4994494,4994515,21
15527,4994515,4994529,14
15528,4994529,4994539,10
15529,4994539,4994650,111
15530,4994650,4994653,3
15531,4994653,4994726,73
15532,4994726,4994736,10
15533,4994736,4994784,48
15534,4994784,4994844,60
15535,4994844,4994920,76
15536,4994920,4994945,25
15537,4994945,4995057,112
15538,4995057,4995096,39
15539,4995096,4995213,117
15540,4995213,4995244,31
15541,4995244,4995305,61
15542,4995305,4995364,59
15543,4995364,4995401,37
15544,4995401,4995481,80
15545,4995481,4995519,38
15546,4995519,4995546,27
15547,4995546,4995550,4
15548,4995807,4995820,13
15549,4995820,4995840,20
15550,4995840,4996064,224
15551,4996064,4996096,32
15552,4996096,4996245,149
15553,4996245,4996255,10
15554,4996255,4996258,3
15555,4996258,4996306,48
15556,4996306,4996381,75
15557,4996381,4996480,99
15558,4996480,4996545,65
15559,4996545,4996641,96
15560,4996641,4996739,98
15561,4996739,4996803,64
15562,4996803,4996815,12
15563,4996846,4996877,31
15564,4996877,4997073,196
15565,4997073,4997146,73
15566,4997146,4997180,34
15567,4997180,4997195,15
15568,4997970,4997973,3
15569,4997973,4997978,5
15570,4998149,4998152,3
15571,4998187,4998191,4
15572,4998645,4998649,4
15573,5000433,5000437,4
15574,5000723,5000727,4
15575,5001292,5001296,4
15576,5001296,5001302,6
15577,5002546,5002554,8
15578,5002700,5002703,3
15579,5002732,5002741,9
15580,5003908,5003912,4
15581,5004114,5004118,4
15582,5005091,5005096,5
15583,5006076,5006080,4
15584,5006552,5006561,9
15585,5007409,5007414,5
15586,5007414,5007419,5
15587,5007419,5007424,5
15588,5007460,5007467,7
15589,5007660,5007664,4
15590,5007676,5007683,7
15591,5007803,5007807,4
15592,5007807,5007818,11
15593,5007818,5007823,5
15594,5007834,5007837,3
15595,5008755,5008762,7
15596,5009075,5009085,10
15597,5009794,5009801,7
15598,5009863,5009866,3
15599,5010028,5010032,4
15600,5010042,5010050,8
15601,5010050,5010058,8
15602,5010058,5010065,7
15603,5010139,5010142,3
15604,5010142,5010145,3
15605,5010192,5010198,6
15606,5010339,5010347,8
15607,5010712,5010716,4
15608,5010716,5010720,4
15609,5010948,5010953,5
15610,5010953,5010962,9
15611,5011074,5011081,7
15612,5011081,5011086,5
15613,5011923,5011927,4
15614,5011938,5011943,5
15615,5012391,5012397,6
15616,5012415,5012421,6
15617,5012957,5012967,10
15618,5013498,5013503,5
15619,5013503,5013506,3
15620,5013548,5013555,7
15621,5014755,5014762,7
15622,5015611,5015620,9
15623,5016992,5016998,6
15624,5017760,5017764,4
15625,5018059,5018065,6
15626,5018438,5018450,12
15627,5018510,5018518,8
15628,5019402,5019408,6
15629,5019408,5019415,7
15630,5019583,5019588,5
15631,5019588,5019592,4
15632,5019592,5019597,5
15633,5019597,5019602,5
15634,5019602,5019607,5
15635,5019607,5019617,10
15636,5019860,5019867,7
15637,5021085,5021092,7
15638,5021741,5021746,5
15639,5024094,5024100,6
15640,5024865,5024874,9
15641,5025735,5025742,7
15642,5026304,5026310,6
15643,5026771,5026774,3
15644,5026983,5026986,3
15645,5026986,5026996,10
15646,5027010,5027017,7
15647,5027607,5027610,3
15648,5029588,5029593,5
15649,5032102,5032110,8
15650,5032155,5032158,3
15651,5032809,5032815,6
15652,5033321,5033327,6
15653,5033327,5033334,7
15654,5034066,5034076,10
15655,5035135,5035140,5
15656,5036361,5036365,4
15657,5037034,5037041,7
15658,5037637,5037640,3
15659,5037640,5037643,3
15660,5038218,5038227,9
15661,5038348,5038351,3
15662,5038351,5038360,9
15663,5038360,5038363,3
15664,5038363,5038369,6
15665,5038507,5038513,6
15666,5038580,5038584,4
15667,5038774,5038777,3
15668,5039005,5039012,7
15669,5039054,5039060,6
15670,5039640,5039645,5
15671,5040142,5040146,4
15672,5040939,5040945,6
15673,5042762,5042767,5
15674,5043643,5043652,9
15675,5044435,5044444,9
15676,5045026,5045029,3
15677,5045513,5045521,8
15678,5046002,5046008,6
15679,5046611,5046621,10
15680,5046754,5046763,9
15681,5047898,5047905,7
15682,5048227,5048231,4
15683,5049138,5049147,9
15684,5049220,5049223,3
15685,5049346,5049352,6
15686,5051845,5051853,8
15687,5051853,5051860,7
15688,5053371,5053374,3
15689,5053374,5053377,3
15690,5053377,5053383,6
15691,5053516,5053522,6
15692,5053532,5053537,5
15693,5055713,5055716,3
15694,5056841,5056844,3
15695,5057966,5057980,14
15696,5058433,5058437,4
15697,5059054,5059057,3
15698,5059539,5059547,8
15699,5059547,5059557,10
15700,5059557,5059561,4
15701,5059869,5059875,6
15702,5059875,5059881,6
15703,5059941,5059946,5
15704,5060154,5060160,6
15705,5061121,5061124,3
15706,5062532,5062535,3
15707,5062535,5062540,5
15708,5063623,5063629,6
15709,5066124,5066128,4
15710,5066712,5066715,3
15711,5068246,5068255,9
15712,5068255,5068258,3
15713,5069082,5069086,4
15714,5069116,5069120,4
15715,5072193,5072196,3
15716,5073907,5073918,11
15717,5075269,5075279,10
15718,5075343,5075349,6
15719,5077051,5077060,9
15720,5077096,5077099,3
15721,5077099,5077102,3
15722,5077408,5077414,6
15723,5077414,5077423,9
15724,5077423,5077426,3
15725,5077426,5077435,9
15726,5077651,5077654,3
15727,5077654,5077660,6
15728,5077660,5077663,3
15729,5077663,5077669,6
15730,5077669,5077672,3
15731,5077672,5077681,9
15732,5077681,5077684,3
15733,5077684,5077690,6
15734,5077995,5077998,3
15735,5077998,5078001,3
15736,5078001,5078007,6
15737,5078183,5078190,7
15738,5078969,5078978,9
15739,5079491,5079495,4
15740,5080500,5080506,6
15741,5080526,5080529,3
15742,5080748,5080751,3
15743,5080751,5080754,3
15744,5080754,5080760,6
15745,5080760,5080763,3
15746,5080835,5080838,3
15747,5080850,5080853,3
15748,5080853,5080859,6
15749,5080926,5080936,10
15750,5081416,5081424,8
15751,5081681,5081689,8
15752,5081802,5081810,8
15753,5087107,5087114,7
15754,5087281,5087290,9
15755,5087290,5087294,4
15756,5088540,5088543,3
15757,5088617,5088624,7
15758,5090231,5090237,6
15759,5090254,5090260,6
15760,5091073,5091079,6
15761,5091907,5091912,5
15762,5092094,5092099,5
15763,5092296,5092303,7
15764,5092303,5092310,7
15765,5092310,5092318,8
15766,5092351,5092359,8
15767,5092383,5092389,6
15768,5092389,5092399,10
15769,5092518,5092527,9
15770,5093318,5093326,8
15771,5093392,5093395,3
15772,5095743,5095751,8
15773,5095855,5095861,6
15774,5096445,5096453,8
15775,5096453,5096515,62
15776,5096515,5096537,22
15777,5096537,5096549,12
15778,5096549,5096707,158
15779,5096707,5096746,39
15780,5096746,5096805,59
15781,5096805,5096843,38
15782,5096843,5096849,6
15783,5096849,5096930,81
15784,5096930,5096999,69
15785,5097055,5097125,70
15786,5097125,5097170,45
15787,5097170,5097176,6
15788,5097176,5097200,24
15789,5097200,5097205,5
15790,5097205,5097211,6
15791,5097407,5097431,24
15792,5097431,5097464,33
15793,5097464,5097474,10
15794,5097474,5097556,82
15795,5097556,5097644,88
15796,5097644,5097776,132
15797,5097907,5097911,4
15798,5097911,5097947,36
15799,5098140,5098195,55
15800,5098428,5098431,3
15801,5098569,5098595,26
15802,5098595,5098604,9
15803,5098604,5098638,34
15804,5098650,5098716,66
15805,5098716,5098852,136
15806,5098852,5098861,9
15807,5098861,5098881,20
15808,5098881,5099034,153
15809,5099034,5099096,62
15810,5099096,5099247,151
15811,5099247,5099274,27
15812,5099274,5099343,69
15813,5099343,5099363,20
15814,5099363,5099394,31
15815,5099394,5099400,6
15816,5099400,5099445,45
15817,5099445,5099559,114
15818,5099559,5099712,153
15819,5099712,5099747,35
15820,5099747,5099758,11
15821,5099758,5099783,25
15822,5099783,5099793,10
15823,5099793,5099913,120
15824,5099913,5099984,71
15825,5099984,5100018,34
15826,5100018,5100039,21
15827,5100039,5100093,54
15828,5100093,5100166,73
15829,5100166,5100180,14
15830,5100180,5100191,11
15831,5100191,5100306,115
15832,5100306,5100358,52
15833,5100438,5100441,3
15834,5100441,5100477,36
15835,5100477,5100516,39
15836,5100516,5100618,102
15837,5100618,5100641,23
15838,5100641,5100674,33
15839,5100674,5100693,19
15840,5100693,5100843,150
15841,5100843,5100905,62
15842,5100905,5100951,46
15843,5100951,5100995,44
15844,5101200,5101250,50
15845,5101250,5101308,58
15846,5101308,5101362,54
15847,5101362,5101407,45
15848,5101407,5101428,21
15849,5101487,5101626,139
15850,5101626,5101650,24
15851,5101837,5101903,66
15852,5101903,5102171,268
15853,5102171,5102222,51
15854,5102222,5102294,72
15855,5102294,5102297,3
15856,5102297,5102311,14
15857,5102311,5102462,151
15858,5102462,5102486,24
15859,5102486,5102545,59
15860,5102921,5103007,86
15861,5103007,5103153,146
15862,5103153,5103188,35
15863,5103188,5103218,30
15864,5103549,5103557,8
15865,5103557,5103619,62
15866,5103619,5103641,22
15867,5103641,5103653,12
15868,5103653,5103811,158
15869,5104008,5104014,6
15870,5104951,5104963,12
15871,5104963,5104975,12
15872,5104975,5104983,8
15873,5105877,5105885,8
15874,5105997,5106004,7
15875,5106004,5106012,8
15876,5108499,5108504,5
15877,5108616,5108623,7
15878,5110012,5110019,7
15879,5110019,5110028,9
15880,5110346,5110351,5
15881,5110351,5110354,3
15882,5111402,5111412,10
15883,5112959,5112970,11
15884,5113237,5113246,9
15885,5113370,5113378,8
15886,5114705,5114712,7
15887,5114724,5114728,4
15888,5114728,5114732,4
15889,5114732,5114736,4
15890,5114736,5114740,4
15891,5114740,5114744,4
15892,5116858,5116865,7
15893,5117225,5117232,7
15894,5122025,5122031,6
15895,5122099,5122103,4
15896,5122636,5122643,7
15897,5123349,5123359,10
15898,5123399,5123406,7
15899,5123406,5123413,7
15900,5123975,5123983,8
15901,5124245,5124254,9
15902,5124296,5124305,9
15903,5125835,5125838,3
15904,5126250,5126257,7
15905,5127618,5127624,6
15906,5128118,5128126,8
15907,5128234,5128242,8
15908,5128287,5128290,3
15909,5128316,5128321,5
15910,5131170,5131176,6
15911,5131327,5131330,3
15912,5131750,5131760,10
15913,5132066,5132074,8
15914,5132074,5132077,3
15915,5132100,5132104,4
15916,5132260,5132266,6
15917,5132323,5132328,5
15918,5132347,5132353,6
15919,5132353,5132359,6
15920,5132359,5132365,6
15921,5132491,5132496,5
15922,5132524,5132530,6
15923,5132542,5132548,6
15924,5132548,5132554,6
15925,5132700,5132704,4
15926,5132902,5132908,6
15927,5132991,5132999,8
15928,5134934,5134940,6
15929,5135228,5135231,3
15930,5135231,5135240,9
15931,5135650,5135661,11
15932,5135661,5135670,9
15933,5135741,5135750,9
15934,5135750,5135753,3
15935,5136531,5136540,9
15936,5137125,5137134,9
15937,5138574,5138577,3
15938,5139148,5139156,8
15939,5139423,5139429,6
15940,5139429,5139435,6
15941,5139492,5139504,12
15942,5139504,5139510,6
15943,5140872,5140875,3
15944,5140907,5140911,4
15945,5143201,5143204,3
15946,5143219,5143227,8
15947,5143402,5143409,7
15948,5143673,5143679,6
15949,5143679,5143684,5
15950,5144021,5144026,5
15951,5144061,5144071,10
15952,5145995,5145999,4
15953,5146318,5146326,8
15954,5147471,5147474,3
15955,5147613,5147616,3
15956,5147862,5147865,3
15957,5147865,5147873,8
15958,5150363,5150368,5
15959,5151369,5151375,6
15960,5152147,5152154,7
15961,5152692,5152699,7
15962,5153368,5153374,6
15963,5154550,5154553,3
15964,5155813,5155818,5
15965,5156181,5156187,6
15966,5156573,5156581,8
15967,5157379,5157388,9
15968,5158439,5158445,6
15969,5158466,5158474,8
15970,5158592,5158603,11
15971,5158951,5158955,4
15972,5159357,5159361,4
15973,5159361,5159369,8
15974,5159381,5159387,6
15975,5162264,5162268,4
15976,5162282,5162286,4
15977,5162286,5162296,10
15978,5162541,5162544,3
15979,5162544,5162547,3
15980,5162547,5162550,3
15981,5162550,5162553,3
15982,5163399,5163405,6
15983,5164983,5164991,8
15984,5166268,5166273,5
15985,5166473,5166479,6
15986,5166839,5166843,4
15987,5167357,5167366,9
15988,5167860,5167863,3
15989,5169224,5169228,4
15990,5169530,5169536,6
15991,5170203,5170211,8
15992,5170300,5170307,7
15993,5173015,5173025,10
15994,5173332,5173339,7
15995,5173574,5173583,9
15996,5175529,5175536,7
15997,5175536,5175545,9
15998,5175665,5175674,9
15999,5179354,5179358,4
16000,5179358,5179362,4
16001,5180344,5180348,4
16002,5180687,5180694,7
16003,5181242,5181249,7
16004,5181848,5181857,9
16005,5183361,5183367,6
16006,5183367,5183372,5
16007,5187088,5187097,9
16008,5187097,5187104,7
16009,5187765,5187773,8
16010,5188034,5188037,3
16011,5190531,5190535,4
16012,5190993,5190996,3
16013,5191925,5191929,4
16014,5191929,5191934,5
16015,5193236,5193240,4
16016,5194481,5194488,7
16017,5194696,5194704,8
16018,5197323,5197330,7
16019,5197481,5197484,3
16020,5197661,5197671,10
16021,5197769,5197772,3
16022,5198295,5198304,9
16023,5198644,5198648,4
16024,5198800,5198803,3
16025,5198803,5198810,7
16026,5200601,5200608,7
16027,5200623,5200630,7
16028,5201615,5201627,12
16029,5202047,5202057,10
16030,5202470,5202480,10
16031,5202563,5202572,9
16032,5202572,5202576,4
16033,5203348,5203355,7
16034,5204871,5204877,6
16035,5204877,5204883,6
16036,5205255,5205263,8
16037,5207034,5207040,6
16038,5207608,5207612,4
16039,5207612,5207620,8
16040,5208322,5208331,9
16041,5208331,5208338,7
16042,5208508,5208516,8
16043,5208555,5208563,8
16044,5208787,5208792,5
16045,5210305,5210312,7
16046,5213665,5213676,11
16047,5213806,5213810,4
16048,5214421,5214429,8
16049,5214481,5214489,8
16050,5217292,5217296,4
16051,5217296,5217304,8
16052,5217711,5217714,3
16053,5218244,5218250,6
16054,5219219,5219222,3
16055,5219222,5219225,3
16056,5219225,5219228,3
16057,5219228,5219231,3
16058,5219231,5219234,3
16059,5219234,5219237,3
16060,5219461,5219465,4
16061,5219465,5219472,7
16062,5219584,5219597,13
16063,5220186,5220193,7
16064,5220399,5220409,10
16065,5221529,5221535,6
16066,5221535,5221540,5
16067,5221587,5221596,9
16068,5222007,5222012,5
16069,5222114,5222118,4
16070,5222421,5222430,9
16071,5223449,5223452,3
16072,5224796,5224805,9
16073,5225485,5225494,9
16074,5226406,5226410,4
16075,5226410,5226418,8
16076,5227753,5227757,4
16077,5228142,5228152,10
16078,5228228,5228237,9
16079,5228255,5228258,3
16080,5229091,5229098,7
16081,5229900,5229907,7
16082,5230037,5230040,3
16083,5230040,5230043,3
16084,5230043,5230048,5
16085,5230048,5230051,3
16086,5230051,5230054,3
16087,5230054,5230063,9
16088,5230063,5230066,3
16089,5230066,5230069,3
16090,5230069,5230072,3
16091,5230072,5230075,3
16092,5230075,5230084,9
16093,5230084,5230087,3
16094,5234328,5234333,5
16095,5234619,5234622,3
16096,5234622,5234626,4
16097,5235522,5235525,3
16098,5235525,5235531,6
16099,5235645,5235648,3
16100,5237016,5237022,6
16101,5237373,5237381,8
16102,5237605,5237613,8
16103,5238373,5238376,3
16104,5238550,5238556,6
16105,5238556,5238562,6
16106,5238851,5238861,10
16107,5239226,5239229,3
16108,5240691,5240701,10
16109,5240701,5240706,5
16110,5240799,5240807,8
16111,5240903,5240910,7
16112,5243447,5243453,6
16113,5245516,5245520,4
16114,5246599,5246609,10
16115,5246852,5246860,8
16116,5247377,5247380,3
16117,5247458,5247466,8
16118,5247641,5247644,3
16119,5247847,5247854,7
16120,5247866,5247872,6
16121,5247909,5247913,4
16122,5248006,5248010,4
16123,5248424,5248430,6
16124,5248924,5248928,4
16125,5248928,5248933,5
16126,5249033,5249041,8
16127,5249171,5249182,11
16128,5249536,5249545,9
16129,5251744,5251751,7
16130,5252460,5252465,5
16131,5252754,5252759,5
16132,5252794,5252801,7
16133,5253421,5253428,7
16134,5254350,5254356,6
16135,5256631,5256637,6
16136,5256637,5256643,6
16137,5256643,5256651,8
16138,5256932,5256938,6
16139,5256938,5256944,6
16140,5256944,5256950,6
16141,5257359,5257371,12
16142,5257688,5257695,7
16143,5258374,5258378,4
16144,5259455,5259461,6
16145,5261846,5261851,5
16146,5261851,5261855,4
16147,5261855,5261861,6
16148,5262016,5262027,11
16149,5264871,5264875,4
16150,5264927,5264937,10
16151,5265554,5265560,6
16152,5266420,5266428,8
16153,5266428,5266436,8
16154,5267024,5267031,7
16155,5267031,5267037,6
16156,5268567,5268570,3
16157,5268910,5268916,6
16158,5268916,5268922,6
16159,5269034,5269037,3
16160,5269037,5269044,7
16161,5269135,5269138,3
16162,5269547,5269551,4
16163,5270103,5270111,8
16164,5270137,5270145,8
16165,5270464,5270472,8
16166,5270620,5270628,8
16167,5271511,5271515,4
16168,5271762,5271768,6
16169,5272802,5272812,10
16170,5272929,5272938,9
16171,5273784,5273788,4
16172,5274912,5274921,9
16173,5277225,5277228,3
16174,5277729,5277737,8
16175,5278600,5278610,10
16176,5279752,5279758,6
16177,5281355,5281361,6
16178,5281361,5281367,6
16179,5281367,5281373,6
16180,5281373,5281379,6
16181,5281379,5281385,6
16182,5281385,5281391,6
16183,5281864,5281869,5
16184,5282327,5282333,6
16185,5282646,5282655,9
16186,5283809,5283815,6
16187,5284944,5284952,8
16188,5286514,5286519,5
16189,5286519,5286522,3
16190,5287523,5287528,5
16191,5288112,5288119,7
16192,5288253,5288262,9
16193,5290299,5290306,7
16194,5290831,5290835,4
16195,5291191,5291197,6
16196,5291373,5291377,4
16197,5291461,5291469,8
16198,5294828,5294836,8
16199,5295572,5295576,4
16200,5296960,5296968,8
16201,5297808,5297813,5
16202,5297813,5297823,10
16203,5297823,5297833,10
16204,5297833,5297838,5
16205,5297838,5297845,7
16206,5297845,5297852,7
16207,5297852,5297856,4
16208,5298395,5298398,3
16209,5299227,5299231,4
16210,5300525,5300530,5
16211,5300615,5300618,3
16212,5300799,5300802,3
16213,5301481,5301490,9
16214,5301748,5301752,4
16215,5302140,5302148,8
16216,5302687,5302692,5
16217,5302940,5302946,6
16218,5303237,5303242,5
16219,5303242,5303251,9
16220,5303403,5303408,5
16221,5303847,5303856,9
16222,5303856,5303864,8
16223,5304218,5304221,3
16224,5305005,5305011,6
16225,5305522,5305526,4
16226,5305526,5305531,5
16227,5305531,5305537,6
16228,5306243,5306250,7
16229,5306250,5306255,5
16230,5306495,5306501,6
16231,5306700,5306707,7
16232,5308012,5308016,4
16233,5308162,5308168,6
16234,5308517,5308520,3
16235,5308520,5308531,11
16236,5308978,5308985,7
16237,5308985,5308992,7
16238,5309225,5309236,11
16239,5309352,5309358,6
16240,5309611,5309617,6
16241,5309966,5309971,5
16242,5310242,5310245,3
16243,5312123,5312129,6
16244,5312626,5312630,4
16245,5312979,5312982,3
16246,5314373,5314383,10
16247,5314383,5314389,6
16248,5314812,5314818,6
16249,5315281,5315288,7
16250,5315309,5315312,3
16251,5315595,5315600,5
16252,5315600,5315607,7
16253,5316284,5316287,3
16254,5316287,5316296,9
16255,5316314,5316323,9
16256,5317641,5317644,3
16257,5318298,5318303,5
16258,5318369,5318376,7
16259,5318376,5318382,6
16260,5318475,5318478,3
16261,5318478,5318481,3
16262,5318481,5318484,3
16263,5318484,5318490,6
16264,5318490,5318496,6
16265,5318496,5318502,6
16266,5319412,5319415,3
16267,5319891,5319897,6
16268,5320891,5320894,3
16269,5321704,5321712,8
16270,5322082,5322087,5
16271,5322243,5322248,5
16272,5324098,5324103,5
16273,5324656,5324665,9
16274,5325517,5325523,6
16275,5325523,5325531,8
16276,5325674,5325680,6
16277,5326089,5326095,6
16278,5326131,5326140,9
16279,5326218,5326224,6
16280,5326224,5326233,9
16281,5326254,5326263,9
16282,5327464,5327467,3
16283,5328038,5328047,9
16284,5328047,5328052,5
16285,5328624,5328629,5
16286,5329094,5329100,6
16287,5330978,5330981,3
16288,5331053,5331063,10
16289,5331281,5331288,7
16290,5331590,5331597,7
16291,5331597,5331603,6
16292,5331633,5331637,4
16293,5331886,5331889,3
16294,5331931,5331940,9
16295,5331976,5331985,9
16296,5332142,5332151,9
16297,5332985,5332990,5
16298,5333270,5333273,3
16299,5333581,5333590,9
16300,5333590,5333596,6
16301,5333754,5333757,3
16302,5333836,5333844,8
16303,5333908,5333916,8
16304,5333956,5333961,5
16305,5334163,5334173,10
16306,5334173,5334177,4
16307,5334333,5334339,6
16308,5335163,5335166,3
16309,5335996,5335999,3
16310,5338800,5338803,3
16311,5338803,5338819,16
16312,5338819,5338855,36
16313,5338855,5338909,54
16314,5338909,5338928,19
16315,5338928,5338950,22
16316,5338950,5338978,28
16317,5338978,5339167,189
16318,5339167,5339215,48
16319,5339215,5339278,63
16320,5339278,5339284,6
16321,5339461,5339520,59
16322,5339520,5339530,10
16323,5339530,5339611,81
16324,5339611,5339686,75
16325,5339686,5339857,171
16326,5339857,5339861,4
16327,5339861,5339864,3
16328,5340631,5340638,7
16329,5342184,5342192,8
16330,5343849,5343856,7
16331,5343856,5343865,9
16332,5344020,5344027,7
16333,5344027,5344035,8
16334,5344212,5344219,7
16335,5344907,5344910,3
16336,5345394,5345404,10
16337,5345476,5345480,4
16338,5346789,5346798,9
16339,5346911,5346917,6
16340,5346917,5346923,6
16341,5346973,5346979,6
16342,5347141,5347145,4
16343,5348631,5348641,10
16344,5348711,5348714,3
16345,5349093,5349097,4
16346,5350705,5350715,10
16347,5350715,5350719,4
16348,5351303,5351311,8
16349,5352310,5352319,9
16350,5352541,5352545,4
16351,5352789,5352796,7
16352,5353478,5353486,8
16353,5354644,5354648,4
16354,5355751,5355755,4
16355,5356794,5356802,8
16356,5356819,5356826,7
16357,5356826,5356833,7
16358,5356833,5356836,3
16359,5357187,5357190,3
16360,5357190,5357199,9
16361,5357238,5357242,4
16362,5357448,5357454,6
16363,5358292,5358298,6
16364,5358513,5358516,3
16365,5360237,5360243,6
16366,5360243,5360249,6
16367,5360249,5360255,6
16368,5360278,5360284,6
16369,5360299,5360305,6
16370,5360638,5360641,3
16371,5360641,5360644,3
16372,5361075,5361079,4
16373,5361222,5361227,5
16374,5361413,5361417,4
16375,5361493,5361502,9
16376,5361502,5361511,9
16377,5361511,5361514,3
16378,5361514,5361520,6
16379,5361520,5361529,9
16380,5361546,5361555,9
16381,5361756,5361760,4
16382,5362549,5362558,9
16383,5363219,5363228,9
16384,5363523,5363529,6
16385,5365827,5365835,8
16386,5366453,5366462,9
16387,5366835,5366844,9
16388,5369050,5369054,4
16389,5370283,5370291,8
16390,5370291,5370298,7
16391,5370651,5370656,5
16392,5370656,5370663,7
16393,5371176,5371183,7
16394,5371183,5371187,4
16395,5372325,5372334,9
16396,5373065,5373071,6
16397,5373394,5373404,10
16398,5375396,5375402,6
16399,5375572,5375575,3
16400,5376440,5376446,6
16401,5376548,5376554,6
16402,5376585,5376589,4
16403,5376644,5376647,3
16404,5376768,5376776,8
16405,5376824,5376832,8
16406,5376908,5376913,5
16407,5377115,5377125,10
16408,5377279,5377287,8
16409,5378178,5378187,9
16410,5378430,5378437,7
16411,5378466,5378475,9
16412,5378760,5378769,9
16413,5379031,5379037,6
16414,5379037,5379043,6
16415,5379789,5379798,9
16416,5380210,5380214,4
16417,5382122,5382130,8
16418,5382130,5382139,9
16419,5382159,5382168,9
16420,5382195,5382203,8
16421,5382334,5382339,5
16422,5383070,5383074,4
16423,5383089,5383097,8
16424,5383676,5383681,5
16425,5383699,5383705,6
16426,5384361,5384366,5
16427,5384366,5384373,7
16428,5384470,5384477,7
16429,5384540,5384549,9
16430,5384712,5384715,3
16431,5385658,5385667,9
16432,5385925,5385936,11
16433,5388191,5388196,5
16434,5388196,5388206,10
16435,5388206,5388216,10
16436,5388216,5388221,5
16437,5388495,5388501,6
16438,5389123,5389129,6
16439,5389932,5389968,36
16440,5389968,5390037,69
16441,5390037,5390089,52
16442,5390089,5390119,30
16443,5390119,5390143,24
16444,5390143,5390177,34
16445,5390177,5390266,89
16446,5390266,5390270,4
16447,5390270,5390274,4
16448,5390274,5390328,54
16449,5390328,5390334,6
16450,5390334,5390384,50
16451,5390384,5390422,38
16452,5390422,5390434,12
16453,5390434,5390565,131
16454,5390565,5390590,25
16455,5390590,5390769,179
16456,5390769,5390858,89
16457,5390858,5390883,25
16458,5390883,5390954,71
16459,5390954,5390959,5
16460,5390959,5390996,37
16461,5390996,5391157,161
16462,5391157,5391259,102
16463,5391259,5391288,29
16464,5391288,5391418,130
16465,5391418,5391472,54
16466,5391472,5391493,21
16467,5391493,5391507,14
16468,5391507,5391521,14
16469,5391521,5391555,34
16470,5391555,5391613,58
16471,5391790,5391823,33
16472,5391823,5391842,19
16473,5391842,5391874,32
16474,5391874,5391949,75
16475,5391949,5391972,23
16476,5391972,5392111,139
16477,5392111,5392300,189
16478,5392300,5392358,58
16479,5392358,5392421,63
16480,5392421,5392565,144
16481,5392565,5392601,36
16482,5392601,5392670,69
16483,5392670,5392722,52
16484,5392722,5392752,30
16485,5392752,5392776,24
16486,5392776,5392810,34
16487,5394051,5394059,8
16488,5394097,5394103,6
16489,5394569,5394579,10
16490,5394579,5394584,5
16491,5394989,5394993,4
16492,5396065,5396072,7
16493,5396072,5396086,14
16494,5396086,5396093,7
16495,5396093,5396100,7
16496,5396325,5396330,5
16497,5396330,5396340,10
16498,5396340,5396345,5
16499,5396769,5396776,7
16500,5397589,5397594,5
16501,5397594,5397597,3
16502,5397608,5397613,5
16503,5398188,5398192,4
16504,5398216,5398225,9
16505,5399178,5399187,9
16506,5399312,5399315,3
16507,5399757,5399761,4
16508,5399966,5399975,9
16509,5399984,5399993,9
16510,5400182,5400188,6
16511,5402699,5402705,6
16512,5402811,5402815,4
16513,5404794,5404799,5
16514,5405605,5405615,10
16515,5405697,5405703,6
16516,5405776,5405786,10
16517,5405941,5405950,9
16518,5405977,5405980,3
16519,5406408,5406418,10
16520,5406537,5406544,7
16521,5406583,5406592,9
16522,5406592,5406600,8
16523,5406697,5406705,8
16524,5406705,5406714,9
16525,5407075,5407082,7
16526,5407561,5407564,3
16527,5407564,5407570,6
16528,5407722,5407729,7
16529,5408199,5408204,5
16530,5408839,5408842,3
16531,5409156,5409164,8
16532,5411129,5411136,7
16533,5411136,5411139,3
16534,5411139,5411148,9
16535,5411464,5411471,7
16536,5411489,5411497,8
16537,5411529,5411537,8
16538,5412111,5412115,4
16539,5412358,5412364,6
16540,5412550,5412553,3
16541,5413167,5413171,4
16542,5414108,5414113,5
16543,5415026,5415032,6
16544,5415817,5415821,4
16545,5415821,5415830,9
16546,5415949,5415957,8
16547,5415957,5415965,8
16548,5415965,5415969,4
16549,5416889,5416893,4
16550,5417017,5417023,6
16551,5417224,5417231,7
16552,5417444,5417453,9
16553,5418131,5418139,8
16554,5418139,5418143,4
16555,5418516,5418523,7
16556,5419064,5419067,3
16557,5423793,5423800,7
16558,5423871,5423874,3
16559,5424019,5424028,9
16560,5424124,5424130,6
16561,5425063,5425069,6
16562,5425085,5425088,3
16563,5425604,5425609,5
16564,5427564,5427570,6
16565,5427831,5427837,6
16566,5428101,5428110,9
16567,5428159,5428165,6
16568,5428749,5428752,3
16569,5428893,5428901,8
16570,5428901,5428906,5
16571,5428933,5428942,9
16572,5429495,5429503,8
16573,5429634,5429638,4
16574,5429713,5429720,7
16575,5429720,5429727,7
16576,5429727,5429734,7
16577,5430254,5430261,7
16578,5430718,5430724,6
16579,5430750,5430760,10
16580,5431420,5431427,7
16581,5431561,5431568,7
16582,5431568,5431574,6
16583,5431586,5431592,6
16584,5431592,5431598,6
16585,5432787,5432792,5
16586,5433860,5433864,4
16587,5434796,5434799,3
16588,5435588,5435597,9
16589,5436516,5436525,9
16590,5436525,5436528,3
16591,5438131,5438134,3
16592,5438198,5438204,6
16593,5438221,5438227,6
16594,5438318,5438322,4
16595,5438415,5438419,4
16596,5439064,5439070,6
16597,5439359,5439366,7
16598,5439461,5439465,4
16599,5439494,5439508,14
16600,5441133,5441136,3
16601,5441284,5441289,5
16602,5442464,5442469,5
16603,5442469,5442476,7
16604,5442486,5442489,3
16605,5443838,5443841,3
16606,5443841,5443847,6
16607,5443847,5443850,3
16608,5444234,5444243,9
16609,5446508,5446513,5
16610,5446513,5446524,11
16611,5447228,5447234,6
16612,5447922,5447928,6
16613,5449239,5449248,9
16614,5450659,5450665,6
16615,5450754,5450762,8
16616,5452119,5452125,6
16617,5452444,5452452,8
16618,5452726,5452734,8
16619,5452992,5452997,5
16620,5452997,5453001,4
16621,5453336,5453343,7
16622,5453404,5453408,4
16623,5453659,5453665,6
16624,5453684,5453693,9
16625,5453876,5453879,3
16626,5455935,5455940,5
16627,5456401,5456410,9
16628,5456487,5456495,8
16629,5456669,5456674,5
16630,5456674,5456679,5
16631,5456679,5456682,3
16632,5457137,5457141,4
16633,5457497,5457505,8
16634,5458811,5458820,9
16635,5460772,5460775,3
16636,5461163,5461169,6
16637,5461180,5461189,9
16638,5461452,5461460,8
16639,5461460,5461468,8
16640,5461890,5461897,7
16641,5461897,5461901,4
16642,5464667,5464676,9
16643,5466391,5466400,9
16644,5466400,5466409,9
16645,5466409,5466418,9
16646,5466418,5466427,9
16647,5466655,5466659,4
16648,5466815,5466818,3
16649,5467474,5467479,5
16650,5467940,5467949,9
16651,5468808,5468814,6
16652,5468948,5468952,4
16653,5468952,5468956,4
16654,5469377,5469381,4
16655,5469531,5469537,6
16656,5471146,5471152,6
16657,5471327,5471330,3
16658,5472296,5472308,12
16659,5472816,5472824,8
16660,5473015,5473024,9
16661,5473480,5473487,7
16662,5473487,5473495,8
16663,5473523,5473526,3
16664,5473526,5473529,3
16665,5473788,5473794,6
16666,5473794,5473800,6
16667,5474466,5474476,10
16668,5474636,5474644,8
16669,5475165,5475169,4
16670,5475713,5475716,3
16671,5476026,5476033,7
16672,5476109,5476120,11
16673,5481200,5481347,147
16674,5481347,5481412,65
16675,5481556,5481566,10
16676,5481566,5481623,57
16677,5481623,5481763,140
16678,5481763,5482142,379
16679,5482142,5482505,363
16680,5482505,5482542,37
16681,5482542,5482722,180
16682,5482722,5482729,7
16683,5482729,5482891,162
16684,5482891,5482909,18
16685,5482909,5483239,330
16686,5483239,5483334,95
16687,5484214,5484263,49
16688,5484263,5484306,43
16689,5484306,5484346,40
16690,5484346,5484409,63
16691,5484409,5484517,108
16692,5484517,5484658,141
16693,5484658,5484715,57
16694,5484715,5484766,51
16695,5484766,5484877,111
16696,5484877,5484894,17
16697,5485362,5485369,7
16698,5486260,5486268,8
16699,5486268,5486272,4
16700,5488642,5488648,6
16701,5489043,5489047,4
16702,5489372,5489376,4
16703,5490227,5490230,3
16704,5490364,5490385,21
16705,5490385,5490437,52
16706,5490594,5490597,3
16707,5490665,5490671,6
16708,5490724,5490745,21
16709,5490953,5490956,3
16710,5491024,5491030,6
16711,5491083,5491104,21
16712,5491104,5491156,52
16713,5492859,5492863,4
16714,5493936,5493942,6
16715,5494351,5494363,12
16716,5494841,5494849,8
16717,5495098,5495101,3
16718,5495663,5495668,5
16719,5496104,5496110,6
16720,5496723,5496728,5
16721,5497465,5497469,4
16722,5497469,5497473,4
16723,5497658,5497662,4
16724,5498926,5498932,6
16725,5498932,5498935,3
16726,5499118,5499123,5
16727,5499392,5499401,9
16728,5500301,5500310,9
16729,5501481,5501484,3
16730,5501625,5501637,12
16731,5501637,5501646,9
16732,5501848,5501856,8
16733,5501933,5501939,6
16734,5502804,5502807,3
16735,5502875,5502881,6
16736,5502881,5502934,53
16737,5502934,5502955,21
16738,5503164,5503167,3
16739,5503516,5503523,7
16740,5504577,5504586,9
16741,5505268,5505275,7
16742,5506653,5506661,8
16743,5506709,5506716,7
16744,5506954,5506958,4
16745,5507829,5507839,10
16746,5507839,5507842,3
16747,5509038,5509044,6
16748,5509257,5509261,4
16749,5510184,5510188,4
16750,5510320,5510324,4
16751,5511917,5511925,8
16752,5512353,5512360,7
16753,5512790,5512795,5
16754,5512863,5512871,8
16755,5513114,5513121,7
16756,5513146,5513150,4
16757,5514300,5514304,4
16758,5514304,5514312,8
16759,5514312,5514316,4
16760,5514551,5514557,6
16761,5514620,5514624,4
16762,5515134,5515143,9
16763,5515719,5515724,5
16764,5515724,5515734,10
16765,5516630,5516636,6
16766,5517731,5517736,5
16767,5520285,5520288,3
16768,5521144,5521149,5
16769,5521149,5521153,4
16770,5521259,5521268,9
16771,5521268,5521446,178
16772,5521446,5521475,29
16773,5521475,5521528,53
16774,5521528,5521586,58
16775,5521586,5521619,33
16776,5521619,5521806,187
16777,5521806,5521835,29
16778,5521835,5521888,53
16779,5521888,5521946,58
16780,5521946,5521979,33
16781,5521979,5521988,9
16782,5521988,5522166,178
16783,5522166,5522195,29
16784,5522195,5522248,53
16785,5522248,5522306,58
16786,5522306,5522339,33
16787,5522339,5522526,187
16788,5522526,5522555,29
16789,5522555,5522608,53
16790,5522608,5522666,58
16791,5522666,5522699,33
16792,5522699,5522708,9
16793,5522708,5522886,178
16794,5522886,5522915,29
16795,5522915,5522968,53
16796,5522968,5523026,58
16797,5523026,5523059,33
16798,5523246,5523275,29
16799,5523397,5523406,9
16800,5523584,5523613,29
16801,5523613,5523666,53
16802,5523666,5523724,58
16803,5523724,5523757,33
16804,5524075,5524084,9
16805,5525011,5525021,10
16806,5525021,5525119,98
16807,5525119,5525129,10
16808,5525129,5525138,9
16809,5525138,5525193,55
16810,5526013,5526084,71
16811,5526231,5526244,13
16812,5526446,5526538,92
16813,5526538,5526564,26
16814,5526564,5526580,16
16815,5526773,5526778,5
16816,5526778,5526785,7
16817,5526785,5526834,49
16818,5526834,5526907,73
16819,5527007,5527010,3
16820,5527010,5527171,161
16821,5527171,5527199,28
16822,5527199,5527277,78
16823,5527277,5527536,259
16824,5527536,5527562,26
16825,5527562,5527718,156
16826,5527718,5527721,3
16827,5527721,5527853,132
16828,5527853,5527918,65
16829,5527918,5527934,16
16830,5527934,5527991,57
16831,5527991,5527995,4
16832,5527995,5528016,21
16833,5528016,5528214,198
16834,5528214,5528332,118
16835,5528332,5528342,10
16836,5528342,5528440,98
16837,5528440,5528450,10
16838,5528450,5528459,9
16839,5528459,5528514,55
16840,5529009,5529016,7
16841,5529714,5529717,3
16842,5530621,5530628,7
16843,5531184,5531187,3
16844,5531225,5531234,9
16845,5531234,5531239,5
16846,5533221,5533231,10
16847,5533659,5533667,8
16848,5533941,5533947,6
16849,5535338,5535342,4
16850,5535342,5535346,4
16851,5535361,5535365,4
16852,5535365,5535371,6
16853,5535371,5535375,4
16854,5535905,5535911,6
16855,5537520,5537523,3
16856,5537523,5537530,7
16857,5537658,5537665,7
16858,5539561,5539571,10
16859,5539727,5539736,9
16860,5539858,5539861,3
16861,5540054,5540063,9
16862,5540165,5540171,6
16863,5540542,5540551,9
16864,5540769,5540776,7
16865,5540931,5540937,6
16866,5540937,5540943,6
16867,5540943,5540948,5
16868,5541122,5541131,9
16869,5541363,5541366,3
16870,5541399,5541402,3
16871,5541402,5541414,12
16872,5541512,5541516,4
16873,5543052,5543064,12
16874,5544490,5544496,6
16875,5545399,5545407,8
16876,5546140,5546148,8
16877,5546297,5546301,4
16878,5546301,5546305,4
16879,5546435,5546444,9
16880,5547339,5547345,6
16881,5547345,5547351,6
16882,5547590,5547596,6
16883,5547759,5547762,3
16884,5548353,5548358,5
16885,5549175,5549185,10
16886,5551263,5551267,4
16887,5551358,5551361,3
16888,5551361,5551367,6
16889,5554241,5554247,6
16890,5554247,5554253,6
16891,5554253,5554259,6
16892,5554259,5554265,6
16893,5554265,5554271,6
16894,5554283,5554289,6
16895,5554439,5554442,3
16896,5554442,5554448,6
16897,5554448,5554454,6
16898,5554454,5554457,3
16899,5554525,5554535,10
16900,5555066,5555073,7
16901,5555180,5555184,4
16902,5557337,5557342,5
16903,5557896,5557904,8
16904,5558161,5558167,6
16905,5558167,5558170,3
16906,5558170,5558173,3
16907,5558691,5558697,6
16908,5558916,5558924,8
16909,5558924,5558932,8
16910,5559003,5559014,11
16911,5559535,5559541,6
16912,5559541,5559544,3
16913,5559544,5559547,3
16914,5561985,5561991,6
16915,5562116,5562119,3
16916,5562134,5562140,6
16917,5562140,5562143,3
16918,5564931,5564934,3
16919,5565113,5565122,9
16920,5566154,5566162,8
16921,5566322,5566331,9
16922,5568689,5568698,9
16923,5568776,5568783,7
16924,5569149,5569156,7
16925,5570086,5570097,11
16926,5570661,5570666,5
16927,5570710,5570719,9
16928,5571911,5571921,10
16929,5571921,5571932,11
16930,5571932,5571942,10
16931,5571942,5571949,7
16932,5571949,5571958,9
16933,5572526,5572531,5
16934,5572531,5572538,7
16935,5573822,5573827,5
16936,5574381,5574389,8
16937,5574795,5574801,6
16938,5575045,5575049,4
16939,5575364,5575367,3
16940,5575689,5575692,3
16941,5575729,5575734,5
16942,5576946,5576955,9
16943,5576972,5576979,7
16944,5576979,5576988,9
16945,5577049,5577054,5
16946,5577054,5577064,10
16947,5577064,5577068,4
16948,5577819,5577822,3
16949,5577822,5577825,3
16950,5577846,5577852,6
16951,5577852,5577859,7
16952,5578292,5578296,4
16953,5579090,5579096,6
16954,5579122,5579127,5
16955,5579200,5579203,3
16956,5580477,5580506,29
16957,5580506,5580559,53
16958,5580559,5580617,58
16959,5580617,5580650,33
16960,5580837,5580866,29
16961,5580866,5580919,53
16962,5580919,5580977,58
16963,5580977,5581010,33
16964,5581524,5581533,9
16965,5581680,5581688,8
16966,5581688,5581695,7
16967,5581735,5581738,3
16968,5582664,5582669,5
16969,5582687,5582692,5
16970,5583054,5583063,9
16971,5583481,5583484,3
16972,5584774,5584777,3
16973,5584777,5584783,6
16974,5585938,5585942,4
16975,5586064,5586070,6
16976,5586082,5586088,6
16977,5586120,5586126,6
16978,5586872,5586880,8
16979,5587452,5587461,9
16980,5587782,5587788,6
16981,5589223,5589229,6
16982,5591598,5591606,8
16983,5591606,5591614,8
16984,5592539,5592542,3
16985,5592626,5592629,3
16986,5592896,5592904,8
16987,5593039,5593045,6
16988,5594788,5594792,4
16989,5596374,5596381,7
16990,5596397,5596404,7
16991,5597946,5597954,8
16992,5598286,5598289,3
16993,5598653,5598656,3
16994,5598682,5598686,4
16995,5598770,5598778,8
16996,5599071,5599077,6
16997,5599077,5599083,6
16998,5599083,5599089,6
16999,5599089,5599095,6
17000,5599095,5599101,6
17001,5599101,5599107,6
17002,5599497,5599501,4
17003,5599501,5599505,4
17004,5599505,5599508,3
17005,5601852,5601857,5
17006,5603547,5603552,5
17007,5606195,5606201,6
17008,5606201,5606207,6
17009,5607463,5607468,5
17010,5609290,5609295,5
17011,5610120,5610129,9
17012,5610129,5610135,6
17013,5611843,5611849,6
17014,5611885,5611891,6
17015,5611891,5611897,6
17016,5611909,5611915,6
17017,5611915,5611921,6
17018,5611921,5611927,6
17019,5611927,5611933,6
17020,5611933,5611941,8
17021,5612443,5612451,8
17022,5612859,5612862,3
17023,5613619,5613628,9
17024,5614147,5614155,8
17025,5614283,5614290,7
17026,5614400,5614403,3
17027,5614759,5614764,5
17028,5615781,5615790,9
17029,5616727,5616733,6
17030,5616834,5616837,3
17031,5617244,5617252,8
17032,5617252,5617256,4
17033,5617256,5617260,4
17034,5617500,5617504,4
17035,5617811,5617819,8
17036,5617951,5617960,9
17037,5618076,5618079,3
17038,5620098,5620106,8
17039,5620106,5620110,4
17040,5620369,5620376,7
17041,5620614,5620619,5
17042,5621233,5621238,5
17043,5621238,5621243,5
17044,5621243,5621248,5
17045,5621865,5621872,7
17046,5622670,5622680,10
17047,5622680,5622687,7
17048,5622687,5622696,9
17049,5623589,5623593,4
17050,5623593,5623599,6
17051,5623599,5623604,5
17052,5624265,5624270,5
17053,5624951,5624957,6
17054,5625292,5625298,6
17055,5626312,5626318,6
17056,5626431,5626436,5
17057,5626647,5626654,7
17058,5626654,5626663,9
17059,5626663,5626669,6
17060,5626669,5626677,8
17061,5626677,5626683,6
17062,5626683,5626690,7
17063,5626690,5626696,6
17064,5626696,5626702,6
17065,5626702,5626708,6
17066,5626708,5626714,6
17067,5626714,5626720,6
17068,5626812,5626817,5
17069,5626896,5626902,6
17070,5626902,5626909,7
17071,5626909,5626920,11
17072,5627084,5627092,8
17073,5628029,5628034,5
17074,5628610,5628619,9
17075,5628948,5628955,7
17076,5628973,5628982,9
17077,5628982,5628985,3
17078,5629859,5629866,7
17079,5630373,5630376,3
17080,5630376,5630384,8
17081,5630887,5630892,5
17082,5631371,5631374,3
17083,5631374,5631378,4
17084,5631378,5631384,6
17085,5631482,5631486,4
17086,5631514,5631523,9
17087,5631523,5631529,6
17088,5631529,5631533,4
17089,5631601,5631610,9
17090,5631632,5631637,5
17091,5631843,5631851,8
17092,5632347,5632353,6
17093,5632503,5632512,9
17094,5632512,5632517,5
17095,5632539,5632546,7
17096,5632590,5632594,4
17097,5632611,5632620,9
17098,5632620,5632623,3
17099,5632623,5632628,5
17100,5632628,5632635,7
17101,5632635,5632639,4
17102,5632657,5632664,7
17103,5632664,5632674,10
17104,5632732,5632738,6
17105,5632738,5632744,6
17106,5632744,5632748,4
17107,5633174,5633180,6
17108,5633180,5633185,5
17109,5634376,5634385,9
17110,5634822,5634829,7
17111,5635219,5635223,4
17112,5635472,5635477,5
17113,5635534,5635538,4
17114,5636442,5636447,5
17115,5636447,5636454,7
17116,5636466,5636473,7
17117,5636473,5636478,5
17118,5637344,5637348,4
17119,5637543,5637552,9
17120,5637797,5637806,9
17121,5637806,5637811,5
17122,5637874,5637881,7
17123,5638732,5638735,3
17124,5640803,5640810,7
17125,5641442,5641450,8
17126,5641641,5641648,7
17127,5642462,5642468,6
17128,5642584,5642594,10
17129,5642832,5642842,10
17130,5642842,5642845,3
17131,5642845,5642850,5
17132,5642940,5642946,6
17133,5642946,5642952,6
17134,5643117,5643122,5
17135,5643122,5643127,5
17136,5643127,5643132,5
17137,5643652,5643661,9
17138,5643908,5643918,10
17139,5643918,5643923,5
17140,5644470,5644477,7
17141,5644990,5644993,3
17142,5645763,5645770,7
17143,5645860,5645868,8
17144,5645898,5645905,7
17145,5646086,5646094,8
17146,5646296,5646300,4
17147,5646463,5646468,5
17148,5646929,5646939,10
17149,5646966,5646971,5
17150,5647026,5647031,5
17151,5647040,5647049,9
17152,5647176,5647184,8
17153,5647184,5647191,7
17154,5647357,5647363,6
17155,5647670,5647674,4
17156,5647674,5647679,5
17157,5647851,5647860,9
17158,5647940,5647949,9
17159,5651737,5651743,6
17160,5651743,5651749,6
17161,5653176,5653184,8
17162,5653484,5653493,9
17163,5653689,5653698,9
17164,5654029,5654034,5
17165,5654486,5654489,3
17166,5654489,5654496,7
17167,5654496,5654501,5
17168,5654572,5654580,8
17169,5654741,5654744,3
17170,5654818,5654828,10
17171,5654884,5654893,9
17172,5654993,5654996,3
17173,5654996,5655007,11
17174,5655053,5655059,6
17175,5655884,5655891,7
17176,5656693,5656700,7
17177,5656790,5656799,9
17178,5657121,5657133,12
17179,5657133,5657139,6
17180,5657139,5657145,6
17181,5657145,5657151,6
17182,5657151,5657157,6
17183,5657157,5657163,6
17184,5657163,5657175,12
17185,5657175,5657181,6
17186,5657506,5657513,7
17187,5657513,5657522,9
17188,5657610,5657616,6
17189,5657798,5657803,5
17190,5658107,5658113,6
17191,5658209,5658218,9
17192,5658218,5658227,9
17193,5658524,5658534,10
17194,5658574,5658582,8
17195,5660544,5660549,5
17196,5660592,5660598,6
17197,5660682,5660694,12
17198,5663549,5663556,7
17199,5664293,5664299,6
17200,5664792,5664800,8
17201,5665162,5665166,4
17202,5666174,5666179,5
17203,5667251,5667261,10
17204,5667439,5667444,5
17205,5668469,5668478,9
17206,5668553,5668559,6
17207,5668856,5668859,3
17208,5669306,5669309,3
17209,5669930,5669933,3
17210,5669961,5669966,5
17211,5669966,5669971,5
17212,5669971,5669976,5
17213,5670748,5670758,10
17214,5670946,5670952,6
17215,5670952,5670962,10
17216,5671026,5671032,6
17217,5671517,5671525,8
17218,5671538,5671545,7
17219,5671643,5671651,8
17220,5671806,5671812,6
17221,5673860,5673870,10
17222,5674163,5674167,4
17223,5674247,5674250,3
17224,5674292,5674295,3
17225,5674568,5674571,3
17226,5674619,5674623,4
17227,5674716,5674726,10
17228,5675396,5675400,4
17229,5675505,5675510,5
17230,5675989,5675994,5
17231,5675994,5676003,9
17232,5676285,5676289,4
17233,5676527,5676536,9
17234,5676536,5676539,3
17235,5676539,5676542,3
17236,5676826,5676835,9
17237,5677966,5677969,3
17238,5677969,5677972,3
17239,5677972,5677981,9
17240,5677981,5677990,9
17241,5678404,5678408,4
17242,5678904,5678911,7
17243,5678911,5678917,6
17244,5678917,5678920,3
17245,5678920,5678923,3
17246,5679208,5679214,6
17247,5679362,5679369,7
17248,5679570,5679576,6
17249,5680272,5680275,3
17250,5681165,5681173,8
17251,5681294,5681298,4
17252,5681793,5681800,7
17253,5681800,5681804,4
17254,5682607,5682611,4
17255,5682979,5682984,5
17256,5683172,5683177,5
17257,5683177,5683184,7
17258,5684144,5684152,8
17259,5684647,5684652,5
17260,5684871,5684878,7
17261,5685075,5685081,6
17262,5685081,5685090,9
17263,5685114,5685123,9
17264,5685169,5685173,4
17265,5685781,5685787,6
17266,5686193,5686201,8
17267,5686705,5686711,6
17268,5686909,5686912,3
17269,5687162,5687171,9
17270,5687262,5687267,5
17271,5687282,5687288,6
17272,5687375,5687383,8
17273,5687383,5687393,10
17274,5687688,5687695,7
17275,5688275,5688279,4
17276,5688279,5688286,7
17277,5690063,5690071,8
17278,5690071,5690076,5
17279,5690086,5690095,9
17280,5690114,5690120,6
17281,5691074,5691080,6
17282,5691080,5691085,5
17283,5691095,5691098,3
17284,5691098,5691103,5
17285,5691950,5691956,6
17286,5692340,5692343,3
17287,5692371,5692375,4
17288,5692581,5692587,6
17289,5693159,5693165,6
17290,5693200,5693206,6
17291,5693449,5693455,6
17292,5693455,5693462,7
17293,5693582,5693593,11
17294,5693671,5693675,4
17295,5694915,5694920,5
17296,5695011,5695014,3
17297,5695867,5695875,8
17298,5695875,5695883,8
17299,5695962,5695971,9
17300,5695971,5695980,9
17301,5696074,5696082,8
17302,5696082,5696087,5
17303,5696381,5696387,6
17304,5696596,5696601,5
17305,5696792,5696800,8
17306,5696800,5696808,8
17307,5697491,5697496,5
17308,5699208,5699216,8
17309,5699246,5699254,8
17310,5699254,5699266,12
17311,5699266,5699270,4
17312,5700037,5700044,7
17313,5700549,5700556,7
17314,5700685,5700690,5
17315,5700704,5700708,4
17316,5700905,5700911,6
17317,5700946,5700949,3
17318,5700949,5700953,4
17319,5701106,5701109,3
17320,5701109,5701117,8
17321,5701611,5701615,4
17322,5701615,5701619,4
17323,5701619,5701623,4
17324,5701724,5701732,8
17325,5701732,5701740,8
17326,5701740,5701744,4
17327,5702347,5702353,6
17328,5702700,5702705,5
17329,5702752,5702757,5
17330,5702781,5702787,6
17331,5702874,5702878,4
17332,5702974,5702983,9
17333,5703129,5703135,6
17334,5703812,5703819,7
17335,5704881,5704888,7
17336,5705078,5705084,6
17337,5705096,5705102,6
17338,5705102,5705108,6
17339,5705121,5705127,6
17340,5705807,5705812,5
17341,5705812,5705817,5
17342,5705817,5705827,10
17343,5705827,5705832,5
17344,5705832,5705837,5
17345,5705837,5705842,5
17346,5705842,5705846,4
17347,5706186,5706195,9
17348,5706195,5706204,9
17349,5707052,5707060,8
17350,5707348,5707354,6
17351,5707525,5707532,7
17352,5707568,5707573,5
17353,5707790,5707794,4
17354,5708594,5708604,10
17355,5708766,5708770,4
17356,5709000,5709008,8
17357,5709217,5709226,9
17358,5709355,5709364,9
17359,5709544,5709551,7
17360,5710175,5710182,7
17361,5710372,5710375,3
17362,5710484,5710493,9
17363,5710525,5710529,4
17364,5710877,5710886,9
17365,5710982,5710990,8
17366,5711460,5711463,3
17367,5711485,5711488,3
17368,5711500,5711503,3
17369,5711577,5711583,6
17370,5711953,5711959,6
17371,5712277,5712280,3
17372,5712348,5712354,6
17373,5712408,5712429,21
17374,5712638,5712641,3
17375,5712709,5712715,6
17376,5712768,5712789,21
17377,5712835,5712841,6
17378,5712902,5712908,6
17379,5713008,5713015,7
17380,5713028,5713033,5
17381,5713485,5713493,8
17382,5714163,5714172,9
17383,5714842,5714846,4
17384,5714872,5714880,8
17385,5714880,5714884,4
17386,5715219,5715226,7
17387,5715716,5715722,6
17388,5717303,5717312,9
17389,5717694,5717700,6
17390,5718432,5718437,5
17391,5718437,5718446,9
17392,5719051,5719057,6
17393,5720528,5720535,7
17394,5720535,5720542,7
17395,5720542,5720549,7
17396,5720549,5720556,7
17397,5720570,5720577,7
17398,5720577,5720584,7
17399,5720603,5720609,6
17400,5721663,5721668,5
17401,5722399,5722406,7
17402,5722725,5722731,6
17403,5723017,5723024,7
17404,5723305,5723310,5
17405,5723310,5723315,5
17406,5723644,5723653,9
17407,5723653,5723660,7
17408,5726766,5726770,4
17409,5727753,5728091,338
17410,5728091,5728116,25
17411,5728116,5728234,118
17412,5728234,5728251,17
17413,5728370,5728436,66
17414,5728436,5728482,46
17415,5728482,5728577,95
17416,5728577,5728751,174
17417,5728751,5728905,154
17418,5728905,5729057,152
17419,5729057,5729222,165
17420,5729222,5729309,87
17421,5729309,5729356,47
17422,5729356,5729490,134
17423,5729490,5729519,29
17424,5729519,5729693,174
17425,5729693,5729775,82
17426,5729775,5729905,130
17427,5729905,5729909,4
17428,5729909,5729966,57
17429,5729966,5729978,12
17430,5729978,5730128,150
17431,5730128,5730257,129
17432,5730257,5730278,21
17433,5730278,5730294,16
17434,5730294,5730322,28
17435,5730322,5730506,184
17436,5730506,5730611,105
17437,5730611,5730786,175
17438,5730786,5730826,40
17439,5730826,5730845,19
17440,5730845,5730874,29
17441,5730874,5730928,54
17442,5730928,5731112,184
17443,5731112,5731203,91
17444,5731203,5731208,5
17445,5731208,5731226,18
17446,5731226,5731298,72
17447,5731298,5731340,42
17448,5731340,5731343,3
17449,5731343,5731351,8
17450,5731351,5731422,71
17451,5732068,5732074,6
17452,5732074,5732114,40
17453,5732753,5732761,8
17454,5733077,5733081,4
17455,5733105,5733110,5
17456,5733110,5733119,9
17457,5733975,5733981,6
17458,5734026,5734032,6
17459,5734439,5734446,7
17460,5735048,5735059,11
17461,5735570,5735574,4
17462,5736270,5736276,6
17463,5737012,5737015,3
17464,5737015,5737024,9
17465,5737106,5737111,5
17466,5737353,5737356,3
17467,5738163,5738173,10
17468,5739691,5739703,12
17469,5739785,5739797,12
17470,5739899,5739905,6
17471,5739905,5739911,6
17472,5739933,5739937,4
17473,5739937,5739942,5
17474,5740108,5740116,8
17475,5740472,5740475,3
17476,5740583,5740591,8
17477,5741124,5741131,7
17478,5741259,5741268,9
17479,5741494,5741500,6
17480,5741548,5741551,3
17481,5741587,5741590,3
17482,5742137,5742143,6
17483,5742362,5742371,9
17484,5742407,5742414,7
17485,5743395,5743403,8
17486,5743452,5743459,7
17487,5743520,5743526,6
17488,5743839,5743842,3
17489,5743842,5743846,4
17490,5744598,5744602,4
17491,5745378,5745382,4
17492,5745687,5745696,9
17493,5745696,5745702,6
17494,5745747,5745753,6
17495,5745753,5745759,6
17496,5746477,5746486,9
17497,5746606,5746615,9
17498,5747248,5747253,5
17499,5747346,5747354,8
17500,5747758,5747764,6
17501,5748077,5748086,9
17502,5748614,5748621,7
17503,5749143,5749148,5
17504,5750091,5750102,11
17505,5750617,5750624,7
17506,5751989,5751997,8
17507,5752155,5752163,8
17508,5752163,5752168,5
17509,5753735,5753739,4
17510,5754184,5754189,5
17511,5754324,5754329,5
17512,5756461,5756465,4
17513,5756858,5756861,3
17514,5757320,5757329,9
17515,5757329,5757335,6
17516,5757520,5757525,5
17517,5757525,5757533,8
17518,5757533,5757538,5
17519,5758934,5758941,7
17520,5758941,5758945,4
17521,5758945,5758948,3
17522,5758975,5758979,4
17523,5759674,5759677,3
17524,5759677,5759684,7
17525,5759957,5759960,3
17526,5760426,5760430,4
17527,5760430,5760434,4
17528,5761369,5761374,5
17529,5761438,5761443,5
17530,5762067,5762070,3
17531,5762070,5762073,3
17532,5762232,5762238,6
17533,5763086,5763093,7
17534,5764293,5764302,9
17535,5764681,5764688,7
17536,5764890,5764897,7
17537,5765091,5765098,7
17538,5765098,5765106,8
17539,5765568,5765577,9
17540,5765577,5765589,12
17541,5765820,5765828,8
17542,5765897,5765906,9
17543,5766454,5766461,7
17544,5767171,5767182,11
17545,5767182,5767188,6
17546,5767232,5767239,7
17547,5767239,5767250,11
17548,5767250,5767260,10
17549,5767346,5767353,7
17550,5767390,5767398,8
17551,5767538,5767547,9
17552,5768666,5768672,6
17553,5768672,5768681,9
17554,5768681,5768685,4
17555,5768685,5768693,8
17556,5768693,5768697,4
17557,5768697,5768701,4
17558,5768834,5768838,4
17559,5768838,5768843,5
17560,5768843,5768848,5
17561,5769161,5769168,7
17562,5769168,5769175,7
17563,5771352,5771355,3
17564,5771530,5771534,4
17565,5771651,5771654,3
17566,5772197,5772202,5
17567,5772753,5772762,9
17568,5773402,5773411,9
17569,5773444,5773451,7
17570,5773564,5773570,6
17571,5774244,5774253,9
17572,5774322,5774328,6
17573,5774328,5774334,6
17574,5774868,5774873,5
17575,5775623,5775632,9
17576,5776640,5776644,4
17577,5776861,5776867,6
17578,5777723,5777729,6
17579,5778062,5778066,4
17580,5778186,5778192,6
17581,5778192,5778200,8
17582,5778458,5778467,9
17583,5778763,5778767,4
17584,5779144,5779153,9
17585,5779285,5779290,5
17586,5779463,5779474,11
17587,5779696,5779701,5
17588,5780845,5780851,6
17589,5780851,5780855,4
17590,5781256,5781263,7
17591,5782406,5782412,6
17592,5782446,5782453,7
17593,5782588,5782597,9
17594,5784067,5784071,4
17595,5784071,5784074,3
17596,5785538,5785542,4
17597,5785583,5785586,3
17598,5786268,5786272,4
17599,5786981,5786987,6
17600,5787132,5787142,10
17601,5787142,5787147,5
17602,5788306,5788311,5
17603,5788608,5788613,5
17604,5788849,5788855,6
17605,5789015,5789021,6
17606,5789826,5789831,5
17607,5790037,5790043,6
17608,5791009,5791013,4
17609,5791013,5791023,10
17610,5791023,5791026,3
17611,5791297,5791301,4
17612,5791722,5791728,6
17613,5792391,5792397,6
17614,5792469,5792472,3
17615,5792634,5792643,9
17616,5792805,5792809,4
17617,5793289,5793300,11
17618,5793417,5793423,6
17619,5794313,5794319,6
17620,5794501,5794506,5
17621,5794674,5794682,8
17622,5794970,5794980,10
17623,5795386,5795393,7
17624,5795744,5795751,7
17625,5795959,5795965,6
17626,5797924,5797930,6
17627,5797930,5797936,6
17628,5797936,5797942,6
17629,5798078,5798086,8
17630,5798086,5798096,10
17631,5799394,5799401,7
17632,5799401,5799409,8
17633,5799621,5799625,4
17634,5800150,5800153,3
17635,5800314,5800320,6
17636,5800380,5800388,8
17637,5800840,5800849,9
17638,5801089,5801095,6
17639,5801095,5801101,6
17640,5801101,5801107,6
17641,5801107,5801113,6
17642,5801390,5801397,7
17643,5801610,5801614,4
17644,5801854,5801862,8
17645,5801931,5801940,9
17646,5803858,5803867,9
17647,5804221,5804224,3
17648,5804224,5804227,3
17649,5804227,5804230,3
17650,5804230,5804236,6
17651,5804236,5804239,3
17652,5804239,5804242,3
17653,5805084,5805090,6
17654,5807688,5807694,6
17655,5809634,5809639,5
17656,5809841,5809846,5
17657,5809964,5809967,3
17658,5810627,5810636,9
17659,5810636,5810643,7
17660,5811148,5811157,9
17661,5811157,5811168,11
17662,5812233,5812238,5
17663,5812238,5812241,3
17664,5813110,5813115,5
17665,5813173,5813184,11
17666,5813370,5813375,5
17667,5814196,5814202,6
17668,5815091,5815096,5
17669,5815443,5815450,7
17670,5815917,5815925,8
17671,5816092,5816102,10
17672,5816192,5816195,3
17673,5816638,5816644,6
17674,5817114,5817118,4
17675,5817213,5817216,3
17676,5817643,5817646,3
17677,5817714,5817720,6
17678,5817720,5817773,53
17679,5818002,5818005,3
17680,5818073,5818079,6
17681,5819783,5819794,11
17682,5820527,5820530,3
17683,5820847,5820852,5
17684,5820969,5820972,3
17685,5821641,5821645,4
17686,5822270,5822273,3
17687,5822497,5822503,6
17688,5822561,5822564,3
17689,5822863,5822871,8
17690,5823976,5823983,7
17691,5825276,5825279,3
17692,5825464,5825472,8
17693,5826485,5826491,6
17694,5826587,5826595,8
17695,5826655,5826662,7
17696,5826874,5826880,6
17697,5828345,5828353,8
17698,5828558,5828566,8
17699,5828844,5828848,4
17700,5830262,5830271,9
17701,5831516,5831522,6
17702,5831654,5831662,8
17703,5832052,5832059,7
17704,5832253,5832261,8
17705,5833822,5833829,7
17706,5833829,5833836,7
17707,5835161,5835167,6
17708,5835450,5835454,4
17709,5836279,5836287,8
17710,5836303,5836309,6
17711,5836783,5836787,4
17712,5836899,5836907,8
17713,5836907,5836912,5
17714,5837666,5837669,3
17715,5839304,5839307,3
17716,5839682,5839688,6
17717,5839688,5839694,6
17718,5839694,5839700,6
17719,5839700,5839706,6
17720,5839706,5839712,6
17721,5839712,5839724,12
17722,5839724,5839731,7
17723,5840050,5840057,7
17724,5840104,5840111,7
17725,5844534,5844539,5
17726,5844682,5844690,8
17727,5845526,5845534,8
17728,5845670,5845676,6
17729,5845676,5845680,4
17730,5845748,5845756,8
17731,5845929,5845939,10
17732,5847223,5847227,4
17733,5850387,5850391,4
17734,5850438,5850441,3
17735,5850769,5850777,8
17736,5851069,5851075,6
17737,5851075,5851079,4
17738,5851079,5851083,4
17739,5851099,5851103,4
17740,5851114,5851123,9
17741,5852133,5852139,6
17742,5852139,5852149,10
17743,5853031,5853034,3
17744,5853034,5853037,3
17745,5853037,5853045,8
17746,5853959,5853963,4
17747,5854019,5854028,9
17748,5854425,5854433,8
17749,5855680,5855687,7
17750,5856119,5856122,3
17751,5856861,5856867,6
17752,5857006,5857009,3
17753,5857054,5857061,7
17754,5857061,5857068,7
17755,5857068,5857075,7
17756,5857075,5857080,5
17757,5857130,5857140,10
17758,5857857,5857863,6
17759,5858159,5858165,6
17760,5858498,5858508,10
17761,5859245,5859252,7
17762,5860420,5860428,8
17763,5860428,5860436,8
17764,5860436,5860446,10
17765,5860462,5860466,4
17766,5860759,5860763,4
17767,5862506,5862514,8
17768,5862595,5862598,3
17769,5862627,5862633,6
17770,5862645,5862651,6
17771,5863058,5863064,6
17772,5863442,5863449,7
17773,5863762,5863769,7
17774,5865037,5865042,5
17775,5865042,5865048,6
17776,5867219,5867222,3
17777,5867289,5867295,6
17778,5867578,5867581,3
17779,5867649,5867655,6
17780,5867708,5867729,21
17781,5869618,5869624,6
17782,5869715,5869726,11
17783,5869758,5869767,9
17784,5869767,5869774,7
17785,5869808,5869817,9
17786,5871210,5871213,3
17787,5872038,5872046,8
17788,5872221,5872226,5
17789,5872629,5872638,9
17790,5872638,5872643,5
17791,5872931,5872934,3
17792,5872971,5872982,11
17793,5872982,5872992,10
17794,5872992,5872998,6
17795,5872998,5873006,8
17796,5873344,5873353,9
17797,5873353,5873360,7
17798,5873724,5873733,9
17799,5874233,5874236,3
17800,5874508,5874514,6
17801,5874981,5874984,3
17802,5876476,5876484,8
17803,5876856,5876863,7
17804,5877356,5877368,12
17805,5878257,5878265,8
17806,5878265,5878270,5
17807,5878673,5878683,10
17808,5878827,5878834,7
17809,5879465,5879472,7
17810,5879815,5879824,9
17811,5879824,5879829,5
17812,5881700,5881707,7
17813,5881987,5881990,3
17814,5882532,5882537,5
17815,5882864,5882875,11
17816,5883324,5883333,9
17817,5883333,5883337,4
17818,5883466,5883471,5
17819,5883471,5883476,5
17820,5883886,5883907,21
17821,5884238,5884259,21
17822,5884555,5884560,5
17823,5884821,5884826,5
17824,5884991,5884999,8
17825,5885209,5885218,9
17826,5885343,5885347,4
17827,5885347,5885350,3
17828,5885916,5885919,3
17829,5885919,5885925,6
17830,5886136,5886143,7
17831,5887299,5887305,6
17832,5887517,5887520,3
17833,5887520,5887525,5
17834,5887525,5887528,3
17835,5887528,5887533,5
17836,5888332,5888343,11
17837,5888343,5888347,4
17838,5889826,5889829,3
17839,5889841,5889844,3
17840,5890637,5890643,6
17841,5890696,5890701,5
17842,5890701,5890708,7
17843,5891138,5891142,4
17844,5891204,5891213,9
17845,5891490,5891496,6
17846,5892389,5892392,3
17847,5892757,5892760,3
17848,5892760,5892763,3
17849,5896113,5896117,4
17850,5897348,5897356,8
17851,5898781,5898786,5
17852,5899096,5899099,3
17853,5899099,5899105,6
17854,5899105,5899108,3
17855,5899118,5899121,3
17856,5901325,5901333,8
17857,5903053,5903062,9
17858,5903266,5903272,6
17859,5903555,5903561,6
17860,5903677,5903683,6
17861,5903761,5903767,6
17862,5903853,5903859,6
17863,5903859,5903865,6
17864,5903865,5903874,9
17865,5904094,5904099,5
17866,5904099,5904104,5
17867,5904702,5904706,4
17868,5904936,5904941,5
17869,5905713,5905718,5
17870,5905797,5905802,5
17871,5905831,5905840,9
17872,5905908,5905912,4
17873,5906435,5906438,3
17874,5907106,5907110,4
17875,5907348,5907353,5
17876,5907780,5907788,8
17877,5909963,5909970,7
17878,5910699,5910705,6
17879,5910705,5910709,4
17880,5910709,5910714,5
17881,5910714,5910722,8
17882,5911218,5911226,8
17883,5911256,5911266,10
17884,5912121,5912125,4
17885,5912125,5912129,4
17886,5912129,5912133,4
17887,5912200,5912204,4
17888,5914051,5914054,3
17889,5914102,5914105,3
17890,5914150,5914154,4
17891,5914154,5914163,9
17892,5914231,5914236,5
17893,5914417,5914426,9
17894,5915134,5915141,7
17895,5915141,5915146,5
17896,5916010,5916014,4
17897,5916501,5916511,10
17898,5916623,5916630,7
17899,5916630,5916636,6
17900,5916820,5916828,8
17901,5919366,5919370,4
17902,5923273,5923281,8
17903,5924175,5924181,6
17904,5924181,5924187,6
17905,5924187,5924193,6
17906,5924193,5924199,6
17907,5924199,5924205,6
17908,5924205,5924211,6
17909,5924211,5924217,6
17910,5924217,5924229,12
17911,5924229,5924235,6
17912,5924269,5924275,6
17913,5925219,5925223,4
17914,5926288,5926299,11
17915,5927220,5927522,302
17916,5927522,5927542,20
17917,5927542,5927568,26
17918,5927568,5927573,5
17919,5927573,5927646,73
17920,5927646,5927734,88
17921,5927734,5927797,63
17922,5927797,5927839,42
17923,5927839,5927866,27
17924,5927866,5927985,119
17925,5927985,5928031,46
17926,5928031,5928167,136
17927,5928167,5928248,81
17928,5928248,5928444,196
17929,5928444,5928458,14
17930,5928458,5928629,171
17931,5928629,5928661,32
17932,5928661,5928789,128
17933,5928789,5928865,76
17934,5928865,5929012,147
17935,5929012,5929133,121
17936,5929133,5929152,19
17937,5929152,5929260,108
17938,5929260,5929330,70
17939,5929330,5929398,68
17940,5929398,5929420,22
17941,5929848,5930000,152
17942,5930000,5930149,149
17943,5930149,5930295,146
17944,5930295,5930338,43
17945,5930338,5930348,10
17946,5930348,5930511,163
17947,5930511,5930539,28
17948,5930539,5930663,124
17949,5930663,5930750,87
17950,5930750,5930968,218
17951,5930968,5931060,92
17952,5931060,5931223,163
17953,5931223,5931269,46
17954,5931269,5931328,59
17955,5931328,5931375,47
17956,5931375,5931425,50
17957,5931425,5931433,8
17958,5931433,5931537,104
17959,5932874,5932877,3
17960,5932935,5932940,5
17961,5933120,5933124,4
17962,5935718,5935724,6
17963,5937245,5937250,5
17964,5938870,5938875,5
17965,5939494,5939503,9
17966,5939907,5939913,6
17967,5940262,5940268,6
17968,5940268,5940277,9
17969,5941466,5941473,7
17970,5941473,5941487,14
17971,5941487,5941518,31
17972,5941596,5941611,15
17973,5942034,5942043,9
17974,5942308,5942371,63
17975,5942564,5942568,4
17976,5942568,5942583,15
17977,5942583,5942603,20
17978,5942603,5942635,32
17979,5942635,5942651,16
17980,5942651,5942658,7
17981,5942658,5942748,90
17982,5942748,5942810,62
17983,5942810,5942820,10
17984,5942820,5942962,142
17985,5942962,5942983,21
17986,5942983,5943076,93
17987,5943210,5943228,18
17988,5943228,5943275,47
17989,5943483,5943531,48
17990,5943531,5943615,84
17991,5943615,5943642,27
17992,5943642,5943651,9
17993,5943832,5943841,9
17994,5943841,5943844,3
17995,5943844,5943884,40
17996,5943973,5943979,6
17997,5944021,5944036,15
17998,5944036,5944042,6
17999,5944078,5944084,6
18000,5944099,5944105,6
18001,5944120,5944126,6
18002,5944499,5944507,8
18003,5944519,5944532,13
18004,5944674,5944682,8
18005,5944693,5944706,13
18006,5944706,5944774,68
18007,5945108,5945115,7
18008,5945115,5945129,14
18009,5945129,5945160,31
18010,5945238,5945253,15
18011,5945377,5945440,63
18012,5945642,5945646,4
18013,5945646,5945661,15
18014,5945661,5945681,20
18015,5945681,5945713,32
18016,5945713,5945729,16
18017,5945729,5945736,7
18018,5945736,5945826,90
18019,5945826,5945888,62
18020,5945888,5945898,10
18021,5945898,5946040,142
18022,5946040,5946061,21
18023,5946061,5946154,93
18024,5946288,5946306,18
18025,5946306,5946353,47
18026,5946565,5946613,48
18027,5946613,5946697,84
18028,5946697,5946724,27
18029,5946724,5946733,9
18030,5946914,5946923,9
18031,5946923,5946926,3
18032,5946926,5946966,40
18033,5947058,5947064,6
18034,5947064,5947079,15
18035,5947106,5947121,15
18036,5947121,5947127,6
18037,5947127,5947142,15
18038,5947142,5947145,3
18039,5947145,5947148,3
18040,5947199,5947202,3
18041,5947250,5947259,9
18042,5947518,5947526,8
18043,5947538,5947551,13
18044,5947551,5947619,68
18045,5948099,5948104,5
18046,5948733,5948742,9
18047,5948850,5948855,5
18048,5949335,5949341,6
18049,5949594,5949602,8
18050,5949602,5949610,8
18051,5949986,5949991,5
18052,5951196,5951203,7
18053,5951985,5951992,7
18054,5952062,5952071,9
18055,5952236,5952244,8
18056,5952485,5952490,5
18057,5952490,5952496,6
18058,5952496,5952503,7
18059,5953530,5953538,8
18060,5953538,5953541,3
18061,5953905,5953917,12
18062,5954210,5954214,4
18063,5954687,5954693,6
18064,5955402,5955411,9
18065,5955411,5955416,5
18066,5955416,5955421,5
18067,5955421,5955426,5
18068,5955426,5955431,5
18069,5955695,5955704,9
18070,5955704,5955711,7
18071,5955711,5955718,7
18072,5955718,5955727,9
18073,5956361,5956369,8
18074,5956690,5956695,5
18075,5956861,5956868,7
18076,5956921,5956926,5
18077,5956926,5956931,5
18078,5956931,5956938,7
18079,5956938,5956943,5
18080,5956943,5956948,5
18081,5956948,5956953,5
18082,5956953,5956958,5
18083,5956958,5956963,5
18084,5956963,5956969,6
18085,5957621,5957627,6
18086,5958060,5958065,5
18087,5958285,5958291,6
18088,5958729,5958738,9
18089,5958768,5958771,3
18090,5960904,5960913,9
18091,5961345,5961348,3
18092,5961603,5961611,8
18093,5961733,5961737,4
18094,5962372,5962377,5
18095,5962600,5962607,7
18096,5962852,5962857,5
18097,5962868,5962875,7
18098,5963561,5963571,10
18099,5963688,5963696,8
18100,5965132,5965136,4
18101,5965914,5965923,9
18102,5966220,5966229,9
18103,5966395,5966401,6
18104,5966975,5966981,6
18105,5967241,5967252,11
18106,5967282,5967286,4
18107,5967387,5967392,5
18108,5967392,5967400,8
18109,5967400,5967403,3
18110,5967403,5967408,5
18111,5967576,5967582,6
18112,5967670,5967677,7
18113,5967830,5967836,6
18114,5968126,5968132,6
18115,5968485,5968493,8
18116,5968550,5968554,4
18117,5968811,5968820,9
18118,5968820,5968828,8
18119,5969147,5969150,3
18120,5969192,5969199,7
18121,5969823,5969830,7
18122,5969830,5969834,4
18123,5970602,5970607,5
18124,5972820,5972823,3
18125,5974195,5974203,8
18126,5975463,5975469,6
18127,5976197,5976206,9
18128,5978407,5978412,5
18129,5978786,5978793,7
18130,5979631,5979634,3
18131,5979840,5979854,14
18132,5979988,5979991,3
18133,5980194,5980208,14
18134,5980307,5980342,35
18135,5980342,5980345,3
18136,5980687,5980692,5
18137,5980692,5980697,5
18138,5981918,5981922,4
18139,5981969,5981978,9
18140,5982257,5982262,5
18141,5983258,5983264,6
18142,5984353,5984357,4
18143,5984488,5984497,9
18144,5984696,5984706,10
18145,5985108,5985114,6
18146,5986107,5986117,10
18147,5986215,5986220,5
18148,5986374,5986377,3
18149,5986603,5986607,4
18150,5987075,5987084,9
18151,5987916,5987924,8
18152,5988943,5988948,5
18153,5989008,5989012,4
18154,5989012,5989020,8
18155,5989020,5989024,4
18156,5989095,5989102,7
18157,5989172,5989181,9
18158,5989801,5989807,6
18159,5990653,5990662,9
18160,5991427,5991431,4
18161,5991795,5991798,3
18162,5992129,5992132,3
18163,5992376,5992382,6
18164,5992711,5992716,5
18165,5992791,5992800,9
18166,5993910,5993914,4
18167,5994078,5994081,3
18168,5994248,5994255,7
18169,5995709,5995716,7
18170,5995716,5995719,3
18171,5996218,5996222,4
18172,5996352,5996358,6
18173,5996358,5996361,3
18174,5996639,5996645,6
18175,5996658,5996661,3
18176,5997197,5997203,6
18177,5997215,5997221,6
18178,5997771,5997778,7
18179,5997872,5997880,8
18180,5997994,5998003,9
18181,5998003,5998011,8
18182,5998277,5998285,8
18183,5998626,5998652,26
18184,5998745,5998750,5
18185,5999088,5999096,8
18186,5999137,5999148,11
18187,5999441,5999447,6
18188,5999724,5999729,5
18189,5999729,5999734,5
18190,5999852,5999857,5
18191,5999953,5999961,8
18192,6000067,6000076,9
18193,6000589,6000595,6
18194,6000595,6000601,6
18195,6000632,6000638,6
18196,6000638,6000644,6
18197,6000853,6000859,6
18198,6000929,6000934,5
18199,6001568,6001576,8
18200,6002089,6002098,9
18201,6002306,6002311,5
18202,6002311,6002316,5
18203,6002316,6002321,5
18204,6002414,6002418,4
18205,6002926,6002931,5
18206,6002931,6002941,10
18207,6002941,6002946,5
18208,6002946,6002951,5
18209,6003081,6003090,9
18210,6003663,6003670,7
18211,6003692,6003699,7
18212,6004405,6004412,7
18213,6004574,6004579,5
18214,6004623,6004631,8
18215,6004692,6004701,9
18216,6004725,6004732,7
18217,6004777,6004781,4
18218,6005006,6005015,9
18219,6005015,6005024,9
18220,6005024,6005028,4
18221,6006279,6006290,11
18222,6006702,6006710,8
18223,6007955,6007958,3
18224,6008422,6008428,6
18225,6008622,6008631,9
18226,6008734,6008743,9
18227,6008961,6008987,26
18228,6009439,6009448,9
18229,6009518,6009522,4
18230,6009840,6009844,4
18231,6010282,6010290,8
18232,6010290,6010296,6
18233,6010424,6010434,10
18234,6010434,6010441,7
18235,6010907,6010915,8
18236,6011042,6011049,7
18237,6011102,6011110,8
18238,6011288,6011295,7
18239,6011589,6011594,5
18240,6011656,6011661,5
18241,6011697,6011704,7
18242,6011908,6011916,8
18243,6012207,6012215,8
18244,6012570,6012573,3
18245,6012573,6012576,3
18246,6013035,6013043,8
18247,6014130,6014138,8
18248,6014648,6014654,6
18249,6015196,6015205,9
18250,6015218,6015227,9
18251,6015244,6015251,7
18252,6015251,6015255,4
18253,6015255,6015262,7
18254,6015262,6015272,10
18255,6016145,6016151,6
18256,6016151,6016157,6
18257,6016595,6016600,5
18258,6017218,6017226,8
18259,6017906,6017917,11
18260,6017968,6017976,8
18261,6019340,6019346,6
18262,6019850,6019856,6
18263,6021103,6021109,6
18264,6021568,6021571,3
18265,6021848,6021854,6
18266,6022154,6022163,9
18267,6022755,6022759,4
18268,6022759,6022767,8
18269,6022991,6022998,7
18270,6022998,6023005,7
18271,6023005,6023012,7
18272,6023711,6023725,14
18273,6023725,6023806,81
18274,6023824,6023859,35
18275,6023859,6023862,3
18276,6024067,6024081,14
18277,6024081,6024162,81
18278,6024215,6024218,3
18279,6025081,6025089,8
18280,6025209,6025219,10
18281,6025219,6025226,7
18282,6025249,6025257,8
18283,6025257,6025265,8
18284,6025830,6025837,7
18285,6026177,6026182,5
18286,6026182,6026189,7
18287,6027471,6027480,9
18288,6028103,6028113,10
18289,6028402,6028417,15
18290,6028417,6028422,5
18291,6028422,6028427,5
18292,6028427,6028432,5
18293,6028432,6028437,5
18294,6028447,6028452,5
18295,6028533,6028540,7
18296,6028540,6028547,7
18297,6028547,6028554,7
18298,6028554,6028561,7
18299,6028561,6028568,7
18300,6028568,6028575,7
18301,6028575,6028582,7
18302,6029079,6029082,3
18303,6029082,6029092,10
18304,6029216,6029222,6
18305,6029222,6029228,6
18306,6029268,6029275,7
18307,6029275,6029280,5
18308,6029280,6029285,5
18309,6029631,6029635,4
18310,6030414,6030422,8
18311,6030422,6030428,6
18312,6030428,6030434,6
18313,6030434,6030440,6
18314,6030809,6030817,8
18315,6032117,6032123,6
18316,6032123,6032130,7
18317,6032820,6032826,6
18318,6032990,6032994,4
18319,6032994,6033001,7
18320,6033760,6033767,7
18321,6033993,6034002,9
18322,6034185,6034189,4
18323,6034808,6034811,3
18324,6036996,6037001,5
18325,6037001,6037006,5
18326,6037006,6037011,5
18327,6037011,6037021,10
18328,6037805,6037808,3
18329,6037826,6037835,9
18330,6037835,6037852,17
18331,6038029,6038039,10
18332,6041025,6041031,6
18333,6041284,6041292,8
18334,6041479,6041490,11
18335,6042148,6042157,9
18336,6043241,6043249,8
18337,6043816,6043822,6
18338,6043822,6043828,6
18339,6045025,6045035,10
18340,6045035,6045038,3
18341,6045038,6045041,3
18342,6045090,6045096,6
18343,6045544,6045548,4
18344,6045633,6045638,5
18345,6045638,6045641,3
18346,6045768,6045774,6
18347,6045774,6045780,6
18348,6045780,6045789,9
18349,6045789,6045794,5
18350,6045839,6045844,5
18351,6045844,6045850,6
18352,6046379,6046383,4
18353,6046383,6046388,5
18354,6046580,6046587,7
18355,6047126,6047129,3
18356,6047459,6047465,6
18357,6047789,6047792,3
18358,6048102,6048110,8
18359,6049140,6049147,7
18360,6049147,6049156,9
18361,6049169,6049177,8
18362,6049177,6049183,6
18363,6049183,6049189,6
18364,6049526,6049531,5
18365,6049779,6049789,10
18366,6049885,6049891,6
18367,6051164,6051172,8
18368,6051172,6051179,7
18369,6051498,6051505,7
18370,6052111,6052120,9
18371,6052201,6052205,4
18372,6052234,6052238,4
18373,6052602,6052605,3
18374,6052666,6052674,8
18375,6052674,6052684,10
18376,6053807,6053810,3
18377,6053810,6053813,3
18378,6053813,6053821,8
18379,6054188,6054196,8
18380,6054787,6054790,3
18381,6054790,6054795,5
18382,6054815,6054818,3
18383,6055785,6055800,15
18384,6056378,6056386,8
18385,6056443,6056449,6
18386,6056729,6056733,4
18387,6058460,6058468,8
18388,6059911,6059917,6
18389,6060026,6060031,5
18390,6060390,6060399,9
18391,6061376,6061385,9
18392,6061385,6061394,9
18393,6061394,6061403,9
18394,6061403,6061412,9
18395,6061412,6061418,6
18396,6061418,6061424,6
18397,6061758,6061764,6
18398,6061764,6061770,6
18399,6062252,6062259,7
18400,6062462,6062468,6
18401,6063039,6063046,7
18402,6063101,6063105,4
18403,6064026,6064031,5
18404,6064329,6064332,3
18405,6064460,6064466,6
18406,6064712,6064718,6
18407,6064718,6064724,6
18408,6064724,6064728,4
18409,6065207,6065213,6
18410,6065213,6065217,4
18411,6067348,6067355,7
18412,6067520,6067526,6
18413,6067581,6067588,7
18414,6068009,6068015,6
18415,6068234,6068243,9
18416,6068489,6068494,5
18417,6070191,6070199,8
18418,6070569,6070576,7
18419,6070724,6070729,5
18420,6071633,6071639,6
18421,6071651,6071657,6
18422,6073029,6073035,6
18423,6073047,6073059,12
18424,6073138,6073144,6
18425,6073602,6073610,8
18426,6073610,6073619,9
18427,6073619,6073625,6
18428,6073625,6073631,6
18429,6073631,6073643,12
18430,6073643,6073649,6
18431,6074029,6074036,7
18432,6074074,6074084,10
18433,6074738,6074744,6
18434,6074744,6074750,6
18435,6074750,6074756,6
18436,6074756,6074762,6
18437,6074762,6074768,6
18438,6074768,6074776,8
18439,6074790,6074797,7
18440,6075444,6075451,7
18441,6075994,6076002,8
18442,6076620,6076627,7
18443,6076780,6076786,6
18444,6077247,6077256,9
18445,6078095,6078099,4
18446,6078306,6078310,4
18447,6078310,6078316,6
18448,6079400,6079406,6
18449,6080306,6080313,7
18450,6080448,6080451,3
18451,6081650,6081655,5
18452,6081856,6081863,7
18453,6082065,6082069,4
18454,6082952,6082956,4
18455,6083097,6083103,6
18456,6084067,6084070,3
18457,6084172,6084177,5
18458,6084615,6084619,4
18459,6084950,6084956,6
18460,6085691,6085700,9
18461,6085797,6085803,6
18462,6085803,6085806,3
18463,6086020,6086024,4
18464,6086752,6086759,7
18465,6086886,6086889,3
18466,6087185,6087190,5
18467,6087190,6087194,4
18468,6087982,6087988,6
18469,6088620,6088623,3
18470,6088623,6088626,3
18471,6089517,6089525,8
18472,6090051,6090060,9
18473,6090227,6090230,3
18474,6090230,6090239,9
18475,6090270,6090276,6
18476,6090456,6090461,5
18477,6090751,6090758,7
18478,6090774,6090781,7
18479,6090810,6090813,3
18480,6092613,6092621,8
18481,6093007,6093010,3
18482,6094356,6094363,7
18483,6094767,6094774,7
18484,6094806,6094811,5
18485,6094811,6094816,5
18486,6094816,6094821,5
18487,6095673,6095676,3
18488,6095950,6095957,7
18489,6095995,6096002,7
18490,6096717,6096724,7
18491,6098195,6098201,6
18492,6099615,6099622,7
18493,6100099,6100106,7
18494,6100106,6100114,8
18495,6100331,6100335,4
18496,6100426,6100435,9
18497,6100850,6100858,8
18498,6101040,6101043,3
18499,6101379,6101385,6
18500,6101803,6101806,3
18501,6102313,6102317,4
18502,6102490,6102493,3
18503,6102539,6102544,5
18504,6102589,6102601,12
18505,6103731,6103736,5
18506,6106231,6106234,3
18507,6107184,6107187,3
18508,6107187,6107196,9
18509,6107946,6107951,5
18510,6108268,6108274,6
18511,6109012,6109016,4
18512,6109514,6109523,9
18513,6109796,6109805,9
18514,6109805,6109808,3
18515,6109826,6109835,9
18516,6109835,6109844,9
18517,6110482,6110488,6
18518,6110554,6110560,6
18519,6111353,6111359,6
18520,6111416,6111423,7
18521,6112312,6112316,4
18522,6112964,6112970,6
18523,6112970,6112976,6
18524,6113559,6113562,3
18525,6113690,6113694,4
18526,6113955,6113958,3
18527,6113958,6113966,8
18528,6114372,6114375,3
18529,6114974,6114980,6
18530,6115014,6115020,6
18531,6115325,6115333,8
18532,6116273,6116279,6
18533,6118946,6118950,4
18534,6119267,6119274,7
18535,6119704,6119710,6
18536,6119875,6119881,6
18537,6120700,6120704,4
18538,6121802,6121807,5
18539,6122221,6122231,10
18540,6122282,6122289,7
18541,6122289,6122293,4
18542,6122992,6123001,9
18543,6123175,6123182,7
18544,6123704,6123707,3
18545,6123979,6123989,10
18546,6125178,6125185,7
18547,6125307,6125312,5
18548,6126175,6126184,9
18549,6126330,6126333,3
18550,6126480,6126489,9
18551,6126771,6126774,3
18552,6127414,6127419,5
18553,6128977,6128980,3
18554,6131963,6131971,8
18555,6131971,6131979,8
18556,6132353,6132358,5
18557,6132440,6132446,6
18558,6132941,6132947,6
18559,6133710,6133713,3
18560,6134091,6134100,9
18561,6134166,6134170,4
18562,6134920,6134926,6
18563,6135295,6135303,8
18564,6135887,6135894,7
18565,6135894,6135901,7
18566,6136850,6136857,7
18567,6136965,6136973,8
18568,6137015,6137019,4
18569,6137065,6137072,7
18570,6137072,6137077,5
18571,6137660,6137669,9
18572,6138032,6138036,4
18573,6138083,6138089,6
18574,6138237,6138240,3
18575,6139373,6139377,4
18576,6140455,6140462,7
18577,6141818,6141825,7
18578,6143472,6143478,6
18579,6143624,6143630,6
18580,6144387,6144395,8
18581,6144898,6144906,8
18582,6144938,6144941,3
18583,6145259,6145265,6
18584,6145265,6145272,7
18585,6145323,6145329,6
18586,6145346,6145355,9
18587,6145634,6145643,9
18588,6145643,6145652,9
18589,6145652,6145661,9
18590,6145661,6145670,9
18591,6145742,6145747,5
18592,6146092,6146101,9
18593,6146101,6146110,9
18594,6150003,6150012,9
18595,6150103,6150112,9
18596,6151111,6151117,6
18597,6154679,6154685,6
18598,6154685,6154688,3
18599,6154756,6154759,3
18600,6154759,6154765,6
18601,6154765,6154768,3
18602,6154768,6154771,3
18603,6154771,6154774,3
18604,6154789,6154792,3
18605,6154792,6154798,6
18606,6154798,6154801,3
18607,6155626,6155636,10
18608,6156525,6156531,6
18609,6157910,6157918,8
18610,6158060,6158067,7
18611,6159005,6159008,3
18612,6159072,6159079,7
18613,6159199,6159206,7
18614,6159847,6159854,7
18615,6161853,6161861,8
18616,6162770,6162777,7
18617,6164260,6164263,3
18618,6164453,6164461,8
18619,6164858,6164865,7
18620,6164913,6164917,4
18621,6168126,6168130,4
18622,6168130,6168134,4
18623,6168134,6168138,4
18624,6168138,6168142,4
18625,6168201,6168205,4
18626,6171685,6171871,186
18627,6171871,6171882,11
18628,6171882,6171888,6
18629,6171888,6171981,93
18630,6171981,6171998,17
18631,6171998,6172019,21
18632,6172019,6172036,17
18633,6172036,6172092,56
18634,6172092,6172104,12
18635,6172104,6172133,29
18636,6172133,6172169,36
18637,6172169,6172176,7
18638,6172176,6172208,32
18639,6172583,6172588,5
18640,6172750,6172767,17
18641,6173118,6173125,7
18642,6173628,6173647,19
18643,6174165,6174234,69
18644,6174450,6174485,35
18645,6174723,6174730,7
18646,6175148,6175155,7
18647,6175155,6175160,5
18648,6176197,6176206,9
18649,6176260,6176271,11
18650,6176486,6176489,3
18651,6176979,6176985,6
18652,6176985,6177001,16
18653,6177990,6177994,4
18654,6178402,6178588,186
18655,6178588,6178599,11
18656,6178599,6178605,6
18657,6178605,6178698,93
18658,6178698,6178715,17
18659,6178715,6178736,21
18660,6178736,6178753,17
18661,6178753,6178809,56
18662,6178809,6178821,12
18663,6178821,6178850,29
18664,6178850,6178886,36
18665,6178886,6178893,7
18666,6178893,6178925,32
18667,6181184,6181190,6
18668,6181271,6181275,4
18669,6181616,6181625,9
18670,6182059,6182067,8
18671,6183177,6183183,6
18672,6183183,6183191,8
18673,6183258,6183269,11
18674,6183528,6183534,6
18675,6183534,6183539,5
18676,6184758,6184766,8
18677,6184766,6184771,5
18678,6185931,6185938,7
18679,6186560,6186568,8
18680,6189271,6189280,9
18681,6190300,6190306,6
18682,6190306,6190312,6
18683,6191615,6191621,6
18684,6191713,6191720,7
18685,6192498,6192506,8
18686,6192758,6192763,5
18687,6195666,6195670,4
18688,6195875,6195885,10
18689,6195885,6195893,8
18690,6196232,6196240,8
18691,6196240,6196248,8
18692,6197309,6197316,7
18693,6197895,6197926,31
18694,6197926,6197934,8
18695,6198093,6198134,41
18696,6198189,6198193,4
18697,6198294,6198303,9
18698,6198807,6198812,5
18699,6199506,6199513,7
18700,6199885,6199888,3
18701,6201280,6201284,4
18702,6201284,6201291,7
18703,6201799,6201830,31
18704,6201830,6201838,8
18705,6201997,6202038,41
18706,6202093,6202097,4
18707,6202198,6202207,9
18708,6204593,6204602,9
18709,6204613,6204618,5
18710,6204810,6204816,6
18711,6204816,6204825,9
18712,6206828,6206831,3
18713,6207170,6207187,17
18714,6207187,6207190,3
18715,6208658,6208664,6
18716,6208833,6208842,9
18717,6209147,6209155,8
18718,6209445,6209452,7
18719,6209680,6209684,4
18720,6212534,6212539,5
18721,6215621,6215627,6
18722,6217877,6217881,4
18723,6218337,6218344,7
18724,6218471,6218478,7
18725,6218478,6218487,9
18726,6218583,6218587,4
18727,6218719,6218729,10
18728,6218821,6218829,8
18729,6218964,6218967,3
18730,6219437,6219440,3
18731,6219440,6219447,7
18732,6219651,6219656,5
18733,6219656,6219661,5
18734,6219843,6219850,7
18735,6219866,6219872,6
18736,6220170,6220177,7
18737,6220279,6220288,9
18738,6220288,6220294,6
18739,6220331,6220338,7
18740,6220429,6220435,6
18741,6221031,6221035,4
18742,6221187,6221194,7
18743,6221306,6221313,7
18744,6221688,6221695,7
18745,6221813,6221822,9
18746,6222765,6222770,5
18747,6223343,6223347,4
18748,6224970,6224978,8
18749,6224988,6224993,5
18750,6225946,6225957,11
18751,6226129,6226137,8
18752,6226137,6226143,6
18753,6226143,6226154,11
18754,6226173,6226176,3
18755,6226176,6226181,5
18756,6227273,6227276,3
18757,6227728,6227738,10
18758,6228562,6228570,8
18759,6228939,6228948,9
18760,6229287,6229296,9
18761,6229315,6229326,11
18762,6230211,6230215,4
18763,6231001,6231007,6
18764,6231007,6231013,6
18765,6231013,6231017,4
18766,6231264,6231273,9
18767,6231273,6231282,9
18768,6231491,6231499,8
18769,6231499,6231503,4
18770,6232404,6232408,4
18771,6233927,6233936,9
18772,6233936,6233940,4
18773,6233940,6233944,4
18774,6234140,6234144,4
18775,6235464,6235470,6
18776,6235483,6235489,6
18777,6235540,6235547,7
18778,6235887,6235896,9
18779,6236711,6236716,5
18780,6237253,6237258,5
18781,6237614,6237623,9
18782,6237705,6237711,6
18783,6237868,6237877,9
18784,6238629,6238634,5
18785,6239589,6239593,4
18786,6239859,6239862,3
18787,6239862,6239870,8
18788,6240015,6240023,8
18789,6240125,6240130,5
18790,6240130,6240135,5
18791,6240135,6240140,5
18792,6240140,6240146,6
18793,6240146,6240152,6
18794,6240309,6240319,10
18795,6240669,6240672,3
18796,6240835,6240839,4
18797,6241661,6241670,9
18798,6241874,6241880,6
18799,6242106,6242112,6
18800,6242297,6242306,9
18801,6242306,6242312,6
18802,6243051,6243057,6
18803,6243566,6243570,4
18804,6243641,6243647,6
18805,6244731,6244736,5
18806,6244736,6244743,7
18807,6245002,6245005,3
18808,6245115,6245119,4
18809,6246108,6246114,6
18810,6247312,6247320,8
18811,6247437,6247447,10
18812,6248056,6248064,8
18813,6248460,6248464,4
18814,6248769,6248775,6
18815,6249054,6249060,6
18816,6250618,6250627,9
18817,6250898,6250904,6
18818,6251109,6251118,9
18819,6251489,6251499,10
18820,6251548,6251554,6
18821,6251661,6251668,7
18822,6252005,6252011,6
18823,6253309,6253318,9
18824,6253318,6253325,7
18825,6253651,6253654,3
18826,6253715,6253720,5
18827,6253976,6253986,10
18828,6255087,6255093,6
18829,6255093,6255096,3
18830,6255096,6255099,3
18831,6255226,6255232,6
18832,6255232,6255238,6
18833,6255238,6255244,6
18834,6255733,6255738,5
18835,6255738,6255743,5
18836,6255743,6255749,6
18837,6256698,6256707,9
18838,6256707,6256719,12
18839,6256731,6256743,12
18840,6256743,6256746,3
18841,6257335,6257340,5
18842,6257357,6257364,7
18843,6258519,6258527,8
18844,6258613,6258624,11
18845,6258842,6258848,6
18846,6258848,6258855,7
18847,6258904,6258912,8
18848,6258952,6258961,9
18849,6259065,6259071,6
18850,6259116,6259120,4
18851,6259400,6259407,7
18852,6259823,6259827,4
18853,6260215,6260221,6
18854,6260221,6260227,6
18855,6260227,6260235,8
18856,6260393,6260401,8
18857,6261101,6261108,7
18858,6261524,6261531,7
18859,6261840,6261844,4
18860,6262688,6262696,8
18861,6263340,6263345,5
18862,6263745,6263748,3
18863,6263748,6263757,9
18864,6263757,6263760,3
18865,6264126,6264131,5
18866,6264797,6264808,11
18867,6265114,6265119,5
18868,6265179,6265182,3
18869,6265182,6265185,3
18870,6265185,6265188,3
18871,6265188,6265191,3
18872,6265191,6265197,6
18873,6266970,6266976,6
18874,6268798,6268803,5
18875,6268846,6268852,6
18876,6268897,6268906,9
18877,6269503,6269508,5
18878,6269627,6269636,9
18879,6269636,6269642,6
18880,6269657,6269660,3
18881,6270095,6270100,5
18882,6270209,6270212,3
18883,6270413,6270416,3
18884,6270455,6270461,6
18885,6270472,6270476,4
18886,6270823,6270827,4
18887,6270881,6270893,12
18888,6271115,6271120,5
18889,6271298,6271304,6
18890,6271696,6271703,7
18891,6272047,6272051,4
18892,6272143,6272153,10
18893,6272234,6272240,6
18894,6272722,6272725,3
18895,6272792,6272801,9
18896,6273451,6273458,7
18897,6275124,6275130,6
18898,6276058,6276061,3
18899,6276061,6276064,3
18900,6276102,6276110,8
18901,6276166,6276169,3
18902,6276454,6276463,9
18903,6276481,6276485,4
18904,6277029,6277033,4
18905,6277262,6277272,10
18906,6277272,6277290,18
18907,6277290,6277321,31
18908,6277321,6277341,20
18909,6277341,6277371,30
18910,6277371,6277425,54
18911,6277425,6277490,65
18912,6277490,6277500,10
18913,6277500,6277518,18
18914,6277518,6277549,31
18915,6277549,6277569,20
18916,6277569,6277599,30
18917,6277718,6277728,10
18918,6277728,6277746,18
18919,6277746,6277777,31
18920,6277777,6277797,20
18921,6277797,6277827,30
18922,6277827,6277881,54
18923,6277946,6277956,10
18924,6277956,6277974,18
18925,6277974,6278005,31
18926,6278005,6278025,20
18927,6278025,6278055,30
18928,6278055,6278109,54
18929,6278109,6278174,65
18930,6278174,6278184,10
18931,6278184,6278202,18
18932,6278202,6278233,31
18933,6278233,6278253,20
18934,6278283,6278337,54
18935,6278337,6278388,51
18936,6278388,6278402,14
18937,6278402,6278412,10
18938,6278412,6278430,18
18939,6278461,6278481,20
18940,6278481,6278511,30
18941,6278511,6278565,54
18942,6278565,6278616,51
18943,6278616,6278630,14
18944,6278630,6278640,10
18945,6278640,6278658,18
18946,6278658,6278689,31
18947,6279932,6279942,10
18948,6280026,6280033,7
18949,6280313,6280399,86
18950,6280399,6280426,27
18951,6280426,6280465,39
18952,6280665,6280671,6
18953,6280764,6280774,10
18954,6281451,6281456,5
18955,6281811,6281818,7
18956,6282378,6282381,3
18957,6282381,6282391,10
18958,6282430,6282440,10
18959,6282460,6282490,30
18960,6282609,6282619,10
18961,6282668,6282688,20
18962,6282688,6282718,30
18963,6282772,6282823,51
18964,6282823,6282834,11
18965,6282886,6282896,10
18966,6282896,6282916,20
18967,6283000,6283051,51
18968,6283051,6283062,11
18969,6283114,6283124,10
18970,6283124,6283144,20
18971,6283144,6283174,30
18972,6283892,6283899,7
18973,6285010,6285013,3
18974,6285106,6285192,86
18975,6285192,6285219,27
18976,6285219,6285258,39
18977,6285679,6285683,4
18978,6285683,6285691,8
18979,6285773,6285782,9
18980,6285836,6285846,10
18981,6285846,6285856,10
18982,6286166,6286174,8
18983,6286300,6286306,6
18984,6286324,6286331,7
18985,6286648,6286656,8
18986,6286656,6286659,3
18987,6286859,6286865,6
18988,6287420,6287425,5
18989,6287772,6287775,3
18990,6287775,6287780,5
18991,6288765,6288771,6
18992,6288771,6288774,3
18993,6288774,6288779,5
18994,6290221,6290229,8
18995,6290266,6290275,9
18996,6290937,6290944,7
18997,6290995,6291003,8
18998,6291825,6291833,8
18999,6291913,6291916,3
19000,6291945,6291948,3
19001,6292206,6292211,5
19002,6292464,6292468,4
19003,6292741,6292744,3
19004,6293296,6293301,5
19005,6293760,6293765,5
19006,6293765,6293768,3
19007,6293768,6293773,5
19008,6294336,6294343,7
19009,6294586,6294594,8
19010,6295464,6295468,4
19011,6295753,6295756,3
19012,6295865,6295869,4
19013,6296573,6296582,9
19014,6296610,6296617,7
19015,6297113,6297119,6
19016,6298163,6298168,5
19017,6298264,6298267,3
19018,6298267,6298270,3
19019,6298964,6298971,7
19020,6298991,6298995,4
19021,6299678,6299681,3
19022,6300210,6300214,4
19023,6300508,6300514,6
19024,6301563,6301567,4
19025,6301567,6301577,10
19026,6301821,6301824,3
19027,6303476,6303480,4
19028,6303588,6303595,7
19029,6304070,6304079,9
19030,6304147,6304155,8
19031,6304167,6304174,7
19032,6304829,6304835,6
19033,6304835,6304844,9
19034,6304911,6304917,6
19035,6305162,6305167,5
19036,6306383,6306391,8
19037,6306391,6306395,4
19038,6310556,6310560,4
19039,6310661,6310671,10
19040,6311210,6311218,8
19041,6312605,6312614,9
19042,6312863,6312866,3
19043,6315636,6315640,4
19044,6315667,6315674,7
19045,6315765,6315771,6
19046,6315793,6315802,9
19047,6316345,6316349,4
19048,6317098,6317101,3
19049,6318273,6318281,8
19050,6318464,6318471,7
19051,6320362,6320365,3
19052,6320487,6320490,3
19053,6321119,6321130,11
19054,6321551,6321559,8
19055,6321994,6321998,4
19056,6322064,6322073,9
19057,6322766,6322775,9
19058,6322876,6322887,11
19059,6323631,6323640,9
19060,6326006,6326016,10
19061,6326016,6326023,7
19062,6327365,6327374,9
19063,6328311,6328318,7
19064,6328780,6328790,10
19065,6329891,6329897,6
19066,6329897,6329900,3
19067,6330110,6330116,6
19068,6330166,6330173,7
19069,6330499,6330503,4
19070,6330651,6330656,5
19071,6331049,6331055,6
19072,6331067,6331076,9
19073,6332092,6332103,11
19074,6332103,6332112,9
19075,6332112,6332115,3
19076,6333876,6333884,8
19077,6333908,6333918,10
19078,6334455,6334460,5
19079,6334460,6334466,6
19080,6334466,6334472,6
19081,6334741,6334747,6
19082,6335542,6335666,124
19083,6336017,6336025,8
19084,6336999,6337005,6
19085,6337578,6337702,124
19086,6339352,6339359,7
19087,6342262,6342271,9
19088,6342485,6342494,9
19089,6342599,6342607,8
19090,6342800,6342805,5
19091,6344957,6344961,4
19092,6345451,6345459,8
19093,6345459,6345466,7
19094,6345947,6345950,3
19095,6345950,6345955,5
19096,6346034,6346042,8
19097,6346162,6346165,3
19098,6347442,6347450,8
19099,6347749,6347756,7
19100,6349070,6349076,6
19101,6349538,6349544,6
19102,6349634,6349637,3
19103,6350063,6350067,4
19104,6350936,6350945,9
19105,6351232,6351235,3
19106,6351303,6351309,6
19107,6351362,6351383,21
19108,6351594,6351597,3
19109,6351771,6351774,3
19110,6354394,6354397,3
19111,6354397,6354405,8
19112,6354628,6354637,9
19113,6355425,6355431,6
19114,6355474,6355483,9
19115,6355515,6355522,7
19116,6355541,6355545,4
19117,6355856,6355861,5
19118,6355861,6355866,5
19119,6355957,6355962,5
19120,6355962,6355970,8
19121,6355970,6355973,3
19122,6356597,6356601,4
19123,6356601,6356606,5
19124,6356606,6356614,8
19125,6357072,6357077,5
19126,6357235,6357242,7
19127,6358517,6358526,9
19128,6358674,6358684,10
19129,6358684,6358692,8
19130,6358933,6358943,10
19131,6360504,6360509,5
19132,6360509,6360514,5
19133,6360514,6360520,6
19134,6360520,6360525,5
19135,6360525,6360530,5
19136,6360530,6360535,5
19137,6360535,6360540,5
19138,6360540,6360544,4
19139,6360544,6360550,6
19140,6360958,6360962,4
19141,6361448,6361457,9
19142,6361697,6361702,5
19143,6361843,6361851,8
19144,6363215,6363228,13
19145,6363352,6363361,9
19146,6363628,6363633,5
19147,6363911,6363919,8
19148,6364351,6364358,7
19149,6364434,6364438,4
19150,6365255,6365264,9
19151,6365436,6365449,13
19152,6367101,6367108,7
19153,6367235,6367244,9
19154,6367244,6367250,6
19155,6367876,6367880,4
19156,6368475,6368479,4
19157,6368479,6368483,4
19158,6368929,6368932,3
19159,6368956,6368962,6
19160,6369196,6369203,7
19161,6369367,6369370,3
19162,6369941,6369944,3
19163,6370312,6370315,3
19164,6370692,6370695,3
19165,6370994,6370997,3
19166,6371098,6371104,6
19167,6371646,6371656,10
19168,6371958,6371965,7
19169,6372105,6372109,4
19170,6372109,6372118,9
19171,6372181,6372184,3
19172,6374304,6374313,9
19173,6375428,6375432,4
19174,6377818,6377826,8
19175,6377880,6377887,7
19176,6378098,6378103,5
19177,6378103,6378108,5
19178,6382069,6382077,8
19179,6382077,6382085,8
19180,6382126,6382129,3
19181,6382473,6382477,4
19182,6383646,6383654,8
19183,6384504,6384509,5
19184,6385027,6385043,16
19185,6385387,6385403,16
19186,6385809,6385818,9
19187,6386088,6386095,7
19188,6386095,6386104,9
19189,6386548,6386551,3
19190,6386772,6386780,8
19191,6386872,6386879,7
19192,6387129,6387135,6
19193,6387310,6387317,7
19194,6387331,6387338,7
19195,6387338,6387345,7
19196,6387345,6387352,7
19197,6387352,6387359,7
19198,6387359,6387366,7
19199,6387423,6387429,6
19200,6387894,6387901,7
19201,6389047,6389055,8
19202,6389560,6389564,4
19203,6389868,6389874,6
19204,6391170,6391176,6
19205,6391176,6391182,6
19206,6391182,6391188,6
19207,6391188,6391194,6
19208,6391407,6391412,5
19209,6391653,6391657,4
19210,6392163,6392169,6
19211,6392782,6392787,5
19212,6392787,6392792,5
19213,6392915,6392918,3
19214,6393243,6393581,338
19215,6393581,6393606,25
19216,6393606,6393724,118
19217,6393724,6393741,17
19218,6393741,6393860,119
19219,6393860,6393926,66
19220,6393926,6393972,46
19221,6393972,6394067,95
19222,6394067,6394241,174
19223,6394241,6394395,154
19224,6394521,6394686,165
19225,6394686,6394773,87
19226,6394773,6394820,47
19227,6394820,6394954,134
19228,6394954,6394983,29
19229,6394983,6395157,174
19230,6395157,6395239,82
19231,6395239,6395369,130
19232,6395369,6395373,4
19233,6395373,6395430,57
19234,6395430,6395442,12
19235,6395442,6395592,150
19236,6395592,6395721,129
19237,6395721,6395742,21
19238,6395742,6395758,16
19239,6395758,6395786,28
19240,6395786,6395970,184
19241,6395970,6396075,105
19242,6396075,6396250,175
19243,6396250,6396290,40
19244,6396290,6396309,19
19245,6396309,6396338,29
19246,6396338,6396392,54
19247,6396392,6396576,184
19248,6396576,6396667,91
19249,6396667,6396672,5
19250,6396672,6396690,18
19251,6396690,6396762,72
19252,6396762,6396804,42
19253,6396804,6396807,3
19254,6396807,6396815,8
19255,6396815,6396886,71
19256,6397532,6397538,6
19257,6397538,6397578,40
19258,6397627,6397630,3
19259,6398137,6398145,8
19260,6398145,6398152,7
19261,6398176,6398184,8
19262,6399036,6399047,11
19263,6399100,6399103,3
19264,6399240,6399251,11
19265,6399435,6399479,44
19266,6399479,6399585,106
19267,6399585,6399677,92
19268,6399677,6399735,58
19269,6399869,6399888,19
19270,6399888,6400085,197
19271,6400085,6400177,92
19272,6400589,6400600,11
19273,6400658,6400661,3
19274,6401591,6401598,7
19275,6402954,6402959,5
19276,6403130,6403139,9
19277,6403905,6403909,4
19278,6403909,6403913,4
19279,6404088,6404098,10
19280,6404214,6404223,9
19281,6404328,6404332,4
19282,6406494,6406500,6
19283,6406834,6406840,6
19284,6407333,6407336,3
19285,6407360,6407363,3
19286,6408538,6408541,3
19287,6408883,6408886,3
19288,6409637,6409646,9
19289,6409719,6409731,12
19290,6410852,6410856,4
19291,6411068,6411075,7
19292,6411179,6411185,6
19293,6411946,6411951,5
19294,6411951,6411956,5
19295,6412795,6412800,5
19296,6413382,6413390,8
19297,6413553,6413559,6
19298,6414240,6414248,8
19299,6414248,6414251,3
19300,6415849,6415854,5
19301,6415981,6415987,6
19302,6416243,6416249,6
19303,6416249,6416255,6
19304,6416285,6416291,6
19305,6416291,6416294,3
19306,6416551,6416557,6
19307,6416557,6416563,6
19308,6416563,6416569,6
19309,6416599,6416605,6
19310,6416605,6416611,6
19311,6416611,6416617,6
19312,6416617,6416623,6
19313,6416623,6416629,6
19314,6416801,6416809,8
19315,6416809,6416819,10
19316,6416819,6416829,10
19317,6416829,6416839,10
19318,6418239,6418250,11
19319,6418303,6418306,3
19320,6418454,6418505,51
19321,6418505,6418599,94
19322,6418599,6418610,11
19323,6418610,6418769,159
19324,6418769,6418813,44
19325,6418813,6418919,106
19326,6418919,6419011,92
19327,6419011,6419069,58
19328,6419203,6419222,19
19329,6419222,6419419,197
19330,6419419,6419511,92
19331,6419511,6419627,116
19332,6419627,6419630,3
19333,6419630,6419698,68
19334,6419778,6419829,51
19335,6419923,6419934,11
19336,6420348,6420356,8
19337,6420589,6420595,6
19338,6420595,6420601,6
19339,6420601,6420607,6
19340,6420607,6420613,6
19341,6420613,6420619,6
19342,6425633,6425642,9
19343,6425642,6425651,9
19344,6425716,6425720,4
19345,6427086,6427095,9
19346,6429146,6429152,6
19347,6429208,6429213,5
19348,6429936,6429939,3
19349,6429939,6429948,9
19350,6430098,6430130,32
19351,6430418,6430444,26
19352,6430747,6430755,8
19353,6430867,6430875,8
19354,6430875,6430919,44
19355,6431171,6431181,10
19356,6431338,6431350,12
19357,6431350,6431383,33
19358,6431455,6431464,9
19359,6431491,6431507,16
19360,6432637,6432642,5
19361,6433542,6433546,4
19362,6433718,6433729,11
19363,6434988,6434991,3
19364,6435737,6435744,7
19365,6435744,6435751,7
19366,6435751,6435755,4
19367,6436034,6436042,8
19368,6438889,6438896,7
19369,6438896,6438901,5
19370,6439088,6439092,4
19371,6439222,6439228,6
19372,6439239,6439243,4
19373,6439243,6439246,3
19374,6439460,6439467,7
19375,6440371,6440378,7
19376,6440680,6440687,7
19377,6440687,6440694,7
19378,6441102,6441109,7
19379,6444772,6444775,3
19380,6445473,6445509,36
19381,6445509,6445578,69
19382,6445578,6445630,52
19383,6445630,6445660,30
19384,6445660,6445684,24
19385,6445684,6445718,34
19386,6445718,6445807,89
19387,6445807,6445811,4
19388,6445811,6445815,4
19389,6445815,6445869,54
19390,6445869,6445875,6
19391,6445875,6445925,50
19392,6445925,6445963,38
19393,6445963,6445975,12
19394,6445975,6446106,131
19395,6446106,6446131,25
19396,6446131,6446310,179
19397,6446371,6446396,25
19398,6446456,6446553,97
19399,6446553,6446572,19
19400,6446572,6446625,53
19401,6446732,6446791,59
19402,6446791,6446802,11
19403,6446802,6446955,153
19404,6446955,6446963,8
19405,6446963,6447067,104
19406,6447067,6447078,11
19407,6447078,6447173,95
19408,6447173,6447176,3
19409,6447176,6447199,23
19410,6447199,6447332,133
19411,6447332,6447420,88
19412,6447420,6447443,23
19413,6447443,6447469,26
19414,6447469,6447476,7
19415,6447476,6447707,231
19416,6447707,6447794,87
19417,6447794,6447943,149
19418,6447943,6447971,28
19419,6447971,6448008,37
19420,6448008,6448117,109
19421,6448117,6448139,22
19422,6448139,6448157,18
19423,6448157,6448161,4
19424,6448161,6448223,62
19425,6448223,6448367,144
19426,6448367,6448401,34
19427,6448401,6448520,119
19428,6448520,6448568,48
19429,6448568,6448577,9
19430,6448577,6448615,38
19431,6448615,6448622,7
19432,6448622,6448639,17
19433,6448639,6448656,17
19434,6448656,6448681,25
19435,6448681,6448709,28
19436,6448709,6448750,41
19437,6448750,6448891,141
19438,6448947,6448963,16
19439,6448963,6449100,137
19440,6449100,6449137,37
19441,6449137,6449143,6
19442,6449143,6449149,6
19443,6449149,6449158,9
19444,6449158,6449268,110
19445,6449268,6449386,118
19446,6449386,6449401,15
19447,6449401,6449527,126
19448,6449527,6449575,48
19449,6449575,6449647,72
19450,6449647,6449724,77
19451,6449724,6449746,22
19452,6449746,6449802,56
19453,6449802,6449838,36
19454,6449838,6449987,149
19455,6449987,6450020,33
19456,6450020,6450039,19
19457,6450039,6450071,32
19458,6450071,6450146,75
19459,6450146,6450169,23
19460,6450169,6450308,139
19461,6450308,6450496,188
19462,6450496,6450554,58
19463,6450554,6450616,62
19464,6450616,6450760,144
19465,6450760,6450796,36
19466,6450796,6450865,69
19467,6450865,6450917,52
19468,6450917,6450947,30
19469,6450947,6450971,24
19470,6450971,6451005,34
19471,6451626,6451632,6
19472,6452162,6452167,5
19473,6452951,6452963,12
19474,6452963,6452970,7
19475,6454630,6454642,12
19476,6454642,6454648,6
19477,6454648,6454654,6
19478,6454654,6454660,6
19479,6456200,6456207,7
19480,6456646,6456651,5
19481,6456863,6456866,3
19482,6457470,6457477,7
19483,6457477,6457484,7
19484,6457484,6457491,7
19485,6457491,6457498,7
19486,6457498,6457505,7
19487,6457505,6457512,7
19488,6458162,6458167,5
19489,6458298,6458302,4
19490,6458302,6458305,3
19491,6459613,6459617,4
19492,6460223,6460229,6
19493,6463093,6463100,7
19494,6463301,6463309,8
19495,6463309,6463317,8
19496,6463497,6463503,6
19497,6463503,6463511,8
19498,6463511,6463517,6
19499,6463541,6463547,6
19500,6463547,6463553,6
19501,6463849,6463852,3
19502,6466090,6466096,6
19503,6467491,6467494,3
19504,6467514,6467522,8
19505,6468068,6468074,6
19506,6468607,6468612,5
19507,6468676,6468684,8
19508,6468815,6468821,6
19509,6468821,6468833,12
19510,6470184,6470192,8
19511,6470192,6470200,8
19512,6470200,6470208,8
19513,6471362,6471403,41
19514,6471403,6471512,109
19515,6471512,6471523,11
19516,6471523,6471708,185
19517,6471708,6471752,44
19518,6471752,6471858,106
19519,6471858,6471950,92
19520,6471950,6472008,58
19521,6472142,6472161,19
19522,6472161,6472358,197
19523,6472358,6472450,92
19524,6473599,6473605,6
19525,6475668,6475672,4
19526,6475932,6475973,41
19527,6475973,6476082,109
19528,6476082,6476093,11
19529,6476093,6476278,185
19530,6476278,6476322,44
19531,6476322,6476428,106
19532,6476520,6476578,58
19533,6476712,6476731,19
19534,6476731,6476928,197
19535,6476928,6477020,92
19536,6477713,6477716,3
19537,6477864,6477915,51
19538,6477915,6478009,94
19539,6478009,6478020,11
19540,6478020,6478179,159
19541,6478179,6478223,44
19542,6478223,6478329,106
19543,6478329,6478421,92
19544,6478421,6478479,58
19545,6478829,6478921,92
19546,6478921,6479037,116
19547,6479037,6479040,3
19548,6479040,6479108,68
19549,6480991,6480996,5
19550,6481314,6481321,7
19551,6481465,6481473,8
19552,6481473,6481481,8
19553,6481481,6481489,8
19554,6481652,6481656,4
19555,6482044,6482050,6
19556,6482321,6482328,7
19557,6482541,6482545,4
19558,6483149,6483158,9
19559,6483228,6483235,7
19560,6487945,6487952,7
19561,6487952,6487956,4
19562,6488371,6488380,9
19563,6488424,6488430,6
19564,6488608,6488612,4
19565,6488623,6488632,9
19566,6488787,6488791,4
19567,6489262,6489266,4
19568,6489574,6489583,9
19569,6489862,6489868,6
19570,6489868,6489877,9
19571,6489892,6489898,6
19572,6489898,6489904,6
19573,6489920,6489924,4
19574,6490435,6490441,6
19575,6490459,6490466,7
19576,6490466,6490470,4
19577,6491296,6491302,6
19578,6493289,6493294,5
19579,6493577,6493585,8
19580,6493585,6493593,8
19581,6493593,6493601,8
19582,6493601,6493609,8
19583,6497559,6497562,3
19584,6497638,6497646,8
19585,6497831,6497840,9
19586,6499299,6499310,11
19587,6502342,6502345,3
19588,6502977,6502982,5
19589,6503596,6503604,8
19590,6503836,6503842,6
19591,6503842,6503850,8
19592,6503862,6503866,4
19593,6504316,6504324,8
19594,6504753,6504758,5
19595,6504758,6504763,5
19596,6504763,6504769,6
19597,6504769,6504775,6
19598,6504775,6504781,6
19599,6505043,6505046,3
19600,6505046,6505049,3
19601,6505049,6505052,3
19602,6505052,6505055,3
19603,6505055,6505058,3
19604,6505058,6505061,3
19605,6505061,6505070,9
19606,6505070,6505082,12
19607,6505082,6505085,3
19608,6505085,6505097,12
19609,6505097,6505100,3
19610,6506699,6506703,4
19611,6506766,6506772,6
19612,6507547,6507552,5
19613,6508096,6508103,7
19614,6508127,6508134,7
19615,6508288,6508294,6
19616,6508306,6508312,6
19617,6508420,6508424,4
19618,6508599,6508603,4
19619,6508617,6508629,12
19620,6508629,6508635,6
19621,6508854,6508864,10
19622,6513073,6513082,9
19623,6513321,6513328,7
19624,6513481,6513486,5
19625,6513506,6513515,9
19626,6515696,6515701,5
19627,6515875,6515881,6
19628,6516047,6516053,6
19629,6516104,6516108,4
19630,6516661,6516667,6
19631,6518321,6518324,3
19632,6521100,6521108,8
19633,6521977,6521980,3
19634,6522158,6522162,4
19635,6524208,6524216,8
19636,6524882,6524892,10
19637,6525459,6525462,3
19638,6525462,6525471,9
19639,6525747,6525756,9
19640,6525774,6525780,6
19641,6525792,6525798,6
19642,6525810,6525814,4
19643,6527135,6527142,7
19644,6527178,6527183,5
19645,6527308,6527313,5
19646,6527607,6527610,3
19647,6527775,6527784,9
19648,6528447,6528453,6
19649,6528453,6528460,7
19650,6528460,6528466,6
19651,6528819,6528825,6
19652,6528825,6528833,8
19653,6529084,6529089,5
19654,6529679,6529686,7
19655,6529686,6529692,6
19656,6530130,6530141,11
19657,6530460,6530466,6
19658,6530910,6530921,11
19659,6531790,6531793,3
19660,6533286,6533291,5
19661,6534390,6534397,7
19662,6534658,6534664,6
19663,6536612,6536617,5
19664,6536770,6536773,3
19665,6537203,6537213,10
19666,6537233,6537241,8
19667,6537264,6537272,8
19668,6537372,6537379,7
19669,6537765,6537772,7
19670,6537772,6537779,7
19671,6537779,6537784,5
19672,6538073,6538078,5
19673,6538405,6538412,7
19674,6538412,6538417,5
19675,6538417,6538422,5
19676,6539013,6539020,7
19677,6539031,6539040,9
19678,6539390,6539398,8
19679,6539398,6539406,8
19680,6539406,6539412,6
19681,6539575,6539582,7
19682,6539686,6539689,3
19683,6539689,6539694,5
19684,6540504,6540512,8
19685,6541353,6541362,9
19686,6541720,6541727,7
19687,6541868,6541874,6
19688,6541951,6541955,4
19689,6542001,6542006,5
19690,6542046,6542052,6
19691,6542052,6542059,7
19692,6542784,6542790,6
19693,6542790,6542796,6
19694,6542796,6542802,6
19695,6542802,6542814,12
19696,6542857,6542863,6
19697,6542863,6542867,4
19698,6542867,6542877,10
19699,6543118,6543127,9
19700,6543576,6543582,6
19701,6543615,6543618,3
19702,6544122,6544125,3
19703,6545330,6545338,8
19704,6546100,6546106,6
19705,6546137,6546141,4
19706,6546921,6546931,10
19707,6547181,6547188,7
19708,6547536,6547540,4
19709,6547540,6547543,3
19710,6547543,6547551,8
19711,6548627,6548634,7
19712,6548634,6548641,7
19713,6549222,6549226,4
19714,6549953,6549959,6
19715,6551180,6551185,5
19716,6551185,6551191,6
19717,6551517,6551522,5
19718,6551940,6551945,5
19719,6552813,6552819,6
19720,6553305,6553308,3
19721,6553471,6553480,9
19722,6553612,6553621,9
19723,6553882,6553885,3
19724,6554038,6554047,9
19725,6556002,6556010,8
19726,6556010,6556016,6
19727,6556719,6556726,7
19728,6556857,6556863,6
19729,6556952,6556959,7
19730,6556971,6556980,9
19731,6556980,6556983,3
19732,6557079,6557087,8
19733,6557178,6557186,8
19734,6557540,6557547,7
19735,6557948,6557955,7
19736,6558516,6558521,5
19737,6558594,6558597,3
19738,6559028,6559032,4
19739,6559743,6559746,3
19740,6560094,6560100,6
19741,6561753,6561759,6
19742,6561759,6561762,3
19743,6561963,6561975,12
19744,6561975,6561978,3
19745,6562884,6562909,25
19746,6562909,6562914,5
19747,6562914,6562950,36
19748,6562950,6562967,17
19749,6562967,6563202,235
19750,6563202,6563242,40
19751,6563242,6563245,3
19752,6563245,6563331,86
19753,6563331,6563342,11
19754,6563342,6563353,11
19755,6563353,6563356,3
19756,6563356,6563366,10
19757,6563366,6563375,9
19758,6563375,6563405,30
19759,6563405,6563473,68
19760,6563473,6563486,13
19761,6563486,6563581,95
19762,6563581,6563630,49
19763,6563630,6563666,36
19764,6563666,6563669,3
19765,6563669,6563712,43
19766,6563712,6563744,32
19767,6563744,6563777,33
19768,6563777,6564047,270
19769,6564047,6564128,81
19770,6564128,6564182,54
19771,6564182,6564398,216
19772,6564398,6564413,15
19773,6564413,6564451,38
19774,6564451,6564700,249
19775,6564700,6564740,40
19776,6564740,6564836,96
19777,6564836,6564960,124
19778,6564960,6564976,16
19779,6564976,6565166,190
19780,6565166,6565235,69
19781,6565235,6565322,87
19782,6565322,6565449,127
19783,6565449,6565534,85
19784,6565534,6565541,7
19785,6565541,6565655,114
19786,6565655,6565706,51
19787,6565706,6565734,28
19788,6565734,6565748,14
19789,6565748,6565874,126
19790,6565874,6565882,8
19791,6565882,6565900,18
19792,6565900,6565922,22
19793,6565922,6565955,33
19794,6566234,6566259,25
19795,6566259,6566434,175
19796,6566434,6566441,7
19797,6566441,6566601,160
19798,6566601,6566678,77
19799,6566678,6566744,66
19800,6566744,6566748,4
19801,6566748,6566807,59
19802,6566807,6566894,87
19803,6566894,6566905,11
19804,6566905,6566933,28
19805,6566933,6566973,40
19806,6566973,6567003,30
19807,6567003,6567095,92
19808,6567095,6567104,9
19809,6567104,6567235,131
19810,6567235,6567250,15
19811,6567250,6567268,18
19812,6567268,6567311,43
19813,6567311,6567320,9
19814,6567320,6567334,14
19815,6567334,6567345,11
19816,6567345,6567377,32
19817,6567377,6567413,36
19818,6567413,6567462,49
19819,6567462,6567467,5
19820,6567467,6567478,11
19821,6567478,6567529,51
19822,6567529,6567540,11
19823,6567540,6567609,69
19824,6567609,6567629,20
19825,6567629,6567637,8
19826,6567637,6567688,51
19827,6567688,6567749,61
19828,6567749,6567823,74
19829,6567823,6567845,22
19830,6567845,6567891,46
19831,6567891,6567911,20
19832,6567911,6567926,15
19833,6567926,6567989,63
19834,6567989,6568057,68
19835,6568057,6568095,38
19836,6568095,6568169,74
19837,6568169,6568207,38
19838,6568207,6568295,88
19839,6568295,6568350,55
19840,6568350,6568358,8
19841,6568358,6568505,147
19842,6568505,6568535,30
19843,6568535,6568548,13
19844,6568548,6568688,140
19845,6568688,6568946,258
19846,6568946,6569044,98
19847,6569044,6569049,5
19848,6569049,6569119,70
19849,6569119,6569131,12
19850,6569131,6569179,48
19851,6569179,6569191,12
19852,6569191,6569209,18
19853,6569209,6569272,63
19854,6569272,6569339,67
19855,6569339,6569393,54
19856,6569393,6569399,6
19857,6569399,6569448,49
19858,6569448,6569564,116
19859,6569564,6569655,91
19860,6569655,6569676,21
19861,6569676,6569820,144
19862,6569820,6569931,111
19863,6569931,6569949,18
19864,6569949,6570041,92
19865,6570041,6570052,11
19866,6570052,6570084,32
19867,6570084,6570093,9
19868,6570093,6570103,10
19869,6570103,6570147,44
19870,6570147,6570175,28
19871,6570175,6570183,8
19872,6570183,6570186,3
19873,6570186,6570193,7
19874,6570193,6570197,4
19875,6570197,6570284,87
19876,6570284,6570295,11
19877,6570295,6570302,7
19878,6570302,6570306,4
19879,6570306,6570387,81
19880,6570387,6570395,8
19881,6570395,6570398,3
19882,6570398,6570405,7
19883,6570405,6570409,4
19884,6570409,6570489,80
19885,6570489,6570497,8
19886,6570497,6570500,3
19887,6570500,6570507,7
19888,6570507,6570511,4
19889,6570511,6570591,80
19890,6570591,6570599,8
19891,6570599,6570602,3
19892,6570602,6570609,7
19893,6570609,6570613,4
19894,6570892,6570917,25
19895,6570917,6570922,5
19896,6570922,6570958,36
19897,6570958,6570975,17
19898,6570975,6571210,235
19899,6571210,6571250,40
19900,6571250,6571253,3
19901,6571493,6571498,5
19902,6571510,6571515,5
19903,6571515,6571519,4
19904,6572296,6572299,3
19905,6572299,6572305,6
19906,6572305,6572308,3
19907,6572308,6572311,3
19908,6572311,6572317,6
19909,6572317,6572323,6
19910,6572335,6572344,9
19911,6573033,6573042,9
19912,6573508,6573515,7
19913,6574574,6574579,5
19914,6575961,6575970,9
19915,6577643,6577647,4
19916,6577647,6577657,10
19917,6578851,6578857,6
19918,6579382,6579388,6
19919,6579388,6579394,6
19920,6579394,6579403,9
19921,6579403,6579406,3
19922,6581086,6581092,6
19923,6581092,6581098,6
19924,6581170,6581173,3
19925,6581173,6581179,6
19926,6581179,6581185,6
19927,6581185,6581191,6
19928,6581692,6581701,9
19929,6584583,6584588,5
19930,6584588,6584592,4
19931,6584592,6584597,5
19932,6584597,6584601,4
19933,6584810,6584815,5
19934,6584841,6584850,9
19935,6584891,6584899,8
19936,6585238,6585245,7
19937,6585528,6585532,4
19938,6585979,6585988,9
19939,6586888,6586896,8
19940,6587447,6587450,3
19941,6587727,6587737,10
19942,6587814,6587823,9
19943,6588144,6588153,9
19944,6590519,6590526,7
19945,6590526,6590529,3
19946,6590529,6590538,9
19947,6590538,6590547,9
19948,6590547,6590550,3
19949,6590550,6590558,8
19950,6590582,6590585,3
19951,6590945,6590951,6
19952,6592711,6592715,4
19953,6592985,6592991,6
19954,6593015,6593021,6
19955,6593054,6593062,8
19956,6593151,6593156,5
19957,6593744,6593749,5
19958,6593749,6593756,7
19959,6593841,6593845,4
19960,6594912,6594919,7
19961,6594919,6594928,9
19962,6594928,6594937,9
19963,6595515,6595518,3
19964,6595518,6595522,4
19965,6595873,6595880,7
19966,6597122,6597128,6
19967,6598177,6598186,9
19968,6598235,6598241,6
19969,6598704,6598712,8
19970,6599121,6599125,4
19971,6599260,6599266,6
19972,6599266,6599275,9
19973,6599275,6599280,5
19974,6600178,6600181,3
19975,6600181,6600188,7
19976,6600378,6600383,5
19977,6600383,6600393,10
19978,6600393,6600403,10
19979,6600403,6600408,5
19980,6600680,6600687,7
19981,6601062,6601065,3
19982,6602021,6602024,3
19983,6602930,6602938,8
19984,6603081,6603084,3
19985,6603759,6603769,10
19986,6604355,6604361,6
19987,6604361,6604370,9
19988,6604736,6604742,6
19989,6604742,6604748,6
19990,6605065,6605068,3
19991,6605546,6605636,90
19992,6605636,6605738,102
19993,6605738,6605746,8
19994,6605746,6605793,47
19995,6605793,6605870,77
19996,6605870,6605965,95
19997,6605965,6605968,3
19998,6605968,6605994,26
19999,6605994,6606031,37
20000,6606031,6606034,3
20001,6606034,6606088,54
20002,6606088,6606091,3
20003,6606091,6606097,6
20004,6606097,6606159,62
20005,6606159,6606166,7
20006,6606166,6606235,69
20007,6606235,6606246,11
20008,6606246,6606250,4
20009,6606250,6606367,117
20010,6606367,6606376,9
20011,6606376,6606406,30
20012,6606406,6606419,13
20013,6606419,6606459,40
20014,6606459,6606663,204
20015,6606663,6606694,31
20016,6606694,6606708,14
20017,6606708,6606762,54
20018,6606762,6606792,30
20019,6606852,6606861,9
20020,6606861,6606871,10
20021,6606871,6606889,18
20022,6606889,6606965,76
20023,6606965,6607001,36
20024,6607001,6607143,142
20025,6607143,6607317,174
20026,6607317,6607331,14
20027,6607331,6607336,5
20028,6607336,6607340,4
20029,6607340,6607379,39
20030,6607379,6607578,199
20031,6607578,6607676,98
20032,6607676,6607713,37
20033,6607713,6607757,44
20034,6607757,6607824,67
20035,6607824,6608033,209
20036,6608033,6608056,23
20037,6608056,6608139,83
20038,6608139,6608152,13
20039,6608152,6608235,83
20040,6608235,6608325,90
20041,6608325,6608427,102
20042,6608427,6608435,8
20043,6608435,6608482,47
20044,6608785,6608798,13
20045,6609533,6609540,7
20046,6609566,6609575,9
20047,6609629,6609638,9
20048,6609713,6609724,11
20049,6609724,6609728,4
20050,6610360,6610365,5
20051,6610365,6610370,5
20052,6610370,6610375,5
20053,6610460,6610464,4
20054,6610464,6610467,3
20055,6610896,6610903,7
20056,6611117,6611120,3
20057,6611245,6611250,5
20058,6611310,6611313,3
20059,6611412,6611420,8
20060,6611721,6611728,7
20061,6611728,6611736,8
20062,6611736,6611741,5
20063,6611741,6611746,5
20064,6612598,6612606,8
20065,6612606,6612614,8
20066,6612656,6612666,10
20067,6612818,6612825,7
20068,6612922,6612932,10
20069,6613105,6613109,4
20070,6613229,6613238,9
20071,6613806,6613812,6
20072,6614217,6614222,5
20073,6614893,6614902,9
20074,6614995,6614999,4
20075,6614999,6615003,4
20076,6615532,6615537,5
20077,6615907,6615914,7
20078,6615914,6615921,7
20079,6615921,6615928,7
20080,6615928,6615935,7
20081,6615935,6615942,7
20082,6615942,6615949,7
20083,6615949,6615957,8
20084,6616657,6616661,4
20085,6616661,6616665,4
20086,6616665,6616669,4
20087,6617096,6617099,3
20088,6617364,6617370,6
20089,6617656,6617664,8
20090,6618226,6618232,6
20091,6619413,6619419,6
20092,6619559,6619566,7
20093,6619653,6619658,5
20094,6619722,6619729,7
20095,6619729,6619736,7
20096,6619749,6619753,4
20097,6619949,6619959,10
20098,6620094,6620102,8
20099,6620471,6620479,8
20100,6620496,6620507,11
20101,6620507,6620510,3
20102,6621168,6621173,5
20103,6621201,6621207,6
20104,6621207,6621210,3
20105,6621493,6621499,6
20106,6621499,6621507,8
20107,6621507,6621515,8
20108,6621515,6621524,9
20109,6622734,6622740,6
20110,6623952,6623957,5
20111,6625027,6625035,8
20112,6625035,6625040,5
20113,6625176,6625181,5
20114,6626994,6627002,8
20115,6627002,6627005,3
20116,6627005,6627008,3
20117,6627008,6627011,3
20118,6627220,6627224,4
20119,6627435,6627438,3
20120,6627457,6627463,6
20121,6627821,6627832,11
20122,6628408,6628414,6
20123,6628801,6628811,10
20124,6628811,6628816,5
20125,6628816,6628831,15
20126,6628938,6628944,6
20127,6629144,6629148,4
20128,6629148,6629152,4
20129,6629198,6629203,5
20130,6629203,6629209,6
20131,6629619,6629624,5
20132,6629671,6629678,7
20133,6629678,6629682,4
20134,6629682,6629687,5
20135,6629701,6629708,7
20136,6629982,6629989,7
20137,6630071,6630079,8
20138,6632709,6632717,8
20139,6632717,6632721,4
20140,6632946,6632952,6
20141,6634399,6634405,6
20142,6634851,6634855,4
20143,6635070,6635073,3
20144,6635346,6635350,4
20145,6635410,6635418,8
20146,6635418,6635422,4
20147,6635746,6635751,5
20148,6636609,6636615,6
20149,6637663,6637667,4
20150,6637975,6637981,6
20151,6638578,6638581,3
20152,6638691,6638697,6
20153,6638956,6638961,5
20154,6640322,6640331,9
20155,6640567,6640571,4
20156,6640571,6640575,4
20157,6640575,6640578,3
20158,6640578,6640582,4
20159,6640650,6640654,4
20160,6640654,6640659,5
20161,6640659,6640663,4
20162,6640663,6640668,5
20163,6640818,6640824,6
20164,6641211,6641218,7
20165,6641218,6641222,4
20166,6641246,6641249,3
20167,6642181,6642187,6
20168,6642187,6642193,6
20169,6642193,6642205,12
20170,6642238,6642242,4
20171,6642505,6642510,5
20172,6642763,6642771,8
20173,6642831,6642840,9
20174,6642840,6642846,6
20175,6642846,6642852,6
20176,6642852,6642858,6
20177,6642858,6642864,6
20178,6643270,6643276,6
20179,6644055,6644062,7
20180,6644183,6644193,10
20181,6644193,6644203,10
20182,6644245,6644253,8
20183,6644870,6644875,5
20184,6645083,6645091,8
20185,6645254,6645257,3
20186,6645999,6646005,6
20187,6646163,6646167,4
20188,6646178,6646182,4
20189,6646639,6646646,7
20190,6647767,6647777,10
20191,6647777,6647784,7
20192,6647956,6647963,7
20193,6648413,6648421,8
20194,6648962,6648971,9
20195,6649164,6649171,7
20196,6650554,6650559,5
20197,6651559,6651564,5
20198,6653373,6653380,7
20199,6653479,6653483,4
20200,6653799,6653809,10
20201,6654491,6654496,5
20202,6654697,6654705,8
20203,6655731,6655736,5
20204,6656001,6656009,8
20205,6656248,6656253,5
20206,6656524,6656529,5
20207,6656883,6656886,3
20208,6657718,6657729,11
20209,6658302,6658306,4
20210,6658633,6658641,8
20211,6658846,6658852,6
20212,6659225,6659231,6
20213,6659477,6659481,4
20214,6660655,6660663,8
20215,6661033,6661037,4
20216,6661063,6661073,10
20217,6661073,6661084,11
20218,6661916,6661921,5
20219,6662445,6662451,6
20220,6662765,6662773,8
20221,6662773,6662778,5
20222,6663902,6663909,7
20223,6663909,6663914,5
20224,6663914,6663918,4
20225,6664653,6664664,11
20226,6664697,6664702,5
20227,6664838,6664847,9
20228,6665160,6665168,8
20229,6665168,6665178,10
20230,6665261,6665268,7
20231,6666222,6666226,4
20232,6666443,6666452,9
20233,6666855,6666864,9
20234,6667347,6667353,6
20235,6667570,6667576,6
20236,6668119,6668128,9
20237,6668374,6668378,4
20238,6668541,6668551,10
20239,6668651,6668655,4
20240,6668809,6668814,5
20241,6668814,6668821,7
20242,6669020,6669028,8
20243,6669250,6669258,8
20244,6669293,6669300,7
20245,6669300,6669307,7
20246,6669650,6669654,4
20247,6669747,6669754,7
20248,6669822,6669826,4
20249,6670045,6670049,4
20250,6670290,6670293,3
20251,6670788,6670797,9
20252,6671439,6671447,8
20253,6671696,6671704,8
20254,6671787,6671794,7
20255,6672053,6672059,6
20256,6672370,6672377,7
20257,6672589,6672594,5
20258,6673104,6673113,9
20259,6673359,6673367,8
20260,6674607,6674615,8
20261,6675204,6675213,9
20262,6675464,6675471,7
20263,6675488,6675497,9
20264,6675867,6675872,5
20265,6675872,6675876,4
20266,6675876,6675885,9
20267,6676066,6676071,5
20268,6676133,6676140,7
20269,6676957,6676967,10
20270,6677290,6677298,8
20271,6677349,6677353,4
20272,6677556,6677562,6
20273,6678170,6678175,5
20274,6678385,6678393,8
20275,6679200,6679209,9
20276,6679905,6679910,5
20277,6679910,6679917,7
20278,6680405,6680410,5
20279,6680809,6680813,4
20280,6681056,6681091,35
20281,6681106,6681112,6
20282,6681112,6681122,10
20283,6681766,6681775,9
20284,6681775,6681780,5
20285,6682217,6682226,9
20286,6682426,6682434,8
20287,6682528,6682531,3
20288,6682994,6683029,35
20289,6683044,6683050,6
20290,6683060,6683067,7
20291,6683067,6683076,9
20292,6684195,6684203,8
20293,6684738,6684741,3
20294,6685159,6685166,7
20295,6685354,6685357,3
20296,6686021,6686030,9
20297,6686779,6686783,4
20298,6687885,6687890,5
20299,6688767,6688774,7
20300,6689200,6689207,7
20301,6689552,6689559,7
20302,6689967,6689979,12
20303,6690051,6690057,6
20304,6690675,6690678,3
20305,6691365,6691374,9
20306,6691525,6691530,5
20307,6691530,6691534,4
20308,6691534,6691538,4
20309,6691538,6691543,5
20310,6691607,6691611,4
20311,6691753,6691757,4
20312,6692221,6692226,5
20313,6692266,6692270,4
20314,6692791,6692800,9
20315,6692872,6692876,4
20316,6693844,6693851,7
20317,6694131,6694140,9
20318,6695020,6695028,8
20319,6695068,6695076,8
20320,6695240,6695248,8
20321,6695672,6695678,6
20322,6696261,6696267,6
20323,6696267,6696273,6
20324,6697311,6697319,8
20325,6697807,6697810,3
20326,6698004,6698010,6
20327,6701687,6701695,8
20328,6703630,6703636,6
20329,6704234,6704243,9
20330,6706275,6706282,7
20331,6706282,6706290,8
20332,6706844,6706853,9
20333,6707844,6707850,6
20334,6707891,6707900,9
20335,6707930,6707933,3
20336,6708303,6708308,5
20337,6708524,6708532,8
20338,6708567,6708575,8
20339,6708575,6708581,6
20340,6709540,6709544,4
20341,6710086,6710094,8
20342,6710275,6710282,7
20343,6710421,6710427,6
20344,6711465,6711469,4
20345,6711469,6711474,5
20346,6711474,6711480,6
20347,6711999,6712005,6
20348,6712536,6712545,9
20349,6712662,6712667,5
20350,6712667,6712674,7
20351,6712674,6712679,5
20352,6712679,6712683,4
20353,6712770,6712779,9
20354,6712821,6712829,8
20355,6712998,6713001,3
20356,6713001,6713007,6
20357,6713131,6713139,8
20358,6713171,6713180,9
20359,6713180,6713189,9
20360,6714274,6714280,6
20361,6714313,6714319,6
20362,6714319,6714325,6
20363,6714325,6714331,6
20364,6714331,6714340,9
20365,6714340,6714346,6
20366,6714843,6714851,8
20367,6715795,6715800,5
20368,6717176,6717181,5
20369,6717419,6717426,7
20370,6717669,6717677,8
20371,6720358,6720367,9
20372,6720417,6720425,8
20373,6720754,6720764,10
20374,6721117,6721121,4
20375,6721121,6721125,4
20376,6721969,6721978,9
20377,6722431,6722441,10
20378,6722550,6722553,3
20379,6723265,6723273,8
20380,6723273,6723277,4
20381,6723277,6723284,7
20382,6723284,6723288,4
20383,6723288,6723291,3
20384,6723291,6723294,3
20385,6723468,6723474,6
20386,6723543,6723549,6
20387,6723549,6723552,3
20388,6723960,6723963,3
20389,6724434,6724438,4
20390,6724450,6724454,4
20391,6726190,6726193,3
20392,6727508,6727513,5
20393,6728121,6728128,7
20394,6728128,6728134,6
20395,6728134,6728140,6
20396,6728140,6728147,7
20397,6728640,6728645,5
20398,6728878,6728882,4
20399,6729321,6729324,3
20400,6729441,6729446,5
20401,6729592,6729601,9
20402,6729717,6729723,6
20403,6730422,6730427,5
20404,6730472,6730478,6
20405,6731937,6731940,3
20406,6732553,6732559,6
20407,6733017,6733025,8
20408,6733164,6733171,7
20409,6733791,6733797,6
20410,6734272,6734279,7
20411,6734756,6734760,4
20412,6735980,6735989,9
20413,6737237,6737245,8
20414,6738015,6738021,6
20415,6738071,6738076,5
20416,6738076,6738084,8
20417,6738084,6738093,9
20418,6738161,6738168,7
20419,6738709,6738716,7
20420,6738815,6738818,3
20421,6738818,6738823,5
20422,6739074,6739080,6
20423,6739080,6739086,6
20424,6739431,6739437,6
20425,6739619,6739627,8
20426,6739844,6739854,10
20427,6739956,6739966,10
20428,6740023,6740028,5
20429,6740514,6740517,3
20430,6741268,6741274,6
20431,6741925,6741929,4
20432,6742440,6742447,7
20433,6742536,6742541,5
20434,6742625,6742631,6
20435,6742631,6742642,11
20436,6742651,6742659,8
20437,6742659,6742663,4
20438,6743273,6743282,9
20439,6744999,6745008,9
20440,6746187,6746191,4
20441,6746808,6746814,6
20442,6746814,6746817,3
20443,6746817,6746823,6
20444,6746845,6746848,3
20445,6746941,6746944,3
20446,6746944,6746952,8
20447,6747127,6747134,7
20448,6747134,6747141,7
20449,6747760,6747766,6
20450,6747966,6747970,4
20451,6747970,6747978,8
20452,6747978,6747986,8
20453,6748048,6748055,7
20454,6748210,6748219,9
20455,6748270,6748280,10
20456,6748308,6748314,6
20457,6748314,6748323,9
20458,6748323,6748326,3
20459,6748326,6748331,5
20460,6748331,6748335,4
20461,6748335,6748338,3
20462,6748746,6748750,4
20463,6748750,6748754,4
20464,6748754,6748758,4
20465,6748758,6748762,4
20466,6748988,6748991,3
20467,6749040,6749047,7
20468,6749122,6749128,6
20469,6749600,6749605,5
20470,6749855,6749858,3
20471,6749923,6749930,7
20472,6750018,6750025,7
20473,6750112,6750117,5
20474,6750117,6750129,12
20475,6750129,6750135,6
20476,6750370,6750378,8
20477,6750378,6750387,9
20478,6751367,6751373,6
20479,6751570,6751577,7
20480,6751999,6752005,6
20481,6752005,6752011,6
20482,6752011,6752017,6
20483,6752256,6752259,3
20484,6752586,6752594,8
20485,6752756,6752760,4
20486,6753622,6753628,6
20487,6754596,6754605,9
20488,6754605,6754608,3
20489,6755076,6755082,6
20490,6755542,6755550,8
20491,6755640,6755644,4
20492,6755644,6755653,9
20493,6757257,6757262,5
20494,6757599,6757655,56
20495,6757655,6757665,10
20496,6758136,6758139,3
20497,6758411,6758418,7
20498,6758418,6758422,4
20499,6758644,6758647,3
20500,6758783,6758789,6
20501,6758995,6759005,10
20502,6759024,6759031,7
20503,6760058,6760066,8
20504,6760303,6760312,9
20505,6760312,6760319,7
20506,6762921,6762924,3
20507,6762924,6762927,3
20508,6763008,6763011,3
20509,6763056,6763064,8
20510,6763302,6763311,9
20511,6763311,6763314,3
20512,6763413,6763418,5
20513,6763713,6763716,3
20514,6763716,6763719,3
20515,6763779,6763782,3
20516,6763782,6763790,8
20517,6764306,6764312,6
20518,6764312,6764315,3
20519,6765471,6765474,3
20520,6765474,6765483,9
20521,6765600,6765609,9
20522,6765641,6765645,4
20523,6765645,6765648,3
20524,6765693,6765696,3
20525,6765696,6765702,6
20526,6765702,6765705,3
20527,6765720,6765729,9
20528,6765891,6765900,9
20529,6765950,6765957,7
20530,6766467,6766470,3
20531,6766470,6766473,3
20532,6766914,6766920,6
20533,6766920,6766923,3
20534,6767580,6767587,7
20535,6769463,6769466,3
20536,6769466,6769475,9
20537,6769475,6769483,8
20538,6770444,6770449,5
20539,6771026,6771029,3
20540,6771243,6771248,5
20541,6771667,6771672,5
20542,6772105,6772116,11
20543,6772378,6772383,5
20544,6773393,6773401,8
20545,6773401,6773408,7
20546,6773408,6773412,4
20547,6773412,6773416,4
20548,6773650,6773660,10
20549,6773813,6773820,7
20550,6774331,6774336,5
20551,6774933,6774941,8
20552,6775074,6775081,7
20553,6775095,6775102,7
20554,6775937,6775941,4
20555,6775989,6775996,7
20556,6776019,6776022,3
20557,6776451,6776459,8
20558,6776572,6776578,6
20559,6776932,6776938,6
20560,6777031,6777039,8
20561,6777342,6777347,5
20562,6777347,6777352,5
20563,6777352,6777357,5
20564,6777646,6777651,5
20565,6777651,6777659,8
20566,6777790,6777800,10
20567,6777840,6777849,9
20568,6778386,6778389,3
20569,6778389,6778395,6
20570,6778682,6778688,6
20571,6778688,6778696,8
20572,6779179,6779187,8
20573,6779734,6779739,5
20574,6780252,6780256,4
20575,6780281,6780291,10
20576,6781489,6781493,4
20577,6781493,6781502,9
20578,6781502,6781506,4
20579,6781506,6781510,4
20580,6781510,6781515,5
20581,6781515,6781519,4
20582,6781519,6781523,4
20583,6781566,6781572,6
20584,6781706,6781715,9
20585,6781853,6781861,8
20586,6781958,6781964,6
20587,6782244,6782250,6
20588,6782755,6782760,5
20589,6783042,6783048,6
20590,6783728,6783737,9
20591,6784817,6784821,4
20592,6784821,6784825,4
20593,6785552,6785561,9
20594,6785725,6785732,7
20595,6785732,6785740,8
20596,6785756,6785760,4
20597,6785857,6785862,5
20598,6785862,6785871,9
20599,6786317,6786323,6
20600,6786323,6786332,9
20601,6787074,6787077,3
20602,6787077,6787081,4
20603,6787274,6787282,8
20604,6787413,6787419,6
20605,6787700,6787709,9
20606,6788901,6788907,6
20607,6790014,6790017,3
20608,6790017,6790020,3
20609,6790020,6790026,6
20610,6790038,6790041,3
20611,6790041,6790044,3
20612,6790044,6790047,3
20613,6790047,6790050,3
20614,6790092,6790098,6
20615,6790098,6790104,6
20616,6790104,6790110,6
20617,6790368,6790375,7
20618,6790402,6790409,7
20619,6790409,6790418,9
20620,6790622,6790630,8
20621,6790646,6790653,7
20622,6790983,6790987,4
20623,6790999,6791006,7
20624,6791172,6791178,6
20625,6791200,6791203,3
20626,6793295,6793302,7
20627,6793347,6793353,6
20628,6793353,6793359,6
20629,6793518,6793527,9
20630,6793590,6793595,5
20631,6793680,6793686,6
20632,6793686,6793694,8
20633,6793694,6793698,4
20634,6793698,6793706,8
20635,6793934,6793940,6
20636,6794029,6794036,7
20637,6794381,6794384,3
20638,6794658,6794662,4
20639,6794713,6794718,5
20640,6794893,6794903,10
20641,6795178,6795187,9
20642,6795187,6795196,9
20643,6795196,6795205,9
20644,6795914,6795917,3
20645,6796416,6796422,6
20646,6798197,6798204,7
20647,6798204,6798211,7
20648,6798497,6798504,7
20649,6798933,6798938,5
20650,6798938,6798943,5
20651,6798966,6798973,7
20652,6799094,6799099,5
20653,6799120,6799126,6
20654,6799255,6799260,5
20655,6799295,6799301,6
20656,6799301,6799307,6
20657,6799355,6799364,9
20658,6799364,6799373,9
20659,6799373,6799376,3
20660,6800442,6800449,7
20661,6800518,6800527,9
20662,6800629,6800638,9
20663,6802945,6802954,9
20664,6803152,6803160,8
20665,6803616,6803621,5
20666,6803700,6803707,7
20667,6804455,6804461,6
20668,6804461,6804467,6
20669,6805318,6805321,3
20670,6805559,6805565,6
20671,6805565,6805571,6
20672,6806731,6806739,8
20673,6807677,6807685,8
20674,6807685,6807693,8
20675,6808416,6808419,3
20676,6809385,6809388,3
20677,6809541,6809547,6
20678,6810132,6810140,8
20679,6810186,6810195,9
20680,6810501,6810509,8
20681,6811293,6811302,9
20682,6812145,6812148,3
20683,6812342,6812345,3
20684,6812628,6812636,8
20685,6812876,6812884,8
20686,6812884,6812891,7
20687,6813286,6813293,7
20688,6813293,6813297,4
20689,6813297,6813303,6
20690,6813303,6813311,8
20691,6813430,6813436,6
20692,6813522,6813525,3
20693,6813540,6813544,4
20694,6813544,6813548,4
20695,6813548,6813552,4
20696,6813552,6813556,4
20697,6813556,6813559,3
20698,6813559,6813562,3
20699,6813562,6813565,3
20700,6813565,6813568,3
20701,6813568,6813571,3
20702,6813571,6813579,8
20703,6813579,6813582,3
20704,6814519,6814528,9
20705,6814864,6814869,5
20706,6814945,6814950,5
20707,6815135,6815140,5
20708,6815140,6815146,6
20709,6815460,6815465,5
20710,6815717,6815722,5
20711,6816140,6816144,4
20712,6816144,6816148,4
20713,6816421,6816428,7
20714,6816559,6816568,9
20715,6817149,6817155,6
20716,6817582,6817592,10
20717,6818024,6818027,3
20718,6818627,6818636,9
20719,6818636,6818641,5
20720,6818829,6818835,6
20721,6819084,6819090,6
20722,6819374,6819382,8
20723,6819382,6819385,3
20724,6820082,6820091,9
20725,6820924,6820930,6
20726,6821139,6821148,9
20727,6821565,6821569,4
20728,6822149,6822157,8
20729,6822396,6822403,7
20730,6822459,6822465,6
20731,6824441,6824446,5
20732,6824483,6824490,7
20733,6824490,6824499,9
20734,6825057,6825062,5
20735,6825062,6825071,9
20736,6825762,6825766,4
20737,6826060,6826065,5
20738,6826104,6826107,3
20739,6826785,6826791,6
20740,6826818,6826822,4
20741,6827212,6827220,8
20742,6828095,6828098,3
20743,6828498,6828505,7
20744,6828932,6828936,4
20745,6829020,6829025,5
20746,6829662,6829665,3
20747,6830505,6830511,6
20748,6831125,6831128,3
20749,6831506,6831512,6
20750,6831631,6831639,8
20751,6831928,6831934,6
20752,6831934,6831937,3
20753,6832078,6832081,3
20754,6832339,6832342,3
20755,6832391,6832399,8
20756,6832399,6832406,7
20757,6832406,6832413,7
20758,6832767,6832772,5
20759,6832772,6832778,6
20760,6833114,6833118,4
20761,6833390,6833395,5
20762,6833395,6833404,9
20763,6833404,6833413,9
20764,6833846,6833849,3
20765,6834113,6834119,6
20766,6835561,6835570,9
20767,6836288,6836295,7
20768,6836916,6836919,3
20769,6837158,6837164,6
20770,6837183,6837189,6
20771,6837736,6837745,9
20772,6837769,6837774,5
20773,6837874,6837879,5
20774,6838710,6838717,7
20775,6838717,6838722,5
20776,6838722,6838728,6
20777,6838728,6838736,8
20778,6839949,6839953,4
20779,6839953,6839961,8
20780,6840069,6840072,3
20781,6840713,6840718,5
20782,6841343,6841348,5
20783,6841442,6841451,9
20784,6841623,6841627,4
20785,6841627,6841633,6
20786,6841798,6841806,8
20787,6842713,6842717,4
20788,6842790,6842794,4
20789,6842907,6842919,12
20790,6843047,6843053,6
20791,6843224,6843231,7
20792,6843231,6843238,7
20793,6843238,6843246,8
20794,6843246,6843249,3
20795,6843512,6843521,9
20796,6843521,6843530,9
20797,6843599,6843602,3
20798,6843622,6843629,7
20799,6843629,6843633,4
20800,6843633,6843636,3
20801,6844897,6844906,9
20802,6845110,6845119,9
20803,6845119,6845122,3
20804,6845122,6845128,6
20805,6845751,6845760,9
20806,6846470,6846479,9
20807,6847496,6847504,8
20808,6847800,6847806,6
20809,6847941,6847945,4
20810,6847945,6847951,6
20811,6848247,6848255,8
20812,6848463,6848466,3
20813,6848466,6848475,9
20814,6848942,6848946,4
20815,6849183,6849189,6
20816,6849532,6849539,7
20817,6849992,6850001,9
20818,6850001,6850007,6
20819,6850402,6850410,8
20820,6852043,6852050,7
20821,6852644,6852651,7
20822,6852668,6852677,9
20823,6853946,6853957,11
20824,6853957,6853966,9
20825,6854330,6854334,4
20826,6854430,6854435,5
20827,6855996,6856004,8
20828,6857506,6857509,3
20829,6858186,6858191,5
20830,6859300,6859310,10
20831,6861944,6861950,6
20832,6861950,6861954,4
20833,6861954,6861963,9
20834,6861992,6861999,7
20835,6863423,6863433,10
20836,6864099,6864104,5
20837,6864162,6864170,8
20838,6864170,6864175,5
20839,6864616,6864622,6
20840,6864622,6864628,6
20841,6867811,6867820,9
20842,6867820,6867828,8
20843,6869401,6869409,8
20844,6870944,6870948,4
20845,6870984,6870987,3
20846,6871171,6871178,7
20847,6872777,6872780,3
20848,6873033,6873042,9
20849,6874461,6874465,4
20850,6874644,6874650,6
20851,6874732,6874735,3
20852,6874735,6874738,3
20853,6875153,6875157,4
20854,6875385,6875392,7
20855,6875457,6875463,6
20856,6876012,6876021,9
20857,6876021,6876024,3
20858,6876969,6876975,6
20859,6876975,6876980,5
20860,6877076,6877083,7
20861,6878440,6878444,4
20862,6878557,6878563,6
20863,6879860,6879867,7
20864,6879867,6879876,9
20865,6879887,6879893,6
20866,6879995,6879998,3
20867,6880121,6880124,3
20868,6881056,6881062,6
20869,6881062,6881071,9
20870,6881071,6881077,6
20871,6881177,6881193,16
20872,6881866,6881871,5
20873,6881956,6881963,7
20874,6884688,6884692,4
20875,6884869,6884874,5
20876,6884884,6884887,3
20877,6885629,6885638,9
20878,6887345,6887350,5
20879,6887350,6887356,6
20880,6888138,6888143,5
20881,6888674,6888680,6
20882,6888703,6888709,6
20883,6889286,6889293,7
20884,6890096,6890106,10
20885,6890985,6890990,5
20886,6891519,6891524,5
20887,6891524,6891529,5
20888,6894757,6894760,3
20889,6895299,6895308,9
20890,6895308,6895317,9
20891,6895317,6895326,9
20892,6895856,6895860,4
20893,6896011,6896015,4
20894,6896538,6896544,6
20895,6897374,6897377,3
20896,6897720,6897723,3
20897,6899105,6899114,9
20898,6899556,6899562,6
20899,6899766,6899772,6
20900,6900425,6900436,11
20901,6901042,6901048,6
20902,6901181,6901186,5
20903,6903736,6903742,6
20904,6905897,6905902,5
20905,6905902,6905907,5
20906,6905907,6905912,5
20907,6908942,6908950,8
20908,6909917,6909925,8
20909,6911073,6911078,5
20910,6911304,6911312,8
20911,6911910,6911920,10
20912,6911973,6911980,7
20913,6912717,6912724,7
20914,6912724,6912730,6
20915,6913774,6913777,3
20916,6915734,6915737,3
20917,6916953,6916956,3
20918,6917488,6917494,6
20919,6917512,6917518,6
20920,6918707,6918714,7
20921,6918714,6918721,7
20922,6920185,6920192,7
20923,6920491,6920495,4
20924,6920963,6920970,7
20925,6922501,6922506,5
20926,6923544,6923547,3
20927,6923547,6923553,6
20928,6925645,6925653,8
20929,6926292,6926300,8
20930,6926454,6926459,5
20931,6926459,6926464,5
20932,6926655,6926663,8
20933,6926876,6926897,21
20934,6927090,6927096,6
20935,6927818,6927824,6
20936,6928001,6928005,4
20937,6929544,6929552,8
20938,6929980,6929984,4
20939,6930070,6930076,6
20940,6930975,6930979,4
20941,6931118,6931122,4
20942,6931772,6931781,9
20943,6936822,6936827,5
20944,6936841,6936849,8
20945,6939837,6939840,3
20946,6939929,6939933,4
20947,6939956,6939959,3
20948,6942125,6942128,3
20949,6942427,6942433,6
20950,6942534,6942544,10
20951,6942629,6942637,8
20952,6942637,6942641,4
20953,6947482,6947488,6
20954,6947488,6947494,6
20955,6948484,6948488,4
20956,6949286,6949294,8
20957,6950253,6950259,6
20958,6950893,6950898,5
20959,6951386,6951541,155
20960,6951541,6951696,155
20961,6951696,6951851,155
20962,6952149,6952158,9
20963,6952202,6952236,34
20964,6952786,6952792,6
20965,6953184,6953187,3
20966,6953187,6953302,115
20967,6953384,6953433,49
20968,6953433,6953483,50
20969,6953483,6953545,62
20970,6953545,6953548,3
20971,6953548,6953660,112
20972,6953660,6953742,82
20973,6953742,6953793,51
20974,6953793,6953842,49
20975,6953842,6953904,62
20976,6953904,6953907,3
20977,6953907,6954019,112
20978,6954019,6954101,82
20979,6954101,6954150,49
20980,6954150,6954200,50
20981,6954200,6954262,62
20982,6954262,6954265,3
20983,6954265,6954377,112
20984,6954377,6954459,82
20985,6954459,6954510,51
20986,6954510,6954559,49
20987,6954559,6954621,62
20988,6954621,6954624,3
20989,6954624,6954736,112
20990,6954736,6954818,82
20991,6954818,6954867,49
20992,6954867,6954917,50
20993,6954917,6954979,62
20994,6954979,6954982,3
20995,6955276,6955338,62
20996,6955338,6955341,3
20997,6955341,6955347,6
20998,6955453,6955535,82
20999,6955535,6955584,49
21000,6955584,6955634,50
21001,6955634,6955696,62
21002,6955696,6955699,3
21003,6955699,6955811,112
21004,6955811,6955893,82
21005,6955893,6955942,49
21006,6955942,6955992,50
21007,6955992,6956054,62
21008,6956054,6956057,3
21009,6956057,6956169,112
21010,6956169,6956251,82
21011,6956251,6956300,49
21012,6956300,6956350,50
21013,6956350,6956412,62
21014,6956412,6956415,3
21015,6956415,6956530,115
21016,6956530,6956612,82
21017,6956612,6956661,49
21018,6956661,6956711,50
21019,6956711,6956773,62
21020,6956773,6956776,3
21021,6956888,6956970,82
21022,6956970,6957019,49
21023,6957019,6957069,50
21024,6957069,6957131,62
21025,6957131,6957134,3
21026,6957869,6957873,4
21027,6958959,6958964,5
21028,6958964,6958967,3
21029,6958967,6958972,5
21030,6958972,6958979,7
21031,6960299,6960306,7
21032,6960722,6960729,7
21033,6961096,6961101,5
21034,6962197,6962207,10
21035,6962393,6962396,3
21036,6962882,6962888,6
21037,6963308,6963317,9
21038,6963501,6963509,8
21039,6964151,6964156,5
21040,6965020,6965027,7
21041,6965054,6965059,5
21042,6965059,6965063,4
21043,6965063,6965068,5
21044,6965096,6965105,9
21045,6965451,6965457,6
21046,6965457,6965463,6
21047,6965463,6965469,6
21048,6965564,6965568,4
21049,6966345,6966351,6
21050,6966645,6966650,5
21051,6966888,6966893,5
21052,6967271,6967278,7
21053,6968004,6968012,8
21054,6968086,6968091,5
21055,6968316,6968322,6
21056,6968509,6968515,6
21057,6969819,6969826,7
21058,6970005,6970013,8
21059,6970734,6970743,9
21060,6971991,6971995,4
21061,6971995,6972000,5
21062,6972000,6972009,9
21063,6972439,6972444,5
21064,6973110,6973121,11
21065,6973416,6973421,5
21066,6973445,6973449,4
21067,6973449,6973459,10
21068,6974126,6974133,7
21069,6974379,6974383,4
21070,6974495,6974503,8
21071,6974503,6974509,6
21072,6974998,6975007,9
21073,6975020,6975029,9
21074,6975162,6975167,5
21075,6975216,6975222,6
21076,6975938,6975943,5
21077,6976853,6976862,9
21078,6976862,6976865,3
21079,6977281,6977284,3
21080,6977437,6977443,6
21081,6977597,6977604,7
21082,6977843,6977847,4
21083,6979765,6979768,3
21084,6979903,6979913,10
21085,6979933,6979938,5
21086,6980238,6980247,9
21087,6980725,6980728,3
21088,6981142,6981154,12
21089,6981154,6981163,9
21090,6982327,6982334,7
21091,6982460,6982464,4
21092,6982464,6982468,4
21093,6982532,6982542,10
21094,6982727,6982731,4
21095,6982769,6982776,7
21096,6982776,6982781,5
21097,6984155,6984160,5
21098,6985723,6985730,7
21099,6985742,6985748,6
21100,6985748,6985755,7
21101,6985755,6985762,7
21102,6986230,6986233,3
21103,6986246,6986254,8
21104,6987040,6987044,4
21105,6987223,6987235,12
21106,6987681,6987689,8
21107,6987823,6987827,4
21108,6988447,6988454,7
21109,6988631,6988636,5
21110,6988652,6988658,6
21111,6988658,6988665,7
21112,6989977,6989983,6
21113,6990268,6990273,5
21114,6990273,6990278,5
21115,6990278,6990284,6
21116,6990284,6990287,3
21117,6990814,6990820,6
21118,6990820,6990825,5
21119,6990825,6990832,7
21120,6991164,6991173,9
21121,6991911,6991917,6
21122,6991941,6991945,4
21123,6992485,6992494,9
21124,6992532,6992536,4
21125,6993251,6993263,12
21126,6993458,6993463,5
21127,6993463,6993468,5
21128,6993468,6993473,5
21129,6993504,6993507,3
21130,6993562,6993566,4
21131,6993770,6993775,5
21132,6994396,6994403,7
21133,6994611,6994615,4
21134,6994728,6994732,4
21135,6995051,6995056,5
21136,6995310,6995316,6
21137,6995316,6995326,10
21138,6995541,6995551,10
21139,6995957,6995968,11
21140,6996063,6996072,9
21141,6996072,6996077,5
21142,6996270,6996278,8
21143,6996278,6996285,7
21144,6997040,6997047,7
21145,6998263,6998270,7
21146,6999026,6999031,5
21147,6999700,6999709,9
21148,7000376,7000381,5
21149,7000381,7000389,8
21150,7001169,7001179,10
21151,7001281,7001292,11
21152,7001707,7001713,6
21153,7001730,7001736,6
21154,7001736,7001741,5
21155,7001741,7001747,6
21156,7001825,7001832,7
21157,7001832,7001840,8
21158,7001912,7001915,3
21159,7001915,7001918,3
21160,7002427,7002430,3
21161,7002430,7002435,5
21162,7002435,7002438,3
21163,7002742,7002750,8
21164,7002799,7002802,3
21165,7002802,7002810,8
21166,7002854,7002861,7
21167,7002861,7002868,7
21168,7003131,7003136,5
21169,7003312,7003317,5
21170,7003317,7003321,4
21171,7003454,7003461,7
21172,7004067,7004070,3
21173,7004657,7004663,6
21174,7006479,7006485,6
21175,7006485,7006491,6
21176,7007291,7007299,8
21177,7007299,7007308,9
21178,7008212,7008218,6
21179,7008928,7008936,8
21180,7009018,7009027,9
21181,7009339,7009345,6
21182,7009463,7009466,3
21183,7009466,7009469,3
21184,7009619,7009623,4
21185,7009623,7009633,10
21186,7010013,7010019,6
21187,7010223,7010228,5
21188,7010310,7010316,6
21189,7010316,7010327,11
21190,7011970,7011978,8
21191,7013181,7013186,5
21192,7013434,7013438,4
21193,7014402,7014412,10
21194,7015447,7015458,11
21195,7016018,7016022,4
21196,7016893,7016900,7
21197,7016967,7016972,5
21198,7016994,7017000,6
21199,7017221,7017241,20
21200,7017579,7017599,20
21201,7017876,7017935,59
21202,7017935,7017954,19
21203,7017954,7018152,198
21204,7018152,7018233,81
21205,7018233,7018292,59
21206,7018292,7018311,19
21207,7018311,7018509,198
21208,7018509,7018590,81
21209,7018590,7018649,59
21210,7018649,7018668,19
21211,7018668,7018866,198
21212,7018866,7018947,81
21213,7019108,7019112,4
21214,7019577,7019586,9
21215,7020371,7020376,5
21216,7020858,7020867,9
21217,7020994,7021003,9
21218,7021873,7021879,6
21219,7022329,7022333,4
21220,7023298,7023305,7
21221,7023855,7023965,110
21222,7023965,7024091,126
21223,7024895,7024903,8
21224,7026005,7026012,7
21225,7027050,7027057,7
21226,7027267,7027277,10
21227,7027323,7027328,5
21228,7027328,7027336,8
21229,7027336,7027339,3
21230,7029328,7029333,5
21231,7030682,7030792,110
21232,7030792,7030918,126
21233,7031231,7031237,6
21234,7031703,7031707,4
21235,7031707,7031714,7
21236,7032380,7032390,10
21237,7033005,7033010,5
21238,7033341,7033352,11
21239,7033719,7033724,5
21240,7033823,7033826,3
21241,7034361,7034366,5
21242,7035199,7035206,7
21243,7035760,7035770,10
21244,7035838,7035846,8
21245,7036080,7036085,5
21246,7036894,7036905,11
21247,7036918,7036926,8
21248,7036978,7036982,4
21249,7036982,7036986,4
21250,7037556,7037565,9
21251,7037565,7037572,7
21252,7037917,7037922,5
21253,7038292,7038297,5
21254,7038340,7038344,4
21255,7038940,7038949,9
21256,7039136,7039148,12
21257,7039178,7039185,7
21258,7039185,7039191,6
21259,7039669,7039675,6
21260,7040904,7040911,7
21261,7040911,7040914,3
21262,7041105,7041114,9
21263,7042448,7042451,3
21264,7044637,7044642,5
21265,7044651,7044658,7
21266,7044893,7044903,10
21267,7044903,7044908,5
21268,7045029,7045036,7
21269,7045866,7045870,4
21270,7046019,7046023,4
21271,7046166,7046169,3
21272,7046366,7046370,4
21273,7046370,7046380,10
21274,7046380,7046387,7
21275,7046563,7046572,9
21276,7046631,7046634,3
21277,7046644,7046648,4
21278,7046813,7046819,6
21279,7047371,7047380,9
21280,7050152,7050161,9
21281,7050161,7050170,9
21282,7050227,7050232,5
21283,7050232,7050240,8
21284,7051257,7051263,6
21285,7051819,7051824,5
21286,7052936,7052942,6
21287,7052954,7052957,3
21288,7053070,7053076,6
21289,7053076,7053082,6
21290,7053082,7053088,6
21291,7053606,7053609,3
21292,7053609,7053615,6
21293,7054936,7054942,6
21294,7055586,7055598,12
21295,7055598,7055602,4
21296,7056291,7056295,4
21297,7056520,7056524,4
21298,7056524,7056534,10
21299,7056596,7056604,8
21300,7057283,7057292,9
21301,7057292,7057297,5
21302,7057336,7057340,4
21303,7057340,7057343,3
21304,7057343,7057346,3
21305,7058384,7058389,5
21306,7058536,7058539,3
21307,7058624,7058633,9
21308,7059837,7059844,7
21309,7060077,7060084,7
21310,7060084,7060089,5
21311,7060089,7060095,6
21312,7060370,7060378,8
21313,7060391,7060394,3
21314,7060620,7060624,4
21315,7060943,7060952,9
21316,7060952,7060957,5
21317,7061835,7061841,6
21318,7061987,7061994,7
21319,7061994,7062004,10
21320,7062565,7062575,10
21321,7062824,7062830,6
21322,7062830,7062835,5
21323,7063046,7063050,4
21324,7063954,7063959,5
21325,7064007,7064013,6
21326,7064013,7064016,3
21327,7064192,7064197,5
21328,7064197,7064206,9
21329,7065394,7065398,4
21330,7066633,7066640,7
21331,7067783,7067787,4
21332,7068456,7068462,6
21333,7068462,7068465,3
21334,7068870,7068877,7
21335,7068999,7069006,7
21336,7069148,7069154,6
21337,7069220,7069224,4
21338,7070344,7070350,6
21339,7070350,7070361,11
21340,7070526,7070535,9
21341,7070535,7070544,9
21342,7071322,7071333,11
21343,7071498,7071501,3
21344,7071534,7071537,3
21345,7072213,7072216,3
21346,7072216,7072221,5
21347,7072221,7072226,5
21348,7072226,7072233,7
21349,7072256,7072261,5
21350,7072261,7072268,7
21351,7072793,7072800,7
21352,7073299,7073303,4
21353,7073376,7073382,6
21354,7073692,7073700,8
21355,7073700,7073707,7
21356,7073707,7073710,3
21357,7073791,7073798,7
21358,7074337,7074341,4
21359,7075383,7075390,7
21360,7075444,7075448,4
21361,7076270,7076279,9
21362,7078125,7078133,8
21363,7078133,7078136,3
21364,7078274,7078277,3
21365,7078826,7078830,4
21366,7078913,7078922,9
21367,7078976,7078983,7
21368,7079370,7079374,4
21369,7079602,7079608,6
21370,7079889,7079896,7
21371,7079896,7079904,8
21372,7080106,7080115,9
21373,7080162,7080169,7
21374,7080169,7080177,8
21375,7080561,7080564,3
21376,7080673,7080677,4
21377,7082087,7082095,8
21378,7082325,7082333,8
21379,7082381,7082387,6
21380,7082640,7082644,4
21381,7082748,7082757,9
21382,7083193,7083196,3
21383,7083196,7083203,7
21384,7083329,7083334,5
21385,7083349,7083354,5
21386,7083354,7083362,8
21387,7083487,7083495,8
21388,7084582,7084591,9
21389,7084831,7084839,8
21390,7085306,7085310,4
21391,7085523,7085526,3
21392,7085569,7085573,4
21393,7086060,7086064,4
21394,7086064,7086069,5
21395,7086069,7086074,5
21396,7086147,7086153,6
21397,7086400,7086405,5
21398,7086405,7086412,7
21399,7086750,7086753,3
21400,7086765,7086774,9
21401,7087080,7087083,3
21402,7087665,7087673,8
21403,7087860,7087863,3
21404,7088029,7088037,8
21405,7088457,7088467,10
21406,7088802,7088805,3
21407,7089211,7089215,4
21408,7089215,7089220,5
21409,7089941,7089947,6
21410,7089947,7089956,9
21411,7089956,7089964,8
21412,7090228,7090234,6
21413,7090560,7090568,8
21414,7090659,7090667,8
21415,7091579,7091586,7
21416,7091624,7091630,6
21417,7091833,7091836,3
21418,7091872,7091875,3
21419,7091875,7091881,6
21420,7091881,7091890,9
21421,7092179,7092183,4
21422,7092183,7092187,4
21423,7092448,7092455,7
21424,7092674,7092679,5
21425,7093076,7093083,7
21426,7093083,7093091,8
21427,7093091,7093098,7
21428,7094172,7094179,7
21429,7096263,7096270,7
21430,7096485,7096488,3
21431,7097629,7097634,5
21432,7097835,7097841,6
21433,7098797,7098802,5
21434,7099399,7099405,6
21435,7099832,7099840,8
21436,7100363,7100366,3
21437,7100537,7100542,5
21438,7100574,7100578,4
21439,7100936,7100942,6
21440,7100942,7100947,5
21441,7101083,7101087,4
21442,7101279,7101286,7
21443,7102093,7102105,12
21444,7102134,7102140,6
21445,7102250,7102255,5
21446,7102656,7102664,8
21447,7102698,7102701,3
21448,7102834,7102840,6
21449,7102917,7102923,6
21450,7103265,7103274,9
21451,7103794,7103803,9
21452,7104127,7104133,6
21453,7104415,7104421,6
21454,7105496,7105505,9
21455,7105552,7105558,6
21456,7107481,7107489,8
21457,7107489,7107499,10
21458,7107499,7107508,9
21459,7107520,7107529,9
21460,7107529,7107532,3
21461,7107550,7107553,3
21462,7107553,7107556,3
21463,7107556,7107559,3
21464,7107619,7107627,8
21465,7108151,7108156,5
21466,7108919,7108930,11
21467,7109011,7109016,5
21468,7109556,7109564,8
21469,7109564,7109572,8
21470,7109572,7109582,10
21471,7109726,7109731,5
21472,7111356,7111359,3
21473,7111359,7111367,8
21474,7113186,7113226,40
21475,7113226,7113266,40
21476,7113266,7113271,5
21477,7113527,7113533,6
21478,7113861,7113864,3
21479,7114360,7114366,6
21480,7114566,7114576,10
21481,7116037,7116046,9
21482,7116537,7116558,21
21483,7117567,7117576,9
21484,7119763,7119769,6
21485,7120503,7120515,12
21486,7120846,7120853,7
21487,7121002,7121009,7
21488,7121103,7121109,6
21489,7121194,7121201,7
21490,7121552,7121560,8
21491,7121560,7121568,8
21492,7121568,7121576,8
21493,7121576,7121584,8
21494,7122370,7122374,4
21495,7122911,7122917,6
21496,7122917,7122923,6
21497,7123266,7123270,4
21498,7123270,7123278,8
21499,7123475,7123479,4
21500,7123501,7123508,7
21501,7123902,7123905,3
21502,7123905,7123908,3
21503,7124037,7124046,9
21504,7124046,7124054,8
21505,7124473,7124476,3
21506,7125380,7125396,16
21507,7125396,7125477,81
21508,7125477,7125522,45
21509,7125522,7125543,21
21510,7125543,7125551,8
21511,7125551,7125574,23
21512,7125574,7125625,51
21513,7125625,7125630,5
21514,7125630,7125658,28
21515,7126586,7126674,88
21516,7126674,7126742,68
21517,7126742,7126755,13
21518,7126755,7126785,30
21519,7126785,7126796,11
21520,7126796,7127019,223
21521,7127019,7127049,30
21522,7127049,7127100,51
21523,7127100,7127108,8
21524,7127108,7127288,180
21525,7127288,7127307,19
21526,7127307,7127322,15
21527,7127322,7127367,45
21528,7127367,7127497,130
21529,7127497,7127526,29
21530,7127526,7127547,21
21531,7127547,7127603,56
21532,7127603,7127652,49
21533,7127652,7127658,6
21534,7127658,7127760,102
21535,7127760,7127837,77
21536,7127837,7127972,135
21537,7127972,7127983,11
21538,7127983,7128140,157
21539,7128140,7128188,48
21540,7128188,7128192,4
21541,7128192,7128236,44
21542,7128236,7128329,93
21543,7128329,7128407,78
21544,7128407,7128417,10
21545,7128417,7128456,39
21546,7128456,7128480,24
21547,7128480,7128564,84
21548,7128564,7128575,11
21549,7128575,7128586,11
21550,7128586,7128648,62
21551,7128648,7128681,33
21552,7128681,7128684,3
21553,7128684,7128735,51
21554,7128735,7128741,6
21555,7128741,7128748,7
21556,7128748,7128777,29
21557,7128777,7128792,15
21558,7128792,7128809,17
21559,7128809,7128897,88
21560,7128897,7128911,14
21561,7128911,7128924,13
21562,7128924,7128959,35
21563,7128959,7128966,7
21564,7128966,7129002,36
21565,7129002,7129074,72
21566,7129074,7129139,65
21567,7129139,7129161,22
21568,7129161,7129170,9
21569,7129170,7129293,123
21570,7129293,7129302,9
21571,7129302,7129344,42
21572,7129344,7129356,12
21573,7129356,7129377,21
21574,7129377,7129438,61
21575,7129438,7129457,19
21576,7129457,7129575,118
21577,7129575,7129605,30
21578,7129605,7129662,57
21579,7129662,7129672,10
21580,7129672,7129724,52
21581,7129724,7129743,19
21582,7129743,7129764,21
21583,7129764,7129832,68
21584,7129832,7129862,30
21585,7129862,7129870,8
21586,7129870,7130047,177
21587,7130047,7130069,22
21588,7130069,7130085,16
21589,7130085,7130093,8
21590,7130093,7130108,15
21591,7130108,7130129,21
21592,7130129,7130154,25
21593,7130154,7130205,51
21594,7130205,7130217,12
21595,7130217,7130238,21
21596,7130238,7130252,14
21597,7130252,7130262,10
21598,7130262,7130373,111
21599,7130373,7130376,3
21600,7130376,7130449,73
21601,7130449,7130459,10
21602,7130459,7130507,48
21603,7130507,7130567,60
21604,7130567,7130643,76
21605,7130643,7130668,25
21606,7130668,7130780,112
21607,7130780,7130819,39
21608,7130819,7130936,117
21609,7130936,7130967,31
21610,7130967,7131028,61
21611,7131087,7131124,37
21612,7131124,7131204,80
21613,7131204,7131242,38
21614,7131242,7131269,27
21615,7131269,7131273,4
21616,7131540,7131561,21
21617,7131561,7131594,33
21618,7131594,7131702,108
21619,7131702,7131724,22
21620,7131724,7131765,41
21621,7131765,7131768,3
21622,7131768,7131794,26
21623,7131794,7131805,11
21624,7131805,7131923,118
21625,7131923,7131990,67
21626,7131990,7132003,13
21627,7132059,7132067,8
21628,7132067,7132110,43
21629,7132215,7132268,53
21630,7132268,7132279,11
21631,7132279,7132347,68
21632,7132347,7132353,6
21633,7132353,7132356,3
21634,7132356,7132395,39
21635,7132395,7132413,18
21636,7132413,7132446,33
21637,7132446,7132482,36
21638,7132482,7132586,104
21639,7132586,7132610,24
21640,7132610,7132655,45
21641,7132655,7132659,4
21642,7132659,7132833,174
21643,7132833,7132841,8
21644,7132841,7132923,82
21645,7132923,7132928,5
21646,7132928,7132976,48
21647,7132976,7132980,4
21648,7132980,7133082,102
21649,7133082,7133096,14
21650,7133096,7133115,19
21651,7133115,7133262,147
21652,7133262,7133319,57
21653,7133319,7133411,92
21654,7133411,7133421,10
21655,7133421,7133467,46
21656,7133467,7133517,50
21657,7133517,7133551,34
21658,7133551,7133576,25
21659,7134053,7134069,16
21660,7134069,7134150,81
21661,7134150,7134195,45
21662,7134195,7134216,21
21663,7134216,7134224,8
21664,7134224,7134247,23
21665,7134247,7134298,51
21666,7134298,7134303,5
21667,7134303,7134331,28
21668,7134476,7134487,11
21669,7134502,7134506,4
21670,7134506,7134517,11
21671,7134517,7134521,4
21672,7134521,7134532,11
21673,7134532,7134536,4
21674,7135615,7135623,8
21675,7136073,7136079,6
21676,7136191,7136201,10
21677,7137852,7137861,9
21678,7138080,7138088,8
21679,7138104,7138111,7
21680,7138783,7138786,3
21681,7138786,7138792,6
21682,7140832,7140836,4
21683,7140836,7140842,6
21684,7140866,7140871,5
21685,7141512,7141519,7
21686,7141519,7141526,7
21687,7142652,7142659,7
21688,7144231,7144241,10
21689,7144254,7144261,7
21690,7145064,7145070,6
21691,7145131,7145143,12
21692,7145143,7145149,6
21693,7146428,7146433,5
21694,7147146,7147149,3
21695,7147149,7147156,7
21696,7147203,7147206,3
21697,7147206,7147209,3
21698,7147375,7147378,3
21699,7147883,7147889,6
21700,7147889,7147892,3
21701,7148354,7148359,5
21702,7148538,7148542,4
21703,7148542,7148550,8
21704,7149305,7149311,6
21705,7149311,7149317,6
21706,7150125,7150134,9
21707,7150399,7150407,8
21708,7150741,7150746,5
21709,7150790,7150796,6
21710,7152078,7152083,5
21711,7152095,7152101,6
21712,7152101,7152109,8
21713,7152134,7152140,6
21714,7152140,7152146,6
21715,7152692,7152697,5
21716,7152952,7152956,4
21717,7154794,7154798,4
21718,7155254,7155261,7
21719,7155684,7155691,7
21720,7155892,7155896,4
21721,7155978,7155982,4
21722,7156050,7156055,5
21723,7156271,7156280,9
21724,7156432,7156439,7
21725,7156506,7156513,7
21726,7156672,7156694,22
21727,7157264,7157274,10
21728,7161261,7161267,6
21729,7161425,7161431,6
21730,7161483,7161489,6
21731,7162995,7163000,5
21732,7163615,7163624,9
21733,7164902,7164905,3
21734,7165462,7165465,3
21735,7166020,7166028,8
21736,7167049,7167053,4
21737,7167053,7167057,4
21738,7167057,7167063,6
21739,7168386,7168391,5
21740,7168391,7168396,5
21741,7168396,7168401,5
21742,7168401,7168406,5
21743,7168699,7168705,6
21744,7169090,7169102,12
21745,7169527,7169534,7
21746,7170136,7170144,8
21747,7170165,7170169,4
21748,7170169,7170173,4
21749,7170265,7170269,4
21750,7170952,7170957,5
21751,7170991,7170997,6
21752,7170997,7171000,3
21753,7171000,7171006,6
21754,7171057,7171061,4
21755,7171158,7171163,5
21756,7171245,7171254,9
21757,7171254,7171262,8
21758,7171262,7171271,9
21759,7171271,7171276,5
21760,7171276,7171282,6
21761,7171296,7171300,4
21762,7171300,7171306,6
21763,7171321,7171328,7
21764,7172813,7172819,6
21765,7173121,7173128,7
21766,7173128,7173134,6
21767,7173480,7173488,8
21768,7173708,7173711,3
21769,7173782,7173788,6
21770,7173788,7173794,6
21771,7174651,7174659,8
21772,7174841,7174846,5
21773,7174846,7174852,6
21774,7175318,7175322,4
21775,7175620,7175624,4
21776,7175638,7175642,4
21777,7175797,7175800,3
21778,7176699,7176703,4
21779,7177886,7177898,12
21780,7177898,7177904,6
21781,7177904,7177910,6
21782,7178364,7178371,7
21783,7178371,7178374,3
21784,7178511,7178516,5
21785,7179043,7179053,10
21786,7179053,7179063,10
21787,7179063,7179073,10
21788,7179191,7179198,7
21789,7179198,7179208,10
21790,7181490,7181498,8
21791,7182590,7182598,8
21792,7182598,7182601,3
21793,7182875,7182881,6
21794,7182881,7182887,6
21795,7183041,7183049,8
21796,7183729,7183736,7
21797,7183923,7183929,6
21798,7184280,7184283,3
21799,7186090,7186095,5
21800,7186689,7186699,10
21801,7186764,7186770,6
21802,7186770,7186776,6
21803,7186804,7186812,8
21804,7187271,7187277,6
21805,7188178,7188184,6
21806,7188602,7188610,8
21807,7189292,7189301,9
21808,7189589,7189596,7
21809,7189643,7189650,7
21810,7190417,7190422,5
21811,7191329,7191335,6
21812,7191807,7191815,8
21813,7192224,7192232,8
21814,7192479,7192482,3
21815,7192482,7192486,4
21816,7192486,7192493,7
21817,7192549,7192557,8
21818,7192557,7192565,8
21819,7192565,7192573,8
21820,7192573,7192581,8
21821,7192581,7192589,8
21822,7192589,7192597,8
21823,7193074,7193079,5
21824,7193079,7193084,5
21825,7193342,7193345,3
21826,7193479,7193488,9
21827,7195275,7195284,9
21828,7197995,7198004,9
21829,7198069,7198078,9
21830,7200206,7200214,8
21831,7201671,7201674,3
21832,7202749,7202755,6
21833,7202755,7202762,7
21834,7202762,7202769,7
21835,7202769,7202776,7
21836,7202848,7202854,6
21837,7202854,7202860,6
21838,7202888,7202891,3
21839,7202919,7202922,3
21840,7202992,7202996,4
21841,7202996,7203000,4
21842,7203000,7203004,4
21843,7203004,7203012,8
21844,7203081,7203088,7
21845,7203331,7203335,4
21846,7203518,7203527,9
21847,7204030,7204037,7
21848,7205192,7205199,7
21849,7205199,7205205,6
21850,7205205,7205213,8
21851,7205904,7205910,6
21852,7206628,7206637,9
21853,7206696,7206699,3
21854,7207313,7207320,7
21855,7207320,7207327,7
21856,7208608,7208617,9
21857,7209111,7209119,8
21858,7209282,7209286,4
21859,7210178,7210184,6
21860,7210184,7210190,6
21861,7210556,7210562,6
21862,7210778,7210782,4
21863,7210794,7210798,4
21864,7210798,7210802,4
21865,7210802,7210806,4
21866,7210926,7210933,7
21867,7212006,7212010,4
21868,7212897,7212900,3
21869,7213245,7213248,3
21870,7213248,7213273,25
21871,7213964,7213972,8
21872,7214863,7214867,4
21873,7217160,7217168,8
21874,7218159,7218166,7
21875,7218166,7218173,7
21876,7218173,7218180,7
21877,7218180,7218187,7
21878,7218187,7218194,7
21879,7218689,7218699,10
21880,7219005,7219016,11
21881,7219059,7219065,6
21882,7219065,7219071,6
21883,7219088,7219092,4
21884,7219092,7219098,6
21885,7219098,7219104,6
21886,7219115,7219124,9
21887,7219300,7219308,8
21888,7219559,7219565,6
21889,7220846,7220853,7
21890,7220876,7220881,5
21891,7221172,7221175,3
21892,7221524,7221531,7
21893,7222123,7222129,6
21894,7222466,7222469,3
21895,7222857,7222860,3
21896,7223100,7223104,4
21897,7225063,7225070,7
21898,7225070,7225078,8
21899,7226511,7226517,6
21900,7226951,7226961,10
21901,7226961,7226968,7
21902,7229452,7229457,5
21903,7231408,7231411,3
21904,7231411,7231420,9
21905,7231444,7231448,4
21906,7232526,7232530,4
21907,7232696,7232703,7
21908,7233135,7233138,3
21909,7233138,7233141,3
21910,7233141,7233147,6
21911,7233147,7233155,8
21912,7233359,7233364,5
21913,7233364,7233367,3
21914,7233771,7233774,3
21915,7234255,7234263,8
21916,7234430,7234438,8
21917,7234438,7234446,8
21918,7234446,7234452,6
21919,7234452,7234458,6
21920,7234476,7234484,8
21921,7235791,7235798,7
21922,7235987,7235994,7
21923,7235994,7236002,8
21924,7236002,7236008,6
21925,7236008,7236014,6
21926,7238089,7238093,4
21927,7238573,7238576,3
21928,7238696,7238702,6
21929,7238702,7238708,6
21930,7238708,7238714,6
21931,7238726,7238735,9
21932,7239184,7239190,6
21933,7240885,7240891,6
21934,7242802,7242810,8
21935,7242846,7242849,3
21936,7243185,7243188,3
21937,7243188,7243212,24
21938,7243520,7243523,3
21939,7243523,7243548,25
21940,7244318,7244321,3
21941,7245188,7245197,9
21942,7245327,7245336,9
21943,7247138,7247142,4
21944,7247397,7247407,10
21945,7247735,7247738,3
21946,7247738,7247741,3
21947,7247741,7247744,3
21948,7247744,7247750,6
21949,7247967,7247975,8
21950,7248299,7248306,7
21951,7248919,7248925,6
21952,7248925,7248931,6
21953,7248931,7248939,8
21954,7250279,7250288,9
21955,7250288,7250297,9
21956,7251334,7251342,8
21957,7252686,7252691,5
21958,7253441,7253445,4
21959,7253611,7253614,3
21960,7253969,7253975,6
21961,7253975,7253982,7
21962,7254256,7254260,4
21963,7254500,7254504,4
21964,7255018,7255022,4
21965,7256254,7256259,5
21966,7256498,7256504,6
21967,7256504,7256508,4
21968,7257407,7257416,9
21969,7257416,7257422,6
21970,7257444,7257450,6
21971,7257525,7257533,8
21972,7258095,7258105,10
21973,7258825,7258831,6
21974,7258930,7258937,7
21975,7258937,7258941,4
21976,7260768,7260775,7
21977,7261329,7261334,5
21978,7261411,7261418,7
21979,7262019,7262026,7
21980,7262492,7262500,8
21981,7262540,7262548,8
21982,7263434,7263441,7
21983,7263940,7263945,5
21984,7264510,7264514,4
21985,7266052,7266059,7
21986,7267316,7267322,6
21987,7267622,7267631,9
21988,7268773,7268780,7
21989,7269455,7269464,9
21990,7271314,7271317,3
21991,7271836,7271843,7
21992,7272051,7272059,8
21993,7272995,7273004,9
21994,7273224,7273227,3
21995,7273227,7273231,4
21996,7273300,7273306,6
21997,7273489,7273495,6
21998,7273495,7273499,4
21999,7274414,7274419,5
22000,7274447,7274451,4
22001,7274451,7274458,7
22002,7275049,7275053,4
22003,7275251,7275257,6
22004,7275257,7275264,7
22005,7275264,7275269,5
22006,7275269,7275272,3
22007,7275340,7275347,7
22008,7275702,7275705,3
22009,7276186,7276195,9
22010,7277228,7277237,9
22011,7277801,7277810,9
22012,7278290,7278298,8
22013,7278298,7278306,8
22014,7278306,7278314,8
22015,7280562,7280565,3
22016,7281173,7281179,6
22017,7281287,7281298,11
22018,7281331,7281334,3
22019,7281428,7281436,8
22020,7281920,7281926,6
22021,7283144,7283153,9
22022,7283218,7283221,3
22023,7284162,7284170,8
22024,7285175,7285182,7
22025,7285254,7285262,8
22026,7285272,7285278,6
22027,7285278,7285285,7
22028,7288284,7288287,3
22029,7288542,7288546,4
22030,7288546,7288556,10
22031,7288983,7288988,5
22032,7288988,7288993,5
22033,7291282,7291286,4
22034,7291286,7291293,7
22035,7291293,7291296,3
22036,7292012,7292022,10
22037,7292087,7292095,8
22038,7292937,7292941,4
22039,7293661,7293664,3
22040,7294602,7294608,6
22041,7294608,7294615,7
22042,7295329,7295339,10
22043,7295821,7295826,5
22044,7295826,7295836,10
22045,7296184,7296192,8
22046,7296192,7296196,4
22047,7296196,7296200,4
22048,7296200,7296204,4
22049,7296204,7296212,8
22050,7296212,7296216,4
22051,7296216,7296224,8
22052,7296224,7296228,4
22053,7296430,7296436,6
22054,7296828,7296835,7
22055,7296852,7296855,3
22056,7297666,7297669,3
22057,7297669,7297672,3
22058,7297716,7297723,7
22059,7297891,7297895,4
22060,7298111,7298119,8
22061,7299275,7299279,4
22062,7299279,7299283,4
22063,7299460,7299470,10
22064,7299495,7299500,5
22065,7301596,7301601,5
22066,7301601,7301606,5
22067,7302480,7302488,8
22068,7302906,7302915,9
22069,7304060,7304064,4
22070,7304143,7304149,6
22071,7304149,7304156,7
22072,7304610,7304618,8
22073,7304618,7304621,3
22074,7304949,7304956,7
22075,7305191,7305199,8
22076,7308658,7308664,6
22077,7309710,7309720,10
22078,7309720,7309725,5
22079,7309873,7309876,3
22080,7309876,7309888,12
22081,7309924,7309930,6
22082,7309987,7309990,3
22083,7311777,7311786,9
22084,7311879,7311888,9
22085,7312369,7312374,5
22086,7312374,7312379,5
22087,7312379,7312384,5
22088,7312751,7312756,5
22089,7313243,7313246,3
22090,7313554,7313560,6
22091,7313851,7313858,7
22092,7313912,7313921,9
22093,7313921,7313928,7
22094,7314232,7314239,7
22095,7314522,7314526,4
22096,7314546,7314554,8
22097,7314648,7314657,9
22098,7314782,7314788,6
22099,7314947,7314959,12
22100,7315714,7315717,3
22101,7315932,7315938,6
22102,7316122,7316129,7
22103,7316276,7316284,8
22104,7316320,7316325,5
22105,7316538,7316545,7
22106,7317359,7317368,9
22107,7317368,7317375,7
22108,7317604,7317609,5
22109,7318450,7318454,4
22110,7318454,7318457,3
22111,7320031,7320043,12
22112,7320092,7320101,9
22113,7320101,7320105,4
22114,7320268,7320277,9
22115,7321877,7321887,10
22116,7322158,7322164,6
22117,7322972,7322981,9
22118,7323092,7323097,5
22119,7323239,7323248,9
22120,7323553,7323563,10
22121,7323726,7323733,7
22122,7323765,7323774,9
22123,7324018,7324030,12
22124,7324195,7324201,6
22125,7324335,7324340,5
22126,7324340,7324345,5
22127,7325751,7325756,5
22128,7326377,7326386,9
22129,7326398,7326408,10
22130,7327573,7327580,7
22131,7327580,7327585,5
22132,7327585,7327594,9
22133,7327594,7327602,8
22134,7328196,7328199,3
22135,7328473,7328477,4
22136,7329410,7329415,5
22137,7329708,7329712,4
22138,7330035,7330040,5
22139,7330040,7330047,7
22140,7330344,7330349,5
22141,7330349,7330353,4
22142,7330397,7330407,10
22143,7330598,7330602,4
22144,7330652,7330660,8
22145,7331056,7331062,6
22146,7331062,7331068,6
22147,7331068,7331074,6
22148,7331074,7331079,5
22149,7332440,7332449,9
22150,7332830,7332834,4
22151,7333098,7333108,10
22152,7334347,7334352,5
22153,7334352,7334357,5
22154,7334357,7334362,5
22155,7334832,7334837,5
22156,7334976,7334983,7
22157,7335979,7335985,6
22158,7338428,7338431,3
22159,7339023,7339032,9
22160,7339420,7339427,7
22161,7340223,7340232,9
22162,7340444,7340450,6
22163,7340462,7340465,3
22164,7340946,7340954,8
22165,7341350,7341355,5
22166,7342356,7342365,9
22167,7342365,7342372,7
22168,7342758,7342766,8
22169,7342858,7342869,11
22170,7343038,7343045,7
22171,7347131,7347136,5
22172,7347308,7347318,10
22173,7347318,7347328,10
22174,7349817,7349829,12
22175,7349873,7349880,7
22176,7350636,7350640,4
22177,7351253,7351261,8
22178,7352629,7352636,7
22179,7353770,7353775,5
22180,7353899,7353907,8
22181,7354655,7354661,6
22182,7354885,7354894,9
22183,7355369,7355373,4
22184,7355446,7355451,5
22185,7357681,7357684,3
22186,7357684,7357687,3
22187,7357951,7357955,4
22188,7359198,7359202,4
22189,7359313,7359320,7
22190,7359936,7359942,6
22191,7359999,7360006,7
22192,7360486,7360489,3
22193,7361081,7361090,9
22194,7361476,7361484,8
22195,7364382,7364389,7
22196,7364850,7364856,6
22197,7365408,7365414,6
22198,7365718,7365726,8
22199,7365835,7365843,8
22200,7366797,7366802,5
22201,7366898,7366902,4
22202,7368632,7368636,4
22203,7368636,7368643,7
22204,7368807,7368817,10
22205,7370181,7370184,3
22206,7370184,7370187,3
22207,7370455,7370459,4
22208,7371717,7371725,8
22209,7371902,7371909,7
22210,7373704,7373711,7
22211,7373711,7373718,7
22212,7373718,7373725,7
22213,7374057,7374062,5
22214,7374561,7374570,9
22215,7377823,7377826,3
22216,7377826,7377829,3
22217,7378013,7378023,10
22218,7378023,7378027,4
22219,7378628,7378634,6
22220,7378843,7378850,7
22221,7380151,7380161,10
22222,7380468,7380474,6
22223,7381496,7381502,6
22224,7382844,7382853,9
22225,7382915,7382925,10
22226,7383837,7383844,7
22227,7384827,7384836,9
22228,7386428,7386435,7
22229,7387568,7387574,6
22230,7388671,7388674,3
22231,7389299,7389304,5
22232,7390302,7390309,7
22233,7390309,7390318,9
22234,7390318,7390330,12
22235,7390819,7390824,5
22236,7391019,7391024,5
22237,7391097,7391105,8
22238,7392139,7392149,10
22239,7392261,7392266,5
22240,7394224,7394230,6
22241,7394230,7394236,6
22242,7394236,7394242,6
22243,7394242,7394248,6
22244,7394248,7394254,6
22245,7394493,7394498,5
22246,7395136,7395141,5
22247,7396778,7396785,7
22248,7397343,7397350,7
22249,7398510,7398517,7
22250,7398681,7398687,6
22251,7398687,7398693,6
22252,7398693,7398699,6
22253,7399507,7399512,5
22254,7399863,7399872,9
22255,7399954,7399962,8
22256,7400121,7400128,7
22257,7400920,7400930,10
22258,7401869,7401876,7
22259,7401959,7401966,7
22260,7402141,7402146,5
22261,7402317,7402327,10
22262,7402888,7402894,6
22263,7404272,7404277,5
22264,7404277,7404284,7
22265,7404784,7404792,8
22266,7404792,7404800,8
22267,7404927,7404935,8
22268,7405155,7405159,4
22269,7407404,7407412,8
22270,7407755,7407763,8
22271,7410169,7410175,6
22272,7411261,7411267,6
22273,7414720,7414729,9
22274,7415382,7415388,6
22275,7415388,7415394,6
22276,7415549,7415552,3
22277,7416749,7416755,6
22278,7416964,7416969,5
22279,7417187,7417198,11
22280,7417352,7417355,3
22281,7418626,7418635,9
22282,7418764,7418772,8
22283,7418924,7418930,6
22284,7419192,7419197,5
22285,7419652,7419655,3
22286,7419655,7419659,4
22287,7419659,7419662,3
22288,7420490,7420498,8
22289,7420524,7420532,8
22290,7420574,7420577,3
22291,7420577,7420585,8
22292,7421390,7421396,6
22293,7421463,7421470,7
22294,7421470,7421477,7
22295,7422516,7422519,3
22296,7424347,7424354,7
22297,7424500,7424508,8
22298,7424689,7424692,3
22299,7424718,7424724,6
22300,7425183,7425190,7
22301,7425265,7425270,5
22302,7425270,7425274,4
22303,7425554,7425557,3
22304,7426354,7426361,7
22305,7426764,7426773,9
22306,7427421,7427429,8
22307,7427429,7427437,8
22308,7427802,7427808,6
22309,7428099,7428103,4
22310,7430013,7430020,7
22311,7430344,7430351,7
22312,7430740,7430748,8
22313,7431245,7431253,8
22314,7431880,7431886,6
22315,7436179,7436187,8
22316,7437653,7437659,6
22317,7438115,7438119,4
22318,7438945,7438954,9
22319,7441818,7441821,3
22320,7441821,7441845,24
22321,7442172,7442175,3
22322,7443060,7443064,4
22323,7443264,7443275,11
22324,7443650,7443656,6
22325,7443915,7443922,7
22326,7444104,7444107,3
22327,7445753,7445758,5
22328,7448924,7448929,5
22329,7449703,7449708,5
22330,7449708,7449717,9
22331,7450663,7450672,9
22332,7451414,7451419,5
22333,7451419,7451426,7
22334,7451426,7451435,9
22335,7451435,7451438,3
22336,7452893,7452897,4
22337,7453257,7453262,5
22338,7453920,7453926,6
22339,7455979,7455986,7
22340,7455986,7455993,7
22341,7455993,7455999,6
22342,7455999,7456003,4
22343,7456003,7456012,9
22344,7456169,7456175,6
22345,7460123,7460131,8
22346,7463192,7463198,6
22347,7463198,7463204,6
22348,7464164,7464172,8
22349,7464389,7464392,3
22350,7465678,7465684,6
22351,7466337,7466347,10
22352,7468236,7468240,4
22353,7468240,7468243,3
22354,7468243,7468250,7
22355,7468445,7468452,7
22356,7468452,7468458,6
22357,7469564,7469567,3
22358,7470058,7470063,5
22359,7471219,7471228,9
22360,7471336,7471346,10
22361,7471346,7471355,9
22362,7471355,7471360,5
22363,7471360,7471370,10
22364,7473830,7473837,7
22365,7475056,7475066,10
22366,7475217,7475224,7
22367,7478201,7478210,9
22368,7478523,7478532,9
22369,7479571,7479577,6
22370,7480093,7480096,3
22371,7480490,7480498,8
22372,7480861,7480864,3
22373,7480864,7480880,16
22374,7480880,7480916,36
22375,7480916,7480970,54
22376,7480970,7480989,19
22377,7480989,7481011,22
22378,7481011,7481039,28
22379,7481039,7481228,189
22380,7481228,7481276,48
22381,7481276,7481339,63
22382,7481339,7481345,6
22383,7481522,7481581,59
22384,7481581,7481591,10
22385,7481672,7481747,75
22386,7481918,7481922,4
22387,7481922,7481925,3
22388,7482227,7482255,28
22389,7482255,7482269,14
22390,7482652,7482662,10
22391,7482804,7482811,7
22392,7483715,7483723,8
22393,7484002,7484011,9
22394,7484109,7484116,7
22395,7485744,7485748,4
22396,7486082,7486089,7
22397,7487889,7487892,3
22398,7487892,7487895,3
22399,7487895,7487898,3
22400,7487898,7487901,3
22401,7489173,7489179,6
22402,7489508,7489516,8
22403,7490600,7490603,3
22404,7490748,7490753,5
22405,7490893,7490898,5
22406,7490898,7490903,5
22407,7491347,7491353,6
22408,7491353,7491362,9
22409,7491362,7491370,8
22410,7492324,7492332,8
22411,7492467,7492470,3
22412,7493598,7493601,3
22413,7494407,7494414,7
22414,7494414,7494497,83
22415,7494497,7494508,11
22416,7494508,7494551,43
22417,7494551,7494617,66
22418,7494617,7494682,65
22419,7494923,7494942,19
22420,7494942,7495034,92
22421,7495260,7495345,85
22422,7495345,7495379,34
22423,7496944,7496950,6
22424,7497269,7497277,8
22425,7497642,7497645,3
22426,7498102,7498107,5
22427,7498107,7498113,6
22428,7499409,7499413,4
22429,7500017,7500024,7
22430,7500098,7500105,7
22431,7500115,7500118,3
22432,7500311,7500394,83
22433,7500394,7500405,11
22434,7500405,7500448,43
22435,7500448,7500514,66
22436,7500514,7500579,65
22437,7500820,7500839,19
22438,7500839,7500931,92
22439,7501157,7501242,85
22440,7501242,7501276,34
22441,7501939,7501948,9
22442,7501948,7501953,5
22443,7502833,7502841,8
22444,7503213,7503221,8
22445,7503738,7503741,3
22446,7503741,7503749,8
22447,7503749,7503757,8
22448,7503781,7503788,7
22449,7503788,7503791,3
22450,7504196,7504205,9
22451,7505902,7505910,8
22452,7506012,7506021,9
22453,7506426,7506430,4
22454,7506750,7506753,3
22455,7506753,7506756,3
22456,7506833,7506836,3
22457,7507518,7507522,4
22458,7508132,7508138,6
22459,7508138,7508145,7
22460,7508366,7508375,9
22461,7508375,7508384,9
22462,7508384,7508391,7
22463,7509013,7509021,8
22464,7509417,7509426,9
22465,7509495,7509500,5
22466,7510836,7510842,6
22467,7511272,7511279,7
22468,7511961,7511969,8
22469,7511994,7511998,4
22470,7512221,7512225,4
22471,7512498,7512503,5
22472,7512713,7512720,7
22473,7512983,7512987,4
22474,7512987,7512992,5
22475,7513394,7513403,9
22476,7515216,7515221,5
22477,7516506,7516511,5
22478,7517259,7517266,7
22479,7518779,7518784,5
22480,7518973,7518980,7
22481,7520383,7520388,5
22482,7520459,7520466,7
22483,7522148,7522151,3
22484,7523081,7523085,4
22485,7524243,7524251,8
22486,7524496,7524503,7
22487,7524885,7524895,10
22488,7524946,7524952,6
22489,7524952,7524957,5
22490,7527191,7527202,11
22491,7527372,7527378,6
22492,7527378,7527383,5
22493,7527383,7527390,7
22494,7527659,7527668,9
22495,7528404,7528409,5
22496,7528608,7528614,6
22497,7529018,7529021,3
22498,7529429,7529438,9
22499,7529763,7529767,4
22500,7529781,7529785,4
22501,7530052,7530058,6
22502,7530058,7530061,3
22503,7530150,7530155,5
22504,7530155,7530161,6
22505,7530273,7530280,7
22506,7530420,7530428,8
22507,7530546,7530557,11
22508,7530648,7530654,6
22509,7530665,7530670,5
22510,7530840,7530848,8
22511,7530848,7530856,8
22512,7530856,7530864,8
22513,7530864,7530872,8
22514,7530888,7530895,7
22515,7530895,7530902,7
22516,7530902,7530910,8
22517,7530910,7530916,6
22518,7530964,7530972,8
22519,7531273,7531279,6
22520,7531338,7531342,4
22521,7531342,7531349,7
22522,7531349,7531356,7
22523,7533273,7533282,9
22524,7534124,7534130,6
22525,7534712,7534719,7
22526,7534719,7534726,7
22527,7534726,7534733,7
22528,7534733,7534740,7
22529,7535321,7535327,6
22530,7535341,7535347,6
22531,7535617,7535621,4
22532,7535621,7535625,4
22533,7535682,7535686,4
22534,7535940,7535946,6
22535,7536110,7536117,7
22536,7536376,7536386,10
22537,7536671,7536675,4
22538,7537152,7537157,5
22539,7537211,7537215,4
22540,7537781,7537789,8
22541,7537789,7537795,6
22542,7537795,7537807,12
22543,7537807,7537813,6
22544,7538172,7538182,10
22545,7538284,7538291,7
22546,7538766,7538772,6
22547,7539628,7539635,7
22548,7540247,7540252,5
22549,7540444,7540447,3
22550,7540447,7540454,7
22551,7540476,7540483,7
22552,7540483,7540492,9
22553,7540492,7540497,5
22554,7540497,7540504,7
22555,7540595,7540601,6
22556,7540601,7540607,6
22557,7540607,7540617,10
22558,7541179,7541188,9
22559,7541188,7541197,9
22560,7541197,7541203,6
22561,7542285,7542292,7
22562,7542463,7542474,11
22563,7542689,7542697,8
22564,7542864,7542869,5
22565,7543215,7543222,7
22566,7543986,7543991,5
22567,7544064,7544072,8
22568,7544420,7544427,7
22569,7544640,7544648,8
22570,7544885,7544894,9
22571,7545087,7545090,3
22572,7546781,7546787,6
22573,7546809,7546816,7
22574,7547856,7547866,10
22575,7548796,7548801,5
22576,7550364,7550378,14
22577,7550470,7550473,3
22578,7551392,7551400,8
22579,7552107,7552111,4
22580,7552301,7552307,6
22581,7553238,7553241,3
22582,7553686,7553693,7
22583,7554094,7554102,8
22584,7554317,7554324,7
22585,7555045,7555053,8
22586,7555270,7555275,5
22587,7555651,7555655,4
22588,7555747,7555752,5
22589,7556254,7556263,9
22590,7556346,7556349,3
22591,7557304,7557310,6
22592,7558941,7558948,7
22593,7559376,7559381,5
22594,7559381,7559386,5
22595,7559386,7559391,5
22596,7559532,7559538,6
22597,7559538,7559544,6
22598,7559572,7559583,11
22599,7559661,7559667,6
22600,7559957,7559963,6
22601,7559963,7559969,6
22602,7560150,7560155,5
22603,7560401,7560408,7
22604,7560598,7560601,3
22605,7560601,7560604,3
22606,7560604,7560610,6
22607,7561055,7561060,5
22608,7561250,7561253,3
22609,7561364,7561372,8
22610,7561529,7561537,8
22611,7561648,7561653,5
22612,7561653,7561662,9
22613,7561680,7561690,10
22614,7561690,7561699,9
22615,7562038,7562043,5
22616,7562219,7562226,7
22617,7563606,7563611,5
22618,7563771,7563778,7
22619,7563958,7563961,3
22620,7563961,7563964,3
22621,7564545,7564548,3
22622,7566504,7566507,3
22623,7566507,7566510,3
22624,7566510,7566513,3
22625,7566965,7566974,9
22626,7567199,7567202,3
22627,7567202,7567206,4
22628,7567389,7567400,11
22629,7567595,7567599,4
22630,7567626,7567632,6
22631,7568228,7568235,7
22632,7568655,7568661,6
22633,7569225,7569229,4
22634,7569229,7569239,10
22635,7569341,7569350,9
22636,7569499,7569504,5
22637,7569504,7569509,5
22638,7569509,7569519,10
22639,7569519,7569529,10
22640,7569550,7569554,4
22641,7569554,7569558,4
22642,7569558,7569566,8
22643,7570060,7570064,4
22644,7570064,7570072,8
22645,7570697,7570704,7
22646,7571030,7571037,7
22647,7571560,7571563,3
22648,7571748,7571752,4
22649,7573366,7573370,4
22650,7574150,7574157,7
22651,7574417,7574425,8
22652,7574840,7574843,3
22653,7575248,7575254,6
22654,7575254,7575260,6
22655,7575627,7575631,4
22656,7575760,7575770,10
22657,7576117,7576124,7
22658,7576148,7576151,3
22659,7576339,7576345,6
22660,7576437,7576443,6
22661,7576664,7576667,3
22662,7576850,7576857,7
22663,7576857,7576866,9
22664,7576866,7576873,7
22665,7577910,7577913,3
22666,7578967,7578973,6
22667,7579061,7579067,6
22668,7579067,7579073,6
22669,7579088,7579094,6
22670,7579094,7579097,3
22671,7579342,7579348,6
22672,7579348,7579354,6
22673,7579354,7579357,3
22674,7580104,7580112,8
22675,7581783,7581789,6
22676,7581801,7581809,8
22677,7581809,7581817,8
22678,7582337,7582343,6
22679,7582343,7582355,12
22680,7582368,7582376,8
22681,7582376,7582384,8
22682,7582384,7582392,8
22683,7582392,7582400,8
22684,7582400,7582408,8
22685,7582425,7582434,9
22686,7583076,7583085,9
22687,7583514,7583520,6
22688,7583520,7583526,6
22689,7583526,7583533,7
22690,7584862,7584865,3
22691,7585041,7585047,6
22692,7585047,7585053,6
22693,7585425,7585432,7
22694,7586573,7586577,4
22695,7586630,7586633,3
22696,7586633,7586637,4
22697,7588031,7588037,6
22698,7588236,7588240,4
22699,7590260,7590263,3
22700,7591462,7591465,3
22701,7592943,7592946,3
22702,7593849,7593854,5
22703,7594078,7594081,3
22704,7594081,7594090,9
22705,7594090,7594093,3
22706,7594093,7594096,3
22707,7594153,7594162,9
22708,7594253,7594256,3
22709,7594266,7594273,7
22710,7595222,7595229,7
22711,7595566,7595569,3
22712,7596026,7596033,7
22713,7596033,7596040,7
22714,7596040,7596046,6
22715,7596075,7596081,6
22716,7596488,7596497,9
22717,7601430,7601433,3
22718,7602225,7602234,9
22719,7605080,7605088,8
22720,7605242,7605247,5
22721,7605507,7605511,4
22722,7605711,7605718,7
22723,7606439,7606447,8
22724,7608505,7608513,8
22725,7609451,7609457,6
22726,7610750,7610754,4
22727,7610874,7610882,8
22728,7611275,7611279,4
22729,7611279,7611285,6
22730,7611849,7611856,7
22731,7611874,7611884,10
22732,7612091,7612097,6
22733,7612097,7612103,6
22734,7612321,7612327,6
22735,7612327,7612332,5
22736,7612872,7612878,6
22737,7614207,7614216,9
22738,7614303,7614306,3
22739,7614306,7614309,3
22740,7614368,7614372,4
22741,7614536,7614543,7
22742,7616089,7616095,6
22743,7616095,7616101,6
22744,7616101,7616107,6
22745,7616234,7616238,4
22746,7616583,7616591,8
22747,7616658,7616662,4
22748,7616711,7616719,8
22749,7616719,7616727,8
22750,7616727,7616733,6
22751,7616866,7616870,4
22752,7617315,7617324,9
22753,7618031,7618034,3
22754,7619158,7619163,5
22755,7622090,7622096,6
22756,7622904,7622914,10
22757,7623009,7623019,10
22758,7623657,7623666,9
22759,7625764,7625775,11
22760,7625939,7625948,9
22761,7627401,7627405,4
22762,7627466,7627469,3
22763,7627696,7627703,7
22764,7627703,7627707,4
22765,7627960,7627963,3
22766,7629495,7629501,6
22767,7629657,7629663,6
22768,7630428,7630440,12
22769,7630440,7630446,6
22770,7630459,7630467,8
22771,7630708,7630716,8
22772,7630774,7630783,9
22773,7631319,7631327,8
22774,7631869,7631872,3
22775,7631872,7631875,3
22776,7631875,7631878,3
22777,7632033,7632038,5
22778,7633348,7633351,3
22779,7633695,7633704,9
22780,7634283,7634289,6
22781,7636212,7636221,9
22782,7637220,7637226,6
22783,7637325,7637330,5
22784,7637357,7637366,9
22785,7638836,7638843,7
22786,7638981,7638987,6
22787,7640013,7640020,7
22788,7640978,7640985,7
22789,7642480,7642490,10
22790,7643753,7643761,8
22791,7643870,7643874,4
22792,7644317,7644320,3
22793,7644320,7644323,3
22794,7645023,7645029,6
22795,7646219,7646222,3
22796,7646222,7646225,3
22797,7646225,7646228,3
22798,7646508,7646520,12
22799,7646520,7646523,3
22800,7646559,7646562,3
22801,7646793,7646796,3
22802,7648140,7648145,5
22803,7648145,7648149,4
22804,7649132,7649138,6
22805,7649208,7649211,3
22806,7650472,7650476,4
22807,7650573,7650581,8
22808,7651802,7651805,3
22809,7651805,7651814,9
22810,7651968,7651974,6
22811,7652111,7652117,6
22812,7652973,7652982,9
22813,7652982,7652991,9
22814,7653059,7653068,9
22815,7653068,7653072,4
22816,7654300,7654309,9
22817,7654737,7654743,6
22818,7656218,7656227,9
22819,7656227,7656235,8
22820,7656335,7656340,5
22821,7657053,7657059,6
22822,7659045,7659053,8
22823,7659053,7659057,4
22824,7659577,7659581,4
22825,7660662,7660666,4
22826,7660735,7660741,6
22827,7660801,7660813,12
22828,7660813,7660825,12
22829,7661178,7661182,4
22830,7662017,7662026,9
22831,7662278,7662287,9
22832,7662287,7662296,9
22833,7663012,7663022,10
22834,7664942,7664949,7
22835,7664949,7664961,12
22836,7665016,7665020,4
22837,7665836,7665844,8
22838,7665844,7665852,8
22839,7668525,7668530,5
22840,7668530,7668534,4
22841,7669897,7669901,4
22842,7670940,7670943,3
22843,7670958,7670963,5
22844,7671737,7671740,3
22845,7672444,7672447,3
22846,7673522,7673530,8
22847,7673822,7673830,8
22848,7674188,7674191,3
22849,7674191,7674197,6
22850,7674227,7674233,6
22851,7674256,7674260,4
22852,7674905,7674908,3
22853,7674908,7674911,3
22854,7674911,7674920,9
22855,7675008,7675017,9
22856,7675027,7675032,5
22857,7675043,7675050,7
22858,7675050,7675056,6
22859,7675056,7675064,8
22860,7675103,7675107,4
22861,7675214,7675217,3
22862,7675217,7675223,6
22863,7675223,7675227,4
22864,7676555,7676562,7
22865,7677984,7677987,3
22866,7677987,7677992,5
22867,7678090,7678096,6
22868,7679003,7679007,4
22869,7679517,7679520,3
22870,7680511,7680518,7
22871,7682927,7682931,4
22872,7683012,7683021,9
22873,7683381,7683389,8
22874,7683636,7683644,8
22875,7684523,7684528,5
22876,7686249,7686252,3
22877,7686819,7686824,5
22878,7686824,7686832,8
22879,7687512,7687517,5
22880,7687755,7687759,4
22881,7689765,7689771,6
22882,7689771,7689777,6
22883,7689924,7689931,7
22884,7690328,7690334,6
22885,7690514,7690517,3
22886,7690517,7690525,8
22887,7690525,7690533,8
22888,7691084,7691091,7
22889,7691091,7691095,4
22890,7691218,7691225,7
22891,7691225,7691229,4
22892,7692466,7692477,11
22893,7693369,7693372,3
22894,7693372,7693375,3
22895,7693375,7693378,3
22896,7693398,7693405,7
22897,7694624,7694630,6
22898,7699530,7699533,3
22899,7700668,7700671,3
22900,7700770,7700774,4
22901,7700774,7700778,4
22902,7700778,7700785,7
22903,7701345,7701351,6
22904,7702489,7702492,3
22905,7703240,7703276,36
22906,7703988,7703994,6
22907,7703994,7703998,4
22908,7704083,7704087,4
22909,7704349,7704356,7
22910,7705220,7705226,6
22911,7705639,7705643,4
22912,7705643,7705646,3
22913,7706356,7706360,4
22914,7707829,7707837,8
22915,7708898,7708904,6
22916,7709065,7709073,8
22917,7709090,7709098,8
22918,7709256,7709260,4
22919,7710737,7710742,5
22920,7711838,7711841,3
22921,7711841,7711844,3
22922,7711844,7711847,3
22923,7711847,7711850,3
22924,7712648,7712653,5
22925,7712653,7712657,4
22926,7712889,7712896,7
22927,7713038,7713044,6
22928,7713146,7713152,6
22929,7713339,7713343,4
22930,7713558,7713562,4
22931,7713579,7713583,4
22932,7713891,7713900,9
22933,7714278,7714287,9
22934,7716027,7716031,4
22935,7716417,7716421,4
22936,7716474,7716480,6
22937,7717327,7717331,4
22938,7717331,7717338,7
22939,7717806,7717810,4
22940,7718760,7718770,10
22941,7719795,7719799,4
22942,7719815,7719821,6
22943,7721226,7721235,9
22944,7721536,7721545,9
22945,7721920,7721931,11
22946,7722080,7722086,6
22947,7722116,7722122,6
22948,7722487,7722493,6
22949,7722584,7722592,8
22950,7722706,7722712,6
22951,7722712,7722721,9
22952,7723096,7723102,6
22953,7723834,7723841,7
22954,7724644,7724649,5
22955,7725583,7725586,3
22956,7725586,7725591,5
22957,7726082,7726086,4
22958,7727164,7727175,11
22959,7727203,7727211,8
22960,7727419,7727422,3
22961,7727714,7727718,4
22962,7728087,7728095,8
22963,7729129,7729135,6
22964,7729135,7729144,9
22965,7729968,7729975,7
22966,7729990,7729996,6
22967,7730241,7730251,10
22968,7730251,7730257,6
22969,7730257,7730266,9
22970,7730266,7730269,3
22971,7730269,7730275,6
22972,7730275,7730284,9
22973,7730284,7730287,3
22974,7730868,7730877,9
22975,7731007,7731016,9
22976,7731130,7731139,9
22977,7731225,7731231,6
22978,7731479,7731482,3
22979,7731908,7731915,7
22980,7732076,7732085,9
22981,7732085,7732091,6
22982,7732193,7732198,5
22983,7733935,7733942,7
22984,7735966,7735969,3
22985,7736216,7736220,4
22986,7737034,7737038,4
22987,7738764,7738768,4
22988,7739027,7739030,3
22989,7739257,7739264,7
22990,7739938,7739941,3
22991,7740085,7740090,5
22992,7740124,7740132,8
22993,7740132,7740141,9
22994,7742421,7742424,3
22995,7742586,7742594,8
22996,7744647,7744655,8
22997,7744753,7744756,3
22998,7745034,7745043,9
22999,7745043,7745046,3
23000,7745203,7745209,6
23001,7745389,7745395,6
23002,7745546,7745552,6
23003,7747129,7747135,6
23004,7747522,7747525,3
23005,7747967,7747975,8
23006,7748302,7748309,7
23007,7749018,7749027,9
23008,7749027,7749039,12
23009,7749941,7749945,4
23010,7751923,7751926,3
23011,7751926,7751932,6
23012,7751932,7751935,3
23013,7751935,7751938,3
23014,7751938,7751947,9
23015,7754049,7754055,6
23016,7755169,7755173,4
23017,7755416,7755420,4
23018,7755420,7755424,4
23019,7755424,7755428,4
23020,7755428,7755432,4
23021,7756577,7756583,6
23022,7757313,7757320,7
23023,7757320,7757326,6
23024,7757326,7757331,5
23025,7757478,7757487,9
23026,7758647,7758650,3
23027,7758650,7758660,10
23028,7758769,7758779,10
23029,7760399,7760402,3
23030,7761116,7761122,6
23031,7762125,7762129,4
23032,7763249,7763255,6
23033,7764670,7764673,3
23034,7764826,7764834,8
23035,7764834,7764839,5
23036,7764839,7764844,5
23037,7764844,7764849,5
23038,7765133,7765137,4
23039,7765824,7765827,3
23040,7766098,7766103,5
23041,7766259,7766269,10
23042,7766400,7766409,9
23043,7768245,7768250,5
23044,7768250,7768255,5
23045,7768284,7768288,4
23046,7768288,7768296,8
23047,7768388,7768398,10
23048,7768529,7768535,6
23049,7768793,7768799,6
23050,7768799,7768805,6
23051,7771679,7771686,7
23052,7771847,7771856,9
23053,7772152,7772157,5
23054,7774419,7774424,5
23055,7774424,7774428,4
23056,7774428,7774434,6
23057,7777619,7777625,6
23058,7777625,7777631,6
23059,7778555,7778559,4
23060,7778578,7778583,5
23061,7778681,7778684,3
23062,7778849,7778855,6
23063,7778855,7778864,9
23064,7778900,7778906,6
23065,7778963,7778969,6
23066,7779549,7779556,7
23067,7780211,7780217,6
23068,7781745,7781749,4
23069,7781805,7781808,3
23070,7782410,7782414,4
23071,7782592,7782600,8
23072,7782600,7782608,8
23073,7782864,7782874,10
23074,7782874,7782879,5
23075,7783250,7783255,5
23076,7783288,7783292,4
23077,7784125,7784131,6
23078,7784330,7784366,36
23079,7784366,7784420,54
23080,7784420,7784439,19
23081,7784439,7784461,22
23082,7784461,7784489,28
23083,7784591,7784597,6
23084,7786654,7786660,6
23085,7786660,7786666,6
23086,7786666,7786672,6
23087,7786802,7786810,8
23088,7788270,7788276,6
23089,7788609,7788618,9
23090,7788837,7788840,3
23091,7789193,7789196,3
23092,7789475,7789481,6
23093,7789736,7789744,8
23094,7791233,7791242,9
23095,7791635,7791644,9
23096,7791971,7791974,3
23097,7792690,7792697,7
23098,7794081,7794092,11
23099,7794507,7794513,6
23100,7795088,7795091,3
23101,7795091,7795099,8
23102,7795111,7795114,3
23103,7795936,7795945,9
23104,7795945,7795950,5
23105,7796297,7796305,8
23106,7796675,7796678,3
23107,7796678,7796681,3
23108,7796744,7796750,6
23109,7796873,7796883,10
23110,7797142,7797148,6
23111,7797148,7797155,7
23112,7798381,7798386,5
23113,7798386,7798391,5
23114,7798810,7798818,8
23115,7800243,7800253,10
23116,7804518,7804521,3
23117,7804704,7804709,5
23118,7809436,7809439,3
23119,7809439,7809442,3
23120,7809442,7809445,3
23121,7809445,7809451,6
23122,7809451,7809457,6
23123,7809457,7809462,5
23124,7809462,7809471,9
23125,7810055,7810062,7
23126,7810062,7810069,7
23127,7810204,7810207,3
23128,7811065,7811068,3
23129,7811068,7811074,6
23130,7811260,7811266,6
23131,7811661,7811669,8
23132,7811705,7811713,8
23133,7812649,7812655,6
23134,7812957,7812983,26
23135,7812983,7812986,3
23136,7812986,7813028,42
23137,7813028,7813235,207
23138,7813316,7813342,26
23139,7813342,7813345,3
23140,7813345,7813387,42
23141,7813592,7813672,80
23142,7813672,7813701,29
23143,7813701,7813743,42
23144,7813950,7814030,80
23145,7814030,7814056,26
23146,7814056,7814059,3
23147,7814059,7814101,42
23148,7814306,7814386,80
23149,7814386,7814412,26
23150,7814412,7814415,3
23151,7814415,7814457,42
23152,7814457,7814664,207
23153,7814664,7814744,80
23154,7814744,7814770,26
23155,7814770,7814773,3
23156,7814773,7814815,42
23157,7815102,7815128,26
23158,7815128,7815131,3
23159,7815131,7815173,42
23160,7815460,7815486,26
23161,7815486,7815489,3
23162,7815531,7815738,207
23163,7815738,7815818,80
23164,7815818,7815844,26
23165,7815844,7815847,3
23166,7815847,7815889,42
23167,7815889,7816096,207
23168,7816176,7816202,26
23169,7816202,7816205,3
23170,7816205,7816247,42
23171,7816247,7816452,205
23172,7816452,7816532,80
23173,7816532,7816561,29
23174,7816561,7816603,42
23175,7816603,7816890,287
23176,7816890,7816916,26
23177,7816916,7816919,3
23178,7816919,7816961,42
23179,7816961,7817248,287
23180,7817248,7817277,29
23181,7817277,7817319,42
23182,7817319,7817606,287
23183,7817606,7817632,26
23184,7817632,7817635,3
23185,7817635,7817677,42
23186,7817677,7817964,287
23187,7817964,7817990,26
23188,7817990,7817993,3
23189,7817993,7818035,42
23190,7818035,7818322,287
23191,7818322,7818351,29
23192,7818351,7818393,42
23193,7818393,7818598,205
23194,7818598,7818678,80
23195,7818678,7818707,29
23196,7818707,7818749,42
23197,7818749,7819036,287
23198,7819036,7819062,26
23199,7819062,7819065,3
23200,7819065,7819107,42
23201,7819107,7819314,207
23202,7819314,7819394,80
23203,7819394,7819420,26
23204,7819420,7819423,3
23205,7819423,7819465,42
23206,7819465,7819672,207
23207,7819672,7819752,80
23208,7819752,7819778,26
23209,7819778,7819781,3
23210,7819781,7819823,42
23211,7819823,7820028,205
23212,7820028,7820108,80
23213,7820108,7820137,29
23214,7820137,7820179,42
23215,7820179,7820466,287
23216,7820466,7820492,26
23217,7820492,7820495,3
23218,7820495,7820537,42
23219,7820537,7820824,287
23220,7820824,7820850,26
23221,7820850,7820853,3
23222,7821180,7821206,26
23223,7821206,7821209,3
23224,7821209,7821251,42
23225,7821458,7821538,80
23226,7821538,7821564,26
23227,7821564,7821567,3
23228,7821567,7821609,42
23229,7822218,7822223,5
23230,7824721,7824730,9
23231,7825529,7825538,9
23232,7826521,7826527,6
23233,7826887,7826894,7
23234,7827084,7827090,6
23235,7827090,7827102,12
23236,7827102,7827108,6
23237,7828366,7828370,4
23238,7828594,7828597,3
23239,7829270,7829278,8
23240,7830725,7830730,5
23241,7832000,7832006,6
23242,7832006,7832012,6
23243,7832012,7832018,6
23244,7832018,7832024,6
23245,7832024,7832031,7
23246,7832713,7832719,6
23247,7833237,7833240,3
23248,7833610,7833620,10
23249,7834551,7834556,5
23250,7834848,7834856,8
23251,7834856,7834863,7
23252,7834984,7834989,5
23253,7835294,7835306,12
23254,7837012,7837021,9
23255,7838156,7838160,4
23256,7838291,7838295,4
23257,7838957,7838962,5
23258,7838962,7838967,5
23259,7838967,7838972,5
23260,7839521,7839528,7
23261,7839670,7839677,7
23262,7840289,7840299,10
23263,7843480,7843486,6
23264,7843486,7843492,6
23265,7843504,7843511,7
23266,7844589,7844594,5
23267,7844594,7844599,5
23268,7844880,7844885,5
23269,7846457,7846484,27
23270,7846842,7846851,9
23271,7847360,7847366,6
23272,7848048,7848052,4
23273,7850328,7850334,6
23274,7850334,7850338,4
23275,7850590,7850596,6
23276,7850596,7850601,5
23277,7850948,7850957,9
23278,7851669,7851676,7
23279,7852010,7852017,7
23280,7852287,7852293,6
23281,7852584,7852587,3
23282,7852866,7852870,4
23283,7853837,7853841,4
23284,7853841,7853846,5
23285,7853846,7853849,3
23286,7853904,7853910,6
23287,7854193,7854196,3
23288,7854892,7854900,8
23289,7858104,7858113,9
23290,7858113,7858116,3
23291,7858420,7858427,7
23292,7858456,7858460,4
23293,7858677,7858680,3
23294,7858968,7858974,6
23295,7859569,7859577,8
23296,7859719,7859725,6
23297,7860112,7860117,5
23298,7860262,7860271,9
23299,7860761,7860764,3
23300,7861496,7861501,5
23301,7862588,7862594,6
23302,7862594,7862600,6
23303,7862613,7862619,6
23304,7862619,7862622,3
23305,7862622,7862628,6
23306,7862628,7862634,6
23307,7863159,7863162,3
23308,7863227,7863233,6
23309,7863233,7863245,12
23310,7863804,7863809,5
23311,7864261,7864271,10
23312,7864927,7864936,9
23313,7866077,7866087,10
23314,7866123,7866129,6
23315,7866482,7866487,5
23316,7867122,7867128,6
23317,7867733,7867742,9
23318,7867855,7867858,3
23319,7867885,7867894,9
23320,7867894,7867897,3
23321,7867936,7867940,4
23322,7867940,7867944,4
23323,7869345,7869352,7
23324,7869470,7869480,10
23325,7871201,7871211,10
23326,7871211,7871222,11
23327,7871222,7871232,10
23328,7871279,7871289,10
23329,7871289,7871300,11
23330,7871300,7871310,10
23331,7871357,7871367,10
23332,7871367,7871378,11
23333,7871378,7871388,10
23334,7871388,7871435,47
23335,7871435,7871445,10
23336,7871445,7871456,11
23337,7871456,7871466,10
23338,7871466,7871513,47
23339,7871513,7871523,10
23340,7871523,7871534,11
23341,7871534,7871544,10
23342,7871717,7871725,8
23343,7871888,7871895,7
23344,7872163,7872168,5
23345,7872888,7872893,5
23346,7873182,7873186,4
23347,7873984,7873996,12
23348,7874488,7874497,9
23349,7874966,7874971,5
23350,7874971,7874975,4
23351,7875056,7875062,6
23352,7875505,7875515,10
23353,7875515,7875518,3
23354,7875565,7875573,8
23355,7875775,7875782,7
23356,7875836,7875841,5
23357,7876307,7876312,5
23358,7876373,7876379,6
23359,7876475,7876483,8
23360,7877333,7877339,6
23361,7877339,7877348,9
23362,7877510,7877517,7
23363,7878595,7878601,6
23364,7878601,7878607,6
23365,7879731,7879737,6
23366,7879823,7879827,4
23367,7880081,7880084,3
23368,7880161,7880171,10
23369,7880215,7880218,3
23370,7880383,7880392,9
23371,7880425,7880429,4
23372,7880585,7880594,9
23373,7881117,7881121,4
23374,7881223,7881231,8
23375,7882133,7882140,7
23376,7882195,7882203,8
23377,7882203,7882212,9
23378,7882642,7882647,5
23379,7882797,7882804,7
23380,7882804,7882808,4
23381,7883489,7883496,7
23382,7884473,7884482,9
23383,7884642,7884648,6
23384,7884883,7884886,3
23385,7884965,7884974,9
23386,7884989,7885000,11
23387,7885049,7885055,6
23388,7885055,7885059,4
23389,7885494,7885502,8
23390,7885930,7885934,4
23391,7886342,7886350,8
23392,7887245,7887250,5
23393,7887383,7887387,4
23394,7887560,7887565,5
23395,7887971,7887977,6
23396,7889280,7889289,9
23397,7889289,7889294,5
23398,7889640,7889649,9
23399,7889649,7889655,6
23400,7890525,7890535,10
23401,7890664,7890674,10
23402,7890674,7890683,9
23403,7890725,7890728,3
23404,7891051,7891058,7
23405,7891246,7891249,3
23406,7891551,7891561,10
23407,7891608,7891615,7
23408,7891901,7891911,10
23409,7893109,7893115,6
23410,7893509,7893517,8
23411,7893542,7893550,8
23412,7894249,7894258,9
23413,7894360,7894368,8
23414,7894609,7894614,5
23415,7894647,7894651,4
23416,7895094,7895100,6
23417,7896032,7896037,5
23418,7896037,7896043,6
23419,7896127,7896135,8
23420,7896475,7896484,9
23421,7896861,7896885,24
23422,7896885,7896891,6
23423,7897289,7897455,166
23424,7897455,7897515,60
23425,7897548,7897557,9
23426,7897557,7897598,41
23427,7897598,7897630,32
23428,7897630,7897694,64
23429,7897694,7897747,53
23430,7897747,7897750,3
23431,7897750,7897788,38
23432,7897788,7897792,4
23433,7897792,7897834,42
23434,7897834,7897964,130
23435,7897964,7897991,27
23436,7897991,7898010,19
23437,7898010,7898063,53
23438,7898177,7898200,23
23439,7898200,7898224,24
23440,7898224,7898230,6
23441,7898362,7898405,43
23442,7898479,7898645,166
23443,7898645,7898705,60
23444,7898738,7898747,9
23445,7898747,7898788,41
23446,7898788,7898820,32
23447,7898820,7898884,64
23448,7898884,7898937,53
23449,7898937,7898940,3
23450,7898940,7898978,38
23451,7898978,7898982,4
23452,7898982,7899024,42
23453,7899024,7899154,130
23454,7899154,7899181,27
23455,7899181,7899200,19
23456,7899200,7899253,53
23457,7899367,7899390,23
23458,7899390,7899414,24
23459,7899414,7899420,6
23460,7899548,7899591,43
23461,7900300,7900303,3
23462,7900618,7900637,19
23463,7901348,7901355,7
23464,7902365,7902368,3
23465,7902508,7902511,3
23466,7902839,7902842,3
23467,7903045,7903054,9
23468,7903415,7903425,10
23469,7903521,7903527,6
23470,7903575,7903578,3
23471,7904390,7904393,3
23472,7904557,7904563,6
23473,7904614,7904626,12
23474,7904626,7904632,6
23475,7904868,7904875,7
23476,7905084,7905094,10
23477,7905094,7905100,6
23478,7905467,7905472,5
23479,7905472,7905478,6
23480,7905785,7905792,7
23481,7905792,7905800,8
23482,7906447,7906457,10
23483,7907281,7907286,5
23484,7907387,7907394,7
23485,7907394,7907397,3
23486,7907512,7907515,3
23487,7908027,7908036,9
23488,7908350,7908360,10
23489,7909802,7909807,5
23490,7909999,7910002,3
23491,7910737,7910745,8
23492,7910880,7910884,4
23493,7910910,7910917,7
23494,7910917,7910922,5
23495,7911586,7911596,10
23496,7911637,7911640,3
23497,7912007,7912015,8
23498,7912034,7912045,11
23499,7912498,7912504,6
23500,7913647,7913654,7
23501,7913683,7913692,9
23502,7913922,7913929,7
23503,7913981,7913984,3
23504,7913984,7913990,6
23505,7913990,7913995,5
23506,7913995,7914004,9
23507,7914222,7914228,6
23508,7914352,7914361,9
23509,7914501,7914504,3
23510,7914694,7914699,5
23511,7914745,7914751,6
23512,7915153,7915159,6
23513,7915333,7915340,7
23514,7915504,7915508,4
23515,7916405,7916414,9
23516,7916471,7916477,6
23517,7916477,7916486,9
23518,7916486,7916491,5
23519,7916727,7916735,8
23520,7916965,7916974,9
23521,7917448,7917457,9
23522,7917710,7917714,4
23523,7918338,7918341,3
23524,7918587,7918590,3
23525,7918985,7918991,6
23526,7919504,7919510,6
23527,7921003,7921010,7
23528,7921054,7921061,7
23529,7921466,7921473,7
23530,7921473,7921481,8
23531,7921540,7921543,3
23532,7921716,7921722,6
23533,7923896,7923902,6
23534,7923914,7923922,8
23535,7923922,7923926,4
23536,7924359,7924365,6
23537,7924365,7924371,6
23538,7924371,7924377,6
23539,7924377,7924383,6
23540,7925139,7925147,8
23541,7926379,7926383,4
23542,7928093,7928097,4
23543,7928535,7928544,9
23544,7928967,7928973,6
23545,7929201,7929204,3
23546,7929319,7929324,5
23547,7929508,7929513,5
23548,7929934,7929943,9
23549,7930004,7930010,6
23550,7931040,7931048,8
23551,7931091,7931096,5
23552,7931383,7931388,5
23553,7931559,7931567,8
23554,7932083,7932093,10
23555,7933211,7933217,6
23556,7933217,7933222,5
23557,7934168,7934225,57
23558,7934225,7934231,6
23559,7934231,7934329,98
23560,7934466,7934482,16
23561,7935022,7935030,8
23562,7935337,7935394,57
23563,7935394,7935400,6
23564,7935400,7935498,98
23565,7935635,7935651,16
23566,7935861,7935868,7
23567,7935937,7935945,8
23568,7936359,7936364,5
23569,7936412,7936421,9
23570,7936421,7936427,6
23571,7936427,7936430,3
23572,7937073,7937082,9
23573,7937250,7937256,6
23574,7937558,7937563,5
23575,7938274,7938282,8
23576,7938460,7938465,5
23577,7938725,7938729,4
23578,7939202,7939211,9
23579,7939211,7939214,3
23580,7939389,7939397,8
23581,7940093,7940097,4
23582,7940409,7940415,6
23583,7940433,7940438,5
23584,7940438,7940446,8
23585,7941260,7941263,3
23586,7941389,7941392,3
23587,7941751,7941754,3
23588,7941913,7941921,8
23589,7942244,7942248,4
23590,7942389,7942397,8
23591,7942981,7942986,5
23592,7943535,7943540,5
23593,7943983,7943990,7
23594,7943990,7944001,11
23595,7944305,7944310,5
23596,7944590,7944598,8
23597,7944598,7944608,10
23598,7944608,7944615,7
23599,7945840,7945843,3
23600,7945947,7945951,4
23601,7945984,7945993,9
23602,7946098,7946106,8
23603,7946106,7946111,5
23604,7946111,7946120,9
23605,7946187,7946192,5
23606,7946297,7946302,5
23607,7947010,7947014,4
23608,7947662,7947673,11
23609,7948041,7948046,5
23610,7948260,7948263,3
23611,7948455,7948466,11
23612,7948541,7948550,9
23613,7948740,7948743,3
23614,7949636,7949639,3
23615,7950267,7950272,5
23616,7951668,7951675,7
23617,7951872,7951878,6
23618,7952040,7952049,9
23619,7952049,7952055,6
23620,7952289,7952296,7
23621,7953193,7953196,3
23622,7953242,7953250,8
23623,7954777,7954785,8
23624,7954874,7954887,13
23625,7954998,7955004,6
23626,7955106,7955109,3
23627,7955532,7955541,9
23628,7956604,7956611,7
23629,7957103,7957108,5
23630,7957108,7957115,7
23631,7957228,7957233,5
23632,7957233,7957236,3
23633,7957833,7957837,4
23634,7957978,7957982,4
23635,7958307,7958312,5
23636,7958438,7958444,6
23637,7958539,7958548,9
23638,7958817,7958825,8
23639,7959252,7959258,6
23640,7960718,7960727,9
23641,7961310,7961315,5
23642,7961731,7961735,4
23643,7961735,7961738,3
23644,7962007,7962011,4
23645,7962027,7962033,6
23646,7962102,7962105,3
23647,7962885,7962896,11
23648,7962941,7962948,7
23649,7963245,7963255,10
23650,7963772,7963778,6
23651,7963778,7963784,6
23652,7963784,7963789,5
23653,7963819,7963828,9
23654,7963861,7963864,3
23655,7964404,7964412,8
23656,7965948,7965958,10
23657,7966180,7966190,10
23658,7966236,7966242,6
23659,7966875,7966883,8
23660,7967960,7967966,6
23661,7968279,7968289,10
23662,7968289,7968296,7
23663,7968653,7968661,8
23664,7969022,7969031,9
23665,7969465,7969469,4
23666,7969469,7969475,6
23667,7973284,7973290,6
23668,7973290,7973298,8
23669,7974613,7974622,9
23670,7974953,7974961,8
23671,7975080,7975085,5
23672,7975876,7975882,6
23673,7975882,7975890,8
23674,7975940,7975945,5
23675,7975945,7975955,10
23676,7976732,7976736,4
23677,7976760,7976765,5
23678,7977724,7977727,3
23679,7978254,7978258,4
23680,7978496,7978503,7
23681,7978503,7978510,7
23682,7978799,7978804,5
23683,7978996,7979003,7
23684,7979003,7979009,6
23685,7979153,7979159,6
23686,7979271,7979278,7
23687,7979548,7979554,6
23688,7979583,7979589,6
23689,7979589,7979597,8
23690,7979712,7979718,6
23691,7979718,7979721,3
23692,7979733,7979736,3
23693,7979736,7979739,3
23694,7980424,7980427,3
23695,7981444,7981455,11
23696,7981477,7981487,10
23697,7981564,7981577,13
23698,7981662,7981666,4
23699,7981676,7981681,5
23700,7982707,7982714,7
23701,7982814,7982818,4
23702,7982832,7982838,6
23703,7983697,7983703,6
23704,7983732,7983735,3
23705,7983786,7983792,6
23706,7984997,7985006,9
23707,7985291,7985297,6
23708,7985488,7985491,3
23709,7985491,7985500,9
23710,7987619,7987627,8
23711,7988261,7988265,4
23712,7988362,7988368,6
23713,7989824,7989827,3
23714,7990570,7990575,5
23715,7991777,7991782,5
23716,7991794,7991800,6
23717,7991800,7991809,9
23718,7991809,7991812,3
23719,7992156,7992163,7
23720,7992356,7992366,10
23721,7992366,7992371,5
23722,7992881,7992884,3
23723,7993792,7993797,5
23724,7994065,7994069,4
23725,7994173,7994176,3
23726,7994176,7994186,10
23727,7996480,7996483,3
23728,7998367,7998373,6
23729,7999105,7999114,9
23730,7999313,7999320,7
23731,7999320,7999327,7
23732,7999662,7999670,8
23733,8000058,8000062,4
23734,8000240,8000247,7
23735,8000803,8000812,9
23736,8001167,8001170,3
23737,8001238,8001244,6
23738,8001524,8001527,3
23739,8001595,8001601,6
23740,8003315,8003320,5
23741,8004802,8004810,8
23742,8004864,8004872,8
23743,8005969,8005974,5
23744,8006061,8006069,8
23745,8006777,8006781,4
23746,8006945,8006951,6
23747,8007013,8007020,7
23748,8008434,8008440,6
23749,8008555,8008562,7
23750,8012198,8012205,7
23751,8012285,8012292,7
23752,8013858,8013864,6
23753,8014748,8014754,6
23754,8015295,8015303,8
23755,8015439,8015447,8
23756,8015843,8015847,4
23757,8015847,8015854,7
23758,8015854,8015861,7
23759,8015990,8015996,6
23760,8015996,8016003,7
23761,8016003,8016010,7
23762,8017062,8017070,8
23763,8017139,8017148,9
23764,8017308,8017314,6
23765,8018770,8018777,7
23766,8019700,8019706,6
23767,8019719,8019724,5
23768,8019760,8019766,6
23769,8020536,8020549,13
23770,8021483,8021486,3
23771,8021509,8021513,4
23772,8021696,8021724,28
23773,8022099,8022102,3
23774,8022169,8022175,6
23775,8022571,8022577,6
23776,8022693,8022697,4
23777,8022795,8022801,6
23778,8022979,8022985,6
23779,8023542,8023550,8
23780,8024198,8024203,5
23781,8025816,8025822,6
23782,8027236,8027241,5
23783,8030573,8030576,3
23784,8031161,8031166,5
23785,8031742,8031873,131
23786,8031873,8031926,53
23787,8031926,8031951,25
23788,8031951,8031961,10
23789,8031961,8031967,6
23790,8031967,8031976,9
23791,8031976,8031983,7
23792,8031983,8032041,58
23793,8032041,8032148,107
23794,8032148,8032261,113
23795,8032261,8032265,4
23796,8032432,8032466,34
23797,8032597,8032606,9
23798,8032606,8032611,5
23799,8032611,8032886,275
23800,8032886,8032907,21
23801,8032907,8032939,32
23802,8032939,8032969,30
23803,8032969,8033012,43
23804,8033012,8033037,25
23805,8033037,8033062,25
23806,8033062,8033071,9
23807,8033071,8033120,49
23808,8033331,8033345,14
23809,8033345,8033356,11
23810,8033356,8033369,13
23811,8033369,8033397,28
23812,8033397,8033456,59
23813,8033456,8033499,43
23814,8033499,8033520,21
23815,8033520,8033545,25
23816,8033545,8033639,94
23817,8033639,8033696,57
23818,8033696,8033726,30
23819,8033726,8033745,19
23820,8033745,8033773,28
23821,8033773,8033843,70
23822,8033843,8033955,112
23823,8033955,8033966,11
23824,8033966,8033971,5
23825,8033971,8033993,22
23826,8033993,8034007,14
23827,8034007,8034096,89
23828,8034096,8034293,197
23829,8034293,8034312,19
23830,8034513,8034529,16
23831,8034529,8034543,14
23832,8034543,8034631,88
23833,8034631,8034642,11
23834,8034642,8034659,17
23835,8034659,8034667,8
23836,8034667,8034728,61
23837,8034728,8034753,25
23838,8034753,8034788,35
23839,8034788,8034792,4
23840,8034792,8034857,65
23841,8034857,8034878,21
23842,8034878,8034902,24
23843,8034902,8035027,125
23844,8035027,8035071,44
23845,8035071,8035139,68
23846,8035139,8035175,36
23847,8035175,8035202,27
23848,8035202,8035306,104
23849,8035306,8035402,96
23850,8035402,8035565,163
23851,8035565,8035603,38
23852,8035603,8035689,86
23853,8036165,8036174,9
23854,8037560,8037569,9
23855,8037588,8037595,7
23856,8037746,8037752,6
23857,8037752,8037757,5
23858,8038595,8038600,5
23859,8038600,8038605,5
23860,8039212,8039220,8
23861,8039220,8039230,10
23862,8039322,8039334,12
23863,8039334,8039344,10
23864,8039403,8039411,8
23865,8039411,8039414,3
23866,8039463,8039468,5
23867,8039776,8039785,9
23868,8039785,8039795,10
23869,8039971,8039974,3
23870,8039974,8039977,3
23871,8040399,8040409,10
23872,8040888,8040895,7
23873,8042487,8042492,5
23874,8042908,8042911,3
23875,8044094,8044098,4
23876,8044223,8044228,5
23877,8044228,8044231,3
23878,8044231,8044238,7
23879,8044452,8044455,3
23880,8044851,8044855,4
23881,8046220,8046231,11
23882,8046761,8046765,4
23883,8046765,8046769,4
23884,8046825,8046832,7
23885,8046832,8046839,7
23886,8047969,8047977,8
23887,8047977,8047980,3
23888,8047980,8047984,4
23889,8047984,8047990,6
23890,8048068,8048071,3
23891,8048140,8048145,5
23892,8048156,8048167,11
23893,8048167,8048176,9
23894,8048235,8048239,4
23895,8048239,8048247,8
23896,8048247,8048251,4
23897,8048251,8048255,4
23898,8048255,8048259,4
23899,8048783,8048791,8
23900,8050594,8050598,4
23901,8050639,8050643,4
23902,8050954,8050963,9
23903,8051012,8051021,9
23904,8051021,8051025,4
23905,8051490,8051497,7
23906,8051587,8051596,9
23907,8053036,8053039,3
23908,8053328,8053331,3
23909,8053331,8053340,9
23910,8053370,8053374,4
23911,8053396,8053401,5
23912,8053401,8053405,4
23913,8053405,8053409,4
23914,8053409,8053413,4
23915,8053528,8053535,7
23916,8053610,8053617,7
23917,8053617,8053626,9
23918,8053755,8053760,5
23919,8053760,8053764,4
23920,8053838,8053849,11
23921,8053978,8053987,9
23922,8055011,8055016,5
23923,8055196,8055199,3
23924,8055298,8055303,5
23925,8055483,8055490,7
23926,8055595,8055600,5
23927,8058073,8058078,5
23928,8059176,8059185,9
23929,8059273,8059281,8
23930,8059469,8059474,5
23931,8060017,8060023,6
23932,8060214,8060222,8
23933,8062055,8062064,9
23934,8062176,8062179,3
23935,8062526,8062535,9
23936,8063893,8063900,7
23937,8064599,8064603,4
23938,8064826,8064833,7
23939,8064833,8064836,3
23940,8064836,8064843,7
23941,8065136,8065142,6
23942,8065142,8065146,4
23943,8065146,8065155,9
23944,8065618,8065624,6
23945,8065624,8065633,9
23946,8066676,8066685,9
23947,8066685,8066692,7
23948,8066714,8066723,9
23949,8067146,8067153,7
23950,8067448,8067454,6
23951,8067601,8067609,8
23952,8067913,8067916,3
23953,8068444,8068447,3
23954,8068500,8068504,4
23955,8068719,8068726,7
23956,8069464,8069473,9
23957,8069473,8069480,7
23958,8070029,8070036,7
23959,8070559,8070567,8
23960,8070736,8070742,6
23961,8070897,8070907,10
23962,8072030,8072038,8
23963,8072223,8072226,3
23964,8072310,8072320,10
23965,8072364,8072369,5
23966,8072635,8072638,3
23967,8072788,8072794,6
23968,8072831,8072838,7
23969,8072950,8072958,8
23970,8073226,8073231,5
23971,8073231,8073234,3
23972,8073646,8073652,6
23973,8073652,8073657,5
23974,8073775,8073780,5
23975,8073816,8073825,9
23976,8073843,8073853,10
23977,8074423,8074426,3
23978,8077068,8077076,8
23979,8077907,8077910,3
23980,8077910,8077913,3
23981,8078197,8078205,8
23982,8078205,8078210,5
23983,8078591,8078595,4
23984,8078778,8078781,3
23985,8078781,8078785,4
23986,8079258,8079262,4
23987,8079346,8079349,3
23988,8079390,8079399,9
23989,8080528,8080534,6
23990,8081087,8081093,6
23991,8081270,8081278,8
23992,8081334,8081339,5
23993,8081869,8081874,5
23994,8081874,8081879,5
23995,8081879,8081884,5
23996,8081884,8081889,5
23997,8082096,8082105,9
23998,8082105,8082113,8
23999,8082113,8082121,8
24000,8082121,8082129,8
24001,8082129,8082137,8
24002,8082149,8082154,5
24003,8082154,8082162,8
24004,8082329,8082332,3
24005,8082523,8082529,6
24006,8082529,8082534,5
24007,8082943,8082952,9
24008,8083266,8083271,5
24009,8083271,8083281,10
24010,8083428,8083437,9
24011,8083957,8083960,3
24012,8084066,8084074,8
24013,8084074,8084080,6
24014,8084607,8084611,4
24015,8084763,8084767,4
24016,8085747,8085753,6
24017,8085753,8085757,4
24018,8086642,8086652,10
24019,8087081,8087085,4
24020,8087167,8087175,8
24021,8087637,8087641,4
24022,8088334,8088337,3
24023,8088483,8088487,4
24024,8088487,8088491,4
24025,8088889,8088899,10
24026,8089445,8089448,3
24027,8089490,8089499,9
24028,8089508,8089514,6
24029,8089555,8089559,4
24030,8089583,8089587,4
24031,8089631,8089638,7
24032,8089798,8089803,5
24033,8089803,8089812,9
24034,8089898,8089903,5
24035,8089917,8089922,5
24036,8090331,8090336,5
24037,8090499,8090504,5
24038,8091114,8091118,4
24039,8091986,8091989,3
24040,8093560,8093566,6
24041,8093651,8093654,3
24042,8095018,8095026,8
24043,8095265,8095269,4
24044,8095865,8095871,6
24045,8096254,8096262,8
24046,8097208,8097215,7
24047,8097231,8097234,3
24048,8097436,8097439,3
24049,8097505,8097511,6
24050,8097743,8097747,4
24051,8098074,8098078,4
24052,8098700,8098709,9
24053,8098814,8098819,5
24054,8098970,8098980,10
24055,8098980,8098986,6
24056,8099206,8099215,9
24057,8099527,8099533,6
24058,8099644,8099648,4
24059,8099648,8099658,10
24060,8100898,8100901,3
24061,8101434,8101441,7
24062,8101596,8101604,8
24063,8102110,8102117,7
24064,8103769,8103775,6
24065,8103864,8103875,11
24066,8103978,8103987,9
24067,8104048,8104057,9
24068,8104127,8104130,3
24069,8104740,8104743,3
24070,8104743,8104747,4
24071,8105206,8105212,6
24072,8105212,8105218,6
24073,8105799,8105807,8
24074,8106025,8106030,5
24075,8106962,8106969,7
24076,8107089,8107094,5
24077,8107219,8107224,5
24078,8107850,8107856,6
24079,8107948,8107952,4
24080,8109001,8109005,4
24081,8109057,8109061,4
24082,8109798,8109805,7
24083,8110013,8110016,3
24084,8110073,8110081,8
24085,8110118,8110122,4
24086,8111217,8111222,5
24087,8112192,8112198,6
24088,8113016,8113023,7
24089,8113060,8113065,5
24090,8113472,8113480,8
24091,8113753,8113757,4
24092,8113774,8113779,5
24093,8115150,8115156,6
24094,8115325,8115331,6
24095,8120259,8120268,9
24096,8120540,8120548,8
24097,8121383,8121389,6
24098,8121716,8121725,9
24099,8121768,8121774,6
24100,8122986,8122995,9
24101,8123391,8123402,11
24102,8123402,8123406,4
24103,8123915,8123921,6
24104,8124074,8124079,5
24105,8124128,8124135,7
24106,8124155,8124159,4
24107,8124508,8124512,4
24108,8124512,8124521,9
24109,8125940,8125943,3
24110,8126406,8126415,9
24111,8126428,8126432,4
24112,8126616,8126625,9
24113,8126657,8126661,4
24114,8126907,8126911,4
24115,8127246,8127254,8
24116,8127254,8127262,8
24117,8127530,8127536,6
24118,8127562,8127570,8
24119,8127654,8127657,3
24120,8127674,8127680,6
24121,8127862,8127865,3
24122,8128014,8128017,3
24123,8128151,8128156,5
24124,8128156,8128161,5
24125,8128210,8128215,5
24126,8128305,8128310,5
24127,8129148,8129153,5
24128,8129697,8129706,9
24129,8129706,8129713,7
24130,8130029,8130032,3
24131,8130118,8130124,6
24132,8130170,8130179,9
24133,8130350,8130356,6
24134,8130500,8130503,3
24135,8130698,8130703,5
24136,8131317,8131322,5
24137,8131511,8131517,6
24138,8131571,8131577,6
24139,8132077,8132083,6
24140,8132385,8132393,8
24141,8132640,8132648,8
24142,8132783,8132787,4
24143,8133084,8133089,5
24144,8133089,8133092,3
24145,8133315,8133320,5
24146,8134535,8134542,7
24147,8134542,8134550,8
24148,8135277,8135284,7
24149,8135284,8135291,7
24150,8135346,8135349,3
24151,8135875,8135883,8
24152,8136575,8136581,6
24153,8137343,8137347,4
24154,8137925,8137932,7
24155,8138696,8138708,12
24156,8138792,8138795,3
24157,8139301,8139311,10
24158,8139883,8139887,4
24159,8140110,8140113,3
24160,8140318,8140328,10
24161,8141002,8141007,5
24162,8141024,8141030,6
24163,8141091,8141103,12
24164,8141117,8141128,11
24165,8142358,8142367,9
24166,8142465,8142470,5
24167,8142497,8142504,7
24168,8142897,8142901,4
24169,8143660,8143668,8
24170,8144654,8144657,3
24171,8144822,8144828,6
24172,8145482,8145488,6
24173,8145713,8145718,5
24174,8146299,8146311,12
24175,8147341,8147346,5
24176,8147346,8147352,6
24177,8147986,8147991,5
24178,8148422,8148431,9
24179,8148431,8148439,8
24180,8149335,8149340,5
24181,8150351,8150360,9
24182,8150390,8150399,9
24183,8150949,8150954,5
24184,8151279,8151282,3
24185,8151409,8151413,4
24186,8151624,8151632,8
24187,8151644,8151648,4
24188,8151855,8151858,3
24189,8151885,8151888,3
24190,8152366,8152373,7
24191,8152373,8152382,9
24192,8152775,8152778,3
24193,8153042,8153045,3
24194,8153511,8153514,3
24195,8153514,8153517,3
24196,8154589,8154593,4
24197,8154828,8154831,3
24198,8155482,8155486,4
24199,8155591,8155596,5
24200,8155748,8155755,7
24201,8155845,8155851,6
24202,8155851,8155857,6
24203,8155896,8155903,7
24204,8156696,8156702,6
24205,8156702,8156712,10
24206,8157017,8157026,9
24207,8157722,8157728,6
24208,8158094,8158098,4
24209,8158712,8158720,8
24210,8158832,8158837,5
24211,8159045,8159051,6
24212,8159328,8159336,8
24213,8159368,8159371,3
24214,8159371,8159377,6
24215,8159399,8159402,3
24216,8159402,8159405,3
24217,8159405,8159408,3
24218,8159601,8159605,4
24219,8160532,8160536,4
24220,8161598,8161606,8
24221,8161622,8161626,4
24222,8161626,8161636,10
24223,8161636,8161643,7
24224,8161667,8161674,7
24225,8161674,8161679,5
24226,8162631,8162637,6
24227,8162649,8162658,9
24228,8162671,8162679,8
24229,8163213,8163222,9
24230,8163222,8163228,6
24231,8163309,8163312,3
24232,8163312,8163320,8
24233,8163678,8163685,7
24234,8163685,8163691,6
24235,8163905,8163914,9
24236,8163986,8163993,7
24237,8164217,8164221,4
24238,8164561,8164565,4
24239,8164612,8164618,6
24240,8164769,8164773,4
24241,8164773,8164778,5
24242,8164975,8164979,4
24243,8165062,8165066,4
24244,8165356,8165359,3
24245,8165488,8165495,7
24246,8165788,8165793,5
24247,8166978,8166984,6
24248,8167031,8167034,3
24249,8167205,8167212,7
24250,8167212,8167222,10
24251,8167222,8167229,7
24252,8167603,8167609,6
24253,8167813,8167819,6
24254,8167960,8167969,9
24255,8168356,8168363,7
24256,8168576,8168582,6
24257,8168828,8168833,5
24258,8169253,8169256,3
24259,8169256,8169259,3
24260,8169259,8169262,3
24261,8169375,8169387,12
24262,8169838,8169846,8
24263,8170001,8170010,9
24264,8171249,8171258,9
24265,8171676,8171682,6
24266,8172134,8172144,10
24267,8172144,8172149,5
24268,8172642,8172645,3
24269,8172717,8172723,6
24270,8172858,8172861,3
24271,8172891,8172898,7
24272,8173114,8173126,12
24273,8173833,8173842,9
24274,8173981,8173985,4
24275,8173985,8173992,7
24276,8175431,8175434,3
24277,8175434,8175444,10
24278,8175485,8175492,7
24279,8176220,8176223,3
24280,8176593,8176599,6
24281,8177714,8177723,9
24282,8177827,8177833,6
24283,8177843,8177846,3
24284,8180725,8180731,6
24285,8181136,8181141,5
24286,8181642,8181750,108
24287,8181823,8181854,31
24288,8181854,8181860,6
24289,8181860,8181931,71
24290,8182004,8182035,31
24291,8182035,8182041,6
24292,8182041,8182112,71
24293,8182185,8182293,108
24294,8182366,8182403,37
24295,8182403,8182474,71
24296,8182474,8182546,72
24297,8182546,8182583,37
24298,8182583,8182654,71
24299,8182654,8182727,73
24300,8182727,8182764,37
24301,8182764,8182835,71
24302,8182835,8182907,72
24303,8182907,8182944,37
24304,8182944,8183015,71
24305,8183015,8183087,72
24306,8183087,8183196,109
24307,8183196,8183268,72
24308,8183268,8183305,37
24309,8183305,8183376,71
24310,8183376,8183449,73
24311,8183449,8183558,109
24312,8183558,8183630,72
24313,8183630,8183739,109
24314,8183739,8183746,7
24315,8183807,8183844,37
24316,8183844,8183915,71
24317,8183915,8183988,73
24318,8183988,8184097,109
24319,8184097,8184169,72
24320,8184169,8184206,37
24321,8184206,8184277,71
24322,8185150,8185153,3
24323,8186200,8186203,3
24324,8186448,8186453,5
24325,8186634,8186641,7
24326,8189134,8189141,7
24327,8189819,8189825,6
24328,8191895,8191901,6
24329,8191919,8191924,5
24330,8192081,8192090,9
24331,8194499,8194505,6
24332,8196889,8196895,6
24333,8196992,8196999,7
24334,8197255,8197263,8
24335,8197263,8197271,8
24336,8197645,8197649,4
24337,8198048,8198057,9
24338,8198688,8198691,3
24339,8198691,8198694,3
24340,8198814,8198821,7
24341,8198887,8198898,11
24342,8199198,8199205,7
24343,8199818,8199827,9
24344,8199903,8199910,7
24345,8199941,8199949,8
24346,8200163,8200168,5
24347,8200791,8200799,8
24348,8201568,8201571,3
24349,8201811,8201816,5
24350,8201997,8202001,4
24351,8205715,8205721,6
24352,8205721,8205733,12
24353,8205733,8205739,6
24354,8205739,8205751,12
24355,8205751,8205763,12
24356,8205763,8205769,6
24357,8205769,8205775,6
24358,8205775,8205781,6
24359,8205781,8205793,12
24360,8205793,8205799,6
24361,8206677,8206686,9
24362,8206958,8206965,7
24363,8206996,8207001,5
24364,8207350,8207359,9
24365,8208310,8208314,4
24366,8208468,8208471,3
24367,8208471,8208474,3
24368,8209357,8209366,9
24369,8209366,8209369,3
24370,8209369,8209375,6
24371,8209375,8209381,6
24372,8209726,8209732,6
24373,8209996,8210004,8
24374,8210155,8210159,4
24375,8211885,8211891,6
24376,8212035,8212042,7
24377,8212141,8212150,9
24378,8212150,8212153,3
24379,8212153,8212156,3
24380,8212156,8212159,3
24381,8212159,8212162,3
24382,8212162,8212165,3
24383,8212165,8212168,3
24384,8212231,8212236,5
24385,8212744,8212750,6
24386,8214623,8214632,9
24387,8214632,8214637,5
24388,8216246,8216251,5
24389,8216296,8216300,4
24390,8216838,8216848,10
24391,8217044,8217051,7
24392,8218631,8218640,9
24393,8219070,8219073,3
24394,8219073,8219078,5
24395,8219078,8219084,6
24396,8219084,8219090,6
24397,8220192,8220196,4
24398,8220490,8220496,6
24399,8220829,8220833,4
24400,8220833,8220836,3
24401,8220933,8220941,8
24402,8221040,8221043,3
24403,8221133,8221139,6
24404,8221170,8221176,6
24405,8221207,8221214,7
24406,8221214,8221221,7
24407,8221221,8221228,7
24408,8221228,8221235,7
24409,8221273,8221279,6
24410,8221279,8221285,6
24411,8221411,8221415,4
24412,8221720,8221724,4
24413,8221724,8221733,9
24414,8222687,8222693,6
24415,8222693,8222699,6
24416,8222699,8222705,6
24417,8222787,8222795,8
24418,8223611,8223618,7
24419,8223664,8223673,9
24420,8225255,8225258,3
24421,8225330,8225338,8
24422,8225693,8225696,3
24423,8228040,8228049,9
24424,8229194,8229197,3
24425,8229211,8229220,9
24426,8229629,8229638,9
24427,8229638,8229645,7
24428,8229912,8229921,9
24429,8230735,8230742,7
24430,8230742,8230747,5
24431,8232468,8232472,4
24432,8233164,8233169,5
24433,8233169,8233174,5
24434,8233559,8233562,3
24435,8233562,8233565,3
24436,8233705,8233708,3
24437,8233708,8233712,4
24438,8234646,8234651,5
24439,8235812,8235816,4
24440,8236627,8236632,5
24441,8237259,8237268,9
24442,8237268,8237279,11
24443,8238575,8238579,4
24444,8238610,8238615,5
24445,8238780,8238788,8
24446,8239023,8239028,5
24447,8239128,8239132,4
24448,8239132,8239141,9
24449,8239141,8239147,6
24450,8239221,8239227,6
24451,8239227,8239233,6
24452,8240109,8240114,5
24453,8241756,8241762,6
24454,8242432,8242439,7
24455,8242892,8242900,8
24456,8243092,8243099,7
24457,8244068,8244074,6
24458,8244074,8244078,4
24459,8244078,8244086,8
24460,8244086,8244091,5
24461,8244952,8244961,9
24462,8245027,8245030,3
24463,8245030,8245033,3
24464,8245033,8245036,3
24465,8245036,8245039,3
24466,8245039,8245042,3
24467,8245455,8245458,3
24468,8245572,8245579,7
24469,8245836,8245842,6
24470,8245963,8245968,5
24471,8246678,8246681,3
24472,8246986,8246989,3
24473,8247382,8247387,5
24474,8247785,8247789,4
24475,8248530,8248535,5
24476,8249082,8249086,4
24477,8249899,8249903,4
24478,8250830,8250834,4
24479,8250858,8250867,9
24480,8250885,8250892,7
24481,8251560,8251570,10
24482,8252396,8252404,8
24483,8253397,8253403,6
24484,8253822,8253834,12
24485,8253857,8253865,8
24486,8255627,8255631,4
24487,8255631,8255634,3
24488,8256440,8256443,3
24489,8256762,8256765,3
24490,8256833,8256839,6
24491,8257600,8257606,6
24492,8259870,8259874,4
24493,8260099,8260105,6
24494,8260446,8260451,5
24495,8260451,8260461,10
24496,8260612,8260618,6
24497,8260618,8260627,9
24498,8260627,8260631,4
24499,8261442,8261450,8
24500,8262636,8262645,9
24501,8262645,8262655,10
24502,8263542,8263546,4
24503,8263640,8263645,5
24504,8264369,8264373,4
24505,8264870,8264877,7
24506,8264877,8264885,8
24507,8265739,8265744,5
24508,8266126,8266132,6
24509,8266407,8266413,6
24510,8267040,8267071,31
24511,8267630,8267637,7
24512,8268288,8268297,9
24513,8268385,8268390,5
24514,8268402,8268411,9
24515,8268411,8268420,9
24516,8268420,8268429,9
24517,8268797,8268809,12
24518,8269469,8269475,6
24519,8270908,8270914,6
24520,8271194,8271205,11
24521,8271297,8271303,6
24522,8272103,8272112,9
24523,8272709,8272713,4
24524,8272996,8273003,7
24525,8273395,8273405,10
24526,8273649,8273654,5
24527,8274111,8274117,6
24528,8276131,8276141,10
24529,8276141,8276144,3
24530,8277663,8277672,9
24531,8277915,8277920,5
24532,8278324,8278327,3
24533,8278381,8278390,9
24534,8279256,8279264,8
24535,8279560,8279564,4
24536,8279717,8279725,8
24537,8282921,8282925,4
24538,8282939,8282949,10
24539,8283001,8283008,7
24540,8283704,8283708,4
24541,8283708,8283712,4
24542,8284977,8284987,10
24543,8285626,8285632,6
24544,8285632,8285635,3
24545,8285810,8285817,7
24546,8285817,8285820,3
24547,8286055,8286062,7
24548,8286062,8286066,4
24549,8286231,8286237,6
24550,8286237,8286244,7
24551,8286244,8286251,7
24552,8286251,8286258,7
24553,8286258,8286267,9
24554,8286328,8286333,5
24555,8286661,8286666,5
24556,8286826,8286834,8
24557,8287316,8287325,9
24558,8287449,8287458,9
24559,8288455,8288459,4
24560,8288642,8288648,6
24561,8288666,8288672,6
24562,8288684,8288690,6
24563,8289271,8289279,8
24564,8289586,8289591,5
24565,8291869,8291872,3
24566,8292372,8292380,8
24567,8293508,8293634,126
24568,8293634,8293701,67
24569,8293701,8293723,22
24570,8293723,8293779,56
24571,8293881,8293900,19
24572,8293900,8294073,173
24573,8294073,8294107,34
24574,8294107,8294172,65
24575,8294172,8294187,15
24576,8295008,8295014,6
24577,8295799,8295834,35
24578,8296417,8296422,5
24579,8297327,8297331,4
24580,8297846,8297853,7
24581,8298134,8298137,3
24582,8298788,8298793,5
24583,8301667,8301675,8
24584,8301675,8301679,4
24585,8302873,8302877,4
24586,8303951,8303954,3
24587,8305026,8305032,6
24588,8307034,8307039,5
24589,8307341,8307352,11
24590,8307352,8307358,6
24591,8309216,8309223,7
24592,8309486,8309495,9
24593,8312322,8312327,5
24594,8312735,8312742,7
24595,8312874,8312883,9
24596,8314255,8314260,5
24597,8315788,8315794,6
24598,8315794,8315797,3
24599,8315797,8315800,3
24600,8315800,8315808,8
24601,8316591,8316594,3
24602,8316776,8316782,6
24603,8317194,8317202,8
24604,8317293,8317299,6
24605,8317299,8317305,6
24606,8317317,8317323,6
24607,8317323,8317329,6
24608,8317341,8317353,12
24609,8319259,8319265,6
24610,8319570,8319578,8
24611,8321832,8321837,5
24612,8321851,8321856,5
24613,8322026,8322031,5
24614,8322147,8322151,4
24615,8322793,8322800,7
24616,8323025,8323029,4
24617,8323880,8323890,10
24618,8324043,8324055,12
24619,8324055,8324064,9
24620,8324821,8324829,8
24621,8324829,8324837,8
24622,8326362,8326373,11
24623,8327624,8327636,12
24624,8328041,8328049,8
24625,8328049,8328055,6
24626,8328083,8328089,6
24627,8328350,8328357,7
24628,8328433,8328439,6
24629,8328719,8328728,9
24630,8329222,8329228,6
24631,8329228,8329234,6
24632,8329560,8329564,4
24633,8329564,8329569,5
24634,8329652,8329659,7
24635,8332062,8332070,8
24636,8332070,8332075,5
24637,8332075,8332080,5
24638,8332080,8332085,5
24639,8332085,8332093,8
24640,8334850,8334857,7
24641,8336459,8336466,7
24642,8336751,8336754,3
24643,8337909,8337913,4
24644,8338944,8338947,3
24645,8339117,8339126,9
24646,8339292,8339295,3
24647,8340142,8340151,9
24648,8342502,8342513,11
24649,8342623,8342629,6
24650,8344432,8344436,4
24651,8344436,8344444,8
24652,8344444,8344453,9
24653,8344453,8344457,4
24654,8345408,8345416,8
24655,8345545,8345553,8
24656,8346006,8346015,9
24657,8347599,8347603,4
24658,8348087,8348092,5
24659,8348230,8348238,8
24660,8348238,8348244,6
24661,8348486,8348494,8
24662,8348550,8348555,5
24663,8351099,8351109,10
24664,8352105,8352114,9
24665,8352323,8352333,10
24666,8352523,8352527,4
24667,8353294,8353299,5
24668,8354819,8354822,3
24669,8355047,8355053,6
24670,8355422,8355430,8
24671,8355455,8355461,6
24672,8355461,8355471,10
24673,8356180,8356187,7
24674,8356435,8356441,6
24675,8356441,8356447,6
24676,8356447,8356453,6
24677,8356453,8356459,6
24678,8356459,8356465,6
24679,8356465,8356471,6
24680,8356471,8356474,3
24681,8356474,8356480,6
24682,8356804,8356807,3
24683,8359473,8359482,9
24684,8362265,8362273,8
24685,8362273,8362279,6
24686,8362279,8362285,6
24687,8362385,8362391,6
24688,8362517,8362524,7
24689,8362750,8362759,9
24690,8363339,8363349,10
24691,8364133,8364140,7
24692,8364316,8364325,9
24693,8364815,8364829,14
24694,8364855,8364858,3
24695,8364907,8364936,29
24696,8364936,8364956,20
24697,8364956,8364964,8
24698,8364964,8365028,64
24699,8368014,8368021,7
24700,8368035,8368042,7
24701,8368042,8368049,7
24702,8368222,8368228,6
24703,8368228,8368234,6
24704,8368234,8368240,6
24705,8368240,8368246,6
24706,8368246,8368252,6
24707,8368695,8368701,6
24708,8368701,8368707,6
24709,8368707,8368713,6
24710,8368727,8368731,4
24711,8369153,8369162,9
24712,8369328,8369332,4
24713,8369332,8369338,6
24714,8369414,8369445,31
24715,8369683,8369693,10
24716,8369693,8369699,6
24717,8369929,8369932,3
24718,8370531,8370535,4
24719,8374249,8374255,6
24720,8375248,8375251,3
24721,8375293,8375302,9
24722,8375654,8375663,9
24723,8378393,8378397,4
24724,8378473,8378481,8
24725,8378715,8378718,3
24726,8379754,8379760,6
24727,8380262,8380272,10
24728,8380376,8380382,6
24729,8380382,8380388,6
24730,8380388,8380394,6
24731,8380394,8380406,12
24732,8380406,8380409,3
24733,8380409,8380415,6
24734,8380415,8380421,6
24735,8381384,8381390,6
24736,8381421,8381427,6
24737,8382477,8382486,9
24738,8382486,8382490,4
24739,8382877,8382884,7
24740,8385114,8385119,5
24741,8385593,8385600,7
24742,8385630,8385637,7
24743,8385637,8385645,8
24744,8386555,8386558,3
24745,8386749,8386753,4
24746,8387586,8387589,3
24747,8387669,8387676,7
24748,8387708,8387714,6
24749,8388284,8388287,3
24750,8388824,8388833,9
24751,8388833,8388840,7
24752,8388886,8388892,6
24753,8390251,8390258,7
24754,8390258,8390261,3
24755,8391214,8391222,8
24756,8391609,8391614,5
24757,8391817,8391825,8
24758,8391909,8391916,7
24759,8392012,8392020,8
24760,8393045,8393051,6
24761,8393640,8393643,3
24762,8393643,8393646,3
24763,8393646,8393649,3
24764,8393649,8393652,3
24765,8393652,8393655,3
24766,8393655,8393658,3
24767,8393670,8393673,3
24768,8393673,8393676,3
24769,8394294,8394297,3
24770,8394356,8394362,6
24771,8394634,8394637,3
24772,8396547,8396553,6
24773,8396735,8396744,9
24774,8398040,8398045,5
24775,8400027,8400035,8
24776,8400698,8400704,6
24777,8400704,8400707,3
24778,8400707,8400712,5
24779,8400743,8400749,6
24780,8402655,8402661,6
24781,8402673,8402680,7
24782,8402868,8402874,6
24783,8402874,8402878,4
24784,8402893,8402900,7
24785,8403181,8403187,6
24786,8403243,8403247,4
24787,8403247,8403251,4
24788,8404384,8404389,5
24789,8404662,8404671,9
24790,8405041,8405048,7
24791,8405692,8405698,6
24792,8407032,8407035,3
24793,8407247,8407254,7
24794,8408608,8408614,6
24795,8409546,8409554,8
24796,8412391,8412396,5
24797,8412559,8412568,9
24798,8413096,8413102,6
24799,8413432,8413436,4
24800,8413957,8413965,8
24801,8413992,8413999,7
24802,8415565,8415571,6
24803,8416800,8416807,7
24804,8418456,8418465,9
24805,8419359,8419367,8
24806,8419846,8419849,3
24807,8419849,8419855,6
24808,8420376,8420381,5
24809,8420381,8420386,5
24810,8421032,8421038,6
24811,8421527,8421533,6
24812,8423839,8423845,6
24813,8425025,8425034,9
24814,8425661,8425667,6
24815,8425679,8425685,6
24816,8425697,8425703,6
24817,8425703,8425709,6
24818,8425709,8425715,6
24819,8425715,8425727,12
24820,8425790,8425796,6
24821,8425820,8425826,6
24822,8425826,8425850,24
24823,8425850,8425856,6
24824,8425856,8425880,24
24825,8425880,8425886,6
24826,8425910,8425916,6
24827,8425940,8425946,6
24828,8425970,8425976,6
24829,8426000,8426006,6
24830,8426027,8426033,6
24831,8426054,8426060,6
24832,8426171,8426174,3
24833,8427019,8427025,6
24834,8427571,8427575,4
24835,8427575,8427581,6
24836,8427932,8427935,3
24837,8428140,8428147,7
24838,8428147,8428153,6
24839,8428592,8428595,3
24840,8429058,8429064,6
24841,8429064,8429072,8
24842,8429165,8429168,3
24843,8429543,8429546,3
24844,8429546,8429552,6
24845,8429686,8429695,9
24846,8429811,8429816,5
24847,8430282,8430285,3
24848,8430754,8430759,5
24849,8431901,8431908,7
24850,8431908,8431914,6
24851,8431926,8431929,3
24852,8432091,8432095,4
24853,8433036,8433041,5
24854,8433309,8433318,9
24855,8433519,8433534,15
24856,8433534,8433544,10
24857,8434478,8434486,8
24858,8435036,8435046,10
24859,8436058,8436063,5
24860,8436438,8436447,9
24861,8436787,8436796,9
24862,8436857,8436865,8
24863,8436865,8436869,4
24864,8438254,8438263,9
24865,8438737,8438745,8
24866,8438947,8438953,6
24867,8439308,8439317,9
24868,8439769,8439778,9
24869,8439869,8439877,8
24870,8440283,8440289,6
24871,8440343,8440346,3
24872,8440709,8440714,5
24873,8441152,8441162,10
24874,8441723,8441727,4
24875,8441727,8441731,4
24876,8442055,8442064,9
24877,8444141,8444144,3
24878,8444391,8444394,3
24879,8444394,8444404,10
24880,8445656,8445663,7
24881,8446462,8446470,8
24882,8446504,8446510,6
24883,8446510,8446520,10
24884,8446520,8446524,4
24885,8446524,8446529,5
24886,8446529,8446534,5
24887,8446765,8446769,4
24888,8446787,8446793,6
24889,8446923,8446926,3
24890,8446926,8446931,5
24891,8447366,8447372,6
24892,8448064,8448071,7
24893,8448131,8448134,3
24894,8448438,8448441,3
24895,8448474,8448481,7
24896,8448717,8448720,3
24897,8450143,8450153,10
24898,8450374,8450381,7
24899,8450603,8450608,5
24900,8451256,8451264,8
24901,8451713,8451716,3
24902,8451792,8451796,4
24903,8452136,8452143,7
24904,8452777,8452786,9
24905,8452910,8452913,3
24906,8453131,8453136,5
24907,8453136,8453141,5
24908,8454340,8454348,8
24909,8454348,8454355,7
24910,8454745,8454749,4
24911,8454885,8454893,8
24912,8454893,8454898,5
24913,8454898,8454903,5
24914,8454915,8454923,8
24915,8454923,8454931,8
24916,8454931,8454938,7
24917,8455046,8455054,8
24918,8456234,8456240,6
24919,8456240,8456268,28
24920,8456268,8456287,19
24921,8456287,8456362,75
24922,8456532,8456616,84
24923,8456616,8456626,10
24924,8456782,8456789,7
24925,8457027,8457045,18
24926,8457045,8457090,45
24927,8457248,8457316,68
24928,8457316,8457349,33
24929,8457349,8457394,45
24930,8457394,8457399,5
24931,8457461,8457496,35
24932,8457607,8457617,10
24933,8458744,8458747,3
24934,8458963,8458973,10
24935,8459384,8459389,5
24936,8459389,8459394,5
24937,8460700,8460706,6
24938,8460827,8460834,7
24939,8462713,8462717,4
24940,8463143,8463150,7
24941,8464121,8464125,4
24942,8465140,8465146,6
24943,8465146,8465174,28
24944,8465174,8465193,19
24945,8465193,8465268,75
24946,8465437,8465521,84
24947,8465521,8465531,10
24948,8465779,8465797,18
24949,8465797,8465842,45
24950,8466000,8466068,68
24951,8466068,8466101,33
24952,8466101,8466146,45
24953,8466146,8466151,5
24954,8466213,8466248,35
24955,8466353,8466363,10
24956,8467199,8467206,7
24957,8468082,8468087,5
24958,8468582,8468585,3
24959,8468760,8468769,9
24960,8468907,8468913,6
24961,8469375,8469379,4
24962,8469979,8469987,8
24963,8470093,8470101,8
24964,8470896,8470901,5
24965,8471166,8471174,8
24966,8471217,8471226,9
24967,8471226,8471234,8
24968,8471276,8471282,6
24969,8471282,8471285,3
24970,8472243,8472248,5
24971,8472719,8472722,3
24972,8473797,8473800,3
24973,8473872,8473877,5
24974,8473893,8473899,6
24975,8474674,8474679,5
24976,8474742,8474749,7
24977,8474749,8474753,4
24978,8475032,8475035,3
24979,8475365,8475372,7
24980,8476082,8476087,5
24981,8476087,8476090,3
24982,8476364,8476370,6
24983,8476977,8476985,8
24984,8477402,8477407,5
24985,8477407,8477411,4
24986,8478532,8478545,13
24987,8479250,8479254,4
24988,8479993,8480002,9
24989,8480725,8480732,7
24990,8481544,8481550,6
24991,8481912,8481920,8
24992,8483083,8483088,5
24993,8483437,8483447,10
24994,8483548,8483558,10
24995,8483558,8483566,8
24996,8484317,8484326,9
24997,8484582,8484586,4
24998,8484878,8484883,5
24999,8485543,8485552,9
25000,8485849,8485852,3
25001,8485852,8485860,8
25002,8486725,8486734,9
25003,8486920,8486923,3
25004,8486971,8486979,8
25005,8488761,8488767,6
25006,8489222,8489231,9
25007,8489768,8489777,9
25008,8490477,8490488,11
25009,8490619,8490626,7
25010,8490652,8490657,5
25011,8490777,8490785,8
25012,8491325,8491330,5
25013,8494401,8494407,6
25014,8494407,8494415,8
25015,8494415,8494423,8
25016,8494842,8494850,8
25017,8494850,8494858,8
25018,8495296,8495303,7
25019,8495720,8495726,6
25020,8495726,8495729,3
25021,8496010,8496013,3
25022,8497285,8497290,5
25023,8498018,8498022,4
25024,8498022,8498026,4
25025,8498026,8498030,4
25026,8498101,8498106,5
25027,8498877,8498882,5
25028,8499816,8499820,4
25029,8500027,8500034,7
25030,8500079,8500083,4
25031,8500501,8500506,5
25032,8500783,8500789,6
25033,8500789,8500794,5
25034,8500959,8500966,7
25035,8501396,8501402,6
25036,8501809,8501818,9
25037,8501961,8501969,8
25038,8502016,8502023,7
25039,8502023,8502033,10
25040,8502033,8502044,11
25041,8502415,8502423,8
25042,8503021,8503025,4
25043,8503082,8503090,8
25044,8503090,8503093,3
25045,8503615,8503620,5
25046,8503620,8503625,5
25047,8503625,8503630,5
25048,8505340,8505344,4
25049,8505371,8505381,10
25050,8505432,8505438,6
25051,8506981,8506985,4
25052,8506985,8506989,4
25053,8506989,8506993,4
25054,8507943,8507946,3
25055,8508027,8508032,5
25056,8508296,8508299,3
25057,8508351,8508357,6
25058,8509343,8509353,10
25059,8509668,8509677,9
25060,8510447,8510454,7
25061,8510466,8510469,3
25062,8510664,8510667,3
25063,8511431,8511440,9
25064,8511440,8511447,7
25065,8514059,8514062,3
25066,8514587,8514590,3
25067,8514733,8514738,5
25068,8514738,8514743,5
25069,8515151,8515156,5
25070,8515778,8515782,4
25071,8515782,8515788,6
25072,8516204,8516214,10
25073,8516214,8516219,5
25074,8516608,8516613,5
25075,8516760,8516769,9
25076,8516852,8516861,9
25077,8516894,8516898,4
25078,8517288,8517298,10
25079,8519313,8519320,7
25080,8519332,8519338,6
25081,8519587,8519590,3
25082,8520022,8520029,7
25083,8520152,8520162,10
25084,8520352,8520361,9
25085,8520397,8520407,10
25086,8520621,8520631,10
25087,8520732,8520738,6
25088,8521449,8521454,5
25089,8522364,8522373,9
25090,8523543,8523547,4
25091,8523547,8523551,4
25092,8523886,8523894,8
25093,8524055,8524062,7
25094,8524062,8524068,6
25095,8524083,8524092,9
25096,8525914,8525924,10
25097,8525924,8525931,7
25098,8525931,8525935,4
25099,8525935,8525941,6
25100,8525941,8525947,6
25101,8525959,8525965,6
25102,8526116,8526124,8
25103,8526124,8526132,8
25104,8526132,8526136,4
25105,8526136,8526141,5
25106,8526141,8526145,4
25107,8526145,8526150,5
25108,8526534,8526543,9
25109,8526678,8526684,6
25110,8527025,8527028,3
25111,8527110,8527116,6
25112,8527196,8527204,8
25113,8527204,8527212,8
25114,8527336,8527340,4
25115,8527479,8527485,6
25116,8527485,8527488,3
25117,8527667,8527673,6
25118,8528902,8528912,10
25119,8529167,8529175,8
25120,8529240,8529246,6
25121,8529246,8529250,4
25122,8529446,8529450,4
25123,8529450,8529455,5
25124,8529455,8529458,3
25125,8529458,8529461,3
25126,8529461,8529464,3
25127,8529464,8529467,3
25128,8529467,8529470,3
25129,8529470,8529473,3
25130,8529473,8529476,3
25131,8529476,8529482,6
25132,8529482,8529485,3
25133,8529575,8529582,7
25134,8530133,8530143,10
25135,8530686,8530689,3
25136,8530750,8530756,6
25137,8530986,8530992,6
25138,8530992,8531014,22
25139,8531014,8531039,25
25140,8531039,8531042,3
25141,8531110,8531116,6
25142,8532128,8532135,7
25143,8533404,8533407,3
25144,8533407,8533410,3
25145,8533410,8533413,3
25146,8533424,8533427,3
25147,8534590,8534596,6
25148,8535164,8535171,7
25149,8535338,8535342,4
25150,8535577,8535580,3
25151,8537422,8537426,4
25152,8537551,8537559,8
25153,8537781,8537787,6
25154,8537787,8537795,8
25155,8539901,8539906,5
25156,8540096,8540099,3
25157,8540444,8540453,9
25158,8541308,8541316,8
25159,8542156,8542161,5
25160,8543916,8543923,7
25161,8544301,8544304,3
25162,8545149,8545152,3
25163,8545573,8545576,3
25164,8545752,8545761,9
25165,8546103,8546110,7
25166,8546298,8546304,6
25167,8546304,8546308,4
25168,8546973,8546980,7
25169,8548278,8548287,9
25170,8548485,8548491,6
25171,8548491,8548496,5
25172,8548512,8548518,6
25173,8548720,8548729,9
25174,8548791,8548797,6
25175,8548978,8548984,6
25176,8548997,8549002,5
25177,8549002,8549008,6
25178,8549008,8549011,3
25179,8549731,8549739,8
25180,8549867,8549877,10
25181,8550093,8550097,4
25182,8550599,8550602,3
25183,8552385,8552392,7
25184,8552664,8552672,8
25185,8553684,8553692,8
25186,8553948,8553952,4
25187,8553952,8553961,9
25188,8553961,8553968,7
25189,8554093,8554100,7
25190,8554209,8554217,8
25191,8554407,8554413,6
25192,8555222,8555229,7
25193,8555288,8555294,6
25194,8555797,8555804,7
25195,8555804,8555810,6
25196,8555842,8555849,7
25197,8556043,8556048,5
25198,8556440,8556446,6
25199,8556600,8556605,5
25200,8557029,8557038,9
25201,8557643,8557647,4
25202,8557737,8557743,6
25203,8558173,8558176,3
25204,8558433,8558440,7
25205,8559103,8559106,3
25206,8559106,8559109,3
25207,8559148,8559152,4
25208,8559443,8559452,9
25209,8559581,8559588,7
25210,8560519,8560528,9
25211,8563229,8563239,10
25212,8564112,8564115,3
25213,8565336,8565342,6
25214,8565404,8565408,4
25215,8566087,8566090,3
25216,8567176,8567181,5
25217,8567428,8567432,4
25218,8569989,8569993,4
25219,8570113,8570118,5
25220,8571506,8571511,5
25221,8571879,8571883,4
25222,8571883,8571886,3
25223,8572666,8572669,3
25224,8572801,8572805,4
25225,8572805,8572810,5
25226,8572964,8572971,7
25227,8573268,8573276,8
25228,8573828,8573834,6
25229,8574848,8574853,5
25230,8575199,8575204,5
25231,8575204,8575209,5
25232,8575661,8575666,5
25233,8576675,8576686,11
25234,8577074,8577082,8
25235,8577569,8577575,6
25236,8577575,8577597,22
25237,8577597,8577622,25
25238,8577622,8577625,3
25239,8577982,8577985,3
25240,8578184,8578194,10
25241,8578288,8578313,25
25242,8578313,8578316,3
25243,8579547,8579555,8
25244,8579847,8579850,3
25245,8579907,8579910,3
25246,8580803,8580813,10
25247,8580870,8580880,10
25248,8582170,8582177,7
25249,8582177,8582182,5
25250,8582328,8582331,3
25251,8583242,8583251,9
25252,8583978,8583983,5
25253,8583983,8583990,7
25254,8584500,8584510,10
25255,8584519,8584525,6
25256,8586048,8586057,9
25257,8586120,8586129,9
25258,8586550,8586556,6
25259,8587002,8587006,4
25260,8587006,8587011,5
25261,8587978,8587986,8
25262,8588758,8588764,6
25263,8589250,8589255,5
25264,8589583,8589591,8
25265,8589591,8589596,5
25266,8591802,8591807,5
25267,8591974,8591981,7
25268,8591981,8591984,3
25269,8593064,8593069,5
25270,8593069,8593074,5
25271,8593323,8593326,3
25272,8593670,8593677,7
25273,8595663,8595669,6
25274,8595844,8595852,8
25275,8595950,8595953,3
25276,8596005,8596011,6
25277,8596556,8596562,6
25278,8597154,8597160,6
25279,8597160,8597163,3
25280,8597163,8597169,6
25281,8597169,8597181,12
25282,8598792,8598801,9
25283,8599548,8599556,8
25284,8600015,8600018,3
25285,8600801,8600810,9
25286,8601825,8601833,8
25287,8603665,8603672,7
25288,8603891,8603897,6
25289,8603897,8603900,3
25290,8604057,8604063,6
25291,8604063,8604072,9
25292,8604880,8604889,9
25293,8605848,8605854,6
25294,8606332,8606337,5
25295,8606349,8606353,4
25296,8606353,8606357,4
25297,8606406,8606415,9
25298,8606744,8606753,9
25299,8607350,8607354,4
25300,8607437,8607446,9
25301,8607499,8607504,5
25302,8607531,8607540,9
25303,8609851,8609855,4
25304,8609987,8610001,14
25305,8610743,8610751,8
25306,8610763,8610770,7
25307,8610803,8610810,7
25308,8611047,8611053,6
25309,8611340,8611348,8
25310,8611996,8612009,13
25311,8612301,8612353,52
25312,8612353,8612366,13
25313,8612546,8612659,113
25314,8612659,8612724,65
25315,8612904,8613017,113
25316,8613017,8613082,65
25317,8613375,8613427,52
25318,8613427,8613440,13
25319,8613845,8613850,5
25320,8613850,8613853,3
25321,8613853,8613859,6
25322,8613940,8613943,3
25323,8614044,8614052,8
25324,8614198,8614204,6
25325,8614204,8614207,3
25326,8614207,8614217,10
25327,8614847,8614852,5
25328,8615661,8615665,4
25329,8615813,8615821,8
25330,8616322,8616330,8
25331,8616343,8616350,7
25332,8616612,8616615,3
25333,8616615,8616620,5
25334,8616620,8616629,9
25335,8616691,8616694,3
25336,8618417,8618424,7
25337,8618834,8618842,8
25338,8619528,8619535,7
25339,8619654,8619657,3
25340,8619729,8619737,8
25341,8619737,8619743,6
25342,8619743,8619749,6
25343,8619749,8619755,6
25344,8619839,8619847,8
25345,8620761,8620770,9
25346,8620784,8620791,7
25347,8621135,8621138,3
25348,8621739,8621742,3
25349,8622554,8622560,6
25350,8622560,8622567,7
25351,8624207,8624213,6
25352,8625800,8625805,5
25353,8625805,8625810,5
25354,8626596,8626599,3
25355,8626599,8626609,10
25356,8626648,8626656,8
25357,8627043,8627046,3
25358,8627680,8627686,6
25359,8627686,8627692,6
25360,8627916,8627924,8
25361,8627952,8627959,7
25362,8628651,8628657,6
25363,8628657,8628661,4
25364,8628831,8628835,4
25365,8628835,8628844,9
25366,8628844,8628849,5
25367,8629694,8629697,3
25368,8629697,8629700,3
25369,8629820,8629826,6
25370,8629826,8629832,6
25371,8629832,8629838,6
25372,8629911,8629921,10
25373,8631290,8631293,3
25374,8632009,8632015,6
25375,8632332,8632341,9
25376,8632389,8632392,3
25377,8632392,8632395,3
25378,8632395,8632398,3
25379,8632422,8632431,9
25380,8632431,8632434,3
25381,8632434,8632443,9
25382,8632443,8632449,6
25383,8632479,8632482,3
25384,8632757,8632763,6
25385,8632824,8632830,6
25386,8633134,8633142,8
25387,8633142,8633145,3
25388,8633145,8633148,3
25389,8633211,8633219,8
25390,8635946,8635949,3
25391,8636669,8636679,10
25392,8636690,8636700,10
25393,8636947,8636953,6
25394,8636953,8636959,6
25395,8636959,8636965,6
25396,8637302,8637309,7
25397,8637421,8637427,6
25398,8637427,8637433,6
25399,8637433,8637439,6
25400,8637439,8637445,6
25401,8637445,8637451,6
25402,8637451,8637457,6
25403,8637457,8637463,6
25404,8637592,8637600,8
25405,8638153,8638157,4
25406,8638296,8638299,3
25407,8639110,8639114,4
25408,8639206,8639210,4
25409,8640369,8640379,10
25410,8640379,8640383,4
25411,8640517,8640526,9
25412,8641026,8641029,3
25413,8642189,8642195,6
25414,8642396,8642401,5
25415,8642573,8642579,6
25416,8642805,8642809,4
25417,8643011,8643016,5
25418,8643159,8643164,5
25419,8643475,8643483,8
25420,8643563,8643570,7
25421,8644032,8644040,8
25422,8644109,8644116,7
25423,8644116,8644123,7
25424,8645133,8645141,8
25425,8645310,8645318,8
25426,8645376,8645386,10
25427,8645441,8645444,3
25428,8646721,8646726,5
25429,8646726,8646732,6
25430,8646732,8646738,6
25431,8646738,8646741,3
25432,8646741,8646744,3
25433,8646744,8646749,5
25434,8646749,8646755,6
25435,8646755,8646761,6
25436,8647199,8647206,7
25437,8647206,8647210,4
25438,8647275,8647280,5
25439,8647789,8647795,6
25440,8648239,8648248,9
25441,8648597,8648606,9
25442,8648783,8648793,10
25443,8649067,8649072,5
25444,8649103,8649111,8
25445,8649957,8649961,4
25446,8650045,8650053,8
25447,8650063,8650071,8
25448,8650477,8650482,5
25449,8650482,8650487,5
25450,8651721,8651731,10
25451,8652199,8652207,8
25452,8653484,8653491,7
25453,8653892,8653898,6
25454,8653898,8653907,9
25455,8654019,8654026,7
25456,8654026,8654033,7
25457,8654033,8654040,7
25458,8654040,8654047,7
25459,8654047,8654054,7
25460,8654108,8654111,3
25461,8654393,8654403,10
25462,8655389,8655392,3
25463,8655428,8655431,3
25464,8655431,8655434,3
25465,8655434,8655437,3
25466,8655437,8655440,3
25467,8655440,8655443,3
25468,8655481,8655489,8
25469,8655684,8655691,7
25470,8655728,8655731,3
25471,8656462,8656467,5
25472,8656467,8656472,5
25473,8656472,8656480,8
25474,8656480,8656485,5
25475,8656607,8656612,5
25476,8657297,8657306,9
25477,8657691,8657701,10
25478,8658378,8658385,7
25479,8658642,8658649,7
25480,8659305,8659310,5
25481,8659310,8659316,6
25482,8659680,8659684,4
25483,8660753,8660761,8
25484,8660831,8660839,8
25485,8660916,8660922,6
25486,8662540,8662549,9
25487,8662549,8662553,4
25488,8663270,8663278,8
25489,8663278,8663286,8
25490,8663411,8663419,8
25491,8663515,8663521,6
25492,8663521,8663525,4
25493,8663740,8663744,4
25494,8664617,8664685,68
25495,8664976,8665044,68
25496,8665866,8665876,10
25497,8665979,8665982,3
25498,8666722,8666730,8
25499,8666730,8666737,7
25500,8666737,8666746,9
25501,8666814,8666819,5
25502,8668208,8668216,8
25503,8668240,8668248,8
25504,8669202,8669208,6
25505,8670047,8670052,5
25506,8670052,8670056,4
25507,8670056,8670062,6
25508,8670908,8670914,6
25509,8671048,8671056,8
25510,8671101,8671110,9
25511,8671110,8671115,5
25512,8671301,8671310,9
25513,8671495,8671498,3
25514,8672911,8672917,6
25515,8672945,8672950,5
25516,8672950,8672957,7
25517,8673311,8673318,7
25518,8673318,8673324,6
25519,8674098,8674101,3
25520,8675901,8675909,8
25521,8677033,8677040,7
25522,8677545,8677550,5
25523,8678164,8678172,8
25524,8678469,8678478,9
25525,8678534,8678544,10
25526,8678544,8678555,11
25527,8678862,8678872,10
25528,8678937,8678942,5
25529,8682524,8682533,9
25530,8682616,8682624,8
25531,8683027,8683032,5
25532,8683032,8683040,8
25533,8683482,8683487,5
25534,8683487,8683492,5
25535,8683492,8683497,5
25536,8683497,8683502,5
25537,8683564,8683569,5
25538,8683617,8683624,7
25539,8683624,8683628,4
25540,8683774,8683780,6
25541,8684573,8684581,8
25542,8684600,8684603,3
25543,8684734,8684739,5
25544,8684999,8685004,5
25545,8685162,8685169,7
25546,8685181,8685185,4
25547,8685887,8685894,7
25548,8686006,8686015,9
25549,8686570,8686580,10
25550,8687027,8687035,8
25551,8687078,8687085,7
25552,8687085,8687092,7
25553,8687321,8687327,6
25554,8687974,8687977,3
25555,8688440,8688446,6
25556,8688942,8688946,4
25557,8689739,8689749,10
25558,8690684,8690690,6
25559,8690896,8690899,3
25560,8691151,8691159,8
25561,8691855,8691864,9
25562,8692022,8692031,9
25563,8692812,8692818,6
25564,8693712,8693716,4
25565,8693716,8693722,6
25566,8694620,8694625,5
25567,8694625,8694630,5
25568,8694630,8694637,7
25569,8694637,8694642,5
25570,8695046,8695052,6
25571,8695052,8695058,6
25572,8695485,8695494,9
25573,8696695,8696698,3
25574,8697036,8697039,3
25575,8697905,8697912,7
25576,8698207,8698210,3
25577,8698444,8698452,8
25578,8698843,8698851,8
25579,8698923,8698930,7
25580,8699483,8699596,113
25581,8699842,8699955,113
25582,8700202,8700315,113
25583,8700315,8700385,70
25584,8700562,8700675,113
25585,8700675,8700745,70
25586,8700921,8701034,113
25587,8701034,8701104,70
25588,8701281,8701394,113
25589,8701394,8701464,70
25590,8701824,8701836,12
25591,8702184,8702196,12
25592,8702474,8702501,27
25593,8702927,8702933,6
25594,8703910,8703913,3
25595,8703913,8703916,3
25596,8703916,8703919,3
25597,8703919,8703928,9
25598,8703928,8703931,3
25599,8703931,8703934,3
25600,8703934,8703940,6
25601,8703940,8703943,3
25602,8704936,8704943,7
25603,8709335,8709343,8
25604,8710753,8710758,5
25605,8711199,8711204,5
25606,8711381,8711387,6
25607,8711387,8711393,6
25608,8711393,8711397,4
25609,8711657,8711664,7
25610,8711664,8711669,5
25611,8712614,8712618,4
25612,8712678,8712687,9
25613,8712766,8712771,5
25614,8712834,8712837,3
25615,8713008,8713011,3
25616,8713011,8713014,3
25617,8713115,8713119,4
25618,8713119,8713124,5
25619,8713184,8713188,4
25620,8713843,8713852,9
25621,8713903,8713909,6
25622,8713999,8714002,3
25623,8714104,8714110,6
25624,8714566,8714572,6
25625,8714572,8714578,6
25626,8715231,8715240,9
25627,8715240,8715246,6
25628,8716060,8716066,6
25629,8716099,8716102,3
25630,8717552,8717556,4
25631,8717556,8717559,3
25632,8718461,8718464,3
25633,8718900,8718911,11
25634,8719671,8719674,3
25635,8720078,8720084,6
25636,8721184,8721191,7
25637,8722290,8722295,5
25638,8722295,8722299,4
25639,8722299,8722304,5
25640,8722304,8722309,5
25641,8722309,8722314,5
25642,8722980,8722988,8
25643,8723330,8723335,5
25644,8723784,8723792,8
25645,8724051,8724055,4
25646,8725183,8725190,7
25647,8725548,8725560,12
25648,8725560,8725566,6
25649,8725656,8725663,7
25650,8725663,8725669,6
25651,8725669,8725675,6
25652,8725675,8725681,6
25653,8725681,8725687,6
25654,8726043,8726048,5
25655,8726607,8726613,6
25656,8726613,8726619,6
25657,8726898,8726901,3
25658,8726986,8726990,4
25659,8728876,8728884,8
25660,8729114,8729119,5
25661,8730379,8730388,9
25662,8730656,8730659,3
25663,8731159,8731168,9
25664,8731511,8731519,8
25665,8731687,8731692,5
25666,8732399,8732406,7
25667,8732546,8732554,8
25668,8732945,8732953,8
25669,8733941,8733949,8
25670,8734565,8734569,4
25671,8734722,8734728,6
25672,8735116,8735186,70
25673,8735186,8735198,12
25674,8735905,8735917,12
25675,8736080,8736088,8
25676,8736498,8736504,6
25677,8736504,8736510,6
25678,8736730,8736733,3
25679,8736733,8736736,3
25680,8736846,8736850,4
25681,8736942,8736945,3
25682,8737451,8737460,9
25683,8738040,8738048,8
25684,8741280,8741283,3
25685,8742996,8742999,3
25686,8743359,8743367,8
25687,8743518,8743524,6
25688,8744563,8744570,7
25689,8746198,8746204,6
25690,8747195,8747198,3
25691,8747364,8747368,4
25692,8748333,8748338,5
25693,8748637,8748642,5
25694,8748702,8748710,8
25695,8748710,8748718,8
25696,8748718,8748724,6
25697,8748724,8748732,8
25698,8748732,8748740,8
25699,8749054,8749059,5
25700,8750033,8750040,7
25701,8750040,8750046,6
25702,8750456,8750464,8
25703,8750538,8750566,28
25704,8750566,8750591,25
25705,8750591,8750594,3
25706,8750594,8750662,68
25707,8750793,8750824,31
25708,8750824,8750898,74
25709,8750898,8750926,28
25710,8750926,8750951,25
25711,8750951,8750954,3
25712,8751153,8751184,31
25713,8751184,8751258,74
25714,8751258,8751286,28
25715,8751286,8751311,25
25716,8751311,8751314,3
25717,8751513,8751544,31
25718,8751544,8751618,74
25719,8751618,8751646,28
25720,8751646,8751671,25
25721,8751671,8751674,3
25722,8751674,8751742,68
25723,8751873,8751904,31
25724,8751904,8751978,74
25725,8751978,8752006,28
25726,8752006,8752031,25
25727,8752031,8752034,3
25728,8752233,8752264,31
25729,8752366,8752391,25
25730,8752391,8752394,3
25731,8752698,8752726,28
25732,8752726,8752751,25
25733,8753711,8753715,4
25734,8754329,8754338,9
25735,8754468,8754471,3
25736,8754471,8754474,3
25737,8754600,8754603,3
25738,8755243,8755247,4
25739,8755702,8755708,6
25740,8756405,8756413,8
25741,8759121,8759129,8
25742,8759193,8759199,6
25743,8761460,8761468,8
25744,8761512,8761520,8
25745,8761943,8761951,8
25746,8762376,8762381,5
25747,8762686,8762694,8
25748,8762817,8762821,4
25749,8762821,8762826,5
25750,8762841,8762848,7
25751,8762848,8762855,7
25752,8762855,8762862,7
25753,8762862,8762869,7
25754,8762880,8762886,6
25755,8762886,8762891,5
25756,8763374,8763378,4
25757,8763458,8763465,7
25758,8763495,8763504,9
25759,8763504,8763515,11
25760,8763560,8763566,6
25761,8763566,8763572,6
25762,8763572,8763575,3
25763,8763575,8763581,6
25764,8763581,8763584,3
25765,8763604,8763607,3
25766,8763725,8763734,9
25767,8765129,8765136,7
25768,8765248,8765258,10
25769,8765258,8765264,6
25770,8765747,8765753,6
25771,8765998,8766004,6
25772,8766557,8766568,11
25773,8767930,8767937,7
25774,8768470,8768475,5
25775,8768803,8768812,9
25776,8769283,8769292,9
25777,8769705,8769713,8
25778,8769871,8769876,5
25779,8769876,8769886,10
25780,8769886,8769889,3
25781,8769889,8769892,3
25782,8769892,8769897,5
25783,8769897,8769906,9
25784,8770493,8770498,5
25785,8772150,8772158,8
25786,8772245,8772252,7
25787,8772612,8772622,10
25788,8773091,8773096,5
25789,8773096,8773103,7
25790,8773103,8773110,7
25791,8773110,8773117,7
25792,8774189,8774192,3
25793,8774192,8774200,8
25794,8774470,8774473,3
25795,8775867,8775876,9
25796,8776445,8776453,8
25797,8776453,8776461,8
25798,8776567,8776571,4
25799,8776811,8776817,6
25800,8776841,8776846,5
25801,8776917,8776925,8
25802,8777062,8777069,7
25803,8777686,8777690,4
25804,8777690,8777694,4
25805,8777694,8777698,4
25806,8777733,8777739,6
25807,8777792,8777798,6
25808,8778313,8778317,4
25809,8779026,8779031,5
25810,8779137,8779146,9
25811,8779555,8779560,5
25812,8779560,8779564,4
25813,8782157,8782164,7
25814,8782631,8782638,7
25815,8783923,8783927,4
25816,8784396,8784402,6
25817,8784766,8784769,3
25818,8787783,8787788,5
25819,8787788,8787796,8
25820,8788125,8788134,9
25821,8788225,8788229,4
25822,8788324,8788329,5
25823,8790442,8790449,7
25824,8790503,8790506,3
25825,8790866,8790870,4
25826,8790940,8790944,4
25827,8793842,8793846,4
25828,8794020,8794026,6
25829,8794219,8794225,6
25830,8794437,8794445,8
25831,8794689,8794694,5
25832,8795220,8795227,7
25833,8795363,8795371,8
25834,8795982,8795992,10
25835,8797003,8797007,4
25836,8797720,8797725,5
25837,8798101,8798110,9
25838,8798110,8798119,9
25839,8798199,8798207,8
25840,8798861,8798866,5
25841,8798988,8798997,9
25842,8799450,8799456,6
25843,8799639,8799651,12
25844,8799651,8799654,3
25845,8799654,8799657,3
25846,8799657,8799660,3
25847,8799660,8799666,6
25848,8799678,8799681,3
25849,8799743,8799751,8
25850,8799822,8799830,8
25851,8799830,8799833,3
25852,8802607,8802616,9
25853,8802868,8802871,3
25854,8804699,8804704,5
25855,8804806,8804814,8
25856,8804814,8804822,8
25857,8804822,8804828,6
25858,8805840,8805847,7
25859,8806340,8806348,8
25860,8806435,8806444,9
25861,8807234,8807240,6
25862,8808790,8808799,9
25863,8808843,8808849,6
25864,8809227,8809231,4
25865,8812797,8812806,9
25866,8813341,8813347,6
25867,8813499,8813505,6
25868,8813908,8813917,9
25869,8815524,8815529,5
25870,8819298,8819305,7
25871,8819305,8819310,5
25872,8819547,8819552,5
25873,8819733,8819738,5
25874,8822300,8822307,7
25875,8823506,8823509,3
25876,8823509,8823516,7
25877,8823516,8823519,3
25878,8823519,8823523,4
25879,8823523,8823526,3
25880,8823526,8823530,4
25881,8823530,8823533,3
25882,8823533,8823537,4
25883,8823537,8823540,3
25884,8824704,8824707,3
25885,8825407,8825417,10
25886,8825490,8825497,7
25887,8825497,8825501,4
25888,8825612,8825618,6
25889,8825863,8825871,8
25890,8826722,8826728,6
25891,8827630,8827655,25
25892,8827655,8827658,3
25893,8827963,8827991,28
25894,8828487,8828493,6
25895,8830768,8830777,9
25896,8830796,8830801,5
25897,8831693,8831699,6
25898,8831753,8831759,6
25899,8831759,8831765,6
25900,8831765,8831777,12
25901,8831967,8831970,3
25902,8832215,8832218,3
25903,8833337,8833342,5
25904,8833431,8833434,3
25905,8833769,8833774,5
25906,8833884,8833889,5
25907,8834366,8834371,5
25908,8834371,8834377,6
25909,8834628,8834633,5
25910,8834683,8834691,8
25911,8834691,8834697,6
25912,8834697,8834703,6
25913,8835514,8835524,10
25914,8835600,8835604,4
25915,8835604,8835611,7
25916,8835611,8835616,5
25917,8836233,8836239,6
25918,8836251,8836257,6
25919,8836257,8836263,6
25920,8836263,8836269,6
25921,8836269,8836275,6
25922,8836275,8836281,6
25923,8836311,8836317,6
25924,8836738,8836747,9
25925,8838817,8838821,4
25926,8838941,8838950,9
25927,8840159,8840166,7
25928,8840198,8840206,8
25929,8840743,8840856,113
25930,8840926,8840938,12
25931,8841341,8841345,4
25932,8842276,8842280,4
25933,8842354,8842361,7
25934,8842361,8842368,7
25935,8842368,8842372,4
25936,8842904,8842912,8
25937,8843027,8843034,7
25938,8843798,8843804,6
25939,8844128,8844134,6
25940,8847128,8847137,9
25941,8847256,8847262,6
25942,8847654,8847661,7
25943,8849106,8849111,5
25944,8849111,8849116,5
25945,8849116,8849121,5
25946,8849121,8849126,5
25947,8849126,8849131,5
25948,8849131,8849136,5
25949,8849136,8849141,5
25950,8849510,8849513,3
25951,8849513,8849516,3
25952,8849516,8849519,3
25953,8850481,8850488,7
25954,8851253,8851256,3
25955,8852111,8852117,6
25956,8852117,8852123,6
25957,8854275,8854279,4
25958,8855722,8855726,4
25959,8856049,8856055,6
25960,8856821,8856827,6
25961,8858521,8858530,9
25962,8859629,8859637,8
25963,8859637,8859645,8
25964,8860143,8860148,5
25965,8860148,8860153,5
25966,8860210,8860214,4
25967,8860403,8860406,3
25968,8860432,8860440,8
25969,8861193,8861199,6
25970,8861199,8861205,6
25971,8861205,8861209,4
25972,8861209,8861219,10
25973,8861288,8861291,3
25974,8861476,8861484,8
25975,8862581,8862587,6
25976,8862664,8862670,6
25977,8862670,8862676,6
25978,8863497,8863502,5
25979,8863502,8863511,9
25980,8866878,8866885,7
25981,8866905,8866914,9
25982,8866936,8866941,5
25983,8867283,8867288,5
25984,8867336,8867342,6
25985,8867342,8867349,7
25986,8868740,8868746,6
25987,8868764,8868770,6
25988,8868770,8868776,6
25989,8868776,8868782,6
25990,8868782,8868788,6
25991,8868788,8868797,9
25992,8868797,8868800,3
25993,8868800,8868803,3
25994,8868803,8868806,3
25995,8868806,8868809,3
25996,8869673,8869679,6
25997,8869857,8869862,5
25998,8870209,8870215,6
25999,8870362,8870367,5
26000,8870578,8870581,3
26001,8870581,8870587,6
26002,8870587,8870596,9
26003,8871069,8871072,3
26004,8871505,8871511,6
26005,8872386,8872393,7
26006,8872660,8872667,7
26007,8873481,8873489,8
26008,8873924,8873931,7
26009,8873931,8873938,7
26010,8874114,8874120,6
26011,8875281,8875284,3
26012,8875470,8875478,8
26013,8876767,8876775,8
26014,8877105,8877109,4
26015,8877163,8877168,5
26016,8877168,8877173,5
26017,8877731,8877738,7
26018,8877954,8877958,4
26019,8878698,8878703,5
26020,8879628,8879637,9
26021,8879868,8879876,8
26022,8879997,8880002,5
26023,8880002,8880007,5
26024,8880074,8880081,7
26025,8880559,8880565,6
26026,8880696,8880702,6
26027,8880778,8880784,6
26028,8880784,8880790,6
26029,8880790,8880796,6
26030,8880975,8880986,11
26031,8881696,8881706,10
26032,8881706,8881715,9
26033,8882243,8882249,6
26034,8884507,8884510,3
26035,8884588,8884592,4
26036,8884592,8884596,4
26037,8886462,8886466,4
26038,8886863,8886869,6
26039,8886869,8886872,3
26040,8886886,8886890,4
26041,8887681,8887684,3
26042,8888461,8888467,6
26043,8888467,8888473,6
26044,8890509,8890515,6
26045,8890808,8890812,4
26046,8891017,8891025,8
26047,8891025,8891031,6
26048,8892130,8892136,6
26049,8892267,8892270,3
26050,8893625,8893630,5
26051,8893864,8893872,8
26052,8894175,8894180,5
26053,8894293,8894296,3
26054,8896311,8896318,7
26055,8896399,8896403,4
26056,8896926,8896932,6
26057,8898357,8898361,4
26058,8898907,8898918,11
26059,8899037,8899040,3
26060,8899160,8899164,4
26061,8899164,8899169,5
26062,8899169,8899172,3
26063,8899172,8899175,3
26064,8899175,8899185,10
26065,8899828,8899836,8
26066,8900016,8900022,6
26067,8900022,8900033,11
26068,8900723,8900728,5
26069,8900728,8900732,4
26070,8900924,8900928,4
26071,8901488,8901492,4
26072,8902429,8902433,4
26073,8902523,8902526,3
26074,8902658,8902667,9
26075,8902679,8902682,3
26076,8902682,8902685,3
26077,8902685,8902688,3
26078,8902688,8902691,3
26079,8902691,8902694,3
26080,8902694,8902697,3
26081,8902697,8902700,3
26082,8902781,8902787,6
26083,8902787,8902793,6
26084,8902793,8902799,6
26085,8902799,8902802,3
26086,8904398,8904402,4
26087,8905685,8905694,9
26088,8906286,8906292,6
26089,8907452,8907455,3
26090,8909068,8909071,3
26091,8909498,8909504,6
26092,8910388,8910398,10
26093,8912167,8912175,8
26094,8912228,8912232,4
26095,8912641,8912647,6
26096,8914687,8914695,8
26097,8914695,8914701,6
26098,8916302,8916310,8
26099,8918135,8918139,4
26100,8918287,8918293,6
26101,8918454,8918460,6
26102,8918460,8918466,6
26103,8918466,8918472,6
26104,8918472,8918478,6
26105,8918490,8918496,6
26106,8918496,8918502,6
26107,8918502,8918508,6
26108,8918930,8918933,3
26109,8921383,8921392,9
26110,8921799,8921807,8
26111,8921921,8921930,9
26112,8922070,8922079,9
26113,8922604,8922665,61
26114,8922665,8922701,36
26115,8923434,8923438,4
26116,8923527,8923536,9
26117,8923536,8923542,6
26118,8924338,8924347,9
26119,8924400,8924406,6
26120,8924406,8924410,4
26121,8924425,8924434,9
26122,8924602,8924612,10
26123,8925856,8925864,8
26124,8926328,8926331,3
26125,8927420,8927427,7
26126,8928066,8928169,103
26127,8928564,8928578,14
26128,8928578,8928597,19
26129,8928878,8929032,154
26130,8929032,8929186,154
26131,8929466,8929507,41
26132,8929507,8929527,20
26133,8929527,8929538,11
26134,8929538,8929550,12
26135,8929550,8929638,88
26136,8929638,8929649,11
26137,8929687,8929792,105
26138,8929792,8929820,28
26139,8929990,8929996,6
26140,8932639,8932642,3
26141,8932642,8932646,4
26142,8934166,8934171,5
26143,8934489,8934492,3
26144,8934492,8934497,5
26145,8934634,8934645,11
26146,8934645,8934656,11
26147,8935184,8935187,3
26148,8935187,8935190,3
26149,8935190,8935199,9
26150,8935199,8935202,3
26151,8935202,8935208,6
26152,8935208,8935211,3
26153,8935328,8935334,6
26154,8936646,8936650,4
26155,8936821,8936830,9
26156,8936841,8936844,3
26157,8936844,8936848,4
26158,8936848,8936851,3
26159,8936851,8936855,4
26160,8936855,8936859,4
26161,8936859,8936867,8
26162,8936867,8936875,8
26163,8936965,8936976,11
26164,8937095,8937102,7
26165,8938053,8938059,6
26166,8938534,8938540,6
26167,8941518,8941521,3
26168,8943029,8943033,4
26169,8943149,8943153,4
26170,8943679,8943684,5
26171,8943892,8943899,7
26172,8944480,8944487,7
26173,8944723,8944729,6
26174,8945368,8945378,10
26175,8948039,8948051,12
26176,8948180,8948186,6
26177,8948893,8948909,16
26178,8948909,8948990,81
26179,8948990,8949035,45
26180,8949035,8949056,21
26181,8949056,8949064,8
26182,8949064,8949087,23
26183,8949087,8949138,51
26184,8949138,8949143,5
26185,8949143,8949171,28
26186,8949171,8949232,61
26187,8949232,8949412,180
26188,8950088,8950176,88
26189,8950176,8950244,68
26190,8950244,8950257,13
26191,8950257,8950287,30
26192,8950287,8950298,11
26193,8950298,8950521,223
26194,8950521,8950551,30
26195,8950551,8950602,51
26196,8950602,8950610,8
26197,8950610,8950790,180
26198,8950790,8950809,19
26199,8950809,8950824,15
26200,8950824,8950869,45
26201,8950869,8950999,130
26202,8950999,8951028,29
26203,8951028,8951049,21
26204,8951049,8951105,56
26205,8951105,8951154,49
26206,8951154,8951160,6
26207,8951160,8951262,102
26208,8951262,8951339,77
26209,8951339,8951474,135
26210,8951474,8951485,11
26211,8951485,8951642,157
26212,8951642,8951690,48
26213,8951690,8951694,4
26214,8951694,8951738,44
26215,8951738,8951831,93
26216,8951831,8951909,78
26217,8951909,8951919,10
26218,8951919,8951958,39
26219,8951958,8951982,24
26220,8951982,8952066,84
26221,8952066,8952077,11
26222,8952077,8952088,11
26223,8952088,8952150,62
26224,8952150,8952183,33
26225,8952183,8952186,3
26226,8952186,8952237,51
26227,8952237,8952243,6
26228,8952243,8952250,7
26229,8952250,8952279,29
26230,8952279,8952294,15
26231,8952294,8952311,17
26232,8952311,8952399,88
26233,8952399,8952413,14
26234,8952413,8952426,13
26235,8952426,8952461,35
26236,8952461,8952468,7
26237,8952468,8952504,36
26238,8952504,8952576,72
26239,8952576,8952641,65
26240,8952641,8952663,22
26241,8952663,8952672,9
26242,8952672,8952795,123
26243,8952795,8952804,9
26244,8952804,8952846,42
26245,8952846,8952858,12
26246,8952858,8952879,21
26247,8952879,8952940,61
26248,8952940,8952959,19
26249,8952959,8953077,118
26250,8953077,8953107,30
26251,8953107,8953164,57
26252,8953164,8953174,10
26253,8953174,8953226,52
26254,8953226,8953245,19
26255,8953245,8953266,21
26256,8953266,8953334,68
26257,8953334,8953364,30
26258,8953364,8953372,8
26259,8953372,8953549,177
26260,8953549,8953571,22
26261,8953571,8953587,16
26262,8953587,8953595,8
26263,8953595,8953610,15
26264,8953610,8953631,21
26265,8953631,8953656,25
26266,8953656,8953707,51
26267,8953707,8953719,12
26268,8953719,8953740,21
26269,8953740,8953754,14
26270,8953911,8953919,8
26271,8953919,8953962,43
26272,8953962,8954067,105
26273,8954067,8954120,53
26274,8954120,8954131,11
26275,8954131,8954199,68
26276,8954199,8954205,6
26277,8954205,8954208,3
26278,8954208,8954247,39
26279,8954247,8954265,18
26280,8954265,8954298,33
26281,8954298,8954334,36
26282,8954334,8954438,104
26283,8954438,8954462,24
26284,8954462,8954507,45
26285,8954507,8954511,4
26286,8954511,8954685,174
26287,8954685,8954693,8
26288,8954693,8954775,82
26289,8954775,8954780,5
26290,8954780,8954828,48
26291,8954828,8954832,4
26292,8954832,8954934,102
26293,8954934,8954948,14
26294,8954948,8954967,19
26295,8954967,8955114,147
26296,8955114,8955171,57
26297,8955171,8955263,92
26298,8955263,8955273,10
26299,8955273,8955319,46
26300,8955319,8955369,50
26301,8955369,8955403,34
26302,8955403,8955428,25
26303,8955428,8955917,489
26304,8955917,8955933,16
26305,8955933,8956014,81
26306,8956014,8956059,45
26307,8956059,8956080,21
26308,8956080,8956088,8
26309,8956088,8956111,23
26310,8956111,8956162,51
26311,8956162,8956167,5
26312,8956167,8956195,28
26313,8956195,8956256,61
26314,8957182,8957190,8
26315,8958656,8958665,9
26316,8958936,8958945,9
26317,8958945,8958948,3
26318,8958948,8958951,3
26319,8958951,8958954,3
26320,8958954,8958957,3
26321,8958957,8958960,3
26322,8958960,8958963,3
26323,8959033,8959036,3
26324,8959925,8959929,4
26325,8960307,8960315,8
26326,8960315,8960324,9
26327,8960675,8960681,6
26328,8961769,8961773,4
26329,8963979,8963985,6
26330,8964080,8964085,5
26331,8964098,8964107,9
26332,8964587,8964590,3
26333,8964654,8964660,6
26334,8964671,8964679,8
26335,8965335,8965339,4
26336,8966475,8966479,4
26337,8967008,8967016,8
26338,8968010,8968015,5
26339,8969237,8969243,6
26340,8969243,8969249,6
26341,8970100,8970103,3
26342,8970103,8970106,3
26343,8970106,8970109,3
26344,8970109,8970112,3
26345,8970112,8970115,3
26346,8970115,8970118,3
26347,8970194,8970197,3
26348,8970746,8970750,4
26349,8971532,8971537,5
26350,8971537,8971542,5
26351,8973370,8973374,4
26352,8973670,8973677,7
26353,8973677,8973681,4
26354,8973807,8973812,5
26355,8974269,8974272,3
26356,8974361,8974364,3
26357,8974714,8974725,11
26358,8976881,8976886,5
26359,8976914,8976923,9
26360,8978242,8978245,3
26361,8979793,8979799,6
26362,8983674,8983682,8
26363,8983826,8983831,5
26364,8984288,8984297,9
26365,8984297,8984303,6
26366,8985326,8985332,6
26367,8985344,8985347,3
26368,8985559,8985562,3
26369,8985562,8985565,3
26370,8985565,8985577,12
26371,8986404,8986409,5
26372,8987248,8987254,6
26373,8989414,8989419,5
26374,8990543,8990547,4
26375,8992076,8992084,8
26376,8992084,8992089,5
26377,8992757,8992763,6
26378,8992863,8992871,8
26379,8992871,8992876,5
26380,8992876,8992883,7
26381,8993906,8993909,3
26382,8995430,8995436,6
26383,8995685,8995691,6
26384,8995977,8995986,9
26385,8999081,8999087,6
26386,8999087,8999095,8
26387,9000332,9000340,8
26388,9000564,9000567,3
26389,9000567,9000571,4
26390,9001074,9001080,6
26391,9001179,9001185,6
26392,9001215,9001221,6
26393,9001221,9001227,6
26394,9001227,9001233,6
26395,9001247,9001251,4
26396,9001605,9001611,6
26397,9001611,9001614,3
26398,9001893,9001905,12
26399,9002023,9002029,6
26400,9002373,9002380,7
26401,9002493,9002501,8
26402,9002551,9002555,4
26403,9003466,9003475,9
26404,9003475,9003480,5
26405,9003510,9003514,4
26406,9003514,9003519,5
26407,9003519,9003523,4
26408,9004140,9004143,3
26409,9004201,9004209,8
26410,9004209,9004216,7
26411,9004294,9004299,5
26412,9005137,9005144,7
26413,9005238,9005247,9
26414,9005821,9005824,3
26415,9006184,9006187,3
26416,9006248,9006254,6
26417,9007325,9007330,5
26418,9007330,9007333,3
26419,9007333,9007339,6
26420,9007339,9007344,5
26421,9007479,9007486,7
26422,9008895,9008900,5
26423,9011059,9011062,3
26424,9011111,9011115,4
26425,9011115,9011122,7
26426,9011225,9011228,3
26427,9011812,9011815,3
26428,9014861,9014867,6
26429,9014991,9015000,9
26430,9015646,9015652,6
26431,9015652,9015658,6
26432,9016443,9016451,8
26433,9017199,9017202,3
26434,9020514,9020522,8
26435,9020898,9020907,9
26436,9020919,9020925,6
26437,9021166,9021171,5
26438,9021412,9021416,4
26439,9021541,9021551,10
26440,9021583,9021589,6
26441,9022042,9022046,4
26442,9022423,9022428,5
26443,9022428,9022435,7
26444,9022435,9022440,5
26445,9023273,9023279,6
26446,9024483,9024493,10
26447,9025587,9025591,4
26448,9025591,9025598,7
26449,9025598,9025605,7
26450,9026665,9026672,7
26451,9027076,9027083,7
26452,9027847,9027850,3
26453,9027850,9027853,3
26454,9028267,9028278,11
26455,9030106,9030112,6
26456,9030124,9030130,6
26457,9030497,9030504,7
26458,9031211,9031219,8
26459,9032342,9032350,8
26460,9032783,9032789,6
26461,9032801,9032807,6
26462,9032807,9032813,6
26463,9033035,9033041,6
26464,9033498,9033503,5
26465,9033516,9033524,8
26466,9033541,9033552,11
26467,9033643,9033648,5
26468,9034570,9034578,8
26469,9034818,9034822,4
26470,9034831,9034834,3
26471,9034834,9034837,3
26472,9035653,9035660,7
26473,9036368,9036377,9
26474,9036977,9036980,3
26475,9037591,9037599,8
26476,9037678,9037687,9
26477,9037687,9037691,4
26478,9037772,9037778,6
26479,9040220,9040228,8
26480,9040415,9040423,8
26481,9040423,9040430,7
26482,9040430,9040438,8
26483,9040700,9040705,5
26484,9040705,9040709,4
26485,9041580,9041586,6
26486,9041586,9041592,6
26487,9041708,9041716,8
26488,9042981,9042985,4
26489,9042985,9042990,5
26490,9043733,9043739,6
26491,9043832,9043840,8
26492,9043840,9043848,8
26493,9044754,9044761,7
26494,9045011,9045016,5
26495,9045016,9045021,5
26496,9045021,9045026,5
26497,9045026,9045031,5
26498,9045031,9045036,5
26499,9045036,9045041,5
26500,9045041,9045046,5
26501,9045046,9045055,9
26502,9045356,9045364,8
26503,9046137,9046145,8
26504,9048831,9048836,5
26505,9048953,9048957,4
26506,9049558,9049561,3
26507,9049765,9049771,6
26508,9049786,9049789,3
26509,9049807,9049813,6
26510,9050532,9050536,4
26511,9052875,9052882,7
26512,9052902,9052908,6
26513,9053089,9053099,10
26514,9053484,9053494,10
26515,9055008,9055011,3
26516,9055446,9055452,6
26517,9055637,9055640,3
26518,9056741,9056744,3
26519,9057127,9057139,12
26520,9057139,9057145,6
26521,9057145,9057151,6
26522,9058547,9058552,5
26523,9058981,9058987,6
26524,9058987,9058999,12
26525,9058999,9059011,12
26526,9059011,9059019,8
26527,9059019,9059025,6
26528,9059320,9059325,5
26529,9060312,9060318,6
26530,9060318,9060326,8
26531,9061334,9061339,5
26532,9062262,9062268,6
26533,9063046,9063053,7
26534,9063053,9063058,5
26535,9063090,9063096,6
26536,9063096,9063102,6
26537,9063139,9063148,9
26538,9063148,9063154,6
26539,9063154,9063166,12
26540,9063652,9063659,7
26541,9063659,9063666,7
26542,9064222,9064226,4
26543,9064246,9064250,4
26544,9064250,9064254,4
26545,9064254,9064258,4
26546,9064258,9064262,4
26547,9064262,9064272,10
26548,9064272,9064278,6
26549,9065086,9065090,4
26550,9066249,9066255,6
26551,9068048,9068055,7
26552,9068454,9068461,7
26553,9068461,9068467,6
26554,9068467,9068473,6
26555,9069032,9069035,3
26556,9069227,9069232,5
26557,9069232,9069240,8
26558,9069305,9069310,5
26559,9069310,9069315,5
26560,9069315,9069322,7
26561,9070152,9070161,9
26562,9070206,9070211,5
26563,9070700,9070703,3
26564,9071631,9071634,3
26565,9071977,9071983,6
26566,9072006,9072014,8
26567,9072014,9072019,5
26568,9072644,9072650,6
26569,9072650,9072673,23
26570,9073203,9073208,5
26571,9074854,9074865,11
26572,9075927,9075930,3
26573,9075996,9076002,6
26574,9076153,9076162,9
26575,9076390,9076395,5
26576,9076834,9076838,4
26577,9076838,9076846,8
26578,9078263,9078266,3
26579,9078342,9078345,3
26580,9080108,9080111,3
26581,9080354,9080358,4
26582,9081133,9081139,6
26583,9081907,9081910,3
26584,9082066,9082072,6
26585,9082091,9082097,6
26586,9082602,9082606,4
26587,9082616,9082625,9
26588,9082929,9082933,4
26589,9083133,9083137,4
26590,9083513,9083518,5
26591,9083783,9083791,8
26592,9084593,9084596,3
26593,9084629,9084636,7
26594,9084711,9084720,9
26595,9084720,9084723,3
26596,9084723,9084729,6
26597,9084729,9084738,9
26598,9085897,9085908,11
26599,9086125,9086134,9
26600,9086134,9086137,3
26601,9086137,9086143,6
26602,9086199,9086205,6
26603,9086920,9086986,66
26604,9086986,9086995,9
26605,9086995,9087003,8
26606,9087003,9087057,54
26607,9087057,9087092,35
26608,9087092,9087103,11
26609,9087103,9087145,42
26610,9087145,9087171,26
26611,9087342,9087410,68
26612,9087410,9087574,164
26613,9087574,9087712,138
26614,9087712,9087728,16
26615,9087728,9087790,62
26616,9087868,9087879,11
26617,9087879,9087909,30
26618,9087933,9087954,21
26619,9087954,9087975,21
26620,9088147,9088213,66
26621,9088213,9088222,9
26622,9088222,9088230,8
26623,9088230,9088284,54
26624,9088284,9088319,35
26625,9088319,9088330,11
26626,9088330,9088372,42
26627,9088372,9088398,26
26628,9088569,9088637,68
26629,9088637,9088801,164
26630,9088801,9088939,138
26631,9088939,9088955,16
26632,9088955,9089017,62
26633,9089095,9089106,11
26634,9089106,9089136,30
26635,9089136,9089145,9
26636,9089169,9089190,21
26637,9089190,9089211,21
26638,9090168,9090176,8
26639,9090340,9090343,3
26640,9091036,9091044,8
26641,9091454,9091459,5
26642,9091661,9091667,6
26643,9091771,9091774,3
26644,9092323,9092326,3
26645,9092609,9092614,5
26646,9092635,9092643,8
26647,9092643,9092655,12
26648,9093176,9093184,8
26649,9093184,9093207,23
26650,9093594,9093598,4
26651,9094103,9094107,4
26652,9094107,9094111,4
26653,9095207,9095210,3
26654,9095702,9095709,7
26655,9095844,9095847,3
26656,9096018,9096028,10
26657,9096445,9096448,3
26658,9096679,9096689,10
26659,9096857,9096864,7
26660,9097542,9097545,3
26661,9097672,9097676,4
26662,9097812,9097821,9
26663,9097821,9097825,4
26664,9097837,9097842,5
26665,9098287,9098294,7
26666,9098596,9098600,4
26667,9098818,9098821,3
26668,9098946,9098954,8
26669,9098954,9098957,3
26670,9099097,9099104,7
26671,9099104,9099111,7
26672,9099264,9099270,6
26673,9099270,9099277,7
26674,9099576,9099582,6
26675,9100515,9100519,4
26676,9100600,9100606,6
26677,9100706,9100716,10
26678,9101382,9101391,9
26679,9102291,9102300,9
26680,9102322,9102327,5
26681,9102569,9102576,7
26682,9102666,9102674,8
26683,9103005,9103013,8
26684,9103075,9103081,6
26685,9103240,9103246,6
26686,9103394,9103397,3
26687,9103397,9103402,5
26688,9103463,9103473,10
26689,9103603,9103612,9
26690,9104236,9104243,7
26691,9104243,9104248,5
26692,9104324,9104332,8
26693,9104418,9104421,3
26694,9104421,9104424,3
26695,9104424,9104430,6
26696,9104430,9104438,8
26697,9104438,9104441,3
26698,9106398,9106405,7
26699,9106635,9106639,4
26700,9107020,9107024,4
26701,9107044,9107048,4
26702,9107507,9107511,4
26703,9107615,9107618,3
26704,9107679,9107682,3
26705,9107746,9107751,5
26706,9107926,9107934,8
26707,9108048,9108056,8
26708,9108597,9108601,4
26709,9111191,9111194,3
26710,9111925,9111935,10
26711,9112126,9112129,3
26712,9112187,9112196,9
26713,9113022,9113030,8
26714,9113030,9113036,6
26715,9113797,9113804,7
26716,9114656,9114661,5
26717,9114799,9114802,3
26718,9114975,9114984,9
26719,9115342,9115351,9
26720,9115351,9115360,9
26721,9115360,9115366,6
26722,9116958,9116968,10
26723,9116968,9116979,11
26724,9117434,9117439,5
26725,9117439,9117444,5
26726,9117444,9117447,3
26727,9117447,9117450,3
26728,9117450,9117453,3
26729,9117453,9117456,3
26730,9117456,9117464,8
26731,9117464,9117468,4
26732,9117482,9117485,3
26733,9117485,9117488,3
26734,9117488,9117491,3
26735,9117781,9117784,3
26736,9118215,9118218,3
26737,9119014,9119022,8
26738,9119022,9119030,8
26739,9119750,9119756,6
26740,9121304,9121310,6
26741,9121691,9121697,6
26742,9121809,9121817,8
26743,9122411,9122419,8
26744,9122893,9122896,3
26745,9122896,9122902,6
26746,9122902,9122908,6
26747,9123849,9123854,5
26748,9124465,9124472,7
26749,9124997,9125007,10
26750,9125007,9125012,5
26751,9125558,9125565,7
26752,9125806,9125811,5
26753,9126139,9126146,7
26754,9126320,9126328,8
26755,9126328,9126338,10
26756,9126865,9126876,11
26757,9126876,9126881,5
26758,9127664,9127670,6
26759,9127670,9127682,12
26760,9127682,9127685,3
26761,9127722,9127728,6
26762,9128018,9128025,7
26763,9128135,9128141,6
26764,9128195,9128202,7
26765,9128890,9128894,4
26766,9129179,9129188,9
26767,9129258,9129264,6
26768,9129264,9129270,6
26769,9130026,9130034,8
26770,9130034,9130042,8
26771,9130042,9130051,9
26772,9130051,9130054,3
26773,9130393,9130401,8
26774,9130401,9130409,8
26775,9130409,9130417,8
26776,9130417,9130425,8
26777,9130425,9130433,8
26778,9130662,9130668,6
26779,9130668,9130671,3
26780,9130671,9130680,9
26781,9130971,9130976,5
26782,9131045,9131049,4
26783,9131061,9131064,3
26784,9131528,9131531,3
26785,9131618,9131628,10
26786,9131628,9131638,10
26787,9132786,9132793,7
26788,9133797,9133802,5
26789,9133802,9133807,5
26790,9133807,9133812,5
26791,9133812,9133817,5
26792,9133817,9133822,5
26793,9134063,9134069,6
26794,9134084,9134090,6
26795,9134090,9134096,6
26796,9134096,9134102,6
26797,9134102,9134108,6
26798,9134120,9134126,6
26799,9134385,9134389,4
26800,9134389,9134397,8
26801,9134397,9134401,4
26802,9135283,9135289,6
26803,9135669,9135672,3
26804,9137766,9137769,3
26805,9137769,9137837,68
26806,9137837,9137843,6
26807,9137961,9138128,167
26808,9138128,9138131,3
26809,9138131,9138199,68
26810,9138199,9138205,6
26811,9138205,9138322,117
26812,9138489,9138492,3
26813,9138492,9138560,68
26814,9138560,9138566,6
26815,9138566,9138683,117
26816,9138683,9138850,167
26817,9138850,9138853,3
26818,9138921,9138927,6
26819,9140555,9140559,4
26820,9141711,9141715,4
26821,9143263,9143266,3
26822,9143336,9143341,5
26823,9143452,9143455,3
26824,9143491,9143494,3
26825,9143746,9143754,8
26826,9143785,9143794,9
26827,9144148,9144157,9
26828,9144157,9144160,3
26829,9144160,9144163,3
26830,9144163,9144169,6
26831,9145886,9145892,6
26832,9145950,9145954,4
26833,9145995,9145998,3
26834,9146015,9146024,9
26835,9146438,9146444,6
26836,9146783,9146789,6
26837,9146852,9146858,6
26838,9146870,9146873,3
26839,9146873,9146876,3
26840,9146888,9146891,3
26841,9146891,9146899,8
26842,9148055,9148060,5
26843,9150102,9150111,9
26844,9150395,9150400,5
26845,9153185,9153191,6
26846,9153575,9153584,9
26847,9153610,9153617,7
26848,9153933,9153938,5
26849,9153954,9153957,3
26850,9153984,9153988,4
26851,9153988,9153993,5
26852,9154534,9154540,6
26853,9154566,9154575,9
26854,9154895,9154900,5
26855,9154938,9154942,4
26856,9155246,9155249,3
26857,9156681,9156689,8
26858,9156730,9156740,10
26859,9157324,9157328,4
26860,9157397,9157403,6
26861,9157420,9157427,7
26862,9158573,9158576,3
26863,9158576,9158581,5
26864,9158581,9158592,11
26865,9160322,9160328,6
26866,9160439,9160444,5
26867,9161376,9161383,7
26868,9161493,9161496,3
26869,9161496,9161500,4
26870,9161548,9161551,3
26871,9161655,9161661,6
26872,9161710,9161717,7
26873,9161974,9161979,5
26874,9162473,9162481,8
26875,9162890,9162896,6
26876,9162896,9162904,8
26877,9162904,9162909,5
26878,9164879,9164889,10
26879,9164889,9164894,5
26880,9165115,9165118,3
26881,9165135,9165141,6
26882,9165141,9165147,6
26883,9165147,9165151,4
26884,9165151,9165157,6
26885,9166229,9166235,6
26886,9166235,9166247,12
26887,9166247,9166259,12
26888,9166907,9166913,6
26889,9166996,9167003,7
26890,9167003,9167009,6
26891,9167045,9167054,9
26892,9167934,9167941,7
26893,9167941,9167946,5
26894,9167991,9167998,7
26895,9167998,9168003,5
26896,9169464,9169467,3
26897,9169664,9169670,6
26898,9170057,9170065,8
26899,9170889,9170897,8
26900,9171230,9171236,6
26901,9171236,9171243,7
26902,9171592,9171595,3
26903,9172537,9172542,5
26904,9172560,9172568,8
26905,9172568,9172576,8
26906,9172623,9172629,6
26907,9172756,9172761,5
26908,9173033,9173036,3
26909,9174114,9174118,4
26910,9174118,9174122,4
26911,9176107,9176113,6
26912,9176391,9176398,7
26913,9176398,9176405,7
26914,9176405,9176412,7
26915,9176568,9176577,9
26916,9176577,9176585,8
26917,9176585,9176590,5
26918,9176590,9176595,5
26919,9177316,9177319,3
26920,9177940,9177943,3
26921,9178912,9178919,7
26922,9178937,9178945,8
26923,9179187,9179193,6
26924,9179193,9179200,7
26925,9179467,9179476,9
26926,9180226,9180231,5
26927,9180375,9180381,6
26928,9180381,9180387,6
26929,9180448,9180456,8
26930,9180484,9180491,7
26931,9180652,9180657,5
26932,9181386,9181395,9
26933,9181903,9181909,6
26934,9182085,9182088,3
26935,9182752,9182756,4
26936,9182774,9182780,6
26937,9182780,9182786,6
26938,9182786,9182792,6
26939,9182792,9182798,6
26940,9182798,9182804,6
26941,9185403,9185407,4
26942,9185407,9185411,4
26943,9185844,9185851,7
26944,9186298,9186306,8
26945,9187672,9187678,6
26946,9187678,9187685,7
26947,9187685,9187692,7
26948,9187720,9187725,5
26949,9189258,9189265,7
26950,9189635,9189644,9
26951,9189695,9189699,4
26952,9189922,9189930,8
26953,9190911,9190916,5
26954,9191792,9191797,5
26955,9191942,9191950,8
26956,9192690,9192698,8
26957,9193127,9193135,8
26958,9193458,9193462,4
26959,9195810,9195819,9
26960,9196022,9196029,7
26961,9196055,9196066,11
26962,9196160,9196167,7
26963,9196427,9196437,10
26964,9196625,9196635,10
26965,9197054,9197063,9
26966,9197063,9197066,3
26967,9197745,9197754,9
26968,9197928,9197935,7
26969,9198124,9198128,4
26970,9198294,9198303,9
26971,9199413,9199424,11
26972,9200471,9200477,6
26973,9200477,9200488,11
26974,9201547,9201555,8
26975,9202161,9202166,5
26976,9202547,9202553,6
26977,9202568,9202573,5
26978,9203630,9203633,3
26979,9203681,9203690,9
26980,9204002,9204005,3
26981,9204073,9204079,6
26982,9204361,9204364,3
26983,9204432,9204438,6
26984,9204870,9204876,6
26985,9204876,9204882,6
26986,9204882,9204888,6
26987,9204888,9204894,6
26988,9204894,9204900,6
26989,9204900,9204906,6
26990,9204906,9204912,6
26991,9204912,9204918,6
26992,9204918,9204924,6
26993,9204981,9204989,8
26994,9204989,9204993,4
26995,9205225,9205233,8
26996,9205384,9205391,7
26997,9206205,9206211,6
26998,9206211,9206216,5
26999,9207207,9207210,3
27000,9207210,9207218,8
27001,9207376,9207382,6
27002,9207382,9207388,6
27003,9207388,9207394,6
27004,9207595,9207599,4
27005,9207832,9207842,10
27006,9208046,9208049,3
27007,9208473,9208482,9
27008,9208506,9208512,6
27009,9208884,9208888,4
27010,9208888,9208894,6
27011,9208999,9209003,4
27012,9209085,9209092,7
27013,9209167,9209171,4
27014,9209743,9209750,7
27015,9209750,9209756,6
27016,9209818,9209821,3
27017,9209852,9209857,5
27018,9209878,9209882,4
27019,9210137,9210140,3
27020,9210278,9210284,6
27021,9210284,9210289,5
27022,9210289,9210296,7
27023,9210375,9210382,7
27024,9210382,9210389,7
27025,9210389,9210396,7
27026,9210654,9210661,7
27027,9210697,9210702,5
27028,9210702,9210710,8
27029,9210732,9210741,9
27030,9210843,9210847,4
27031,9210847,9210851,4
27032,9211114,9211118,4
27033,9211118,9211122,4
27034,9211140,9211148,8
27035,9211269,9211272,3
27036,9211272,9211279,7
27037,9211849,9211857,8
27038,9211857,9211864,7
27039,9211864,9211878,14
27040,9211878,9211885,7
27041,9211899,9211906,7
27042,9211906,9211913,7
27043,9211913,9211920,7
27044,9211920,9211927,7
27045,9211958,9211967,9
27046,9212710,9212714,4
27047,9213493,9213496,3
27048,9213595,9213603,8
27049,9214031,9214039,8
27050,9214205,9214211,6
27051,9214261,9214266,5
27052,9214399,9214407,8
27053,9214407,9214410,3
27054,9214410,9214416,6
27055,9214815,9214825,10
27056,9214897,9214905,8
27057,9214905,9214912,7
27058,9216139,9216145,6
27059,9216639,9216643,4
27060,9217217,9217221,4
27061,9217608,9217616,8
27062,9218099,9218107,8
27063,9218107,9218114,7
27064,9218114,9218118,4
27065,9218145,9218152,7
27066,9218152,9218156,4
27067,9218218,9218224,6
27068,9218317,9218324,7
27069,9218983,9218992,9
27070,9219012,9219015,3
27071,9219112,9219115,3
27072,9219194,9219201,7
27073,9219407,9219416,9
27074,9219442,9219447,5
27075,9219811,9219818,7
27076,9220357,9220366,9
27077,9220444,9220448,4
27078,9220609,9220613,4
27079,9220684,9220689,5
27080,9220689,9220699,10
27081,9221465,9221470,5
27082,9223032,9223040,8
27083,9223163,9223166,3
27084,9224297,9224300,3
27085,9224300,9224306,6
27086,9224318,9224321,3
27087,9224321,9224327,6
27088,9224327,9224333,6
27089,9224504,9224513,9
27090,9224715,9224723,8
27091,9226034,9226041,7
27092,9226275,9226280,5
27093,9226650,9226659,9
27094,9229236,9229242,6
27095,9229333,9229336,3
27096,9229336,9229342,6
27097,9229473,9229481,8
27098,9229590,9229597,7
27099,9229597,9229600,3
27100,9229627,9229633,6
27101,9229710,9229717,7
27102,9230265,9230271,6
27103,9230352,9230360,8
27104,9230360,9230367,7
27105,9230664,9230669,5
27106,9231583,9231587,4
27107,9231664,9231671,7
27108,9231671,9231680,9
27109,9231783,9231788,5
27110,9232225,9232232,7
27111,9232587,9232593,6
27112,9233168,9233173,5
27113,9233484,9233489,5
27114,9233928,9233934,6
27115,9234255,9234258,3
27116,9234258,9234267,9
27117,9234536,9234543,7
27118,9234787,9234794,7
27119,9234863,9234871,8
27120,9235376,9235399,23
27121,9235399,9235416,17
27122,9236133,9236137,4
27123,9237956,9237966,10
27124,9238232,9238237,5
27125,9238426,9238430,4
27126,9238804,9238811,7
27127,9238989,9238994,5
27128,9239251,9239254,3
27129,9239287,9239296,9
27130,9240051,9240054,3
27131,9240375,9240384,9
27132,9240384,9240390,6
27133,9240834,9240837,3
27134,9241038,9241041,3
27135,9242040,9242045,5
27136,9244013,9244022,9
27137,9244352,9244361,9
27138,9244592,9244601,9
27139,9244874,9244880,6
27140,9245681,9245684,3
27141,9245684,9245690,6
27142,9245690,9245693,3
27143,9246006,9246011,5
27144,9246029,9246036,7
27145,9246266,9246269,3
27146,9246438,9246442,4
27147,9246998,9247004,6
27148,9247427,9247437,10
27149,9248634,9248640,6
27150,9249096,9249102,6
27151,9249102,9249109,7
27152,9249132,9249141,9
27153,9250496,9250504,8
27154,9250652,9250659,7
27155,9250659,9250666,7
27156,9250712,9250717,5
27157,9251086,9251090,4
27158,9251121,9251127,6
27159,9251947,9251956,9
27160,9252286,9252292,6
27161,9252292,9252300,8
27162,9252300,9252307,7
27163,9252954,9252957,3
27164,9253183,9253190,7
27165,9253371,9253379,8
27166,9253590,9253598,8
27167,9253598,9253602,4
27168,9253649,9253654,5
27169,9254163,9254171,8
27170,9255652,9255657,5
27171,9256142,9256151,9
27172,9257324,9257513,189
27173,9257513,9257545,32
27174,9257635,9257638,3
27175,9257698,9257701,3
27176,9257983,9257986,3
27177,9258310,9258319,9
27178,9259094,9259097,3
27179,9259630,9259635,5
27180,9260274,9260350,76
27181,9260416,9260422,6
27182,9260930,9261119,189
27183,9261119,9261151,32
27184,9261331,9261340,9
27185,9262155,9262159,4
27186,9262879,9262955,76
27187,9263369,9263372,3
27188,9263488,9263497,9
27189,9263534,9263539,5
27190,9263559,9263567,8
27191,9263753,9263761,8
27192,9264636,9264642,6
27193,9264705,9264713,8
27194,9264915,9264923,8
27195,9265894,9265902,8
27196,9265902,9265910,8
27197,9266069,9266073,4
27198,9266934,9266943,9
27199,9267723,9267740,17
27200,9268269,9268307,38
27201,9268425,9268433,8
27202,9268487,9268495,8
27203,9268985,9268993,8
27204,9269307,9269352,45
27205,9269686,9269698,12
27206,9269870,9269876,6
27207,9270004,9270021,17
27208,9270543,9270581,38
27209,9270869,9270872,3
27210,9272396,9272441,45
27211,9272775,9272787,12
27212,9272966,9272972,6
27213,9272987,9272993,6
27214,9273078,9273088,10
27215,9273219,9273228,9
27216,9274160,9274166,6
27217,9275111,9275119,8
27218,9275198,9275204,6
27219,9275377,9275383,6
27220,9275502,9275507,5
27221,9276407,9276412,5
27222,9276684,9276691,7
27223,9277071,9277076,5
27224,9278315,9278322,7
27225,9278358,9278367,9
27226,9278847,9278856,9
27227,9278913,9278919,6
27228,9278919,9278924,5
27229,9279025,9279031,6
27230,9279397,9279402,5
27231,9279525,9279529,4
27232,9279973,9279984,11
27233,9281035,9281040,5
27234,9281495,9281499,4
27235,9281545,9281554,9
27236,9281898,9281906,8
27237,9281906,9281916,10
27238,9281916,9281919,3
27239,9281919,9281927,8
27240,9282151,9282157,6
27241,9282310,9282313,3
27242,9282400,9282403,3
27243,9283562,9283567,5
27244,9283800,9283810,10
27245,9283810,9283815,5
27246,9283846,9283854,8
27247,9284482,9284487,5
27248,9286732,9286740,8
27249,9287038,9287042,4
27250,9287042,9287046,4
27251,9287046,9287050,4
27252,9287130,9287139,9
27253,9287159,9287167,8
27254,9287284,9287287,3
27255,9287287,9287293,6
27256,9287293,9287296,3
27257,9287296,9287299,3
27258,9287299,9287305,6
27259,9287305,9287311,6
27260,9287311,9287314,3
27261,9287314,9287317,3
27262,9287317,9287323,6
27263,9287486,9287497,11
27264,9287754,9287760,6
27265,9288024,9288031,7
27266,9288173,9288176,3
27267,9288176,9288180,4
27268,9288282,9288292,10
27269,9288696,9288701,5
27270,9288701,9288707,6
27271,9288734,9288743,9
27272,9289085,9289088,3
27273,9289427,9289434,7
27274,9290008,9290015,7
27275,9290015,9290020,5
27276,9290297,9290306,9
27277,9290731,9290738,7
27278,9290989,9290997,8
27279,9291435,9291443,8
27280,9291443,9291451,8
27281,9291451,9291455,4
27282,9291455,9291459,4
27283,9291459,9291467,8
27284,9291467,9291475,8
27285,9291475,9291483,8
27286,9291483,9291487,4
27287,9291487,9291491,4
27288,9291491,9291499,8
27289,9291499,9291503,4
27290,9291579,9291586,7
27291,9291636,9291644,8
27292,9291667,9291670,3
27293,9291840,9291844,4
27294,9292111,9292117,6
27295,9292117,9292127,10
27296,9292847,9292852,5
27297,9294493,9294501,8
27298,9294501,9294507,6
27299,9294587,9294596,9
27300,9295706,9295713,7
27301,9296153,9296158,5
27302,9296859,9296862,3
27303,9296930,9296936,6
27304,9297219,9297222,3
27305,9297296,9297302,6
27306,9297302,9297310,8
27307,9297310,9297315,5
27308,9297954,9297958,4
27309,9297958,9297964,6
27310,9297964,9297970,6
27311,9298896,9298903,7
27312,9300306,9300310,4
27313,9300434,9300438,4
27314,9303468,9303475,7
27315,9303568,9303576,8
27316,9303865,9303870,5
27317,9304350,9304359,9
27318,9306122,9306131,9
27319,9306461,9306467,6
27320,9306485,9306493,8
27321,9307143,9307149,6
27322,9307307,9307313,6
27323,9307575,9307584,9
27324,9307584,9307587,3
27325,9307856,9307860,4
27326,9308022,9308025,3
27327,9308025,9308033,8
27328,9308033,9308036,3
27329,9308146,9308152,6
27330,9308236,9308243,7
27331,9309498,9309501,3
27332,9309766,9309770,4
27333,9309856,9309864,8
27334,9310464,9310469,5
27335,9310469,9310477,8
27336,9310526,9310535,9
27337,9311975,9311982,7
27338,9312063,9312067,4
27339,9313136,9313141,5
27340,9313141,9313146,5
27341,9313260,9313263,3
27342,9313685,9313690,5
27343,9313765,9313768,3
27344,9313768,9313836,68
27345,9313836,9313842,6
27346,9314080,9314083,3
27347,9314151,9314157,6
27348,9314481,9314485,4
27349,9314485,9314494,9
27350,9314941,9314945,4
27351,9316916,9316922,6
27352,9316922,9316928,6
27353,9317033,9317039,6
27354,9317051,9317057,6
27355,9317107,9317115,8
27356,9317170,9317173,3
27357,9317318,9317322,4
27358,9317499,9317502,3
27359,9318112,9318122,10
27360,9318122,9318130,8
27361,9323420,9323426,6
27362,9323565,9323571,6
27363,9323701,9323705,4
27364,9323722,9323728,6
27365,9324371,9324377,6
27366,9325184,9325190,6
27367,9325190,9325197,7
27368,9325197,9325201,4
27369,9325239,9325243,4
27370,9325627,9325634,7
27371,9325874,9325881,7
27372,9326017,9326021,4
27373,9326428,9326437,9
27374,9326658,9326665,7
27375,9326821,9326825,4
27376,9326972,9326979,7
27377,9327002,9327005,3
27378,9327005,9327008,3
27379,9327026,9327029,3
27380,9327029,9327032,3
27381,9327032,9327035,3
27382,9327035,9327044,9
27383,9327749,9327758,9
27384,9327758,9327761,3
27385,9328602,9328609,7
27386,9328761,9328767,6
27387,9328767,9328771,4
27388,9328805,9328810,5
27389,9328810,9328815,5
27390,9330183,9330191,8
27391,9330191,9330201,10
27392,9330241,9330248,7
27393,9330276,9330286,10
27394,9330335,9330341,6
27395,9331008,9331013,5
27396,9331241,9331251,10
27397,9331611,9331618,7
27398,9331637,9331649,12
27399,9333215,9333221,6
27400,9333617,9333626,9
27401,9333626,9333635,9
27402,9333635,9333643,8
27403,9333688,9333693,5
27404,9334418,9334424,6
27405,9334424,9334434,10
27406,9334586,9334592,6
27407,9335568,9335573,5
27408,9336027,9336035,8
27409,9336226,9336230,4
27410,9336816,9336825,9
27411,9336825,9336832,7
27412,9336832,9336840,8
27413,9337201,9337210,9
27414,9337421,9337424,3
27415,9337849,9337855,6
27416,9338212,9338215,3
27417,9338232,9338235,3
27418,9338377,9338386,9
27419,9338519,9338522,3
27420,9338522,9338530,8
27421,9340695,9340702,7
27422,9344100,9344103,3
27423,9345299,9345308,9
27424,9345308,9345313,5
27425,9345313,9345319,6
27426,9346104,9346113,9
27427,9346569,9346577,8
27428,9346791,9346795,4
27429,9347125,9347133,8
27430,9347513,9347517,4
27431,9348165,9348173,8
27432,9350108,9350117,9
27433,9354902,9354905,3
27434,9356282,9356288,6
27435,9356299,9356302,3
27436,9357892,9357899,7
27437,9358339,9358343,4
27438,9358903,9358906,3
27439,9360083,9360090,7
27440,9360126,9360144,18
27441,9360222,9360237,15
27442,9360439,9360442,3
27443,9360552,9360560,8
27444,9360895,9360901,6
27445,9360988,9360997,9
27446,9361365,9361372,7
27447,9361372,9361380,8
27448,9361547,9361552,5
27449,9361585,9361590,5
27450,9361676,9361684,8
27451,9361979,9361987,8
27452,9362605,9362610,5
27453,9362990,9362993,3
27454,9363126,9363129,3
27455,9363129,9363134,5
27456,9364004,9364012,8
27457,9364012,9364020,8
27458,9364108,9364111,3
27459,9364111,9364115,4
27460,9364496,9364504,8
27461,9364634,9364640,6
27462,9364822,9364831,9
27463,9365189,9365193,4
27464,9365401,9365405,4
27465,9365405,9365412,7
27466,9365821,9365830,9
27467,9365935,9365941,6
27468,9366231,9366234,3
27469,9366972,9366977,5
27470,9366977,9366985,8
27471,9367503,9367509,6
27472,9367731,9367738,7
27473,9368945,9368952,7
27474,9369795,9369804,9
27475,9369949,9369952,3
27476,9370047,9370051,4
27477,9370392,9370399,7
27478,9370399,9370402,3
27479,9370730,9370735,5
27480,9371875,9371883,8
27481,9372231,9372235,4
27482,9372353,9372359,6
27483,9372890,9372895,5
27484,9373041,9373046,5
27485,9373307,9373319,12
27486,9373653,9373661,8
27487,9374418,9374462,44
27488,9374861,9374873,12
27489,9374973,9374979,6
27490,9375632,9375637,5
27491,9375941,9375949,8
27492,9376775,9376778,3
27493,9376866,9376876,10
27494,9382179,9382185,6
27495,9382185,9382191,6
27496,9382421,9382429,8
27497,9382455,9382461,6
27498,9382564,9382573,9
27499,9386173,9386182,9
27500,9386198,9386202,4
27501,9386202,9386206,4
27502,9387422,9387428,6
27503,9388205,9388215,10
27504,9388215,9388219,4
27505,9389757,9389761,4
27506,9389761,9389770,9
27507,9390221,9390228,7
27508,9391462,9391467,5
27509,9391570,9391576,6
27510,9391991,9391997,6
27511,9391997,9392003,6
27512,9394791,9394798,7
27513,9398259,9398269,10
27514,9398290,9398297,7
27515,9399711,9399714,3
27516,9399714,9399717,3
27517,9400516,9400519,3
27518,9400519,9400522,3
27519,9400522,9400525,3
27520,9400525,9400528,3
27521,9400528,9400531,3
27522,9400531,9400534,3
27523,9401864,9401872,8
27524,9406100,9406108,8
27525,9407823,9407827,4
27526,9408362,9408369,7
27527,9410813,9410817,4
27528,9412213,9412216,3
27529,9414206,9414213,7
27530,9415160,9415163,3
27531,9416352,9416359,7
27532,9416359,9416362,3
27533,9417849,9417857,8
27534,9418251,9418257,6
27535,9419806,9419815,9
27536,9419815,9419819,4
27537,9419819,9419823,4
27538,9419823,9419829,6
27539,9419829,9419835,6
27540,9419835,9419841,6
27541,9419841,9419847,6
27542,9419847,9419853,6
27543,9419853,9419859,6
27544,9419935,9419938,3
27545,9420058,9420066,8
27546,9422442,9422445,3
27547,9422873,9422879,6
27548,9423230,9423236,6
27549,9423608,9423615,7
27550,9424371,9424381,10
27551,9424381,9424387,6
27552,9427482,9427490,8
27553,9428018,9428028,10
27554,9428102,9428111,9
27555,9428878,9428885,7
27556,9428906,9428913,7
27557,9429656,9429662,6
27558,9429662,9429665,3
27559,9429665,9429671,6
27560,9429671,9429680,9
27561,9429680,9429692,12
27562,9429692,9429701,9
27563,9430332,9430338,6
27564,9430338,9430341,3
27565,9430395,9430403,8
27566,9432033,9432042,9
27567,9432193,9432198,5
27568,9435346,9435356,10
27569,9435356,9435359,3
27570,9437100,9437104,4
27571,9439260,9439264,4
27572,9439956,9439965,9
27573,9439965,9439971,6
27574,9445641,9445647,6
27575,9446837,9446847,10
27576,9447669,9447674,5
27577,9448093,9448102,9
27578,9448118,9448125,7
27579,9448985,9448992,7
27580,9449231,9449239,8
27581,9449428,9449437,9
27582,9449875,9449881,6
27583,9450017,9450023,6
27584,9450806,9450810,4
27585,9451606,9451615,9
27586,9451816,9451820,4
27587,9455133,9455140,7
27588,9455898,9455902,4
27589,9457582,9457589,7
27590,9457758,9457763,5
27591,9458029,9458035,6
27592,9459996,9460008,12
27593,9460008,9460011,3
27594,9461452,9461458,6
27595,9461696,9461702,6
27596,9461984,9461987,3
27597,9462056,9462062,6
27598,9462459,9462464,5
27599,9462526,9462531,5
27600,9464024,9464027,3
27601,9466148,9466156,8
27602,9467073,9467076,3
27603,9467582,9467589,7
27604,9468374,9468384,10
27605,9468410,9468417,7
27606,9468639,9468645,6
27607,9468664,9468667,3
27608,9468667,9468670,3
27609,9468670,9468679,9
27610,9468679,9468688,9
27611,9468700,9468706,6
27612,9468706,9468709,3
27613,9468709,9468715,6
27614,9468715,9468718,3
27615,9471298,9471308,10
27616,9471887,9471893,6
27617,9472163,9472167,4
27618,9472206,9472216,10
27619,9472216,9472219,3
27620,9472219,9472225,6
27621,9472225,9472228,3
27622,9472491,9472497,6
27623,9473746,9473756,10
27624,9473933,9473940,7
27625,9475409,9475415,6
27626,9476710,9476717,7
27627,9476857,9476864,7
27628,9478136,9478148,12
27629,9479423,9479428,5
27630,9479560,9479563,3
27631,9480560,9480566,6
27632,9480678,9480682,4
27633,9481759,9481764,5
27634,9482820,9482830,10
27635,9484205,9484210,5
27636,9484210,9484217,7
27637,9484217,9484224,7
27638,9484274,9484280,6
27639,9486311,9486317,6
27640,9486627,9486633,6
27641,9486633,9486639,6
27642,9486639,9486645,6
27643,9486645,9486654,9
27644,9487188,9487191,3
27645,9487191,9487200,9
27646,9487200,9487203,3
27647,9487709,9487712,3
27648,9488247,9488251,4
27649,9488251,9488259,8
27650,9490115,9490124,9
27651,9490487,9490491,4
27652,9490573,9490579,6
27653,9491270,9491275,5
27654,9492317,9492325,8
27655,9492771,9492776,5
27656,9493585,9493588,3
27657,9493588,9493591,3
27658,9495091,9495100,9
27659,9496811,9496815,4
27660,9497011,9497022,11
27661,9497052,9497057,5
27662,9497376,9497381,5
27663,9497682,9497690,8
27664,9497902,9497909,7
27665,9497998,9498003,5
27666,9499092,9499095,3
27667,9499778,9499788,10
27668,9500043,9500055,12
27669,9500873,9500879,6
27670,9502233,9502242,9
27671,9502242,9502247,5
27672,9504171,9504174,3
27673,9505012,9505016,4
27674,9505309,9505315,6
27675,9505601,9505604,3
27676,9507960,9507967,7
27677,9508240,9508268,28
27678,9508268,9508282,14
27679,9508282,9508403,121
27680,9508403,9508532,129
27681,9508532,9508664,132
27682,9508664,9508691,27
27683,9508691,9508757,66
27684,9508876,9508919,43
27685,9508919,9508987,68
27686,9508987,9509122,135
27687,9509122,9509128,6
27688,9509128,9509490,362
27689,9509490,9509551,61
27690,9509551,9509587,36
27691,9510439,9510445,6
27692,9510561,9510575,14
27693,9510991,9510994,3
27694,9510994,9510997,3
27695,9511130,9511137,7
27696,9511574,9511579,5
27697,9512048,9512052,4
27698,9513572,9513577,5
27699,9513577,9513582,5
27700,9513582,9513588,6
27701,9513588,9513595,7
27702,9514402,9514411,9
27703,9514741,9514746,5
27704,9515568,9515589,21
27705,9515785,9515793,8
27706,9515928,9515949,21
27707,9516652,9516658,6
27708,9516748,9516754,6
27709,9516989,9516994,5
27710,9518459,9518462,3
27711,9523353,9523360,7
27712,9524038,9524047,9
27713,9525662,9525667,5
27714,9527123,9527129,6
27715,9527595,9527602,7
27716,9528013,9528018,5
27717,9529015,9529020,5
27718,9533579,9533586,7
27719,9533703,9533709,6
27720,9533936,9533939,3
27721,9534701,9534704,3
27722,9535060,9535063,3
27723,9535124,9535130,6
27724,9535650,9535659,9
27725,9536698,9536706,8
27726,9536706,9536714,8
27727,9537211,9537220,9
27728,9537719,9537722,3
27729,9538048,9538055,7
27730,9538055,9538059,4
27731,9538535,9538544,9
27732,9538737,9538743,6
27733,9541895,9541904,9
27734,9542570,9542577,7
27735,9544254,9544262,8
27736,9545439,9545445,6
27737,9545445,9545450,5
27738,9547496,9547504,8
27739,9547656,9547678,22
27740,9547981,9547987,6
27741,9549322,9549329,7
27742,9551742,9551750,8
27743,9551763,9551773,10
27744,9552901,9552906,5
27745,9552906,9552916,10
27746,9553467,9553473,6
27747,9555867,9555872,5
27748,9556955,9556958,3
27749,9557487,9557493,6
27750,9557547,9557551,4
27751,9557974,9557983,9
27752,9558087,9558090,3
27753,9558202,9558211,9
27754,9559153,9559162,9
27755,9559350,9559354,4
27756,9560279,9560285,6
27757,9560434,9560438,4
27758,9560438,9560444,6
27759,9561160,9561168,8
27760,9561679,9561685,6
27761,9562399,9562407,8
27762,9562501,9562505,4
27763,9562703,9562711,8
27764,9562983,9562987,4
27765,9563728,9563734,6
27766,9564063,9564067,4
27767,9564178,9564185,7
27768,9564185,9564189,4
27769,9564189,9564193,4
27770,9564266,9564273,7
27771,9564334,9564337,3
27772,9564420,9564429,9
27773,9564429,9564440,11
27774,9564782,9564791,9
27775,9565197,9565200,3
27776,9565340,9565347,7
27777,9565596,9565602,6
27778,9565697,9565702,5
27779,9566255,9566260,5
27780,9566665,9566674,9
27781,9566808,9566815,7
27782,9567154,9567157,3
27783,9567596,9567601,5
27784,9567998,9568003,5
27785,9568003,9568008,5
27786,9568008,9568018,10
27787,9568018,9568024,6
27788,9568356,9568359,3
27789,9568744,9568753,9
27790,9568891,9568900,9
27791,9568900,9568908,8
27792,9568908,9568911,3
27793,9568911,9568916,5
27794,9569281,9569287,6
27795,9569586,9569595,9
27796,9569968,9569976,8
27797,9570566,9570575,9
27798,9570808,9570811,3
27799,9571251,9571254,3
27800,9571591,9571597,6
27801,9572099,9572106,7
27802,9572567,9572574,7
27803,9572731,9572737,6
27804,9573056,9573063,7
27805,9573132,9573136,4
27806,9573136,9573141,5
27807,9573141,9573151,10
27808,9573650,9573653,3
27809,9573878,9573887,9
27810,9574210,9574217,7
27811,9575157,9575163,6
27812,9575523,9575528,5
27813,9575571,9575580,9
27814,9575821,9575825,4
27815,9575835,9575840,5
27816,9576287,9576297,10
27817,9576365,9576373,8
27818,9578178,9578186,8
27819,9578718,9578728,10
27820,9579505,9579511,6
27821,9579511,9579516,5
27822,9579528,9579532,4
27823,9580043,9580047,4
27824,9580652,9580655,3
27825,9581430,9581440,10
27826,9583540,9583548,8
27827,9584593,9584596,3
27828,9585563,9585569,6
27829,9586787,9586792,5
27830,9587022,9587030,8
27831,9587030,9587034,4
27832,9587324,9587327,3
27833,9587751,9587756,5
27834,9587844,9587848,4
27835,9588303,9588310,7
27836,9588310,9588314,4
27837,9588314,9588321,7
27838,9588453,9588459,6
27839,9589331,9589335,4
27840,9589346,9589351,5
27841,9589716,9589721,5
27842,9590013,9590023,10
27843,9590522,9590526,4
27844,9590661,9590667,6
27845,9590843,9590846,3
27846,9590971,9590974,3
27847,9590974,9590983,9
27848,9591015,9591019,4
27849,9591019,9591022,3
27850,9593653,9593656,3
27851,9593811,9593817,6
27852,9593931,9593934,3
27853,9594437,9594440,3
27854,9594807,9594810,3
27855,9594847,9594850,3
27856,9595114,9595118,4
27857,9596640,9596644,4
27858,9597219,9597228,9
27859,9597259,9597262,3
27860,9597529,9597546,17
27861,9597546,9597549,3
27862,9597549,9597617,68
27863,9597905,9597908,3
27864,9597976,9597982,6
27865,9598112,9598120,8
27866,9598288,9598295,7
27867,9598295,9598305,10
27868,9598807,9598812,5
27869,9598917,9598923,6
27870,9599985,9599991,6
27871,9600529,9600532,3
27872,9600532,9600535,3
27873,9600806,9600810,4
27874,9601353,9601356,3
27875,9602268,9602275,7
27876,9602653,9602659,6
27877,9603271,9603276,5
27878,9603457,9603460,3
27879,9603651,9603657,6
27880,9603956,9603962,6
27881,9604177,9604182,5
27882,9604472,9604475,3
27883,9604489,9604499,10
27884,9604515,9604519,4
27885,9605512,9605515,3
27886,9605880,9605889,9
27887,9606171,9606176,5
27888,9606657,9606661,4
27889,9606910,9606918,8
27890,9606918,9606928,10
27891,9607123,9607130,7
27892,9607191,9607194,3
27893,9607194,9607198,4
27894,9607561,9607564,3
27895,9607675,9607681,6
27896,9607829,9607832,3
27897,9608092,9608098,6
27898,9609453,9609456,3
27899,9609456,9609459,3
27900,9609459,9609462,3
27901,9611927,9611936,9
27902,9612454,9612459,5
27903,9612511,9612518,7
27904,9612518,9612522,4
27905,9612522,9612526,4
27906,9613280,9613292,12
27907,9615270,9615276,6
27908,9616428,9616435,7
27909,9616530,9616533,3
27910,9617214,9617221,7
27911,9617267,9617273,6
27912,9617485,9617490,5
27913,9617602,9617607,5
27914,9618435,9618438,3
27915,9619192,9619197,5
27916,9619246,9619250,4
27917,9619514,9619523,9
27918,9620023,9620030,7
27919,9620120,9620126,6
27920,9621947,9621950,3
27921,9623587,9623595,8
27922,9623595,9623618,23
27923,9623814,9623896,82
27924,9623896,9623904,8
27925,9623904,9623927,23
27926,9623927,9623944,17
27927,9623944,9624173,229
27928,9624173,9624255,82
27929,9624255,9624263,8
27930,9624263,9624286,23
27931,9624286,9624303,17
27932,9624303,9624532,229
27933,9624532,9624614,82
27934,9624614,9624622,8
27935,9624622,9624645,23
27936,9624645,9624662,17
27937,9624662,9624713,51
27938,9624891,9624973,82
27939,9624973,9624981,8
27940,9624981,9625004,23
27941,9625004,9625021,17
27942,9625021,9625250,229
27943,9625250,9625332,82
27944,9625332,9625340,8
27945,9625340,9625363,23
27946,9625363,9625380,17
27947,9625380,9625609,229
27948,9625609,9625691,82
27949,9625691,9625699,8
27950,9625699,9625722,23
27951,9625722,9625739,17
27952,9625739,9625968,229
27953,9625968,9626050,82
27954,9626050,9626058,8
27955,9626058,9626081,23
27956,9626081,9626098,17
27957,9626098,9626149,51
27958,9626149,9626193,44
27959,9626468,9626474,6
27960,9626671,9626675,4
27961,9626707,9626711,4
27962,9626711,9626715,4
27963,9626715,9626719,4
27964,9627075,9627086,11
27965,9627140,9627145,5
27966,9627674,9627681,7
27967,9629616,9629624,8
27968,9630157,9630163,6
27969,9630582,9630588,6
27970,9630640,9630646,6
27971,9630802,9630808,6
27972,9631637,9631644,7
27973,9632590,9632600,10
27974,9633475,9633482,7
27975,9636669,9636677,8
27976,9636697,9636706,9
27977,9636706,9636710,4
27978,9636710,9636719,9
27979,9636719,9636726,7
27980,9637479,9637487,8
27981,9637487,9637496,9
27982,9637515,9637524,9
27983,9638438,9638442,4
27984,9638585,9638595,10
27985,9638717,9638724,7
27986,9638831,9638838,7
27987,9639325,9639331,6
27988,9639331,9639337,6
27989,9639785,9639790,5
27990,9640342,9640347,5
27991,9641651,9641661,10
27992,9641940,9641945,5
27993,9642114,9642117,3
27994,9642117,9642120,3
27995,9643026,9643034,8
27996,9643048,9643056,8
27997,9643784,9643791,7
27998,9644009,9644013,4
27999,9644528,9644538,10
28000,9644725,9644730,5
28001,9644858,9644861,3
28002,9645733,9645739,6
28003,9645968,9645973,5
28004,9646388,9646395,7
28005,9646395,9646404,9
28006,9646404,9646411,7
28007,9646821,9646827,6
28008,9646827,9646830,3
28009,9648095,9648102,7
28010,9648126,9648138,12
28011,9648720,9648727,7
28012,9649389,9649394,5
28013,9649863,9649868,5
28014,9650731,9650736,5
28015,9650736,9650741,5
28016,9651194,9651203,9
28017,9651219,9651225,6
28018,9652106,9652114,8
28019,9652114,9652119,5
28020,9652493,9652496,3
28021,9653605,9653610,5
28022,9653635,9653642,7
28023,9654042,9654046,4
28024,9654172,9654177,5
28025,9654359,9654365,6
28026,9654365,9654371,6
28027,9656251,9656254,3
28028,9656254,9656257,3
28029,9657362,9657370,8
28030,9657370,9657376,6
28031,9657542,9657552,10
28032,9658936,9658946,10
28033,9658965,9658975,10
28034,9658975,9658983,8
28035,9659212,9659216,4
28036,9660085,9660091,6
28037,9660185,9660191,6
28038,9660932,9660935,3
28039,9661264,9661268,4
28040,9661719,9661725,6
28041,9662065,9662075,10
28042,9662169,9662175,6
28043,9662288,9662292,4
28044,9662411,9662419,8
28045,9662685,9662692,7
28046,9662692,9662699,7
28047,9662699,9662706,7
28048,9663349,9663355,6
28049,9663378,9663382,4
28050,9663497,9663506,9
28051,9663506,9663512,6
28052,9663842,9663847,5
28053,9664752,9664758,6
28054,9664758,9664763,5
28055,9664763,9664768,5
28056,9665268,9665271,3
28057,9665493,9665500,7
28058,9666319,9666323,4
28059,9666595,9666602,7
28060,9666931,9666938,7
28061,9666938,9666945,7
28062,9667358,9667362,4
28063,9667386,9667395,9
28064,9668465,9668472,7
28065,9668579,9668587,8
28066,9668587,9668593,6
28067,9668593,9668599,6
28068,9668666,9668672,6
28069,9668672,9668678,6
28070,9668678,9668684,6
28071,9668684,9668690,6
28072,9668690,9668696,6
28073,9668696,9668702,6
28074,9668849,9668855,6
28075,9668855,9668861,6
28076,9668861,9668867,6
28077,9669444,9669454,10
28078,9669867,9669870,3
28079,9671228,9671231,3
28080,9671243,9671251,8
28081,9671683,9671686,3
28082,9672028,9672034,6
28083,9672034,9672042,8
28084,9672639,9672644,5
28085,9672656,9672660,4
28086,9672779,9672787,8
28087,9673071,9673077,6
28088,9673077,9673084,7
28089,9673680,9673689,9
28090,9673866,9673874,8
28091,9674426,9674436,10
28092,9674436,9674446,10
28093,9674940,9674948,8
28094,9675388,9675392,4
28095,9675392,9675398,6
28096,9675627,9675632,5
28097,9675770,9675777,7
28098,9675777,9675782,5
28099,9675782,9675791,9
28100,9676100,9676107,7
28101,9676165,9676175,10
28102,9676470,9676478,8
28103,9676675,9676679,4
28104,9676679,9676683,4
28105,9676683,9676692,9
28106,9676692,9676701,9
28107,9677698,9677704,6
28108,9677785,9677788,3
28109,9677902,9677905,3
28110,9678936,9678944,8
28111,9678944,9678948,4
28112,9681555,9681558,3
28113,9681712,9681721,9
28114,9682197,9682204,7
28115,9682619,9682628,9
28116,9682897,9682905,8
28117,9682985,9682991,6
28118,9683030,9683033,3
28119,9683033,9683042,9
28120,9683058,9683061,3
28121,9683139,9683145,6
28122,9683328,9683338,10
28123,9684088,9684094,6
28124,9686791,9686799,8
28125,9686831,9686837,6
28126,9686979,9686988,9
28127,9687709,9687720,11
28128,9688443,9688449,6
28129,9689148,9689151,3
28130,9689879,9689887,8
28131,9690123,9690136,13
28132,9690136,9690147,11
28133,9690316,9690322,6
28134,9690440,9690446,6
28135,9690838,9690843,5
28136,9690890,9690893,3
28137,9690893,9690896,3
28138,9690896,9690899,3
28139,9690899,9690902,3
28140,9691031,9691034,3
28141,9691163,9691169,6
28142,9691392,9691400,8
28143,9691400,9691408,8
28144,9692282,9692288,6
28145,9694675,9694679,4
28146,9695680,9695690,10
28147,9696232,9696237,5
28148,9697047,9697056,9
28149,9698041,9698046,5
28150,9698102,9698109,7
28151,9698456,9698466,10
28152,9698481,9698490,9
28153,9698490,9698496,6
28154,9698496,9698502,6
28155,9698502,9698506,4
28156,9698647,9698654,7
28157,9698990,9698994,4
28158,9699117,9699120,3
28159,9699120,9699127,7
28160,9699127,9699130,3
28161,9699130,9699138,8
28162,9699973,9699980,7
28163,9700276,9700279,3
28164,9700733,9700737,4
28165,9701112,9701119,7
28166,9701129,9701134,5
28167,9701134,9701139,5
28168,9701139,9701149,10
28169,9701149,9701154,5
28170,9701154,9701164,10
28171,9702651,9702658,7
28172,9702658,9702665,7
28173,9704120,9704130,10
28174,9704555,9704560,5
28175,9704560,9704565,5
28176,9704565,9704571,6
28177,9706007,9706011,4
28178,9706409,9706416,7
28179,9707030,9707037,7
28180,9707606,9707614,8
28181,9707632,9707637,5
28182,9707842,9707851,9
28183,9708372,9708380,8
28184,9708380,9708384,4
28185,9709128,9709136,8
28186,9711058,9711061,3
28187,9711129,9711135,6
28188,9711212,9711221,9
28189,9711399,9711419,20
28190,9711487,9711493,6
28191,9713183,9713190,7
28192,9713566,9713574,8
28193,9714563,9714569,6
28194,9714990,9714998,8
28195,9716441,9716448,7
28196,9716448,9716451,3
28197,9716451,9716458,7
28198,9716894,9716902,8
28199,9717204,9717215,11
28200,9717215,9717221,6
28201,9717658,9717669,11
28202,9718582,9718588,6
28203,9718604,9718611,7
28204,9719292,9719300,8
28205,9719606,9719614,8
28206,9720807,9720818,11
28207,9722963,9722971,8
28208,9723030,9723037,7
28209,9723366,9723372,6
28210,9723372,9723376,4
28211,9723551,9723558,7
28212,9723576,9723580,4
28213,9723598,9723602,4
28214,9723974,9723981,7
28215,9724863,9724869,6
28216,9725058,9725061,3
28217,9725077,9725080,3
28218,9725080,9725086,6
28219,9725086,9725089,3
28220,9725089,9725092,3
28221,9726561,9726569,8
28222,9726569,9726592,23
28223,9726592,9726609,17
28224,9726609,9726660,51
28225,9726828,9726838,10
28226,9726920,9726928,8
28227,9726928,9726951,23
28228,9727195,9727199,4
28229,9730109,9730115,6
28230,9730115,9730121,6
28231,9730121,9730127,6
28232,9730603,9730610,7
28233,9730758,9730763,5
28234,9731272,9731277,5
28235,9731515,9731521,6
28236,9731539,9731544,5
28237,9731617,9731620,3
28238,9731620,9731623,3
28239,9731672,9731682,10
28240,9731773,9731779,6
28241,9732829,9732841,12
28242,9733141,9733144,3
28243,9733768,9733773,5
28244,9733773,9733781,8
28245,9733781,9733788,7
28246,9734396,9734403,7
28247,9734403,9734407,4
28248,9734570,9734579,9
28249,9734939,9734947,8
28250,9735522,9735525,3
28251,9736255,9736264,9
28252,9736455,9736463,8
28253,9737052,9737055,3
28254,9737055,9737058,3
28255,9737058,9737064,6
28256,9737064,9737067,3
28257,9737067,9737070,3
28258,9737070,9737076,6
28259,9737076,9737079,3
28260,9738137,9738144,7
28261,9738718,9738721,3
28262,9739127,9739130,3
28263,9739252,9739256,4
28264,9740452,9740456,4
28265,9740456,9740460,4
28266,9740460,9740464,4
28267,9740464,9740468,4
28268,9740468,9740472,4
28269,9740878,9740883,5
28270,9741018,9741025,7
28271,9741234,9741238,4
28272,9741247,9741250,3
28273,9741867,9741874,7
28274,9742055,9742062,7
28275,9742402,9742412,10
28276,9742672,9742680,8
28277,9744207,9744215,8
28278,9744891,9744897,6
28279,9744897,9744903,6
28280,9744903,9744912,9
28281,9744912,9744920,8
28282,9745129,9745132,3
28283,9745132,9745135,3
28284,9745441,9745445,4
28285,9745445,9745454,9
28286,9745454,9745461,7
28287,9745509,9745518,9
28288,9745531,9745535,4
28289,9745535,9745543,8
28290,9745543,9745550,7
28291,9745601,9745610,9
28292,9745610,9745617,7
28293,9745640,9745649,9
28294,9745699,9745707,8
28295,9745812,9745816,4
28296,9746845,9746854,9
28297,9746877,9746882,5
28298,9747874,9747880,6
28299,9748910,9748920,10
28300,9748920,9748924,4
28301,9748934,9748938,4
28302,9748938,9748944,6
28303,9748960,9748967,7
28304,9749825,9749833,8
28305,9749910,9749914,4
28306,9749943,9749950,7
28307,9749991,9749998,7
28308,9750283,9750290,7
28309,9750561,9750564,3
28310,9750929,9750938,9
28311,9750997,9751006,9
28312,9751243,9751249,6
28313,9751594,9751603,9
28314,9751637,9751644,7
28315,9751770,9751774,4
28316,9751774,9751781,7
28317,9751998,9752005,7
28318,9753379,9753386,7
28319,9755835,9755843,8
28320,9756164,9756172,8
28321,9756701,9756709,8
28322,9756709,9756717,8
28323,9756717,9756725,8
28324,9757699,9757702,3
28325,9760032,9760039,7
28326,9760062,9760067,5
28327,9760273,9760276,3
28328,9760673,9760676,3
28329,9760676,9760679,3
28330,9761284,9761294,10
28331,9761584,9761589,5
28332,9761995,9762005,10
28333,9762903,9762908,5
28334,9762908,9762913,5
28335,9762913,9762918,5
28336,9763081,9763087,6
28337,9764190,9764193,3
28338,9764232,9764236,4
28339,9764236,9764245,9
28340,9764245,9764254,9
28341,9764285,9764291,6
28342,9765668,9765671,3
28343,9766436,9766442,6
28344,9766945,9766950,5
28345,9768226,9768234,8
28346,9768300,9768306,6
28347,9768678,9768686,8
28348,9768686,9768694,8
28349,9768694,9768698,4
28350,9768999,9769003,4
28351,9769102,9769106,4
28352,9769705,9769713,8
28353,9769713,9769720,7
28354,9770073,9770076,3
28355,9770090,9770095,5
28356,9771516,9771524,8
28357,9771524,9771532,8
28358,9771785,9771794,9
28359,9771884,9771893,9
28360,9772406,9772409,3
28361,9772885,9772891,6
28362,9773679,9773691,12
28363,9774752,9774761,9
28364,9775283,9775289,6
28365,9775289,9775294,5
28366,9775294,9775299,5
28367,9775444,9775451,7
28368,9776013,9776021,8
28369,9776107,9776113,6
28370,9776113,9776119,6
28371,9776239,9776248,9
28372,9778101,9778109,8
28373,9779690,9779699,9
28374,9780649,9780655,6
28375,9780694,9780702,8
28376,9780814,9780819,5
28377,9780828,9780835,7
28378,9782047,9782053,6
28379,9783913,9783918,5
28380,9784285,9784290,5
28381,9788648,9788652,4
28382,9790636,9790640,4
28383,9793033,9793044,11
28384,9794558,9794563,5
28385,9795555,9795567,12
28386,9796068,9796074,6
28387,9796794,9796804,10
28388,9798693,9798729,36
28389,9798729,9798798,69
28390,9798798,9798850,52
28391,9798850,9798880,30
28392,9798880,9798904,24
28393,9798904,9798938,34
28394,9798938,9799027,89
28395,9799027,9799031,4
28396,9799031,9799035,4
28397,9799035,9799089,54
28398,9799089,9799095,6
28399,9799095,9799145,50
28400,9799145,9799183,38
28401,9799183,9799195,12
28402,9799195,9799326,131
28403,9799326,9799351,25
28404,9799351,9799530,179
28405,9799530,9799619,89
28406,9799619,9799644,25
28407,9799644,9799715,71
28408,9799715,9799720,5
28409,9799720,9799757,37
28410,9799757,9799918,161
28411,9799918,9800020,102
28412,9800020,9800049,29
28413,9800049,9800179,130
28414,9800179,9800233,54
28415,9800233,9800254,21
28416,9800254,9800268,14
28417,9800268,9800282,14
28418,9800282,9800316,34
28419,9800316,9800374,58
28420,9800374,9800493,119
28421,9800493,9800669,176
28422,9800669,9800748,79
28423,9800748,9800788,40
28424,9800788,9800796,8
28425,9800796,9800969,173
28426,9800969,9801066,97
28427,9801066,9801085,19
28428,9801085,9801138,53
28429,9801138,9801245,107
28430,9801245,9801304,59
28431,9801304,9801315,11
28432,9801315,9801468,153
28433,9801468,9801476,8
28434,9801476,9801580,104
28435,9801580,9801591,11
28436,9801591,9801686,95
28437,9801686,9801689,3
28438,9801689,9801712,23
28439,9801712,9801845,133
28440,9801845,9801933,88
28441,9801933,9801956,23
28442,9801956,9801982,26
28443,9801982,9801989,7
28444,9801989,9802220,231
28445,9802220,9802307,87
28446,9802307,9802456,149
28447,9802456,9802484,28
28448,9802484,9802521,37
28449,9802521,9802630,109
28450,9802630,9802652,22
28451,9802652,9802670,18
28452,9802670,9802674,4
28453,9802674,9802736,62
28454,9802736,9802880,144
28455,9802880,9802914,34
28456,9802914,9803033,119
28457,9803033,9803081,48
28458,9803081,9803090,9
28459,9803090,9803128,38
28460,9803128,9803135,7
28461,9803135,9803152,17
28462,9803152,9803169,17
28463,9803169,9803194,25
28464,9803194,9803222,28
28465,9803222,9803263,41
28466,9803263,9803404,141
28467,9803404,9803460,56
28468,9803460,9803476,16
28469,9803476,9803613,137
28470,9803613,9803650,37
28471,9803650,9803656,6
28472,9803656,9803662,6
28473,9803662,9803671,9
28474,9803671,9803781,110
28475,9803781,9803899,118
28476,9803899,9803914,15
28477,9803914,9804040,126
28478,9804040,9804088,48
28479,9804088,9804160,72
28480,9804160,9804237,77
28481,9804237,9804259,22
28482,9804259,9804315,56
28483,9804315,9804351,36
28484,9804351,9804500,149
28485,9804500,9804533,33
28486,9804533,9804552,19
28487,9804552,9804584,32
28488,9804584,9804659,75
28489,9804659,9804682,23
28490,9804682,9804821,139
28491,9804821,9805009,188
28492,9805009,9805067,58
28493,9805067,9805130,63
28494,9805274,9805310,36
28495,9805310,9805379,69
28496,9805379,9805431,52
28497,9805431,9805461,30
28498,9805461,9805485,24
28499,9805485,9805519,34
28500,9807363,9807367,4
28501,9807523,9807530,7
28502,9808667,9808676,9
28503,9808925,9808935,10
28504,9808935,9808962,27
28505,9809017,9809025,8
28506,9809025,9809048,23
28507,9809048,9809065,17
28508,9809160,9809181,21
28509,9809294,9809321,27
28510,9809376,9809384,8
28511,9809384,9809424,40
28512,9809475,9809519,44
28513,9809728,9809736,8
28514,9809736,9809776,40
28515,9809776,9809827,51
28516,9810005,9810034,29
28517,9810034,9810095,61
28518,9810135,9810186,51
28519,9810747,9810751,4
28520,9810883,9810889,6
28521,9812437,9812444,7
28522,9813136,9813140,4
28523,9816075,9816086,11
28524,9818298,9818301,3
28525,9822118,9822123,5
28526,9822149,9822157,8
28527,9822157,9822163,6
28528,9822163,9822169,6
28529,9823067,9823070,3
28530,9823689,9823699,10
28531,9823798,9823805,7
28532,9823805,9823812,7
28533,9826808,9826818,10
28534,9827021,9827025,4
28535,9827025,9827032,7
28536,9828510,9828516,6
28537,9828516,9828520,4
28538,9828586,9828594,8
28539,9828594,9828602,8
28540,9828602,9828610,8
28541,9829409,9829418,9
28542,9829692,9829699,7
28543,9830572,9830579,7
28544,9833514,9833518,4
28545,9834212,9834219,7
28546,9835590,9835597,7
28547,9836264,9836268,4
28548,9836268,9836273,5
28549,9836592,9836600,8
28550,9836600,9836604,4
28551,9837777,9837784,7
28552,9837784,9837787,3
28553,9838456,9838466,10
28554,9839884,9839890,6
28555,9839981,9839989,8
28556,9840116,9840125,9
28557,9840125,9840133,8
28558,9840619,9840624,5
28559,9840624,9840630,6
28560,9840769,9840777,8
28561,9840902,9840923,21
28562,9841339,9841348,9
28563,9841348,9841353,5
28564,9842184,9842192,8
28565,9842192,9842197,5
28566,9842672,9842677,5
28567,9843532,9843539,7
28568,9843539,9843544,5
28569,9845392,9845401,9
28570,9845825,9845832,7
28571,9846096,9846100,4
28572,9847828,9847836,8
28573,9847836,9847845,9
28574,9848057,9848061,4
28575,9848061,9848064,3
28576,9848207,9848213,6
28577,9849064,9849070,6
28578,9849098,9849105,7
28579,9849195,9849201,6
28580,9849201,9849207,6
28581,9849207,9849213,6
28582,9850974,9850979,5
28583,9851560,9851565,5
28584,9851622,9851625,3
28585,9852355,9852360,5
28586,9855642,9855645,3
28587,9856251,9856254,3
28588,9856254,9856263,9
28589,9856824,9856827,3
28590,9857301,9857305,4
28591,9857415,9857418,3
28592,9858029,9858036,7
28593,9858341,9858347,6
28594,9858690,9858701,11
28595,9859040,9859049,9
28596,9860145,9860153,8
28597,9860153,9860159,6
28598,9860170,9860173,3
28599,9860830,9860837,7
28600,9861839,9861844,5
28601,9862201,9862208,7
28602,9862208,9862215,7
28603,9862871,9862877,6
28604,9865098,9865103,5
28605,9865214,9865225,11
28606,9866355,9866361,6
28607,9866721,9866729,8
28608,9867391,9867403,12
28609,9867442,9867445,3
28610,9867445,9867448,3
28611,9867448,9867457,9
28612,9867478,9867487,9
28613,9868223,9868232,9
28614,9868313,9868323,10
28615,9868653,9868658,5
28616,9868691,9868696,5
28617,9869549,9869556,7
28618,9869556,9869561,5
28619,9869756,9869760,4
28620,9869760,9869764,4
28621,9869814,9869820,6
28622,9870213,9870230,17
28623,9870230,9870281,51
28624,9870281,9870325,44
28625,9870449,9870459,10
28626,9870541,9870549,8
28627,9870591,9870599,8
28628,9870724,9870733,9
28629,9871144,9871153,9
28630,9871186,9871195,9
28631,9871195,9871198,3
28632,9871198,9871203,5
28633,9871386,9871389,3
28634,9871441,9871452,11
28635,9872047,9872052,5
28636,9873750,9873753,3
28637,9874720,9874730,10
28638,9875281,9875293,12
28639,9875565,9875573,8
28640,9875848,9875856,8
28641,9876128,9876133,5
28642,9877075,9877083,8
28643,9877220,9877229,9
28644,9877743,9877748,5
28645,9878016,9878022,6
28646,9878442,9878450,8
28647,9878563,9878569,6
28648,9878569,9878577,8
28649,9878638,9878641,3
28650,9879019,9879025,6
28651,9879025,9879028,3
28652,9879070,9879079,9
28653,9879079,9879085,6
28654,9879085,9879088,3
28655,9879088,9879097,9
28656,9879209,9879213,4
28657,9879213,9879218,5
28658,9879631,9879639,8
28659,9879769,9879772,3
28660,9880054,9880063,9
28661,9880063,9880068,5
28662,9880068,9880077,9
28663,9880249,9880258,9
28664,9880258,9880267,9
28665,9880308,9880318,10
28666,9880670,9880677,7
28667,9880816,9880819,3
28668,9881173,9881176,3
28669,9881244,9881250,6
28670,9881664,9881668,4
28671,9881983,9881990,7
28672,9881990,9881999,9
28673,9881999,9882006,7
28674,9882006,9882013,7
28675,9882141,9882147,6
28676,9882366,9882372,6
28677,9883006,9883012,6
28678,9883768,9883779,11
28679,9884421,9884428,7
28680,9884428,9884435,7
28681,9884527,9884532,5
28682,9884929,9884938,9
28683,9885081,9885091,10
28684,9885091,9885098,7
28685,9885098,9885102,4
28686,9885609,9885618,9
28687,9886336,9886344,8
28688,9886344,9886348,4
28689,9886348,9886352,4
28690,9890752,9890756,4
28691,9891340,9891343,3
28692,9891916,9891920,4
28693,9893615,9893620,5
28694,9893620,9893625,5
28695,9893640,9893645,5
28696,9893877,9893888,11
28697,9895416,9895419,3
28698,9897376,9897379,3
28699,9897835,9897841,6
28700,9897841,9897847,6
28701,9898668,9898674,6
28702,9901231,9901238,7
28703,9901728,9901734,6
28704,9901734,9901744,10
28705,9903182,9903187,5
28706,9904092,9904096,4
28707,9904212,9904218,6
28708,9904989,9905033,44
28709,9905167,9905196,29
28710,9905196,9905257,61
28711,9905297,9905348,51
28712,9905348,9905392,44
28713,9905608,9905616,8
28714,9905639,9905656,17
28715,9905698,9905707,9
28716,9905771,9905778,7
28717,9905807,9905815,8
28718,9906920,9906927,7
28719,9909334,9909341,7
28720,9909775,9909783,8
28721,9909922,9909928,6
28722,9910259,9910268,9
28723,9910296,9910299,3
28724,9910447,9910450,3
28725,9910450,9910459,9
28726,9910781,9910789,8
28727,9910789,9910795,6
28728,9911169,9911172,3
28729,9911187,9911190,3
28730,9911190,9911196,6
28731,9911274,9911279,5
28732,9911424,9911430,6
28733,9911532,9911538,6
28734,9911984,9911989,5
28735,9912404,9912408,4
28736,9914218,9914222,4
28737,9914222,9914228,6
28738,9914402,9914409,7
28739,9915460,9915468,8
28740,9915790,9915802,12
28741,9916295,9916304,9
28742,9918368,9918374,6
28743,9919757,9919777,20
28744,9920134,9920137,3
28745,9920211,9920224,13
28746,9921207,9921211,4
28747,9921211,9921215,4
28748,9922065,9922070,5
28749,9922597,9922603,6
28750,9923325,9923334,9
28751,9923334,9923345,11
28752,9923743,9923748,5
28753,9924149,9924155,6
28754,9924670,9924673,3
28755,9924737,9924744,7
28756,9926223,9926232,9
28757,9927042,9927048,6
28758,9927192,9927200,8
28759,9927965,9927969,4
28760,9928676,9928682,6
28761,9930393,9930396,3
28762,9930396,9930401,5
28763,9930555,9930563,8
28764,9931141,9931147,6
28765,9931257,9931264,7
28766,9931264,9931270,6
28767,9931270,9931276,6
28768,9931276,9931279,3
28769,9932093,9932100,7
28770,9932284,9932290,6
28771,9932290,9932296,6
28772,9932296,9932302,6
28773,9932415,9932421,6
28774,9932433,9932439,6
28775,9932454,9932457,3
28776,9932640,9932645,5
28777,9932736,9932742,6
28778,9932742,9932747,5
28779,9933428,9933433,5
28780,9934872,9934880,8
28781,9935109,9935115,6
28782,9935256,9935260,4
28783,9935497,9935504,7
28784,9935504,9935514,10
28785,9935591,9935595,4
28786,9936449,9936453,4
28787,9937628,9937632,4
28788,9938209,9938218,9
28789,9938575,9938583,8
28790,9939257,9939261,4
28791,9939261,9939265,4
28792,9939265,9939269,4
28793,9939522,9939526,4
28794,9939839,9939844,5
28795,9940614,9940624,10
28796,9940989,9940994,5
28797,9941768,9941771,3
28798,9941839,9941845,6
28799,9942741,9942747,6
28800,9943068,9943074,6
28801,9943668,9943673,5
28802,9944248,9944251,3
28803,9944725,9944733,8
28804,9944733,9944738,5
28805,9944738,9944746,8
28806,9944768,9944771,3
28807,9944771,9944779,8
28808,9946737,9946740,3
28809,9947671,9947674,3
28810,9947939,9947945,6
28811,9947945,9947953,8
28812,9948170,9948177,7
28813,9950653,9950659,6
28814,9950659,9950663,4
28815,9950663,9950667,4
28816,9953606,9953614,8
28817,9955819,9955823,4
28818,9955896,9955900,4
28819,9955978,9955986,8
28820,9956327,9956335,8
28821,9956381,9956408,27
28822,9956408,9956417,9
28823,9956417,9956482,65
28824,9956717,9956768,51
28825,9957796,9957799,3
28826,9957799,9957802,3
28827,9958328,9958331,3
28828,9958331,9958337,6
28829,9958337,9958340,3
28830,9958340,9958343,3
28831,9958343,9958349,6
28832,9958349,9958355,6
28833,9958355,9958364,9
28834,9958364,9958373,9
28835,9960797,9960806,9
28836,9961308,9961316,8
28837,9964930,9964937,7
28838,9964966,9964975,9
28839,9964975,9964983,8
28840,9965132,9965137,5
28841,9965260,9965271,11
28842,9966056,9966064,8
28843,9966102,9966107,5
28844,9966263,9966272,9
28845,9966494,9966500,6
28846,9966778,9966786,8
28847,9967481,9967487,6
28848,9967487,9967491,4
28849,9967513,9967521,8
28850,9967640,9967643,3
28851,9967888,9967895,7
28852,9968369,9968374,5
28853,9968634,9968638,4
28854,9968794,9968801,7
28855,9969059,9969065,6
28856,9969595,9969599,4
28857,9970309,9970316,7
28858,9970361,9970366,5
28859,9970446,9970452,6
28860,9970715,9970722,7
28861,9970927,9970935,8
28862,9970935,9970943,8
28863,9971376,9971380,4
28864,9971380,9971385,5
28865,9971593,9971596,3
28866,9972242,9972247,5
28867,9972267,9972272,5
28868,9972282,9972287,5
28869,9972671,9972681,10
28870,9972759,9972768,9
28871,9975354,9975363,9
28872,9975386,9975392,6
28873,9975803,9975810,7
28874,9976259,9976266,7
28875,9978182,9978190,8
28876,9979021,9979025,4
28877,9980006,9980009,3
28878,9980225,9980234,9
28879,9980472,9980480,8
28880,9981428,9981431,3
28881,9981622,9981627,5
28882,9981678,9981683,5
28883,9982148,9982153,5
28884,9982237,9982240,3
28885,9982359,9982367,8
28886,9983262,9983266,4
28887,9984029,9984046,17
28888,9984046,9984049,3
28889,9984122,9984135,13
28890,9984461,9984469,8
28891,9984759,9984767,8
28892,9984961,9984965,4
28893,9986047,9986051,4
28894,9988185,9988189,4
28895,9989271,9989277,6
28896,9989760,9989767,7
28897,9989767,9989775,8
28898,9989775,9989783,8
28899,9990897,9990903,6
28900,9991031,9991038,7
28901,9991123,9991135,12
28902,9991381,9991387,6
28903,9991387,9991393,6
28904,9991393,9991399,6
28905,9991501,9991509,8
28906,9991812,9991817,5
28907,9995263,9995269,6
28908,9995525,9995535,10
28909,9996391,9996398,7
28910,9996943,9996951,8
28911,9996968,9996973,5
28912,9998690,9998697,7
28913,9999106,9999116,10
28914,9999236,9999243,7
28915,9999310,9999315,5
28916,9999672,9999675,3
28917,9999675,9999684,9
28918,9999684,9999690,6
28919,9999690,9999696,6
28920,9999696,9999699,3
28921,9999726,9999729,3
28922,10000486,10000492,6
28923,10000492,10000498,6
28924,10000498,10000504,6
28925,10000522,10000528,6
28926,10001023,10001026,3
28927,10001291,10001297,6
28928,10001979,10001982,3
28929,10001982,10001985,3
28930,10001985,10001991,6
28931,10002087,10002090,3
28932,10002101,10002105,4
28933,10002309,10002312,3
28934,10003383,10003392,9
28935,10003578,10003585,7
28936,10003585,10003592,7
28937,10003592,10003601,9
28938,10003733,10003738,5
28939,10003822,10003829,7
28940,10003829,10003836,7
28941,10003836,10003843,7
28942,10003843,10003849,6
28943,10003930,10003934,4
28944,10004403,10004411,8
28945,10004411,10004415,4
28946,10004696,10004700,4
28947,10004736,10004745,9
28948,10005485,10005491,6
28949,10005590,10005595,5
28950,10006516,10006522,6
28951,10006522,10006525,3
28952,10006525,10006528,3
28953,10006528,10006531,3
28954,10006531,10006534,3
28955,10006534,10006537,3
28956,10006704,10006709,5
28957,10007146,10007156,10
28958,10007588,10007596,8
28959,10007642,10007669,27
28960,10007669,10007678,9
28961,10007678,10007743,65
28962,10008211,10008215,4
28963,10008943,10008947,4
28964,10008947,10008955,8
28965,10009639,10009645,6
28966,10010711,10010720,9
28967,10011332,10011340,8
28968,10011442,10011449,7
28969,10012417,10012426,9
28970,10012806,10012811,5
28971,10013091,10013099,8
28972,10013467,10013472,5
28973,10013586,10013595,9
28974,10013772,10013782,10
28975,10014121,10014131,10
28976,10014628,10014631,3
28977,10014712,10014716,4
28978,10014939,10014996,57
28979,10014996,10015020,24
28980,10015020,10015077,57
28981,10015077,10015101,24
28982,10015232,10015241,9
28983,10015307,10015311,4
28984,10015850,10015853,3
28985,10017157,10017162,5
28986,10017387,10017397,10
28987,10018187,10018190,3
28988,10018379,10018385,6
28989,10018832,10018835,3
28990,10019614,10019617,3
28991,10019808,10019814,6
28992,10019814,10019821,7
28993,10020159,10020167,8
28994,10020310,10020320,10
28995,10020376,10020379,3
28996,10022911,10022914,3
28997,10023112,10023117,5
28998,10023947,10023952,5
28999,10023952,10023957,5
29000,10024071,10024080,9
29001,10024599,10024602,3
29002,10024602,10024605,3
29003,10024605,10024608,3
29004,10024620,10024629,9
29005,10024629,10024635,6
29006,10024765,10024768,3
29007,10024768,10024771,3
29008,10024835,10024842,7
29009,10024842,10024850,8
29010,10024980,10024985,5
29011,10025590,10025594,4
29012,10025594,10025603,9
29013,10026572,10026578,6
29014,10026653,10026657,4
29015,10027078,10027086,8
29016,10027164,10027168,4
29017,10027168,10027173,5
29018,10028656,10028662,6
29019,10029426,10029436,10
29020,10029436,10029442,6
29021,10029454,10029457,3
29022,10029457,10029463,6
29023,10030129,10030134,5
29024,10030134,10030141,7
29025,10030206,10030215,9
29026,10030672,10030678,6
29027,10030960,10030966,6
29028,10031664,10031667,3
29029,10031748,10031751,3
29030,10032672,10032677,5
29031,10032732,10032736,4
29032,10032736,10032740,4
29033,10033486,10033495,9
29034,10034503,10034509,6
29035,10034521,10034530,9
29036,10034764,10034770,6
29037,10035280,10035283,3
29038,10035694,10035703,9
29039,10035703,10035707,4
29040,10035707,10035715,8
29041,10035715,10035718,3
29042,10036039,10036047,8
29043,10036258,10036261,3
29044,10036261,10036264,3
29045,10036931,10036940,9
29046,10037842,10037851,9
29047,10037851,10037854,3
29048,10038186,10038189,3
29049,10038189,10038192,3
29050,10038213,10038219,6
29051,10038219,10038225,6
29052,10038225,10038228,3
29053,10038228,10038231,3
29054,10038687,10038696,9
29055,10039136,10039143,7
29056,10039143,10039146,3
29057,10039463,10039467,4
29058,10039815,10039818,3
29059,10039818,10039821,3
29060,10039821,10039824,3
29061,10040109,10040115,6
29062,10040115,10040118,3
29063,10040118,10040121,3
29064,10040280,10040289,9
29065,10040289,10040292,3
29066,10040292,10040295,3
29067,10040295,10040301,6
29068,10040301,10040307,6
29069,10040538,10040541,3
29070,10040541,10040547,6
29071,10040547,10040553,6
29072,10040553,10040559,6
29073,10040559,10040565,6
29074,10040565,10040568,3
29075,10040568,10040571,3
29076,10040571,10040574,3
29077,10040574,10040577,3
29078,10040577,10040580,3
29079,10040580,10040586,6
29080,10040586,10040589,3
29081,10040589,10040592,3
29082,10041222,10041231,9
29083,10041271,10041279,8
29084,10041279,10041285,6
29085,10041393,10041399,6
29086,10041473,10041480,7
29087,10041549,10041552,3
29088,10041715,10041720,5
29089,10041781,10041787,6
29090,10042475,10042482,7
29091,10043190,10043199,9
29092,10043199,10043207,8
29093,10043207,10043214,7
29094,10043616,10043624,8
29095,10043769,10043775,6
29096,10046969,10046975,6
29097,10048836,10048839,3
29098,10048907,10048913,6
29099,10049197,10049200,3
29100,10050196,10050207,11
29101,10051107,10051113,6
29102,10051165,10051169,4
29103,10051180,10051183,3
29104,10051761,10051765,4
29105,10052104,10052110,6
29106,10052286,10052291,5
29107,10052515,10052522,7
29108,10052730,10052738,8
29109,10053194,10053199,5
29110,10054149,10054155,6
29111,10054322,10054325,3
29112,10054610,10054614,4
29113,10054694,10054703,9
29114,10055130,10055134,4
29115,10057172,10057176,4
29116,10057176,10057180,4
29117,10057447,10057450,3
29118,10057450,10057453,3
29119,10057453,10057459,6
29120,10057547,10057550,3
29121,10057849,10057859,10
29122,10058732,10058738,6
29123,10059589,10059601,12
29124,10059837,10059843,6
29125,10059948,10059954,6
29126,10060219,10060225,6
29127,10060648,10060657,9
29128,10060684,10060689,5
29129,10062112,10062121,9
29130,10062599,10062603,4
29131,10063243,10063249,6
29132,10065356,10065363,7
29133,10070159,10070167,8
29134,10070634,10070644,10
29135,10071255,10071260,5
29136,10071881,10071885,4
29137,10072053,10072060,7
29138,10072060,10072063,3
29139,10072241,10072250,9
29140,10072827,10072832,5
29141,10072900,10072905,5
29142,10073596,10073601,5
29143,10073751,10073757,6
29144,10074252,10074257,5
29145,10074883,10074890,7
29146,10074890,10074897,7
29147,10075089,10075095,6
29148,10075095,10075100,5
29149,10075100,10075108,8
29150,10075108,10075112,4
29151,10075160,10075167,7
29152,10075388,10075393,5
29153,10076402,10076411,9
29154,10076521,10076529,8
29155,10076541,10076550,9
29156,10076550,10076555,5
29157,10076600,10076605,5
29158,10076629,10076639,10
29159,10077303,10077310,7
29160,10077393,10077401,8
29161,10077669,10077672,3
29162,10077684,10077690,6
29163,10077917,10077926,9
29164,10077944,10077951,7
29165,10078041,10078045,4
29166,10079313,10079320,7
29167,10080147,10080154,7
29168,10080388,10080394,6
29169,10080568,10080574,6
29170,10081093,10081099,6
29171,10081579,10081585,6
29172,10081902,10081909,7
29173,10081909,10081920,11
29174,10082317,10082321,4
29175,10082660,10082664,4
29176,10083560,10083564,4
29177,10083680,10083687,7
29178,10083765,10083768,3
29179,10084095,10084103,8
29180,10084506,10084514,8
29181,10085110,10085114,4
29182,10085208,10085220,12
29183,10085677,10085684,7
29184,10085908,10085914,6
29185,10085981,10085984,3
29186,10086425,10086429,4
29187,10086548,10086555,7
29188,10089195,10089203,8
29189,10089543,10089549,6
29190,10090340,10090344,4
29191,10090581,10090589,8
29192,10090925,10090932,7
29193,10090932,10090937,5
29194,10091610,10091618,8
29195,10092900,10092906,6
29196,10093154,10093163,9
29197,10093885,10093893,8
29198,10094028,10094037,9
29199,10094636,10094640,4
29200,10094966,10094972,6
29201,10095377,10095491,114
29202,10095491,10095511,20
29203,10095511,10095645,134
29204,10095645,10095755,110
29205,10095755,10096102,347
29206,10096102,10096138,36
29207,10096138,10096168,30
29208,10096168,10096185,17
29209,10096185,10096232,47
29210,10096232,10096258,26
29211,10096258,10096438,180
29212,10096438,10096479,41
29213,10096479,10096485,6
29214,10096485,10096531,46
29215,10096531,10096547,16
29216,10096547,10096785,238
29217,10096785,10096983,198
29218,10096983,10097045,62
29219,10097045,10097308,263
29220,10097308,10097324,16
29221,10097324,10097365,41
29222,10097365,10097411,46
29223,10097411,10097467,56
29224,10097467,10097484,17
29225,10097484,10097544,60
29226,10097544,10097562,18
29227,10097562,10097649,87
29228,10097649,10097673,24
29229,10097673,10097689,16
29230,10097689,10097694,5
29231,10097911,10097973,62
29232,10097973,10098009,36
29233,10098009,10098046,37
29234,10098046,10098110,64
29235,10098110,10098114,4
29236,10098114,10098127,13
29237,10098127,10098306,179
29238,10098306,10098309,3
29239,10098309,10098381,72
29240,10098381,10098462,81
29241,10098462,10098533,71
29242,10098533,10098550,17
29243,10098550,10098635,85
29244,10098635,10098639,4
29245,10098639,10098689,50
29246,10098689,10098720,31
29247,10098720,10098750,30
29248,10098750,10098828,78
29249,10098828,10098952,124
29250,10098952,10098994,42
29251,10098994,10099006,12
29252,10099006,10099032,26
29253,10099032,10099065,33
29254,10099065,10099209,144
29255,10099209,10099269,60
29256,10099269,10099308,39
29257,10099308,10099350,42
29258,10099350,10099356,6
29259,10099356,10099689,333
29260,10099689,10099731,42
29261,10099731,10099776,45
29262,10099776,10099781,5
29263,10099781,10099885,104
29264,10099885,10099954,69
29265,10099954,10100001,47
29266,10100001,10100004,3
29267,10100004,10100027,23
29268,10100287,10100360,73
29269,10100360,10100431,71
29270,10100431,10100434,3
29271,10100434,10100470,36
29272,10100470,10100514,44
29273,10100514,10100539,25
29274,10100539,10100838,299
29275,10100838,10100952,114
29276,10100952,10100972,20
29277,10102017,10102041,24
29278,10102041,10102104,63
29279,10102450,10102465,15
29280,10102465,10102547,82
29281,10102547,10102563,16
29282,10102965,10102971,6
29283,10103254,10103257,3
29284,10103325,10103331,6
29285,10103888,10103896,8
29286,10104998,10105006,8
29287,10105832,10105840,8
29288,10106383,10106390,7
29289,10108175,10108183,8
29290,10108692,10108698,6
29291,10108698,10108704,6
29292,10108883,10108891,8
29293,10110749,10110756,7
29294,10110770,10110774,4
29295,10111384,10111389,5
29296,10111584,10111594,10
29297,10113029,10113039,10
29298,10113380,10113387,7
29299,10114050,10114053,3
29300,10114285,10114290,5
29301,10114511,10114515,4
29302,10114515,10114518,3
29303,10116009,10116017,8
29304,10116079,10116084,5
29305,10116571,10116578,7
29306,10116578,10116584,6
29307,10116637,10116643,6
29308,10116844,10116855,11
29309,10118047,10118055,8
29310,10118596,10118602,6
29311,10120520,10120523,3
29312,10120879,10120882,3
29313,10121309,10121315,6
29314,10121584,10121591,7
29315,10121591,10121594,3
29316,10121594,10121601,7
29317,10122436,10122441,5
29318,10122441,10122445,4
29319,10122457,10122463,6
29320,10122677,10122686,9
29321,10123052,10123058,6
29322,10123763,10123766,3
29323,10123766,10123771,5
29324,10123771,10123779,8
29325,10124439,10124445,6
29326,10124839,10124845,6
29327,10124845,10124849,4
29328,10124849,10124852,3
29329,10124890,10124896,6
29330,10125255,10125263,8
29331,10125304,10125316,12
29332,10125842,10125846,4
29333,10126915,10126920,5
29334,10127202,10127210,8
29335,10127607,10127613,6
29336,10127613,10127619,6
29337,10127651,10127658,7
29338,10127658,10127664,6
29339,10127922,10127927,5
29340,10128112,10128124,12
29341,10131891,10131897,6
29342,10132036,10132044,8
29343,10132338,10132344,6
29344,10132344,10132350,6
29345,10132965,10132970,5
29346,10134682,10134688,6
29347,10134834,10134842,8
29348,10134842,10134849,7
29349,10138239,10138243,4
29350,10138385,10138395,10
29351,10138395,10138492,97
29352,10138492,10138502,10
29353,10138502,10138511,9
29354,10138511,10138566,55
29355,10139089,10139323,234
29356,10139323,10139394,71
29357,10139394,10139539,145
29358,10139539,10139552,13
29359,10139552,10139754,202
29360,10139754,10139846,92
29361,10139846,10139872,26
29362,10139872,10139888,16
29363,10140073,10140078,5
29364,10140078,10140085,7
29365,10140085,10140134,49
29366,10140134,10140207,73
29367,10140207,10140318,111
29368,10140318,10140394,76
29369,10140394,10140430,36
29370,10140430,10140439,9
29371,10140439,10140478,39
29372,10140478,10140586,108
29373,10140586,10140597,11
29374,10140597,10140611,14
29375,10140611,10140856,245
29376,10140856,10140892,36
29377,10140892,10140954,62
29378,10140954,10141018,64
29379,10141018,10141026,8
29380,10141026,10141080,54
29381,10141080,10141112,32
29382,10141413,10141503,90
29383,10141503,10141515,12
29384,10141515,10141634,119
29385,10141634,10141665,31
29386,10141665,10141680,15
29387,10141680,10141704,24
29388,10141704,10141722,18
29389,10141722,10141752,30
29390,10141752,10141770,18
29391,10141770,10141864,94
29392,10141864,10141882,18
29393,10141882,10141902,20
29394,10141902,10141905,3
29395,10141905,10142007,102
29396,10142007,10142178,171
29397,10142178,10142239,61
29398,10142239,10142247,8
29399,10142247,10142250,3
29400,10142250,10142334,84
29401,10142334,10142412,78
29402,10142412,10142428,16
29403,10142428,10142496,68
29404,10142496,10142499,3
29405,10142499,10142544,45
29406,10142544,10142577,33
29407,10142577,10142592,15
29408,10142592,10142638,46
29409,10142638,10142684,46
29410,10142684,10142736,52
29411,10142736,10142907,171
29412,10142907,10142922,15
29413,10142922,10142952,30
29414,10142952,10143043,91
29415,10143043,10143078,35
29416,10143078,10143177,99
29417,10143177,10143404,227
29418,10143404,10143504,100
29419,10143504,10143540,36
29420,10143540,10143574,34
29421,10143574,10143618,44
29422,10143618,10143722,104
29423,10143722,10143760,38
29424,10143760,10143765,5
29425,10143765,10143774,9
29426,10143774,10143798,24
29427,10143798,10143804,6
29428,10143804,10143846,42
29429,10143846,10143903,57
29430,10143903,10144020,117
29431,10144020,10144023,3
29432,10144023,10144184,161
29433,10144184,10144212,28
29434,10144212,10144290,78
29435,10144290,10144549,259
29436,10144549,10144575,26
29437,10144575,10144731,156
29438,10144731,10144734,3
29439,10144734,10144866,132
29440,10144866,10144931,65
29441,10144931,10144947,16
29442,10144947,10145004,57
29443,10145004,10145008,4
29444,10145008,10145029,21
29445,10145029,10145227,198
29446,10145345,10145355,10
29447,10145355,10145452,97
29448,10145452,10145462,10
29449,10145462,10145471,9
29450,10145471,10145526,55
29451,10146310,10146314,4
29452,10146517,10146523,6
29453,10146798,10146803,5
29454,10147771,10147779,8
29455,10147833,10147839,6
29456,10147839,10147842,3
29457,10147842,10147845,3
29458,10147845,10147848,3
29459,10147848,10147851,3
29460,10147851,10147854,3
29461,10147854,10147857,3
29462,10147857,10147860,3
29463,10147860,10147869,9
29464,10147869,10147872,3
29465,10148355,10148364,9
29466,10149515,10149521,6
29467,10149521,10149529,8
29468,10150520,10150526,6
29469,10150631,10150634,3
29470,10151818,10151824,6
29471,10151824,10151830,6
29472,10153187,10153193,6
29473,10153662,10153670,8
29474,10153755,10153767,12
29475,10153829,10153835,6
29476,10153835,10153841,6
29477,10155313,10155317,4
29478,10155317,10155321,4
29479,10156203,10156206,3
29480,10157077,10157081,4
29481,10157305,10157311,6
29482,10157311,10157317,6
29483,10158230,10158237,7
29484,10158304,10158313,9
29485,10158994,10159001,7
29486,10159001,10159004,3
29487,10159086,10159089,3
29488,10160850,10160855,5
29489,10161222,10161229,7
29490,10162367,10162374,7
29491,10162374,10162386,12
29492,10162386,10162395,9
29493,10162567,10162573,6
29494,10162889,10162894,5
29495,10163541,10163544,3
29496,10164382,10164387,5
29497,10164387,10164395,8
29498,10166371,10166379,8
29499,10168530,10168538,8
29500,10168538,10168541,3
29501,10169828,10169832,4
29502,10171005,10171013,8
29503,10172675,10172679,4
29504,10177671,10177678,7
29505,10177678,10177685,7
29506,10177756,10177765,9
29507,10178178,10178185,7
29508,10178381,10178387,6
29509,10181909,10181913,4
29510,10181974,10181980,6
29511,10183106,10183115,9
29512,10183864,10183872,8
29513,10184781,10184791,10
29514,10186666,10186669,3
29515,10186669,10186675,6
29516,10186675,10186678,3
29517,10186678,10186681,3
29518,10186681,10186684,3
29519,10186684,10186687,3
29520,10186714,10186723,9
29521,10186723,10186732,9
29522,10187316,10187323,7
29523,10187942,10187951,9
29524,10188513,10188516,3
29525,10188759,10188765,6
29526,10188804,10188813,9
29527,10189155,10189158,3
29528,10190473,10190479,6
29529,10191343,10191352,9
29530,10191352,10191357,5
29531,10191443,10191449,6
29532,10192961,10192967,6
29533,10193466,10193476,10
29534,10193764,10193769,5
29535,10193857,10193865,8
29536,10195047,10195053,6
29537,10195053,10195062,9
29538,10200151,10200161,10
29539,10200471,10200475,4
29540,10201491,10201495,4
29541,10201699,10201703,4
29542,10202371,10202374,3
29543,10203031,10203035,4
29544,10204634,10204640,6
29545,10204842,10204848,6
29546,10204953,10204959,6
29547,10205373,10205383,10
29548,10205768,10205773,5
29549,10206042,10206047,5
29550,10207584,10207587,3
29551,10208194,10208201,7
29552,10208240,10208252,12
29553,10208252,10208258,6
29554,10208907,10208911,4
29555,10209133,10209140,7
29556,10209250,10209254,4
29557,10211310,10211315,5
29558,10211543,10211548,5
29559,10213358,10213363,5
29560,10214446,10214451,5
29561,10214670,10214673,3
29562,10214772,10214779,7
29563,10214807,10214810,3
29564,10214977,10214981,4
29565,10215620,10215627,7
29566,10215728,10215734,6
29567,10215916,10215920,4
29568,10216280,10216287,7
29569,10216573,10216578,5
29570,10216578,10216581,3
29571,10216634,10216641,7
29572,10216641,10216645,4
29573,10216751,10216754,3
29574,10216769,10216772,3
29575,10217100,10217106,6
29576,10217106,10217112,6
29577,10217112,10217118,6
29578,10217118,10217125,7
29579,10217485,10217492,7
29580,10217741,10217746,5
29581,10217811,10217817,6
29582,10218432,10218441,9
29583,10218441,10218449,8
29584,10219154,10219157,3
29585,10219264,10219270,6
29586,10219270,10219278,8
29587,10219293,10219304,11
29588,10219952,10219960,8
29589,10220050,10220057,7
29590,10220476,10220485,9
29591,10220895,10220902,7
29592,10221349,10221354,5
29593,10221424,10221431,7
29594,10221608,10221616,8
29595,10222032,10222041,9
29596,10223772,10223778,6
29597,10224418,10224426,8
29598,10224426,10224430,4
29599,10224632,10224638,6
29600,10225224,10225227,3
29601,10225247,10225251,4
29602,10225525,10225530,5
29603,10226710,10226716,6
29604,10226728,10226735,7
29605,10228543,10228549,6
29606,10229007,10229012,5
29607,10229838,10229842,4
29608,10230050,10230057,7
29609,10230057,10230060,3
29610,10230859,10230868,9
29611,10231041,10231045,4
29612,10231552,10231555,3
29613,10231789,10231792,3
29614,10231951,10231954,3
29615,10232392,10232398,6
29616,10232461,10232469,8
29617,10233113,10233120,7
29618,10233256,10233259,3
29619,10233801,10233807,6
29620,10235147,10235150,3
29621,10235680,10235691,11
29622,10235964,10235967,3
29623,10235967,10235972,5
29624,10236621,10236626,5
29625,10236798,10236803,5
29626,10236803,10236808,5
29627,10236808,10236813,5
29628,10236813,10236818,5
29629,10236818,10236823,5
29630,10237160,10237166,6
29631,10237166,10237169,3
29632,10237541,10237546,5
29633,10237873,10237882,9
29634,10237882,10237886,4
29635,10237950,10237960,10
29636,10237960,10237970,10
29637,10238193,10238200,7
29638,10238327,10238333,6
29639,10238333,10238338,5
29640,10238655,10238664,9
29641,10238664,10238672,8
29642,10240571,10240579,8
29643,10240579,10240602,23
29644,10240685,10240689,4
29645,10241144,10241147,3
29646,10241147,10241153,6
29647,10241153,10241159,6
29648,10241204,10241207,3
29649,10241529,10241533,4
29650,10241778,10241782,4
29651,10241782,10241791,9
29652,10242403,10242411,8
29653,10244401,10244406,5
29654,10245194,10245202,8
29655,10246286,10246297,11
29656,10247742,10247749,7
29657,10251489,10251493,4
29658,10252350,10252362,12
29659,10252388,10252391,3
29660,10252418,10252423,5
29661,10252733,10252737,4
29662,10253687,10253690,3
29663,10253690,10253693,3
29664,10254281,10254284,3
29665,10254284,10254287,3
29666,10254810,10254814,4
29667,10255030,10255036,6
29668,10255718,10255722,4
29669,10256847,10256857,10
29670,10257703,10257706,3
29671,10257732,10257738,6
29672,10258547,10258551,4
29673,10258689,10258698,9
29674,10259341,10259345,4
29675,10259367,10259375,8
29676,10261916,10261919,3
29677,10262275,10262278,3
29678,10262634,10262637,3
29679,10262705,10262711,6
29680,10262989,10262996,7
29681,10264722,10264731,9
29682,10264794,10264801,7
29683,10264801,10264810,9
29684,10264810,10264814,4
29685,10264902,10264907,5
29686,10265055,10265059,4
29687,10265401,10265404,3
29688,10265404,10265408,4
29689,10267604,10267677,73
29690,10267677,10267711,34
29691,10267711,10267726,15
29692,10267726,10267811,85
29693,10267811,10267865,54
29694,10267865,10267893,28
29695,10267893,10267934,41
29696,10267934,10268087,153
29697,10268087,10268226,139
29698,10268226,10268253,27
29699,10268253,10268310,57
29700,10268310,10268321,11
29701,10268321,10268334,13
29702,10268334,10268384,50
29703,10268384,10268623,239
29704,10268623,10268742,119
29705,10268742,10268769,27
29706,10268769,10268832,63
29707,10268832,10268876,44
29708,10268876,10268880,4
29709,10268914,10268929,15
29710,10268929,10269054,125
29711,10269054,10269090,36
29712,10269090,10269188,98
29713,10269188,10269297,109
29714,10269297,10269320,23
29715,10269320,10269432,112
29716,10269432,10269476,44
29717,10269476,10269521,45
29718,10269521,10269645,124
29719,10269645,10269661,16
29720,10269661,10269714,53
29721,10269714,10269826,112
29722,10269826,10269832,6
29723,10269832,10269848,16
29724,10269848,10269946,98
29725,10269946,10270041,95
29726,10270041,10270180,139
29727,10270180,10270207,27
29728,10270207,10270393,186
29729,10270393,10270551,158
29730,10270551,10270600,49
29731,10270600,10270668,68
29732,10270668,10270752,84
29733,10270752,10270954,202
29734,10270954,10271047,93
29735,10271047,10271052,5
29736,10271052,10271130,78
29737,10271130,10271161,31
29738,10271161,10271173,12
29739,10271173,10271270,97
29740,10271270,10271379,109
29741,10271503,10271531,28
29742,10271531,10271547,16
29743,10271547,10271568,21
29744,10271568,10271626,58
29745,10271626,10271686,60
29746,10271686,10271708,22
29747,10271708,10271725,17
29748,10271725,10271935,210
29749,10271935,10272002,67
29750,10272002,10272012,10
29751,10272012,10272093,81
29752,10272093,10272116,23
29753,10272116,10272146,30
29754,10272146,10272232,86
29755,10272232,10272497,265
29756,10272497,10272576,79
29757,10272576,10272585,9
29758,10272585,10272930,345
29759,10272930,10273039,109
29760,10273039,10273057,18
29761,10273057,10273069,12
29762,10273069,10273107,38
29763,10273107,10273160,53
29764,10273160,10273270,110
29765,10273270,10273338,68
29766,10273338,10273453,115
29767,10273453,10273472,19
29768,10273472,10273674,202
29769,10273674,10273761,87
29770,10273761,10273821,60
29771,10273821,10273955,134
29772,10273955,10273958,3
29773,10273958,10274054,96
29774,10274054,10274186,132
29775,10274186,10274229,43
29776,10274229,10274361,132
29777,10274361,10274388,27
29778,10274388,10274433,45
29779,10274433,10274745,312
29780,10274745,10274870,125
29781,10274870,10274888,18
29782,10274888,10275000,112
29783,10275000,10275013,13
29784,10275013,10275033,20
29785,10275033,10275257,224
29786,10275257,10275289,32
29787,10275439,10275449,10
29788,10275449,10275452,3
29789,10275452,10275501,49
29790,10275501,10275576,75
29791,10275576,10275675,99
29792,10275675,10275740,65
29793,10275740,10275836,96
29794,10275836,10275934,98
29795,10275934,10275998,64
29796,10275998,10276010,12
29797,10276268,10276341,73
29798,10276341,10276375,34
29799,10276375,10276390,15
29800,10276656,10276665,9
29801,10277357,10277361,4
29802,10277719,10277729,10
29803,10277729,10277737,8
29804,10278036,10278041,5
29805,10278073,10278080,7
29806,10278237,10278246,9
29807,10278522,10278530,8
29808,10278680,10278689,9
29809,10278745,10278750,5
29810,10279082,10279090,8
29811,10281047,10281054,7
29812,10281180,10281184,4
29813,10281184,10281188,4
29814,10281429,10281433,4
29815,10281433,10281442,9
29816,10281442,10281446,4
29817,10282111,10282117,6
29818,10282117,10282126,9
29819,10282236,10282239,3
29820,10282653,10282659,6
29821,10282703,10282709,6
29822,10283161,10283170,9
29823,10283824,10283829,5
29824,10284125,10284134,9
29825,10285883,10285889,6
29826,10285970,10285977,7
29827,10286608,10286614,6
29828,10286789,10286792,3
29829,10286817,10286822,5
29830,10286889,10286898,9
29831,10288005,10288014,9
29832,10290547,10290552,5
29833,10290552,10290564,12
29834,10290598,10290603,5
29835,10290603,10290615,12
29836,10291228,10291234,6
29837,10292102,10292123,21
29838,10292316,10292324,8
29839,10293159,10293165,6
29840,10293573,10293579,6
29841,10294155,10294162,7
29842,10295060,10295070,10
29843,10295405,10295411,6
29844,10297421,10297427,6
29845,10297756,10297765,9
29846,10298355,10298362,7
29847,10299664,10299667,3
29848,10300229,10300236,7
29849,10300250,10300253,3
29850,10301412,10301416,4
29851,10301719,10301728,9
29852,10301846,10301850,4
29853,10302494,10302500,6
29854,10302782,10302785,3
29855,10303332,10303338,6
29856,10304478,10304483,5
29857,10307365,10307374,9
29858,10307933,10307939,6
29859,10307939,10307946,7
29860,10308272,10308281,9
29861,10308323,10308326,3
29862,10308441,10308448,7
29863,10308448,10308456,8
29864,10308474,10308483,9
29865,10309676,10309683,7
29866,10310034,10310042,8
29867,10312718,10312724,6
29868,10313701,10313708,7
29869,10313761,10313769,8
29870,10315503,10315508,5
29871,10317740,10317746,6
29872,10318569,10318574,5
29873,10319392,10319396,4
29874,10319614,10319623,9
29875,10320124,10320128,4
29876,10321233,10321236,3
29877,10321932,10321941,9
29878,10321941,10321945,4
29879,10322111,10322115,4
29880,10322362,10322369,7
29881,10322369,10322383,14
29882,10322484,10322493,9
29883,10322578,10322585,7
29884,10322790,10322796,6
29885,10323331,10323336,5
29886,10323399,10323406,7
29887,10323991,10323997,6
29888,10324171,10324176,5
29889,10324176,10324183,7
29890,10324183,10324187,4
29891,10324209,10324218,9
29892,10324695,10324700,5
29893,10325348,10325353,5
29894,10325353,10325356,3
29895,10325609,10325615,6
29896,10325615,10325620,5
29897,10325924,10325929,5
29898,10326289,10326295,6
29899,10326416,10326424,8
29900,10327908,10327915,7
29901,10327915,10327921,6
29902,10328957,10328962,5
29903,10329215,10329221,6
29904,10329372,10329380,8
29905,10329644,10329651,7
29906,10329818,10329823,5
29907,10331022,10331027,5
29908,10331027,10331033,6
29909,10331033,10331041,8
29910,10331342,10331348,6
29911,10332481,10332487,6
29912,10332849,10332856,7
29913,10332881,10332890,9
29914,10332987,10332991,4
29915,10334260,10334269,9
29916,10334581,10334589,8
29917,10334589,10334596,7
29918,10334596,10334604,8
29919,10334669,10334679,10
29920,10334768,10334777,9
29921,10334777,10334786,9
29922,10334828,10334834,6
29923,10335037,10335043,6
29924,10338971,10338979,8
29925,10339289,10339297,8
29926,10340215,10340223,8
29927,10340246,10340263,17
29928,10340605,10340622,17
29929,10340664,10340673,9
29930,10341171,10341178,7
29931,10342094,10342102,8
29932,10342102,10342110,8
29933,10342199,10342204,5
29934,10342761,10342767,6
29935,10343006,10343011,5
29936,10343115,10343118,3
29937,10343536,10343540,4
29938,10344826,10344833,7
29939,10345641,10345650,9
29940,10345948,10345951,3
29941,10345951,10345954,3
29942,10346847,10346854,7
29943,10347083,10347090,7
29944,10347195,10347198,3
29945,10347824,10347827,3
29946,10348294,10348297,3
29947,10348875,10348976,101
29948,10348976,10349010,34
29949,10350459,10350464,5
29950,10350666,10350669,3
29951,10351134,10351137,3
29952,10351297,10351301,4
29953,10352676,10352684,8
29954,10354082,10354091,9
29955,10354997,10355001,4
29956,10355979,10356080,101
29957,10356080,10356114,34
29958,10356680,10356685,5
29959,10357501,10357509,8
29960,10357570,10357576,6
29961,10358362,10358365,3
29962,10358774,10358777,3
29963,10358984,10358993,9
29964,10360229,10360234,5
29965,10360445,10360451,6
29966,10360753,10360757,4
29967,10360757,10360761,4
29968,10360837,10360845,8
29969,10361680,10361691,11
29970,10362065,10362068,3
29971,10362100,10362105,5
29972,10362384,10362387,3
29973,10363602,10363605,3
29974,10363605,10363608,3
29975,10363608,10363614,6
29976,10363684,10363693,9
29977,10364248,10364256,8
29978,10364370,10364377,7
29979,10364451,10364457,6
29980,10364796,10364803,7
29981,10364803,10364809,6
29982,10364809,10364815,6
29983,10364859,10364867,8
29984,10364867,10364875,8
29985,10365262,10365272,10
29986,10365701,10365704,3
29987,10365704,10365707,3
29988,10366556,10366562,6
29989,10367936,10367943,7
29990,10368065,10368075,10
29991,10368726,10368729,3
29992,10370896,10370901,5
29993,10370901,10370906,5
29994,10371176,10371182,6
29995,10371182,10371188,6
29996,10371188,10371194,6
29997,10371194,10371200,6
29998,10371200,10371206,6
29999,10371809,10371813,4
30000,10371878,10371885,7
30001,10372029,10372035,6
30002,10372504,10372507,3
30003,10372507,10372511,4
30004,10372511,10372520,9
30005,10373156,10373164,8
30006,10373212,10373216,4
30007,10373312,10373320,8
30008,10373521,10373525,4
30009,10373537,10373544,7
30010,10373544,10373549,5
30011,10373988,10373997,9
30012,10374283,10374286,3
30013,10374910,10374920,10
30014,10374920,10374925,5
30015,10375118,10375127,9
30016,10376654,10376662,8
30017,10376952,10376957,5
30018,10377177,10377183,6
30019,10377358,10377369,11
30020,10377652,10377655,3
30021,10377847,10377852,5
30022,10378149,10378156,7
30023,10378353,10378357,4
30024,10378506,10378509,3
30025,10379772,10379776,4
30026,10381325,10381328,3
30027,10381328,10381337,9
30028,10381438,10381443,5
30029,10382060,10382063,3
30030,10382951,10382957,6
30031,10383334,10383346,12
30032,10383346,10383353,7
30033,10383553,10383563,10
30034,10383604,10383610,6
30035,10384079,10384084,5
30036,10384622,10384625,3
30037,10384753,10384757,4
30038,10385133,10385140,7
30039,10385410,10385415,5
30040,10386116,10386120,4
30041,10386120,10386127,7
30042,10387967,10387974,7
30043,10387991,10388001,10
30044,10388592,10388598,6
30045,10388598,10388604,6
30046,10388604,10388610,6
30047,10388734,10388737,3
30048,10388885,10388892,7
30049,10388892,10388895,3
30050,10389929,10389935,6
30051,10389935,10389941,6
30052,10389941,10389947,6
30053,10389958,10389961,3
30054,10391186,10391194,8
30055,10391227,10391233,6
30056,10391914,10391918,4
30057,10395150,10395153,3
30058,10395220,10395226,6
30059,10395499,10395502,3
30060,10395502,10395569,67
30061,10395569,10395575,6
30062,10395575,10395626,51
30063,10395626,10395848,222
30064,10395848,10395851,3
30065,10395851,10395918,67
30066,10395918,10395924,6
30067,10395924,10395975,51
30068,10395975,10396197,222
30069,10396197,10396200,3
30070,10396200,10396267,67
30071,10396267,10396273,6
30072,10396273,10396324,51
30073,10396546,10396549,3
30074,10396616,10396622,6
30075,10396810,10396814,4
30076,10397615,10397620,5
30077,10399549,10399559,10
30078,10399962,10399969,7
30079,10400053,10400058,5
30080,10400058,10400063,5
30081,10400416,10400419,3
30082,10400795,10400801,6
30083,10401439,10401445,6
30084,10402307,10402316,9
30085,10402388,10402393,5
30086,10402393,10402398,5
30087,10403041,10403045,4
30088,10403169,10403175,6
30089,10403385,10403388,3
30090,10403513,10403519,6
30091,10403519,10403525,6
30092,10403525,10403533,8
30093,10403533,10403542,9
30094,10403542,10403553,11
30095,10403716,10403719,3
30096,10404175,10404178,3
30097,10405207,10405214,7
30098,10405359,10405369,10
30099,10405576,10405583,7
30100,10406937,10406946,9
30101,10407356,10407364,8
30102,10407857,10407860,3
30103,10409229,10409235,6
30104,10409870,10409878,8
30105,10410952,10410958,6
30106,10410958,10410964,6
30107,10410964,10410976,12
30108,10412670,10412674,4
30109,10412919,10412928,9
30110,10414158,10414166,8
30111,10417579,10417586,7
30112,10417659,10417662,3
30113,10417789,10417797,8
30114,10417797,10417806,9
30115,10417861,10417864,3
30116,10418316,10418323,7
30117,10419229,10419238,9
30118,10420139,10420148,9
30119,10420148,10420155,7
30120,10421307,10421313,6
30121,10421388,10421396,8
30122,10421464,10421468,4
30123,10421583,10421591,8
30124,10421771,10421779,8
30125,10421901,10421909,8
30126,10422364,10422369,5
30127,10422369,10422374,5
30128,10422374,10422379,5
30129,10422424,10422429,5
30130,10422429,10422434,5
30131,10422479,10422488,9
30132,10422640,10422645,5
30133,10422656,10422665,9
30134,10422665,10422672,7
30135,10422686,10422692,6
30136,10422783,10422789,6
30137,10423624,10423627,3
30138,10424189,10424198,9
30139,10424198,10424203,5
30140,10424203,10424208,5
30141,10424208,10424213,5
30142,10424213,10424218,5
30143,10424349,10424357,8
30144,10424357,10424364,7
30145,10424752,10424758,6
30146,10425831,10425834,3
30147,10426902,10426909,7
30148,10427350,10427360,10
30149,10427506,10427514,8
30150,10427577,10427580,3
30151,10429458,10429464,6
30152,10430393,10430402,9
30153,10430402,10430408,6
30154,10430545,10430549,4
30155,10430560,10430565,5
30156,10430705,10430712,7
30157,10430712,10430719,7
30158,10430719,10430726,7
30159,10431128,10431132,4
30160,10431988,10431993,5
30161,10432618,10432625,7
30162,10432625,10432631,6
30163,10432631,10432637,6
30164,10432637,10432643,6
30165,10432643,10432655,12
30166,10436045,10436055,10
30167,10437047,10437056,9
30168,10438497,10438500,3
30169,10439221,10439246,25
30170,10439246,10439249,3
30171,10439719,10439727,8
30172,10439727,10439734,7
30173,10439822,10439828,6
30174,10440571,10440578,7
30175,10441155,10441158,3
30176,10441158,10441163,5
30177,10441354,10441361,7
30178,10441804,10441807,3
30179,10442815,10442824,9
30180,10442833,10442838,5
30181,10442862,10442866,4
30182,10445402,10445405,3
30183,10445487,10445491,4
30184,10445535,10445543,8
30185,10445664,10445670,6
30186,10445670,10445674,4
30187,10445788,10445794,6
30188,10445833,10445842,9
30189,10446253,10446261,8
30190,10446261,10446269,8
30191,10446969,10446972,3
30192,10448603,10448610,7
30193,10448724,10448729,5
30194,10448729,10448738,9
30195,10449146,10449152,6
30196,10449220,10449226,6
30197,10449343,10449349,6
30198,10449432,10449438,6
30199,10449582,10449591,9
30200,10449591,10449602,11
30201,10451189,10451194,5
30202,10451560,10451566,6
30203,10451695,10451704,9
30204,10452075,10452084,9
30205,10452084,10452090,6
30206,10452199,10452205,6
30207,10452258,10452264,6
30208,10453030,10453033,3
30209,10453636,10453641,5
30210,10454002,10454010,8
30211,10454638,10454650,12
30212,10454725,10454731,6
30213,10454731,10454737,6
30214,10454751,10454756,5
30215,10454756,10454764,8
30216,10454764,10454771,7
30217,10455865,10455872,7
30218,10456829,10456838,9
30219,10457813,10457821,8
30220,10457871,10457878,7
30221,10458758,10458765,7
30222,10458842,10458846,4
30223,10459242,10459245,3
30224,10459358,10459367,9
30225,10459390,10459393,3
30226,10459629,10459633,4
30227,10460705,10460714,9
30228,10461199,10461208,9
30229,10461523,10461526,3
30230,10461687,10461695,8
30231,10462243,10462246,3
30232,10463166,10463173,7
30233,10463433,10463437,4
30234,10463618,10463622,4
30235,10463622,10463627,5
30236,10463627,10463631,4
30237,10463631,10463635,4
30238,10464766,10464775,9
30239,10465519,10465525,6
30240,10467808,10467814,6
30241,10468489,10468498,9
30242,10468498,10468501,3
30243,10469051,10469057,6
30244,10469057,10469063,6
30245,10470854,10470863,9
30246,10471369,10471373,4
30247,10471808,10471813,5
30248,10471813,10471823,10
30249,10471833,10471839,6
30250,10471839,10471845,6
30251,10471845,10471851,6
30252,10472793,10472797,4
30253,10473186,10473191,5
30254,10473387,10473390,3
30255,10474284,10474290,6
30256,10474925,10474932,7
30257,10475112,10475115,3
30258,10477260,10477268,8
30259,10477320,10477323,3
30260,10477342,10477350,8
30261,10478579,10478585,6
30262,10478715,10478725,10
30263,10479291,10479298,7
30264,10479526,10479535,9
30265,10480324,10480328,4
30266,10480418,10480427,9
30267,10480463,10480475,12
30268,10481470,10481474,4
30269,10481494,10481497,3
30270,10481497,10481506,9
30271,10482715,10482727,12
30272,10482727,10482733,6
30273,10482764,10482771,7
30274,10482771,10482779,8
30275,10482917,10482920,3
30276,10483265,10483271,6
30277,10483455,10483460,5
30278,10483524,10483529,5
30279,10484030,10484034,4
30280,10484034,10484037,3
30281,10484083,10484088,5
30282,10484558,10484565,7
30283,10484920,10484926,6
30284,10486074,10486080,6
30285,10486315,10486320,5
30286,10486320,10486328,8
30287,10486328,10486331,3
30288,10486642,10486647,5
30289,10486778,10486785,7
30290,10486892,10486899,7
30291,10487666,10487675,9
30292,10487675,10487679,4
30293,10488419,10488425,6
30294,10488608,10488615,7
30295,10488750,10488753,3
30296,10488852,10488858,6
30297,10488858,10488922,64
30298,10489212,10489218,6
30299,10489218,10489282,64
30300,10489513,10489520,7
30301,10489520,10489524,4
30302,10489702,10489709,7
30303,10490287,10490290,3
30304,10490290,10490293,3
30305,10490293,10490296,3
30306,10490458,10490468,10
30307,10490811,10490814,3
30308,10490987,10490994,7
30309,10491828,10491835,7
30310,10491957,10491963,6
30311,10492348,10492354,6
30312,10492598,10492607,9
30313,10492754,10492763,9
30314,10492871,10492875,4
30315,10492924,10492929,5
30316,10493156,10493160,4
30317,10493249,10493256,7
30318,10493256,10493259,3
30319,10493405,10493414,9
30320,10493423,10493429,6
30321,10493590,10493597,7
30322,10493633,10493641,8
30323,10493683,10493688,5
30324,10494698,10494707,9
30325,10494936,10494942,6
30326,10495533,10495536,3
30327,10495805,10495815,10
30328,10496182,10496185,3
30329,10496364,10496370,6
30330,10496370,10496374,4
30331,10496433,10496439,6
30332,10497402,10497407,5
30333,10497575,10497579,4
30334,10497579,10497584,5
30335,10498300,10498309,9
30336,10499561,10499566,5
30337,10500000,10500003,3
30338,10500674,10500682,8
30339,10500964,10500967,3
30340,10501376,10501385,9
30341,10501681,10501686,5
30342,10502379,10502383,4
30343,10504235,10504240,5
30344,10505960,10505964,4
30345,10506563,10506572,9
30346,10507092,10507100,8
30347,10507389,10507394,5
30348,10507900,10507904,4
30349,10508015,10508020,5
30350,10508020,10508030,10
30351,10508152,10508156,4
30352,10509621,10509630,9
30353,10509882,10509889,7
30354,10510962,10510967,5
30355,10510967,10510971,4
30356,10511573,10511576,3
30357,10511761,10511766,5
30358,10512585,10512588,3
30359,10513113,10513123,10
30360,10513260,10513271,11
30361,10515031,10515037,6
30362,10515651,10515656,5
30363,10516603,10516608,5
30364,10519508,10519514,6
30365,10519922,10519928,6
30366,10520423,10520427,4
30367,10521547,10521557,10
30368,10521557,10521562,5
30369,10521562,10521567,5
30370,10521567,10521572,5
30371,10521949,10521956,7
30372,10522391,10522400,9
30373,10523286,10523292,6
30374,10524718,10524724,6
30375,10525029,10525035,6
30376,10525285,10525399,114
30377,10525399,10525419,20
30378,10525419,10525553,134
30379,10525553,10525665,112
30380,10525665,10526012,347
30381,10526012,10526048,36
30382,10526048,10526078,30
30383,10526078,10526095,17
30384,10526095,10526142,47
30385,10526142,10526168,26
30386,10526168,10526348,180
30387,10526348,10526389,41
30388,10526389,10526395,6
30389,10526395,10526441,46
30390,10526441,10526457,16
30391,10526457,10526695,238
30392,10526695,10526893,198
30393,10526893,10526955,62
30394,10526955,10527218,263
30395,10527218,10527234,16
30396,10527234,10527275,41
30397,10527275,10527321,46
30398,10527321,10527377,56
30399,10527377,10527394,17
30400,10527394,10527454,60
30401,10527454,10527472,18
30402,10527472,10527559,87
30403,10527559,10527583,24
30404,10527583,10527599,16
30405,10527599,10527604,5
30406,10527604,10527821,217
30407,10527821,10527883,62
30408,10527883,10527919,36
30409,10527919,10527956,37
30410,10527956,10528020,64
30411,10528020,10528024,4
30412,10528024,10528037,13
30413,10528037,10528216,179
30414,10528216,10528219,3
30415,10528219,10528291,72
30416,10528291,10528372,81
30417,10528372,10528443,71
30418,10528443,10528460,17
30419,10528460,10528545,85
30420,10528545,10528549,4
30421,10528549,10528599,50
30422,10528599,10528630,31
30423,10528630,10528660,30
30424,10528660,10528738,78
30425,10528738,10528862,124
30426,10528862,10528904,42
30427,10528904,10528916,12
30428,10528916,10528942,26
30429,10528942,10528975,33
30430,10528975,10529119,144
30431,10529119,10529179,60
30432,10529179,10529218,39
30433,10529218,10529260,42
30434,10529260,10529266,6
30435,10529266,10529599,333
30436,10529599,10529641,42
30437,10529641,10529686,45
30438,10529686,10529691,5
30439,10529691,10529795,104
30440,10529795,10529864,69
30441,10529864,10529911,47
30442,10529911,10529914,3
30443,10529914,10529937,23
30444,10529937,10530299,362
30445,10530299,10530320,21
30446,10530320,10530376,56
30447,10530393,10530407,14
30448,10530498,10530515,17
30449,10530515,10530636,121
30450,10530636,10530645,9
30451,10530645,10530724,79
30452,10530724,10530728,4
30453,10530828,10530947,119
30454,10530947,10530960,13
30455,10530960,10531059,99
30456,10531059,10531316,257
30457,10531316,10531389,73
30458,10531389,10531460,71
30459,10531460,10531463,3
30460,10531463,10531499,36
30461,10531499,10531543,44
30462,10531543,10531568,25
30463,10531568,10531867,299
30464,10531867,10531981,114
30465,10531981,10532001,20
30466,10532610,10532619,9
30467,10532803,10532813,10
30468,10532870,10532876,6
30469,10532876,10532882,6
30470,10532882,10532885,3
30471,10532885,10532891,6
30472,10533324,10533330,6
30473,10533330,10533334,4
30474,10533477,10533484,7
30475,10535199,10535208,9
30476,10535221,10535225,4
30477,10536180,10536185,5
30478,10537231,10537236,5
30479,10537355,10537363,8
30480,10537476,10537480,4
30481,10537480,10537484,4
30482,10537484,10537488,4
30483,10537614,10537618,4
30484,10537697,10537700,3
30485,10537831,10537839,8
30486,10538388,10538392,4
30487,10538532,10538535,3
30488,10539248,10539253,5
30489,10541334,10541338,4
30490,10541574,10541581,7
30491,10542137,10542143,6
30492,10542617,10542627,10
30493,10543463,10543466,3
30494,10543542,10543551,9
30495,10543551,10543558,7
30496,10543587,10543592,5
30497,10543843,10543852,9
30498,10543852,10543855,3
30499,10544562,10544570,8
30500,10545442,10545449,7
30501,10546017,10546026,9
30502,10547862,10547865,3
30503,10547865,10547868,3
30504,10549076,10549082,6
30505,10549494,10549501,7
30506,10549501,10549509,8
30507,10549509,10549515,6
30508,10549515,10549518,3
30509,10549778,10549783,5
30510,10549783,10549792,9
30511,10549896,10549899,3
30512,10550345,10550353,8
30513,10550353,10550357,4
30514,10551116,10551242,126
30515,10551242,10551309,67
30516,10551309,10551331,22
30517,10551331,10551387,56
30518,10551387,10551489,102
30519,10551489,10551508,19
30520,10551508,10551681,173
30521,10551681,10551715,34
30522,10551715,10551780,65
30523,10551780,10551795,15
30524,10551795,10551827,32
30525,10551827,10551862,35
30526,10551862,10552108,246
30527,10553115,10553120,5
30528,10553297,10553300,3
30529,10553300,10553303,3
30530,10553327,10553330,3
30531,10553516,10553526,10
30532,10553526,10553535,9
30533,10553582,10553585,3
30534,10554037,10554046,9
30535,10554572,10554579,7
30536,10554656,10554659,3
30537,10555749,10555760,11
30538,10556107,10556116,9
30539,10556195,10556200,5
30540,10556921,10556928,7
30541,10557228,10557234,6
30542,10557234,10557241,7
30543,10557543,10557549,6
30544,10557615,10557625,10
30545,10559116,10559120,4
30546,10560902,10560911,9
30547,10561466,10561472,6
30548,10561472,10561478,6
30549,10561535,10561539,4
30550,10562269,10562277,8
30551,10562277,10562288,11
30552,10563512,10563517,5
30553,10563705,10563712,7
30554,10564310,10564319,9
30555,10565296,10565305,9
30556,10565549,10565553,4
30557,10565744,10565753,9
30558,10566374,10566379,5
30559,10566536,10566542,6
30560,10566542,10566548,6
30561,10566968,10566975,7
30562,10566975,10566983,8
30563,10567805,10567811,6
30564,10567821,10567827,6
30565,10568701,10568711,10
30566,10569119,10569125,6
30567,10569442,10569450,8
30568,10569550,10569553,3
30569,10569553,10569556,3
30570,10570153,10570156,3
30571,10571442,10571452,10
30572,10572618,10572622,4
30573,10572718,10572722,4
30574,10572797,10572803,6
30575,10573155,10573163,8
30576,10573431,10573434,3
30577,10573434,10573437,3
30578,10573437,10573443,6
30579,10573443,10573446,3
30580,10573446,10573452,6
30581,10573452,10573455,3
30582,10573455,10573461,6
30583,10573748,10573755,7
30584,10573797,10573803,6
30585,10574914,10574917,3
30586,10575330,10575333,3
30587,10575987,10575996,9
30588,10575996,10576002,6
30589,10576103,10576110,7
30590,10577526,10577534,8
30591,10577604,10577612,8
30592,10577676,10577680,4
30593,10578666,10578672,6
30594,10578672,10578679,7
30595,10578679,10578683,4
30596,10578683,10578692,9
30597,10578692,10578699,7
30598,10579152,10579161,9
30599,10579161,10579167,6
30600,10579494,10579501,7
30601,10580156,10580166,10
30602,10580269,10580276,7
30603,10580334,10580339,5
30604,10580339,10580343,4
30605,10580361,10580367,6
30606,10580493,10580498,5
30607,10580720,10580723,3
30608,10580723,10580726,3
30609,10580738,10580744,6
30610,10580744,10580747,3
30611,10580747,10580756,9
30612,10580756,10580760,4
30613,10580760,10580765,5
30614,10580765,10580769,4
30615,10580769,10580775,6
30616,10580775,10580779,4
30617,10580779,10580785,6
30618,10580785,10580789,4
30619,10580986,10580994,8
30620,10581308,10581313,5
30621,10581328,10581339,11
30622,10581607,10581610,3
30623,10582064,10582070,6
30624,10582070,10582076,6
30625,10582076,10582082,6
30626,10582158,10582164,6
30627,10582164,10582170,6
30628,10582170,10582176,6
30629,10582200,10582206,6
30630,10582206,10582212,6
30631,10582542,10582548,6
30632,10582663,10582667,4
30633,10582681,10582687,6
30634,10583214,10583222,8
30635,10583274,10583279,5
30636,10583279,10583284,5
30637,10583389,10583394,5
30638,10583483,10583488,5
30639,10583857,10583866,9
30640,10583988,10583991,3
30641,10584350,10584357,7
30642,10584657,10584667,10
30643,10584875,10584885,10
30644,10584978,10584986,8
30645,10585310,10585319,9
30646,10585535,10585545,10
30647,10585592,10585596,4
30648,10586869,10586876,7
30649,10586890,10586897,7
30650,10586936,10586943,7
30651,10587388,10587392,4
30652,10587392,10587395,3
30653,10587852,10587858,6
30654,10588091,10588097,6
30655,10588369,10588374,5
30656,10589337,10589345,8
30657,10589345,10589354,9
30658,10589481,10589489,8
30659,10589489,10589498,9
30660,10589553,10589556,3
30661,10589993,10590000,7
30662,10590000,10590003,3
30663,10591424,10591433,9
30664,10591433,10591440,7
30665,10591440,10591448,8
30666,10591678,10591682,4
30667,10592010,10592015,5
30668,10592171,10592178,7
30669,10592243,10592246,3
30670,10592527,10592532,5
30671,10593288,10593296,8
30672,10593610,10593614,4
30673,10593686,10593695,9
30674,10594004,10594012,8
30675,10594349,10594357,8
30676,10594706,10594710,4
30677,10595395,10595402,7
30678,10596374,10596378,4
30679,10596539,10596546,7
30680,10596908,10596915,7
30681,10597384,10597392,8
30682,10597728,10597733,5
30683,10597733,10597742,9
30684,10597785,10597789,4
30685,10597789,10597794,5
30686,10597974,10597980,6
30687,10598922,10598926,4
30688,10599795,10599800,5
30689,10599800,10599805,5
30690,10600336,10600340,4
30691,10600359,10600364,5
30692,10600434,10600439,5
30693,10600568,10600576,8
30694,10600999,10601008,9
30695,10601008,10601016,8
30696,10601016,10601020,4
30697,10601955,10601961,6
30698,10602054,10602058,4
30699,10602058,10602067,9
30700,10602189,10602195,6
30701,10602277,10602280,3
30702,10602777,10602785,8
30703,10602831,10602838,7
30704,10603340,10603346,6
30705,10604347,10604351,4
30706,10604420,10604426,6
30707,10604609,10604618,9
30708,10604675,10604683,8
30709,10604913,10604921,8
30710,10605008,10605013,5
30711,10605013,10605017,4
30712,10605183,10605190,7
30713,10606368,10606372,4
30714,10607811,10607817,6
30715,10607982,10607988,6
30716,10608672,10608680,8
30717,10608680,10608689,9
30718,10608874,10608883,9
30719,10609164,10609170,6
30720,10609627,10609634,7
30721,10610286,10610296,10
30722,10610406,10610410,4
30723,10610410,10610416,6
30724,10610782,10610791,9
30725,10610928,10610932,4
30726,10611506,10611510,4
30727,10612151,10612157,6
30728,10612324,10612331,7
30729,10612663,10612670,7
30730,10612670,10612680,10
30731,10614544,10614548,4
30732,10614656,10614665,9
30733,10614719,10614722,3
30734,10614951,10614960,9
30735,10615203,10615210,7
30736,10615347,10615353,6
30737,10615960,10615963,3
30738,10616539,10616545,6
30739,10617126,10617134,8
30740,10617826,10617829,3
30741,10617829,10617832,3
30742,10618788,10618800,12
30743,10620150,10620157,7
30744,10620560,10620568,8
30745,10621361,10621373,12
30746,10621373,10621377,4
30747,10622078,10622081,3
30748,10622081,10622084,3
30749,10622299,10622378,79
30750,10622378,10622493,115
30751,10622493,10622509,16
30752,10622509,10622539,30
30753,10622539,10622554,15
30754,10622604,10622638,34
30755,10622720,10622731,11
30756,10622731,10622770,39
30757,10622770,10622779,9
30758,10622779,10622858,79
30759,10623122,10623125,3
30760,10623125,10623139,14
30761,10623139,10623189,50
30762,10623189,10623307,118
30763,10623549,10623552,3
30764,10623552,10623555,3
30765,10623611,10623617,6
30766,10624218,10624227,9
30767,10624573,10624580,7
30768,10626303,10626310,7
30769,10626674,10626677,3
30770,10626945,10626948,3
30771,10627122,10627132,10
30772,10627304,10627311,7
30773,10627576,10627582,6
30774,10627812,10627819,7
30775,10629602,10629610,8
30776,10631224,10631231,7
30777,10631279,10631288,9
30778,10631288,10631296,8
30779,10633937,10633946,9
30780,10634440,10634443,3
30781,10634619,10634625,6
30782,10634977,10634985,8
30783,10635099,10635106,7
30784,10635106,10635110,4
30785,10635178,10635181,3
30786,10636827,10636836,9
30787,10637008,10637015,7
30788,10637015,10637022,7
30789,10638655,10638658,3
30790,10639657,10639663,6
30791,10639663,10639669,6
30792,10639669,10639675,6
30793,10640326,10640332,6
30794,10640609,10640615,6
30795,10641039,10641044,5
30796,10641919,10641923,4
30797,10641923,10641926,3
30798,10641926,10641929,3
30799,10641929,10641932,3
30800,10641932,10641935,3
30801,10641962,10641969,7
30802,10641969,10641975,6
30803,10641975,10641987,12
30804,10643808,10643812,4
30805,10643927,10643931,4
30806,10644010,10644015,5
30807,10645107,10645111,4
30808,10645656,10645663,7
30809,10646357,10646363,6
30810,10646375,10646381,6
30811,10646381,10646387,6
30812,10646387,10646393,6
30813,10646393,10646399,6
30814,10646482,10646486,4
30815,10646731,10646734,3
30816,10648167,10648173,6
30817,10648718,10648727,9
30818,10648982,10648987,5
30819,10652031,10652034,3
30820,10652034,10652040,6
30821,10652069,10652077,8
30822,10652077,10652081,4
30823,10653204,10653211,7
30824,10655879,10655883,4
30825,10657220,10657226,6
30826,10657226,10657231,5
30827,10657279,10657285,6
30828,10657856,10657863,7
30829,10657863,10657872,9
30830,10657904,10657912,8
30831,10658477,10658482,5
30832,10658607,10658611,4
30833,10660041,10660045,4
30834,10661093,10661109,16
30835,10661109,10661139,30
30836,10661139,10661154,15
30837,10661154,10661204,50
30838,10661204,10661238,34
30839,10661238,10661320,82
30840,10661320,10661331,11
30841,10661331,10661370,39
30842,10661370,10661379,9
30843,10661722,10661725,3
30844,10661725,10661739,14
30845,10661739,10661789,50
30846,10661789,10661907,118
30847,10662135,10662138,3
30848,10662206,10662212,6
30849,10662895,10662905,10
30850,10663930,10663937,7
30851,10664901,10664906,5
30852,10664906,10664912,6
30853,10664912,10664918,6
30854,10664918,10664924,6
30855,10664924,10664930,6
30856,10664930,10664936,6
30857,10664936,10664942,6
30858,10664954,10664960,6
30859,10664960,10664966,6
30860,10664978,10664984,6
30861,10665418,10665424,6
30862,10669522,10669529,7
30863,10670372,10670375,3
30864,10670394,10670398,4
30865,10671695,10671698,3
30866,10672270,10672275,5
30867,10672410,10672415,5
30868,10672610,10672619,9
30869,10672656,10672663,7
30870,10677830,10677838,8
30871,10678360,10678369,9
30872,10678421,10678430,9
30873,10679166,10679172,6
30874,10679198,10679206,8
30875,10679427,10679435,8
30876,10679435,10679440,5
30877,10679440,10679448,8
30878,10679566,10679573,7
30879,10680464,10680469,5
30880,10680882,10680885,3
30881,10680885,10680888,3
30882,10680888,10680891,3
30883,10680891,10680894,3
30884,10680894,10680897,3
30885,10680897,10680900,3
30886,10680900,10680903,3
30887,10681539,10681545,6
30888,10681571,10681580,9
30889,10681968,10681973,5
30890,10682220,10682229,9
30891,10682271,10682279,8
30892,10685935,10685940,5
30893,10686078,10686084,6
30894,10686156,10686352,196
30895,10686352,10686425,73
30896,10686425,10686459,34
30897,10686459,10686474,15
30898,10686474,10686559,85
30899,10686559,10686613,54
30900,10686613,10686641,28
30901,10686641,10686682,41
30902,10686829,10686968,139
30903,10686968,10686995,27
30904,10687233,10687312,79
30905,10687312,10687321,9
30906,10687321,10687666,345
30907,10687666,10687775,109
30908,10687775,10687793,18
30909,10687793,10687805,12
30910,10687805,10687843,38
30911,10687843,10687896,53
30912,10687896,10688006,110
30913,10688006,10688074,68
30914,10688074,10688189,115
30915,10688189,10688208,19
30916,10688208,10688410,202
30917,10688410,10688497,87
30918,10688497,10688557,60
30919,10688557,10688691,134
30920,10688691,10688694,3
30921,10688694,10688790,96
30922,10688790,10688922,132
30923,10688922,10688965,43
30924,10688965,10689097,132
30925,10689097,10689124,27
30926,10689124,10689169,45
30927,10689169,10689481,312
30928,10689481,10689606,125
30929,10689606,10689624,18
30930,10689624,10689736,112
30931,10689736,10689749,13
30932,10689749,10689769,20
30933,10689769,10689993,224
30934,10689993,10690025,32
30935,10690025,10690174,149
30936,10690174,10690184,10
30937,10690184,10690187,3
30938,10690187,10690235,48
30939,10690310,10690409,99
30940,10690409,10690474,65
30941,10690474,10690570,96
30942,10690570,10690669,99
30943,10690669,10690733,64
30944,10690733,10690745,12
30945,10691003,10691076,73
30946,10691076,10691110,34
30947,10691110,10691125,15
30948,10691217,10691220,3
30949,10691920,10691923,3
30950,10692850,10692853,3
30951,10693244,10693249,5
30952,10693974,10693977,3
30953,10696081,10696087,6
30954,10696087,10696093,6
30955,10696321,10696328,7
30956,10697141,10697145,4
30957,10697145,10697152,7
30958,10699605,10699610,5
30959,10701066,10701072,6
30960,10702886,10702890,4
30961,10703470,10703476,6
30962,10703476,10703479,3
30963,10705461,10705467,6
30964,10705812,10705818,6
30965,10706309,10706315,6
30966,10706670,10706677,7
30967,10706740,10706748,8
30968,10706748,10706752,4
30969,10707129,10707133,4
30970,10707133,10707142,9
30971,10707224,10707231,7
30972,10707506,10707515,9
30973,10707515,10707522,7
30974,10707522,10707529,7
30975,10708072,10708078,6
30976,10708155,10708161,6
30977,10708161,10708165,4
30978,10708255,10708258,3
30979,10708287,10708290,3
30980,10708416,10708449,33
30981,10710161,10710165,4
30982,10710825,10710829,4
30983,10710838,10710841,3
30984,10712591,10712597,6
30985,10713691,10713696,5
30986,10715212,10715219,7
30987,10715269,10715281,12
30988,10715599,10715607,8
30989,10715657,10715665,8
30990,10715875,10715878,3
30991,10716051,10716056,5
30992,10716190,10716196,6
30993,10716514,10716520,6
30994,10716776,10716779,3
30995,10716779,10716782,3
30996,10716782,10716788,6
30997,10716788,10716791,3
30998,10716791,10716803,12
30999,10716803,10716809,6
31000,10716809,10716812,3
31001,10716812,10716815,3
31002,10716815,10716818,3
31003,10716899,10716905,6
31004,10716991,10716997,6
31005,10717009,10717015,6
31006,10717399,10717403,4
31007,10717403,10717407,4
31008,10717407,10717411,4
31009,10717411,10717415,4
31010,10717415,10717419,4
31011,10717419,10717427,8
31012,10718240,10718248,8
31013,10718404,10718408,4
31014,10718423,10718426,3
31015,10718426,10718429,3
31016,10718429,10718438,9
31017,10718438,10718447,9
31018,10718972,10718978,6
31019,10720679,10720682,3
31020,10720682,10720691,9
31021,10720744,10720750,6
31022,10720750,10720759,9
31023,10720759,10720763,4
31024,10720763,10720769,6
31025,10721024,10721027,3
31026,10721182,10721187,5
31027,10722063,10722070,7
31028,10722070,10722077,7
31029,10722453,10722462,9
31030,10722568,10722574,6
31031,10722626,10722631,5
31032,10722658,10722663,5
31033,10723062,10723069,7
31034,10723513,10723519,6
31035,10724330,10724333,3
31036,10726013,10726023,10
31037,10726377,10726381,4
31038,10726476,10726482,6
31039,10726647,10726656,9
31040,10728414,10728421,7
31041,10728731,10728737,6
31042,10729174,10729180,6
31043,10729623,10729627,4
31044,10729627,10729635,8
31045,10729635,10729640,5
31046,10731136,10731141,5
31047,10731141,10731148,7
31048,10732946,10732952,6
31049,10733313,10733319,6
31050,10733521,10733524,3
31051,10733524,10733533,9
31052,10734524,10734528,4
31053,10735441,10735448,7
31054,10735618,10735622,4
31055,10736398,10736401,3
31056,10736401,10736404,3
31057,10736404,10736407,3
31058,10736407,10736410,3
31059,10736525,10736529,4
31060,10736999,10737007,8
31061,10737243,10737250,7
31062,10737815,10737823,8
31063,10738150,10738156,6
31064,10739341,10739350,9
31065,10739450,10739454,4
31066,10740224,10740228,4
31067,10740873,10740880,7
31068,10741062,10741067,5
31069,10741067,10741075,8
31070,10741276,10741279,3
31071,10742494,10742497,3
31072,10742898,10742903,5
31073,10743822,10743827,5
31074,10743855,10743858,3
31075,10744605,10744611,6
31076,10744611,10744614,3
31077,10745040,10745045,5
31078,10745045,10745055,10
31079,10745561,10745565,4
31080,10745910,10745915,5
31081,10747016,10747019,3
31082,10747885,10747889,4
31083,10748098,10748103,5
31084,10748459,10748465,6
31085,10749135,10749142,7
31086,10749168,10749174,6
31087,10749512,10749517,5
31088,10749732,10749737,5
31089,10749737,10749746,9
31090,10749774,10749779,5
31091,10750021,10750026,5
31092,10751786,10751793,7
31093,10751840,10751849,9
31094,10751946,10751955,9
31095,10751969,10751974,5
31096,10751974,10751981,7
31097,10752079,10752085,6
31098,10752099,10752108,9
31099,10752108,10752115,7
31100,10752135,10752144,9
31101,10752155,10752158,3
31102,10752158,10752167,9
31103,10752167,10752177,10
31104,10753606,10753609,3
31105,10754850,10754853,3
31106,10754906,10754910,4
31107,10754910,10754914,4
31108,10754914,10754918,4
31109,10754918,10754922,4
31110,10755576,10755579,3
31111,10756670,10756674,4
31112,10757114,10757119,5
31113,10759556,10759564,8
31114,10759654,10759661,7
31115,10759848,10759858,10
31116,10759858,10759861,3
31117,10759861,10759869,8
31118,10760471,10760479,8
31119,10760857,10760860,3
31120,10760860,10760869,9
31121,10760869,10760878,9
31122,10762076,10762085,9
31123,10762213,10762222,9
31124,10762587,10762595,8
31125,10762741,10762749,8
31126,10764523,10764528,5
31127,10765560,10765565,5
31128,10766759,10766769,10
31129,10766825,10766832,7
31130,10767418,10767425,7
31131,10767425,10767429,4
31132,10767429,10767438,9
31133,10768584,10768593,9
31134,10768612,10768616,4
31135,10768798,10768807,9
31136,10769113,10769121,8
31137,10769175,10769182,7
31138,10769680,10769686,6
31139,10770333,10770336,3
31140,10771505,10771512,7
31141,10772790,10772796,6
31142,10773833,10773838,5
31143,10774103,10774107,4
31144,10774300,10774303,3
31145,10774303,10774308,5
31146,10774563,10774569,6
31147,10775063,10775075,12
31148,10775704,10775708,4
31149,10776479,10776483,4
31150,10776894,10776901,7
31151,10777391,10777398,7
31152,10777725,10777731,6
31153,10778274,10778282,8
31154,10778841,10778849,8
31155,10778915,10778918,3
31156,10779559,10779565,6
31157,10780934,10780938,4
31158,10781104,10781108,4
31159,10781108,10781117,9
31160,10781881,10781887,6
31161,10781959,10781962,3
31162,10781962,10781965,3
31163,10782741,10782747,6
31164,10782757,10782763,6
31165,10782763,10782766,3
31166,10782766,10782769,3
31167,10782791,10782797,6
31168,10782876,10782883,7
31169,10783541,10783549,8
31170,10784229,10784234,5
31171,10784311,10784316,5
31172,10784316,10784323,7
31173,10785376,10785381,5
31174,10786993,10787001,8
31175,10787606,10787609,3
31176,10788432,10788439,7
31177,10788794,10788799,5
31178,10789230,10789236,6
31179,10789236,10789244,8
31180,10789568,10789574,6
31181,10790042,10790046,4
31182,10791323,10791333,10
31183,10792924,10792930,6
31184,10793638,10793652,14
31185,10793946,10793954,8
31186,10793984,10793990,6
31187,10794088,10794096,8
31188,10794779,10794784,5
31189,10795269,10795273,4
31190,10797244,10797247,3
31191,10797528,10797531,3
31192,10797702,10797708,6
31193,10798414,10798423,9
31194,10798776,10798785,9
31195,10798886,10798892,6
31196,10799452,10799455,3
31197,10799905,10799912,7
31198,10800045,10800048,3
31199,10800426,10800432,6
31200,10800502,10800512,10
31201,10801041,10801048,7
31202,10804216,10804223,7
31203,10804957,10804960,3
31204,10804986,10804996,10
31205,10804996,10805004,8
31206,10805064,10805070,6
31207,10805090,10805094,4
31208,10805885,10805890,5
31209,10806265,10806276,11
31210,10807048,10807057,9
31211,10807322,10807327,5
31212,10808043,10808048,5
31213,10808048,10808054,6
31214,10808054,10808060,6
31215,10808124,10808133,9
31216,10808133,10808142,9
31217,10809069,10809076,7
31218,10809076,10809083,7
31219,10810269,10810278,9
31220,10810320,10810327,7
31221,10810404,10810410,6
31222,10810410,10810418,8
31223,10810418,10810424,6
31224,10810424,10810430,6
31225,10810430,10810436,6
31226,10810844,10810852,8
31227,10810891,10810896,5
31228,10811479,10811484,5
31229,10811518,10811521,3
31230,10811521,10811524,3
31231,10811611,10811616,5
31232,10811693,10811700,7
31233,10812100,10812108,8
31234,10812124,10812132,8
31235,10812132,10812140,8
31236,10812228,10812231,3
31237,10812603,10812610,7
31238,10812610,10812617,7
31239,10812632,10812638,6
31240,10812650,10812656,6
31241,10812656,10812662,6
31242,10812901,10812910,9
31243,10812910,10812915,5
31244,10812915,10812920,5
31245,10813291,10813298,7
31246,10813342,10813353,11
31247,10813445,10813449,4
31248,10813449,10813454,5
31249,10813637,10813647,10
31250,10813719,10813727,8
31251,10814755,10814758,3
31252,10815209,10815212,3
31253,10816103,10816111,8
31254,10816768,10816775,7
31255,10816805,10816812,7
31256,10816812,10816819,7
31257,10817878,10817887,9
31258,10818415,10818422,7
31259,10818515,10818523,8
31260,10819453,10819459,6
31261,10820054,10820061,7
31262,10820061,10820069,8
31263,10820088,10820092,4
31264,10820668,10820673,5
31265,10821355,10821361,6
31266,10821361,10821366,5
31267,10821530,10821534,4
31268,10821875,10821882,7
31269,10822079,10822091,12
31270,10822091,10822095,4
31271,10822450,10822453,3
31272,10822761,10822769,8
31273,10823261,10823269,8
31274,10823269,10823273,4
31275,10823273,10823276,3
31276,10823276,10823286,10
31277,10824875,10824879,4
31278,10825396,10825403,7
31279,10825403,10825412,9
31280,10825412,10825427,15
31281,10825509,10825517,8
31282,10826498,10826503,5
31283,10826503,10826506,3
31284,10826807,10826814,7
31285,10827576,10827580,4
31286,10827580,10827584,4
31287,10828842,10828848,6
31288,10828848,10828856,8
31289,10828856,10828865,9
31290,10829292,10829301,9
31291,10829301,10829306,5
31292,10829306,10829311,5
31293,10829311,10829316,5
31294,10829316,10829321,5
31295,10829321,10829326,5
31296,10829346,10829354,8
31297,10829354,10829362,8
31298,10829362,10829369,7
31299,10829592,10829601,9
31300,10829601,10829610,9
31301,10829610,10829619,9
31302,10830080,10830086,6
31303,10830858,10830883,25
31304,10830883,10830953,70
31305,10831218,10831243,25
31306,10831243,10831313,70
31307,10831313,10831325,12
31308,10833294,10833301,7
31309,10833457,10833466,9
31310,10833650,10833654,4
31311,10833822,10833830,8
31312,10834006,10834012,6
31313,10834368,10834374,6
31314,10834618,10834623,5
31315,10834656,10834660,4
31316,10834743,10834753,10
31317,10834970,10834973,3
31318,10834973,10834977,4
31319,10836584,10836592,8
31320,10836880,10836886,6
31321,10837378,10837382,4
31322,10838148,10838151,3
31323,10838831,10838834,3
31324,10838866,10838871,5
31325,10839407,10839413,6
31326,10840242,10840249,7
31327,10840316,10840323,7
31328,10841480,10841485,5
31329,10842179,10842183,4
31330,10842491,10842500,9
31331,10843302,10843310,8
31332,10843665,10843674,9
31333,10844252,10844256,4
31334,10844322,10844325,3
31335,10844363,10844367,4
31336,10844367,10844376,9
31337,10844669,10844673,4
31338,10844865,10844868,3
31339,10845032,10845041,9
31340,10847053,10847059,6
31341,10847092,10847095,3
31342,10847870,10847879,9
31343,10848020,10848029,9
31344,10848263,10848268,5
31345,10849683,10849692,9
31346,10849731,10849740,9
31347,10849797,10849800,3
31348,10850215,10850218,3
31349,10850251,10850254,3
31350,10850254,10850257,3
31351,10852289,10852292,3
31352,10853541,10853548,7
31353,10853698,10853704,6
31354,10855424,10855429,5
31355,10855685,10855690,5
31356,10855690,10855695,5
31357,10855740,10855749,9
31358,10855829,10855835,6
31359,10855835,10855843,8
31360,10856059,10856067,8
31361,10856067,10856071,4
31362,10856148,10856154,6
31363,10856569,10856578,9
31364,10856578,10856583,5
31365,10857620,10857626,6
31366,10857626,10857636,10
31367,10857784,10857788,4
31368,10857788,10857793,5
31369,10858315,10858324,9
31370,10858348,10858354,6
31371,10858418,10858422,4
31372,10858970,10858977,7
31373,10860636,10860648,12
31374,10861425,10861429,4
31375,10862303,10862309,6
31376,10862659,10862666,7
31377,10862777,10862781,4
31378,10862829,10862836,7
31379,10862846,10862849,3
31380,10863807,10863810,3
31381,10863820,10863824,4
31382,10864488,10864493,5
31383,10864581,10864594,13
31384,10865061,10865066,5
31385,10865863,10865871,8
31386,10866273,10866279,6
31387,10866360,10866368,8
31388,10866497,10866500,3
31389,10866742,10866747,5
31390,10866825,10866829,4
31391,10867245,10867252,7
31392,10868161,10868167,6
31393,10868844,10868853,9
31394,10868874,10868881,7
31395,10869096,10869099,3
31396,10870713,10870717,4
31397,10870981,10870984,3
31398,10870984,10870990,6
31399,10871242,10871245,3
31400,10871659,10871662,3
31401,10872913,10872922,9
31402,10873032,10873036,4
31403,10873266,10873269,3
31404,10873500,10873505,5
31405,10873649,10873653,4
31406,10873819,10873823,4
31407,10874298,10874306,8
31408,10874521,10874524,3
31409,10874947,10874950,3
31410,10875371,10875374,3
31411,10875455,10875465,10
31412,10875651,10875655,4
31413,10875655,10875659,4
31414,10876230,10876236,6
31415,10876497,10876503,6
31416,10877287,10877291,4
31417,10877850,10877860,10
31418,10878242,10878250,8
31419,10878297,10878305,8
31420,10878332,10878340,8
31421,10878590,10878599,9
31422,10879377,10879380,3
31423,10879380,10879386,6
31424,10881013,10881021,8
31425,10881445,10881455,10
31426,10881455,10881458,3
31427,10881546,10881551,5
31428,10881652,10881658,6
31429,10881669,10881677,8
31430,10881714,10881720,6
31431,10881795,10881804,9
31432,10881804,10881809,5
31433,10882304,10882310,6
31434,10882653,10882659,6
31435,10882745,10882752,7
31436,10882834,10882839,5
31437,10882839,10882848,9
31438,10883228,10883237,9
31439,10883414,10883420,6
31440,10883518,10883522,4
31441,10883522,10883530,8
31442,10883530,10883534,4
31443,10883534,10883538,4
31444,10883642,10883651,9
31445,10883943,10883950,7
31446,10884062,10884068,6
31447,10884160,10884163,3
31448,10884288,10884294,6
31449,10884322,10884330,8
31450,10885370,10885380,10
31451,10886114,10886122,8
31452,10886386,10886392,6
31453,10887427,10887434,7
31454,10887434,10887440,6
31455,10887571,10887577,6
31456,10887877,10887884,7
31457,10887884,10887890,6
31458,10888633,10888636,3
31459,10888769,10888773,4
31460,10888784,10888792,8
31461,10889306,10889309,3
31462,10889472,10889477,5
31463,10889808,10889812,4
31464,10889812,10889815,3
31465,10889856,10889860,4
31466,10889860,10889867,7
31467,10890046,10890050,4
31468,10890050,10890059,9
31469,10890169,10890176,7
31470,10890298,10890307,9
31471,10890467,10890476,9
31472,10891882,10891886,4
31473,10892107,10892112,5
31474,10892112,10892116,4
31475,10892116,10892120,4
31476,10892120,10892124,4
31477,10892124,10892128,4
31478,10892215,10892223,8
31479,10892749,10892759,10
31480,10892890,10892897,7
31481,10893186,10893190,4
31482,10893190,10893196,6
31483,10893242,10893248,6
31484,10893700,10893711,11
31485,10893771,10893774,3
31486,10894482,10894486,4
31487,10894507,10894510,3
31488,10894552,10894556,4
31489,10894556,10894559,3
31490,10894559,10894563,4
31491,10895038,10895047,9
31492,10895293,10895299,6
31493,10895500,10895508,8
31494,10896706,10896711,5
31495,10896735,10896741,6
31496,10896796,10896801,5
31497,10897532,10897535,3
31498,10897878,10897882,4
31499,10897882,10897885,3
31500,10898491,10898498,7
31501,10899731,10899741,10
31502,10899921,10899925,4
31503,10899925,10899929,4
31504,10900940,10900945,5
31505,10901029,10901034,5
31506,10901047,10901055,8
31507,10901668,10901675,7
31508,10901839,10901851,12
31509,10901879,10901883,4
31510,10902022,10902028,6
31511,10902028,10902034,6
31512,10902034,10902040,6
31513,10903387,10903391,4
31514,10904000,10904008,8
31515,10904008,10904015,7
31516,10904299,10904305,6
31517,10904480,10904486,6
31518,10906079,10906088,9
31519,10907721,10907730,9
31520,10907925,10907931,6
31521,10907931,10907937,6
31522,10908630,10908636,6
31523,10909930,10909935,5
31524,10910684,10910688,4
31525,10911211,10911215,4
31526,10913986,10913990,4
31527,10914474,10914479,5
31528,10915030,10915037,7
31529,10915037,10915043,6
31530,10915043,10915049,6
31531,10915496,10915500,4
31532,10916311,10916317,6
31533,10916373,10916379,6
31534,10916603,10916610,7
31535,10916622,10916626,4
31536,10917557,10917562,5
31537,10918177,10918180,3
31538,10918214,10918217,3
31539,10918708,10918712,4
31540,10919269,10919294,25
31541,10919654,10919660,6
31542,10919660,10919683,23
31543,10919768,10919778,10
31544,10920760,10920764,4
31545,10921736,10921740,4
31546,10922215,10922218,3
31547,10922260,10922266,6
31548,10922539,10922546,7
31549,10923091,10923099,8
31550,10923099,10923106,7
31551,10923289,10923293,4
31552,10923841,10923845,4
31553,10924005,10924010,5
31554,10924130,10924136,6
31555,10924136,10924139,3
31556,10924856,10924860,4
31557,10925261,10925266,5
31558,10925339,10925344,5
31559,10926123,10926131,8
31560,10927060,10927068,8
31561,10927068,10927074,6
31562,10927074,10927079,5
31563,10927427,10927436,9
31564,10929775,10929781,6
31565,10930040,10930048,8
31566,10930482,10930486,4
31567,10930600,10930609,9
31568,10932068,10932072,4
31569,10932114,10932122,8
31570,10932122,10932129,7
31571,10932129,10932134,5
31572,10932209,10932218,9
31573,10933263,10933270,7
31574,10933442,10933448,6
31575,10933448,10933451,3
31576,10933451,10933456,5
31577,10934020,10934030,10
31578,10934176,10934181,5
31579,10934181,10934186,5
31580,10934355,10934359,4
31581,10934956,10934963,7
31582,10936317,10936325,8
31583,10936776,10936786,10
31584,10936817,10936823,6
31585,10937891,10937894,3
31586,10939629,10939632,3
31587,10940133,10940139,6
31588,10940204,10940213,9
31589,10940213,10940224,11
31590,10940538,10940544,6
31591,10940712,10940717,5
31592,10941021,10941026,5
31593,10941164,10941170,6
31594,10941230,10941238,8
31595,10941478,10941487,9
31596,10941595,10941600,5
31597,10941919,10941929,10
31598,10942634,10942642,8
31599,10942766,10942775,9
31600,10942828,10942837,9
31601,10944060,10944065,5
31602,10944543,10944551,8
31603,10944551,10944556,5
31604,10944685,10944690,5
31605,10945033,10945037,4
31606,10945037,10945042,5
31607,10945376,10945382,6
31608,10945667,10945673,6
31609,10945733,10945740,7
31610,10945961,10945967,6
31611,10946908,10946918,10
31612,10947463,10947466,3
31613,10947578,10947587,9
31614,10948009,10948014,5
31615,10949301,10949306,5
31616,10949412,10949418,6
31617,10949590,10949596,6
31618,10949869,10949872,3
31619,10950104,10950183,79
31620,10950183,10950298,115
31621,10950298,10950314,16
31622,10950314,10950344,30
31623,10950344,10950359,15
31624,10950359,10950409,50
31625,10950443,10950525,82
31626,10950525,10950536,11
31627,10950536,10950575,39
31628,10950575,10950584,9
31629,10950584,10950663,79
31630,10950927,10950930,3
31631,10950930,10950944,14
31632,10950944,10950994,50
31633,10950994,10951112,118
31634,10951367,10951370,3
31635,10951437,10951443,6
31636,10951995,10951998,3
31637,10952037,10952046,9
31638,10952187,10952195,8
31639,10952882,10952888,6
31640,10952888,10952894,6
31641,10953596,10953606,10
31642,10954687,10954692,5
31643,10954758,10954766,8
31644,10954828,10954835,7
31645,10954995,10955003,8
31646,10955793,10955799,6
31647,10955799,10955805,6
31648,10955805,10955811,6
31649,10955826,10955829,3
31650,10955916,10955919,3
31651,10956136,10956142,6
31652,10956142,10956153,11
31653,10956983,10956990,7
31654,10957463,10957466,3
31655,10957673,10957682,9
31656,10957791,10957795,4
31657,10957795,10957799,4
31658,10957799,10957807,8
31659,10957807,10957811,4
31660,10958743,10958750,7
31661,10959110,10959114,4
31662,10959381,10959385,4
31663,10960403,10960406,3
31664,10960721,10960728,7
31665,10961605,10961614,9
31666,10961810,10961817,7
31667,10963900,10963908,8
31668,10965285,10965292,7
31669,10965851,10965856,5
31670,10966815,10966824,9
31671,10966999,10967007,8
31672,10967987,10967996,9
31673,10968120,10968127,7
31674,10968638,10968643,5
31675,10968643,10968648,5
31676,10968648,10968653,5
31677,10969286,10969291,5
31678,10969435,10969438,3
31679,10969559,10969567,8
31680,10969808,10969814,6
31681,10970311,10970321,10
31682,10970321,10970331,10
31683,10970885,10970893,8
31684,10971606,10971609,3
31685,10971674,10971680,6
31686,10971953,10971956,3
31687,10972024,10972030,6
31688,10973400,10973403,3
31689,10976478,10976483,5
31690,10976674,10976678,4
31691,10977533,10977541,8
31692,10977541,10977545,4
31693,10977794,10977797,3
31694,10978969,10978977,8
31695,10979007,10979010,3
31696,10979010,10979019,9
31697,10979510,10979515,5
31698,10982951,10982963,12
31699,10982963,10982966,3
31700,10983441,10983444,3
31701,10985192,10985199,7
31702,10986109,10986112,3
31703,10986261,10986272,11
31704,10986534,10986546,12
31705,10990158,10990183,25
31706,10990183,10990253,70
31707,10990253,10990295,42
31708,10990518,10990543,25
31709,10990543,10990613,70
31710,10990613,10990655,42
31711,10990879,10990904,25
31712,10990904,10990974,70
31713,10990974,10991016,42
31714,10991239,10991264,25
31715,10991467,10991471,4
31716,10991650,10991657,7
31717,10992607,10992610,3
31718,10992959,10992965,6
31719,10992965,10992971,6
31720,10993400,10993406,6
31721,10993406,10993412,6
31722,10993412,10993418,6
31723,10993945,10993954,9
31724,10994822,10994829,7
31725,10996304,10996314,10
31726,10996969,10996977,8
31727,10997663,10997670,7
31728,10997684,10997688,4
31729,10999184,10999192,8
31730,11000064,11000073,9
31731,11000073,11000080,7
31732,11000312,11000318,6
31733,11001086,11001090,4
31734,11001090,11001095,5
31735,11001299,11001306,7
31736,11002968,11002978,10
31737,11003300,11003303,3
31738,11004797,11004805,8
31739,11005534,11005538,4
31740,11005538,11005541,3
31741,11005541,11005550,9
31742,11005564,11005567,3
31743,11005567,11005573,6
31744,11005573,11005582,9
31745,11005582,11005588,6
31746,11005588,11005591,3
31747,11006741,11006745,4
31748,11006815,11006821,6
31749,11007015,11007019,4
31750,11007415,11007422,7
31751,11007422,11007426,4
31752,11007494,11007499,5
31753,11008776,11008780,4
31754,11010036,11010039,3
31755,11010269,11010277,8
31756,11010361,11010366,5
31757,11010853,11010862,9
31758,11012085,11012089,4
31759,11012166,11012169,3
31760,11013085,11013089,4
31761,11013270,11013279,9
31762,11014011,11014015,4
31763,11014118,11014127,9
31764,11014148,11014152,4
31765,11014152,11014156,4
31766,11014156,11014164,8
31767,11014591,11014601,10
31768,11016952,11016962,10
31769,11017277,11017285,8
31770,11018289,11018294,5
31771,11019477,11019483,6
31772,11019507,11019513,6
31773,11019619,11019622,3
31774,11020165,11020171,6
31775,11021532,11021538,6
31776,11022106,11022115,9
31777,11022847,11022850,3
31778,11023307,11023310,3
31779,11024056,11024064,8
31780,11024338,11024344,6
31781,11024344,11024350,6
31782,11024368,11024374,6
31783,11024374,11024386,12
31784,11024386,11024392,6
31785,11024392,11024398,6
31786,11024398,11024406,8
31787,11024417,11024427,10
31788,11024865,11024873,8
31789,11024873,11024877,4
31790,11025158,11025164,6
31791,11027068,11027075,7
31792,11028672,11028680,8
31793,11031013,11031021,8
31794,11032806,11032818,12
31795,11032830,11032836,6
31796,11033498,11033505,7
31797,11033580,11033588,8
31798,11034395,11034400,5
31799,11035181,11035189,8
31800,11035189,11035193,4
31801,11035305,11035309,4
31802,11036172,11036176,4
31803,11037371,11037375,4
31804,11037555,11037562,7
31805,11037562,11037565,3
31806,11037565,11037574,9
31807,11038834,11038837,3
31808,11038916,11038922,6
31809,11038922,11038927,5
31810,11040240,11040252,12
31811,11040673,11040741,68
31812,11040741,11040747,6
31813,11040903,11040911,8
31814,11041033,11041101,68
31815,11041101,11041107,6
31816,11043169,11043179,10
31817,11043392,11043400,8
31818,11043722,11043731,9
31819,11044231,11044236,5
31820,11045455,11045460,5
31821,11045677,11045686,9
31822,11045686,11045695,9
31823,11045695,11045704,9
31824,11046408,11046416,8
31825,11047087,11047095,8
31826,11047720,11047723,3
31827,11048560,11048569,9
31828,11048724,11048728,4
31829,11048940,11048948,8
31830,11049101,11049110,9
31831,11050247,11050256,9
31832,11050438,11050443,5
31833,11050980,11050987,7
31834,11050987,11050994,7
31835,11050994,11051001,7
31836,11051001,11051008,7
31837,11051037,11051044,7
31838,11051219,11051227,8
31839,11051538,11051541,3
31840,11052443,11052450,7
31841,11052535,11052544,9
31842,11054964,11054972,8
31843,11055258,11055268,10
31844,11057350,11057357,7
31845,11057381,11057389,8
31846,11057890,11057898,8
31847,11057984,11057990,6
31848,11057990,11057996,6
31849,11057996,11058002,6
31850,11058002,11058008,6
31851,11058784,11058794,10
31852,11059488,11059497,9
31853,11059601,11059605,4
31854,11059716,11059722,6
31855,11059776,11059786,10
31856,11061897,11061902,5
31857,11062812,11062818,6
31858,11063032,11063036,4
31859,11063173,11063182,9
31860,11063182,11063190,8
31861,11064242,11064251,9
31862,11064870,11064874,4
31863,11065231,11065238,7
31864,11065249,11065258,9
31865,11065979,11065986,7
31866,11065986,11065993,7
31867,11066174,11066179,5
31868,11066341,11066348,7
31869,11066809,11066814,5
31870,11066907,11066911,4
31871,11067929,11067939,10
31872,11067939,11067949,10
31873,11074371,11074379,8
31874,11074577,11074586,9
31875,11075023,11075030,7
31876,11075130,11075139,9
31877,11075139,11075143,4
31878,11075326,11075337,11
31879,11075626,11075631,5
31880,11075833,11075839,6
31881,11076690,11076694,4
31882,11076948,11076954,6
31883,11077461,11077465,4
31884,11077465,11077468,3
31885,11077524,11077528,4
31886,11077734,11077737,3
31887,11077993,11077997,4
31888,11077997,11078001,4
31889,11078429,11078436,7
31890,11079106,11079109,3
31891,11079109,11079116,7
31892,11080361,11080366,5
31893,11080709,11080715,6
31894,11081908,11081915,7
31895,11081915,11081919,4
31896,11082748,11082751,3
31897,11083527,11083533,6
31898,11083533,11083539,6
31899,11083539,11083545,6
31900,11083554,11083557,3
31901,11083588,11083594,6
31902,11083791,11083795,4
31903,11083795,11083798,3
31904,11083971,11083975,4
31905,11084940,11084949,9
31906,11084949,11084960,11
31907,11085132,11085136,4
31908,11085212,11085218,6
31909,11086211,11086219,8
31910,11086219,11086225,6
31911,11086225,11086237,12
31912,11086237,11086243,6
31913,11086243,11086250,7
31914,11086404,11086409,5
31915,11086409,11086414,5
31916,11086414,11086419,5
31917,11086419,11086429,10
31918,11086429,11086439,10
31919,11086439,11086449,10
31920,11086449,11086454,5
31921,11086454,11086461,7
31922,11086649,11086656,7
31923,11086693,11086701,8
31924,11086701,11086705,4
31925,11086705,11086709,4
31926,11086807,11086812,5
31927,11086812,11086815,3
31928,11088349,11088352,3
31929,11088413,11088416,3
31930,11088416,11088422,6
31931,11088798,11088802,4
31932,11088978,11088987,9
31933,11089408,11089417,9
31934,11089911,11089914,3
31935,11089914,11089920,6
31936,11092021,11092029,8
31937,11092260,11092266,6
31938,11092473,11092481,8
31939,11092608,11092615,7
31940,11093185,11093188,3
31941,11094468,11094478,10
31942,11095145,11095155,10
31943,11096070,11096202,132
31944,11096202,11096238,36
31945,11096238,11096253,15
31946,11096253,11096280,27
31947,11096280,11096298,18
31948,11097736,11097740,4
31949,11097843,11097857,14
31950,11098862,11098869,7
31951,11099987,11099990,3
31952,11100195,11100207,12
31953,11100207,11100216,9
31954,11100679,11100687,8
31955,11101105,11101110,5
31956,11101417,11101421,4
31957,11101645,11101653,8
31958,11101653,11101683,30
31959,11102076,11102082,6
31960,11102849,11102981,132
31961,11102981,11103017,36
31962,11103017,11103032,15
31963,11103032,11103059,27
31964,11103059,11103077,18
31965,11103311,11103316,5
31966,11103624,11103629,5
31967,11103629,11103634,5
31968,11103711,11103719,8
31969,11103719,11103727,8
31970,11103727,11103733,6
31971,11103733,11103739,6
31972,11103739,11103748,9
31973,11103804,11103810,6
31974,11104045,11104050,5
31975,11104050,11104060,10
31976,11104246,11104249,3
31977,11104494,11104500,6
31978,11104500,11104508,8
31979,11104527,11104532,5
31980,11105097,11105108,11
31981,11105519,11105528,9
31982,11107113,11107120,7
31983,11107189,11107192,3
31984,11109610,11109619,9
31985,11110856,11110862,6
31986,11111006,11111009,3
31987,11111009,11111015,6
31988,11111867,11111872,5
31989,11112612,11112618,6
31990,11112618,11112630,12
31991,11112630,11112636,6
31992,11112636,11112642,6
31993,11112642,11112648,6
31994,11112674,11112681,7
31995,11112706,11112710,4
31996,11112710,11112719,9
31997,11114349,11114352,3
31998,11114370,11114373,3
31999,11114373,11114382,9
32000,11114382,11114385,3
32001,11114403,11114406,3
32002,11114406,11114409,3
32003,11114451,11114454,3
32004,11114454,11114460,6
32005,11114545,11114556,11
32006,11114786,11114789,3
32007,11114789,11114798,9
32008,11115535,11115545,10
32009,11115545,11115553,8
32010,11115553,11115560,7
32011,11115741,11115747,6
32012,11115747,11115753,6
32013,11115777,11115783,6
32014,11115801,11115807,6
32015,11115807,11115813,6
32016,11115896,11115903,7
32017,11116000,11116006,6
32018,11116076,11116084,8
32019,11116141,11116147,6
32020,11116771,11116777,6
32021,11117418,11117421,3
32022,11117917,11117925,8
32023,11118080,11118085,5
32024,11118551,11118556,5
32025,11118778,11118784,6
32026,11119126,11119129,3
32027,11119222,11119225,3
32028,11119258,11119264,6
32029,11119264,11119270,6
32030,11119270,11119276,6
32031,11120425,11120430,5
32032,11120650,11120657,7
32033,11120688,11120694,6
32034,11121182,11121188,6
32035,11121337,11121340,3
32036,11122023,11122028,5
32037,11122546,11122549,3
32038,11122661,11122667,6
32039,11122667,11122673,6
32040,11122772,11122778,6
32041,11122874,11122877,3
32042,11123477,11123482,5
32043,11125022,11125029,7
32044,11125162,11125166,4
32045,11125182,11125186,4
32046,11126007,11126017,10
32047,11126226,11126230,4
32048,11126230,11126235,5
32049,11126405,11126410,5
32050,11126410,11126418,8
32051,11126497,11126503,6
32052,11126952,11126960,8
32053,11127142,11127145,3
32054,11127252,11127258,6
32055,11127673,11127679,6
32056,11127836,11127843,7
32057,11128351,11128354,3
32058,11128397,11128403,6
32059,11128575,11128584,9
32060,11129664,11129669,5
32061,11130834,11130842,8
32062,11130932,11130935,3
32063,11130945,11130952,7
32064,11131072,11131078,6
32065,11131212,11131215,3
32066,11131471,11131478,7
32067,11131758,11131764,6
32068,11132330,11132336,6
32069,11132699,11132708,9
32070,11132760,11132766,6
32071,11133104,11133108,4
32072,11133381,11133385,4
32073,11133693,11133705,12
32074,11133705,11133712,7
32075,11133853,11133860,7
32076,11134643,11134651,8
32077,11134865,11134870,5
32078,11135079,11135084,5
32079,11135174,11135183,9
32080,11135627,11135637,10
32081,11135637,11135644,7
32082,11137251,11137255,4
32083,11137895,11137901,6
32084,11137901,11137907,6
32085,11139334,11139342,8
32086,11139354,11139360,6
32087,11139360,11139366,6
32088,11139449,11139457,8
32089,11140259,11140267,8
32090,11140545,11140553,8
32091,11140588,11140592,4
32092,11141130,11141136,6
32093,11142068,11142075,7
32094,11142569,11142575,6
32095,11142902,11142909,7
32096,11142909,11142917,8
32097,11143028,11143034,6
32098,11143790,11143801,11
32099,11143881,11143884,3
32100,11145408,11145412,4
32101,11145992,11145999,7
32102,11146055,11146061,6
32103,11146224,11146232,8
32104,11147522,11147530,8
32105,11148551,11148560,9
32106,11150826,11150833,7
32107,11150923,11150926,3
32108,11151604,11151607,3
32109,11152509,11152517,8
32110,11152688,11152695,7
32111,11153016,11153022,6
32112,11153958,11153967,9
32113,11154738,11154742,4
32114,11155344,11155351,7
32115,11156040,11156043,3
32116,11156991,11156998,7
32117,11156998,11157010,12
32118,11157086,11157094,8
32119,11157445,11157452,7
32120,11158165,11158170,5
32121,11158869,11158872,3
32122,11160164,11160169,5
32123,11160848,11160853,5
32124,11161226,11161235,9
32125,11161257,11161262,5
32126,11161586,11161592,6
32127,11162514,11162518,4
32128,11162728,11162732,4
32129,11162917,11162925,8
32130,11163447,11163453,6
32131,11163453,11163459,6
32132,11163471,11163477,6
32133,11163615,11163622,7
32134,11163622,11163631,9
32135,11163631,11163634,3
32136,11165067,11165074,7
32137,11165074,11165080,6
32138,11165080,11165083,3
32139,11165325,11165332,7
32140,11165552,11165558,6
32141,11165572,11165577,5
32142,11165886,11165890,4
32143,11166599,11166605,6
32144,11166622,11166630,8
32145,11168221,11168224,3
32146,11168307,11168314,7
32147,11168594,11168603,9
32148,11168672,11168681,9
32149,11168792,11168795,3
32150,11168970,11168975,5
32151,11169029,11169036,7
32152,11169036,11169042,6
32153,11169042,11169051,9
32154,11169051,11169054,3
32155,11170730,11170738,8
32156,11170798,11170809,11
32157,11171224,11171227,3
32158,11171892,11171898,6
32159,11171953,11171956,3
32160,11171972,11171980,8
32161,11171980,11171988,8
32162,11171988,11171996,8
32163,11171996,11172004,8
32164,11172004,11172012,8
32165,11172155,11172158,3
32166,11173219,11173225,6
32167,11176005,11176014,9
32168,11178690,11178695,5
32169,11181522,11181529,7
32170,11182038,11182041,3
32171,11182041,11182044,3
32172,11182044,11182047,3
32173,11182047,11182050,3
32174,11182050,11182053,3
32175,11182053,11182056,3
32176,11182056,11182059,3
32177,11182596,11182600,4
32178,11183222,11183227,5
32179,11183281,11183289,8
32180,11183289,11183292,3
32181,11183576,11183585,9
32182,11184310,11184462,152
32183,11184462,11184474,12
32184,11184474,11184481,7
32185,11184481,11184488,7
32186,11184488,11184497,9
32187,11184497,11184588,91
32188,11184588,11184608,20
32189,11184608,11184671,63
32190,11184671,11184816,145
32191,11184816,11184892,76
32192,11184892,11184978,86
32193,11184978,11185040,62
32194,11185040,11185060,20
32195,11185060,11185124,64
32196,11185124,11185146,22
32197,11185146,11185343,197
32198,11185343,11185418,75
32199,11185418,11185440,22
32200,11185440,11185444,4
32201,11185444,11185491,47
32202,11185491,11185525,34
32203,11185525,11185528,3
32204,11185528,11185755,227
32205,11185755,11185774,19
32206,11185774,11185832,58
32207,11185832,11185857,25
32208,11185857,11185902,45
32209,11185902,11186097,195
32210,11186097,11186102,5
32211,11186102,11186236,134
32212,11186236,11186456,220
32213,11186456,11186494,38
32214,11186494,11186671,177
32215,11187005,11187011,6
32216,11187011,11187022,11
32217,11187022,11187080,58
32218,11187080,11187239,159
32219,11187239,11187331,92
32220,11187331,11187349,18
32221,11187349,11187439,90
32222,11187439,11187569,130
32223,11187569,11187592,23
32224,11187592,11187595,3
32225,11187595,11187610,15
32226,11187610,11187682,72
32227,11187682,11187696,14
32228,11187696,11187771,75
32229,11187771,11187850,79
32230,11187850,11187937,87
32231,11187937,11188136,199
32232,11188136,11188157,21
32233,11188157,11188262,105
32234,11188262,11188309,47
32235,11188309,11188334,25
32236,11188334,11188455,121
32237,11188455,11188631,176
32238,11188631,11188670,39
32239,11188670,11188763,93
32240,11188763,11188914,151
32241,11188914,11188939,25
32242,11188939,11189029,90
32243,11189029,11189058,29
32244,11189058,11189210,152
32245,11189210,11189222,12
32246,11189222,11189229,7
32247,11189229,11189236,7
32248,11189236,11189245,9
32249,11189425,11189434,9
32250,11189465,11189475,10
32251,11189475,11189484,9
32252,11189984,11189989,5
32253,11190634,11190641,7
32254,11191308,11191314,6
32255,11191314,11191320,6
32256,11191320,11191326,6
32257,11192250,11192259,9
32258,11192520,11192525,5
32259,11193608,11193613,5
32260,11194183,11194188,5
32261,11194558,11194593,35
32262,11194593,11194604,11
32263,11194604,11194704,100
32264,11194704,11194829,125
32265,11194829,11194839,10
32266,11194839,11194895,56
32267,11194895,11194901,6
32268,11194901,11195044,143
32269,11195044,11195047,3
32270,11195047,11195054,7
32271,11195054,11195087,33
32272,11195087,11195127,40
32273,11195127,11195162,35
32274,11195162,11195177,15
32275,11195177,11195201,24
32276,11195201,11195280,79
32277,11195280,11195284,4
32278,11195284,11195343,59
32279,11195343,11195353,10
32280,11195353,11195404,51
32281,11195500,11195608,108
32282,11195608,11195696,88
32283,11199562,11199637,75
32284,11199637,11199642,5
32285,11199642,11199822,180
32286,11199822,11199828,6
32287,11199875,11200099,224
32288,11200099,11200108,9
32289,11200108,11200228,120
32290,11200228,11200236,8
32291,11200236,11200241,5
32292,11200241,11200260,19
32293,11200260,11200285,25
32294,11200285,11200303,18
32295,11200303,11200335,32
32296,11200506,11200519,13
32297,11200519,11200577,58
32298,11200577,11200700,123
32299,11200700,11200731,31
32300,11200731,11200841,110
32301,11200841,11200873,32
32302,11200873,11200923,50
32303,11200923,11201067,144
32304,11201342,11201345,3
32305,11201345,11201352,7
32306,11201352,11201356,4
32307,11201376,11201492,116
32308,11201492,11201527,35
32309,11201527,11201538,11
32310,11201538,11201638,100
32311,11201638,11201763,125
32312,11201763,11201773,10
32313,11201773,11201829,56
32314,11201829,11201835,6
32315,11201889,11201896,7
32316,11202212,11202222,10
32317,11202443,11202450,7
32318,11202601,11202609,8
32319,11202609,11202615,6
32320,11202988,11202993,5
32321,11203133,11203141,8
32322,11203527,11203534,7
32323,11203665,11203671,6
32324,11204259,11204268,9
32325,11204574,11204582,8
32326,11204582,11204590,8
32327,11206316,11206322,6
32328,11208738,11208741,3
32329,11209676,11209682,6
32330,11209791,11209799,8
32331,11209799,11209805,6
32332,11209805,11209811,6
32333,11211996,11212004,8
32334,11212004,11212010,6
32335,11212010,11212017,7
32336,11212389,11212395,6
32337,11212832,11212838,6
32338,11214355,11214359,4
32339,11214794,11214800,6
32340,11215000,11215008,8
32341,11215008,11215011,3
32342,11215011,11215014,3
32343,11215014,11215017,3
32344,11216261,11216264,3
32345,11216401,11216404,3
32346,11216404,11216408,4
32347,11217093,11217100,7
32348,11217476,11217479,3
32349,11217571,11217577,6
32350,11217758,11217762,4
32351,11219021,11219027,6
32352,11219027,11219032,5
32353,11219764,11219768,4
32354,11219768,11219772,4
32355,11223760,11223766,6
32356,11223766,11223777,11
32357,11223948,11223958,10
32358,11224448,11224451,3
32359,11224672,11224678,6
32360,11224678,11224685,7
32361,11224685,11224690,5
32362,11225009,11225018,9
32363,11225018,11225027,9
32364,11225628,11225639,11
32365,11226996,11227003,7
32366,11227329,11227337,8
32367,11228104,11228114,10
32368,11228400,11228406,6
32369,11229969,11229973,4
32370,11229973,11229977,4
32371,11230596,11230604,8
32372,11230698,11230723,25
32373,11230723,11230726,3
32374,11230795,11230801,6
32375,11231085,11231088,3
32376,11231669,11231675,6
32377,11231675,11231685,10
32378,11231685,11231698,13
32379,11231698,11231703,5
32380,11232193,11232199,6
32381,11232674,11232680,6
32382,11233159,11233164,5
32383,11234522,11234525,3
32384,11234525,11234528,3
32385,11235793,11235796,3
32386,11235814,11235817,3
32387,11236368,11236372,4
32388,11236398,11236404,6
32389,11236404,11236410,6
32390,11236410,11236416,6
32391,11237504,11237510,6
32392,11239147,11239150,3
32393,11240711,11240825,114
32394,11240825,11240845,20
32395,11242185,11242193,8
32396,11244791,11244801,10
32397,11245534,11245538,4
32398,11245955,11245958,3
32399,11246782,11246789,7
32400,11246812,11246818,6
32401,11246818,11246826,8
32402,11246826,11246829,3
32403,11247253,11247257,4
32404,11248125,11248131,6
32405,11248558,11248567,9
32406,11249069,11249072,3
32407,11249072,11249158,86
32408,11249426,11249429,3
32409,11249429,11249515,86
32410,11249515,11249783,268
32411,11249783,11249786,3
32412,11249786,11249872,86
32413,11249872,11250140,268
32414,11250140,11250143,3
32415,11250546,11250550,4
32416,11252325,11252333,8
32417,11252391,11252399,8
32418,11252658,11252661,3
32419,11252777,11252780,3
32420,11254355,11254361,6
32421,11255384,11255393,9
32422,11256156,11256166,10
32423,11256749,11256758,9
32424,11258471,11258477,6
32425,11258477,11258483,6
32426,11258483,11258489,6
32427,11258489,11258492,3
32428,11258492,11258495,3
32429,11258495,11258498,3
32430,11258845,11258849,4
32431,11259073,11259079,6
32432,11260777,11260785,8
32433,11260844,11260850,6
32434,11261293,11261300,7
32435,11262128,11262131,3
32436,11262232,11262239,7
32437,11263571,11263578,7
32438,11263668,11263672,4
32439,11264462,11264470,8
32440,11265171,11265175,4
32441,11266357,11266360,3
32442,11266360,11266369,9
32443,11266430,11266434,4
32444,11266641,11266647,6
32445,11266760,11266774,14
32446,11267881,11267889,8
32447,11267889,11267893,4
32448,11268388,11268391,3
32449,11268929,11268965,36
32450,11268965,11268968,3
32451,11268968,11268978,10
32452,11268978,11269077,99
32453,11269308,11269335,27
32454,11269335,11269416,81
32455,11269416,11269500,84
32456,11269500,11269564,64
32457,11269564,11269598,34
32458,11269598,11269768,170
32459,11269768,11269772,4
32460,11270108,11270114,6
32461,11270179,11270182,3
32462,11270702,11270711,9
32463,11270711,11270719,8
32464,11271379,11271433,54
32465,11271433,11271594,161
32466,11271594,11271619,25
32467,11271619,11271641,22
32468,11271641,11271737,96
32469,11271737,11271791,54
32470,11272094,11272148,54
32471,11272148,11272309,161
32472,11272309,11272334,25
32473,11272334,11272356,22
32474,11272356,11272452,96
32475,11272452,11272506,54
32476,11272667,11272692,25
32477,11272692,11272714,22
32478,11272878,11272886,8
32479,11273096,11273105,9
32480,11273654,11273657,3
32481,11275554,11275558,4
32482,11275558,11275562,4
32483,11276454,11276460,6
32484,11277587,11277591,4
32485,11278134,11278144,10
32486,11280190,11280194,4
32487,11280518,11280521,3
32488,11281568,11281573,5
32489,11281754,11281764,10
32490,11281933,11281943,10
32491,11282065,11282072,7
32492,11282091,11282096,5
32493,11284868,11284875,7
32494,11286566,11286569,3
32495,11287894,11287899,5
32496,11289322,11289325,3
32497,11290977,11290984,7
32498,11293335,11293342,7
32499,11293718,11293725,7
32500,11294955,11294958,3
32501,11295394,11295405,11
32502,11295415,11295423,8
32503,11295995,11295999,4
32504,11296738,11296743,5
32505,11296743,11296746,3
32506,11297910,11297915,5
32507,11297926,11297932,6
32508,11297932,11297935,3
32509,11298184,11298187,3
32510,11298791,11298794,3
32511,11300678,11300682,4
32512,11301280,11301286,6
32513,11301849,11301852,3
32514,11303111,11303120,9
32515,11303340,11303347,7
32516,11305504,11305513,9
32517,11307033,11307040,7
32518,11307465,11307470,5
32519,11308969,11308975,6
32520,11309542,11309545,3
32521,11309545,11309554,9
32522,11309889,11309892,3
32523,11310730,11310737,7
32524,11310853,11310863,10
32525,11310985,11310994,9
32526,11311066,11311069,3
32527,11311792,11311798,6
32528,11312152,11312368,216
32529,11312368,11312391,23
32530,11312391,11312439,48
32531,11312439,11312531,92
32532,11312920,11312946,26
32533,11312946,11313236,290
32534,11313236,11313302,66
32535,11313302,11313336,34
32536,11313336,11313405,69
32537,11313405,11313497,92
32538,11313497,11313577,80
32539,11313577,11313611,34
32540,11313751,11313837,86
32541,11313837,11313870,33
32542,11313870,11313879,9
32543,11313879,11313979,100
32544,11313979,11314012,33
32545,11314012,11314086,74
32546,11314086,11314142,56
32547,11314142,11314264,122
32548,11314264,11314316,52
32549,11314316,11314342,26
32550,11314449,11314467,18
32551,11314467,11314485,18
32552,11314485,11314495,10
32553,11314495,11314610,115
32554,11314610,11314619,9
32555,11314619,11314693,74
32556,11314693,11314719,26
32557,11314719,11314866,147
32558,11314866,11314923,57
32559,11314923,11314933,10
32560,11314933,11315031,98
32561,11315031,11315168,137
32562,11315168,11315235,67
32563,11315235,11315261,26
32564,11315261,11315298,37
32565,11315298,11315352,54
32566,11315352,11315418,66
32567,11315418,11315465,47
32568,11315465,11315504,39
32569,11315504,11315510,6
32570,11315510,11315521,11
32571,11315521,11315566,45
32572,11315566,11315654,88
32573,11315654,11315753,99
32574,11315753,11315781,28
32575,11315781,11315811,30
32576,11315811,11315824,13
32577,11315824,11315891,67
32578,11315891,11315937,46
32579,11315937,11315955,18
32580,11315955,11315971,16
32581,11315971,11315996,25
32582,11315996,11316057,61
32583,11316057,11316221,164
32584,11316221,11316228,7
32585,11316228,11316280,52
32586,11316280,11316340,60
32587,11316340,11316427,87
32588,11316427,11316452,25
32589,11316452,11316638,186
32590,11316638,11316683,45
32591,11316683,11316742,59
32592,11316742,11316783,41
32593,11316783,11316882,99
32594,11316882,11316979,97
32595,11316979,11316994,15
32596,11316994,11317029,35
32597,11317029,11317128,99
32598,11317128,11317207,79
32599,11317286,11317412,126
32600,11317445,11317643,198
32601,11317643,11317660,17
32602,11317660,11317726,66
32603,11317726,11317848,122
32604,11318186,11318235,49
32605,11319017,11319233,216
32606,11319233,11319256,23
32607,11319256,11319304,48
32608,11319304,11319396,92
32609,11319811,11319817,6
32610,11319901,11319909,8
32611,11319909,11319915,6
32612,11320089,11320097,8
32613,11320674,11320683,9
32614,11321402,11321407,5
32615,11322127,11322130,3
32616,11322174,11322177,3
32617,11322177,11322186,9
32618,11322186,11322195,9
32619,11322293,11322303,10
32620,11322465,11322472,7
32621,11322726,11322731,5
32622,11324229,11324237,8
32623,11324908,11324917,9
32624,11324917,11324924,7
32625,11325366,11325373,7
32626,11326250,11326255,5
32627,11326494,11326497,3
32628,11326497,11326500,3
32629,11327306,11327316,10
32630,11327316,11327322,6
32631,11328320,11328326,6
32632,11328846,11328856,10
32633,11328856,11328862,6
32634,11329270,11329276,6
32635,11329485,11329497,12
32636,11329540,11329549,9
32637,11330047,11330050,3
32638,11330050,11330058,8
32639,11330254,11330260,6
32640,11330503,11330509,6
32641,11330629,11330638,9
32642,11330638,11330645,7
32643,11330782,11330788,6
32644,11330827,11330833,6
32645,11331274,11331283,9
32646,11331370,11331375,5
32647,11331638,11331647,9
32648,11331847,11331859,12
32649,11331871,11331883,12
32650,11332052,11332057,5
32651,11332952,11332958,6
32652,11333279,11333282,3
32653,11333780,11333786,6
32654,11333855,11333864,9
32655,11335428,11335432,4
32656,11335432,11335437,5
32657,11335513,11335516,3
32658,11335564,11335571,7
32659,11336391,11336395,4
32660,11336559,11336563,4
32661,11336834,11336838,4
32662,11336965,11336968,3
32663,11337203,11337211,8
32664,11337717,11337726,9
32665,11337726,11337733,7
32666,11337769,11337774,5
32667,11338471,11338478,7
32668,11338683,11338691,8
32669,11341403,11341407,4
32670,11341821,11341827,6
32671,11342221,11342226,5
32672,11343159,11343168,9
32673,11343356,11343361,5
32674,11343473,11343482,9
32675,11343482,11343489,7
32676,11343489,11343493,4
32677,11343993,11343998,5
32678,11344093,11344100,7
32679,11344120,11344128,8
32680,11344258,11344264,6
32681,11344295,11344300,5
32682,11345079,11345082,3
32683,11345082,11345085,3
32684,11345625,11345634,9
32685,11345790,11345793,3
32686,11346505,11346511,6
32687,11346939,11346947,8
32688,11346988,11346996,8
32689,11347080,11347085,5
32690,11347237,11347246,9
32691,11347362,11347369,7
32692,11347823,11347829,6
32693,11347829,11347835,6
32694,11348747,11348750,3
32695,11350028,11350035,7
32696,11352223,11352227,4
32697,11352387,11352390,3
32698,11352441,11352456,15
32699,11353004,11353009,5
32700,11353557,11353563,6
32701,11353563,11353569,6
32702,11353569,11353575,6
32703,11353575,11353581,6
32704,11353581,11353587,6
32705,11353818,11353824,6
32706,11354213,11354216,3
32707,11354457,11354465,8
32708,11354465,11354475,10
32709,11354475,11354484,9
32710,11355427,11355431,4
32711,11355431,11355435,4
32712,11355651,11355661,10
32713,11356847,11356850,3
32714,11357579,11357586,7
32715,11357603,11357609,6
32716,11357667,11357676,9
32717,11358538,11358543,5
32718,11358543,11358548,5
32719,11358548,11358558,10
32720,11358558,11358565,7
32721,11358565,11358572,7
32722,11358608,11358611,3
32723,11359196,11359207,11
32724,11359580,11359584,4
32725,11359779,11359785,6
32726,11360458,11360467,9
32727,11360499,11360507,8
32728,11360593,11360602,9
32729,11360621,11360630,9
32730,11361628,11361635,7
32731,11361635,11361639,4
32732,11361895,11361898,3
32733,11362109,11362117,8
32734,11362739,11362742,3
32735,11363076,11363083,7
32736,11363162,11363168,6
32737,11363168,11363176,8
32738,11363644,11363652,8
32739,11363929,11363932,3
32740,11363982,11363991,9
32741,11364510,11364517,7
32742,11364517,11364525,8
32743,11364642,11364648,6
32744,11364832,11364841,9
32745,11365043,11365049,6
32746,11365743,11365751,8
32747,11365971,11365977,6
32748,11366082,11366091,9
32749,11366719,11366726,7
32750,11366906,11366913,7
32751,11367965,11367971,6
32752,11368087,11368093,6
32753,11368534,11368541,7
32754,11369254,11369258,4
32755,11370071,11370074,3
32756,11370074,11370077,3
32757,11372512,11372520,8
32758,11372520,11372524,4
32759,11372524,11372532,8
32760,11372532,11372540,8
32761,11372540,11372548,8
32762,11372548,11372556,8
32763,11372556,11372564,8
32764,11372612,11372620,8
32765,11372652,11372660,8
32766,11372660,11372668,8
32767,11372684,11372692,8
32768,11372716,11372724,8
32769,11372764,11372772,8
32770,11373930,11373933,3
32771,11374255,11374267,12
32772,11375811,11375817,6
32773,11375895,11375898,3
32774,11376066,11376069,3
32775,11376105,11376111,6
32776,11376111,11376117,6
32777,11376677,11376687,10
32778,11376994,11377003,9
32779,11378638,11378642,4
32780,11379101,11379107,6
32781,11379107,11379113,6
32782,11379266,11379271,5
32783,11379522,11379528,6
32784,11379528,11379538,10
32785,11380786,11380795,9
32786,11381988,11381997,9
32787,11383857,11383861,4
32788,11387013,11387016,3
32789,11387558,11387565,7
32790,11387720,11387729,9
32791,11387990,11387996,6
32792,11389088,11389098,10
32793,11389224,11389230,6
32794,11389322,11389325,3
32795,11389888,11389894,6
32796,11390688,11390691,3
32797,11390946,11390956,10
32798,11390956,11390965,9
32799,11391684,11391692,8
32800,11392079,11392084,5
32801,11392677,11392686,9
32802,11392862,11392867,5
32803,11392890,11392895,5
32804,11394261,11394265,4
32805,11394937,11394943,6
32806,11395220,11395227,7
32807,11395248,11395251,3
32808,11395572,11395581,9
32809,11395761,11395769,8
32810,11396756,11396763,7
32811,11397313,11397321,8
32812,11398431,11398434,3
32813,11398434,11398438,4
32814,11399024,11399031,7
32815,11399066,11399074,8
32816,11399593,11399601,8
32817,11399601,11399606,5
32818,11399686,11399693,7
32819,11400842,11400847,5
32820,11401540,11401543,3
32821,11401556,11401559,3
32822,11401760,11401765,5
32823,11402058,11402064,6
32824,11402064,11402070,6
32825,11402746,11402755,9
32826,11403485,11403488,3
32827,11403653,11403658,5
32828,11403816,11403820,4
32829,11404270,11404281,11
32830,11404390,11404396,6
32831,11405212,11405215,3
32832,11405487,11405500,13
32833,11405831,11405839,8
32834,11406120,11406123,3
32835,11406299,11406302,3
32836,11406577,11406584,7
32837,11406690,11406695,5
32838,11406857,11406862,5
32839,11407089,11407095,6
32840,11407195,11407201,6
32841,11407201,11407207,6
32842,11407207,11407213,6
32843,11407213,11407219,6
32844,11407273,11407279,6
32845,11407279,11407286,7
32846,11407286,11407292,6
32847,11407292,11407300,8
32848,11407300,11407306,6
32849,11407342,11407348,6
32850,11407348,11407351,3
32851,11407898,11407903,5
32852,11408932,11408935,3
32853,11409352,11409357,5
32854,11409427,11409431,4
32855,11410079,11410088,9
32856,11410197,11410200,3
32857,11410200,11410203,3
32858,11410247,11410252,5
32859,11410407,11410417,10
32860,11410679,11410687,8
32861,11410709,11410714,5
32862,11410838,11410841,3
32863,11410859,11410867,8
32864,11410979,11410987,8
32865,11410987,11410996,9
32866,11411198,11411202,4
32867,11412029,11412032,3
32868,11412909,11412916,7
32869,11413477,11413486,9
32870,11413880,11413906,26
32871,11414124,11414128,4
32872,11414794,11414801,7
32873,11414949,11414957,8
32874,11415106,11415110,4
32875,11415217,11415221,4
32876,11415694,11415704,10
32877,11415704,11415711,7
32878,11415732,11415736,4
32879,11416458,11416461,3
32880,11416479,11416486,7
32881,11416840,11416851,11
32882,11416904,11416913,9
32883,11417403,11417407,4
32884,11418207,11418212,5
32885,11419043,11419046,3
32886,11419058,11419061,3
32887,11419077,11419086,9
32888,11419086,11419092,6
32889,11419092,11419096,4
32890,11419096,11419101,5
32891,11419453,11419457,4
32892,11419457,11419461,4
32893,11419461,11419466,5
32894,11419543,11419551,8
32895,11420210,11420218,8
32896,11420274,11420280,6
32897,11420691,11420694,3
32898,11420694,11420697,3
32899,11420707,11420710,3
32900,11420727,11420730,3
32901,11421183,11421191,8
32902,11421191,11421195,4
32903,11421280,11421288,8
32904,11421395,11421404,9
32905,11421595,11421603,8
32906,11421686,11421693,7
32907,11422776,11422783,7
32908,11422783,11422790,7
32909,11423175,11423184,9
32910,11424320,11424327,7
32911,11424383,11424387,4
32912,11425065,11425068,3
32913,11425173,11425176,3
32914,11425421,11425430,9
32915,11425430,11425438,8
32916,11425765,11425773,8
32917,11426784,11426788,4
32918,11427030,11427037,7
32919,11427037,11427045,8
32920,11427091,11427098,7
32921,11427098,11427106,8
32922,11427505,11427512,7
32923,11429119,11429122,3
32924,11429122,11429130,8
32925,11429529,11429532,3
32926,11429636,11429641,5
32927,11429701,11429709,8
32928,11430214,11430219,5
32929,11430415,11430421,6
32930,11430447,11430451,4
32931,11430451,11430460,9
32932,11432154,11432160,6
32933,11432397,11432403,6
32934,11433251,11433260,9
32935,11433260,11433265,5
32936,11433343,11433348,5
32937,11433348,11433352,4
32938,11433352,11433357,5
32939,11434599,11434607,8
32940,11435648,11435655,7
32941,11436258,11436263,5
32942,11436780,11436784,4
32943,11438919,11438926,7
32944,11439016,11439022,6
32945,11439022,11439028,6
32946,11439890,11439894,4
32947,11439986,11439992,6
32948,11441657,11441664,7
32949,11441664,11441669,5
32950,11441753,11441757,4
32951,11441757,11441766,9
32952,11441999,11442005,6
32953,11442005,11442008,3
32954,11442312,11442317,5
32955,11442327,11442332,5
32956,11442585,11442590,5
32957,11442590,11442595,5
32958,11442595,11442604,9
32959,11443851,11443854,3
32960,11443874,11443880,6
32961,11443880,11443884,4
32962,11443884,11443887,3
32963,11443995,11444001,6
32964,11444301,11444309,8
32965,11444713,11444719,6
32966,11444719,11444723,4
32967,11444761,11444765,4
32968,11445192,11445200,8
32969,11445527,11445536,9
32970,11446076,11446080,4
32971,11446080,11446084,4
32972,11446167,11446177,10
32973,11446276,11446285,9
32974,11446405,11446408,3
32975,11446846,11446854,8
32976,11447037,11447044,7
32977,11447219,11447226,7
32978,11448107,11448112,5
32979,11448112,11448117,5
32980,11448430,11448435,5
32981,11449424,11449430,6
32982,11449430,11449436,6
32983,11449436,11449444,8
32984,11449444,11449450,6
32985,11449450,11449456,6
32986,11449456,11449462,6
32987,11450600,11450603,3
32988,11451447,11451454,7
32989,11452342,11452345,3
32990,11452636,11452642,6
32991,11452989,11452997,8
32992,11453023,11453028,5
32993,11453455,11453458,3
32994,11453458,11453465,7
32995,11453465,11453468,3
32996,11453468,11453475,7
32997,11453475,11453478,3
32998,11453742,11453745,3
32999,11454413,11454420,7
33000,11454420,11454427,7
33001,11455072,11455079,7
33002,11455079,11455088,9
33003,11455364,11455373,9
33004,11455997,11456003,6
33005,11456456,11456462,6
33006,11456462,11456465,3
33007,11456465,11456471,6
33008,11456737,11456740,3
33009,11456926,11456932,6
33010,11457340,11457349,9
33011,11457553,11457562,9
33012,11457592,11457601,9
33013,11457993,11457997,4
33014,11458340,11458348,8
33015,11458348,11458354,6
33016,11459914,11459923,9
33017,11461073,11461078,5
33018,11461238,11461246,8
33019,11461269,11461277,8
33020,11461391,11461394,3
33021,11462160,11462165,5
33022,11462165,11462173,8
33023,11464056,11464061,5
33024,11464855,11464862,7
33025,11465581,11465584,3
33026,11465584,11465587,3
33027,11465696,11465701,5
33028,11467048,11467058,10
33029,11467123,11467127,4
33030,11467325,11467329,4
33031,11468204,11468209,5
33032,11469370,11469373,3
33033,11469452,11469455,3
33034,11469455,11469461,6
33035,11469526,11469533,7
33036,11470001,11470007,6
33037,11470133,11470139,6
33038,11470139,11470145,6
33039,11470284,11470292,8
33040,11470292,11470300,8
33041,11470392,11470400,8
33042,11471506,11471510,4
33043,11472140,11472152,12
33044,11472345,11472348,3
33045,11473277,11473281,4
33046,11473715,11473718,3
33047,11473740,11473745,5
33048,11474966,11474973,7
33049,11475452,11475455,3
33050,11475510,11475518,8
33051,11475861,11475864,3
33052,11476742,11476751,9
33053,11477233,11477242,9
33054,11477327,11477332,5
33055,11477332,11477337,5
33056,11477347,11477352,5
33057,11477352,11477357,5
33058,11477357,11477362,5
33059,11477394,11477401,7
33060,11477401,11477405,4
33061,11477441,11477445,4
33062,11477769,11477774,5
33063,11478435,11478441,6
33064,11478809,11478817,8
33065,11478836,11478839,3
33066,11479150,11479159,9
33067,11479207,11479215,8
33068,11479215,11479219,4
33069,11479219,11479223,4
33070,11479223,11479231,8
33071,11479247,11479255,8
33072,11479255,11479261,6
33073,11479261,11479270,9
33074,11479270,11479278,8
33075,11479278,11479286,8
33076,11479286,11479292,6
33077,11479406,11479411,5
33078,11479658,11479674,16
33079,11479851,11479858,7
33080,11480307,11480314,7
33081,11480314,11480318,4
33082,11480396,11480401,5
33083,11480401,11480406,5
33084,11480406,11480411,5
33085,11480411,11480416,5
33086,11480416,11480421,5
33087,11480431,11480436,5
33088,11481142,11481146,4
33089,11481333,11481339,6
33090,11481396,11481407,11
33091,11481407,11481412,5
33092,11481579,11481588,9
33093,11481588,11481594,6
33094,11481859,11481868,9
33095,11481997,11482002,5
33096,11483682,11483692,10
33097,11483764,11483773,9
33098,11485248,11485254,6
33099,11485384,11485391,7
33100,11485581,11485585,4
33101,11485608,11485611,3
33102,11487649,11487677,28
33103,11487677,11487684,7
33104,11487775,11487823,48
33105,11487823,11487851,28
33106,11487851,11487858,7
33107,11487858,11488003,145
33108,11488003,11488086,83
33109,11488086,11488177,91
33110,11488177,11488225,48
33111,11488225,11488253,28
33112,11488253,11488260,7
33113,11488260,11488405,145
33114,11488405,11488488,83
33115,11488488,11488579,91
33116,11488579,11488627,48
33117,11488627,11488655,28
33118,11488655,11488662,7
33119,11488662,11488807,145
33120,11488807,11488855,48
33121,11488855,11488883,28
33122,11488981,11489029,48
33123,11489029,11489057,28
33124,11489057,11489064,7
33125,11489064,11489209,145
33126,11489209,11489257,48
33127,11489257,11489285,28
33128,11489383,11489431,48
33129,11489431,11489459,28
33130,11489459,11489466,7
33131,11489466,11489557,91
33132,11489557,11489605,48
33133,11489605,11489633,28
33134,11489731,11489779,48
33135,11489779,11489807,28
33136,11489807,11489814,7
33137,11489814,11489905,91
33138,11489905,11489953,48
33139,11489981,11489988,7
33140,11489988,11490079,91
33141,11490079,11490127,48
33142,11490127,11490155,28
33143,11490155,11490162,7
33144,11490162,11490307,145
33145,11490307,11490355,48
33146,11490355,11490383,28
33147,11490383,11490390,7
33148,11490390,11490535,145
33149,11490583,11490611,28
33150,11490611,11490618,7
33151,11490964,11490992,28
33152,11490992,11490999,7
33153,11491996,11492001,5
33154,11493801,11493806,5
33155,11496091,11496096,5
33156,11497066,11497073,7
33157,11497172,11497176,4
33158,11497176,11497181,5
33159,11497181,11497184,3
33160,11497184,11497187,3
33161,11498179,11498183,4
33162,11498183,11498186,3
33163,11498962,11498965,3
33164,11501207,11501213,6
33165,11501504,11501509,5
33166,11502213,11502217,4
33167,11502390,11502393,3
33168,11502495,11502501,6
33169,11502594,11502604,10
33170,11502693,11502701,8
33171,11502905,11502911,6
33172,11503261,11503266,5
33173,11504977,11504986,9
33174,11505558,11505566,8
33175,11505566,11505573,7
33176,11505573,11505580,7
33177,11506733,11506739,6
33178,11506739,11506742,3
33179,11506742,11506750,8
33180,11506750,11506753,3
33181,11506753,11506759,6
33182,11506759,11506763,4
33183,11507130,11507140,10
33184,11507271,11507276,5
33185,11507451,11507459,8
33186,11508053,11508061,8
33187,11508199,11508204,5
33188,11508204,11508208,4
33189,11508265,11508277,12
33190,11508360,11508367,7
33191,11508367,11508376,9
33192,11508626,11508629,3
33193,11509251,11509256,5
33194,11509310,11509313,3
33195,11509313,11509322,9
33196,11509322,11509325,3
33197,11509325,11509328,3
33198,11509328,11509331,3
33199,11509331,11509334,3
33200,11509334,11509337,3
33201,11509337,11509340,3
33202,11509350,11509353,3
33203,11509353,11509356,3
33204,11509380,11509384,4
33205,11509384,11509388,4
33206,11509388,11509392,4
33207,11509450,11509454,4
33208,11509900,11509904,4
33209,11510134,11510141,7
33210,11510256,11510262,6
33211,11510262,11510268,6
33212,11510268,11510274,6
33213,11510289,11510295,6
33214,11510295,11510304,9
33215,11510535,11510539,4
33216,11510539,11510549,10
33217,11510850,11510855,5
33218,11510870,11510875,5
33219,11511201,11511207,6
33220,11511513,11511519,6
33221,11511519,11511525,6
33222,11511525,11511531,6
33223,11511531,11511537,6
33224,11511549,11511555,6
33225,11511555,11511561,6
33226,11511561,11511567,6
33227,11511567,11511573,6
33228,11512841,11512845,4
33229,11513547,11513555,8
33230,11513555,11513558,3
33231,11513727,11513730,3
33232,11513730,11513734,4
33233,11513763,11513771,8
33234,11514558,11514564,6
33235,11514603,11514611,8
33236,11514611,11514615,4
33237,11514725,11514735,10
33238,11514859,11514865,6
33239,11514865,11514871,6
33240,11514871,11514876,5
33241,11514876,11514881,5
33242,11514881,11514891,10
33243,11515761,11515768,7
33244,11515779,11515784,5
33245,11516016,11516019,3
33246,11516524,11516529,5
33247,11516921,11516929,8
33248,11516929,11516938,9
33249,11517021,11517030,9
33250,11517696,11517699,3
33251,11517699,11517705,6
33252,11517723,11517732,9
33253,11517744,11517750,6
33254,11517750,11517753,3
33255,11517841,11517846,5
33256,11518052,11518057,5
33257,11518645,11518652,7
33258,11520541,11520546,5
33259,11520546,11520551,5
33260,11520721,11520729,8
33261,11522959,11522966,7
33262,11527403,11527409,6
33263,11527409,11527418,9
33264,11527731,11527738,7
33265,11527933,11527940,7
33266,11528013,11528017,4
33267,11530084,11530093,9
33268,11530093,11530101,8
33269,11530101,11530109,8
33270,11530134,11530145,11
33271,11530407,11530413,6
33272,11530413,11530418,5
33273,11530717,11530726,9
33274,11530726,11530730,4
33275,11530761,11530769,8
33276,11531030,11531037,7
33277,11531978,11531981,3
33278,11532129,11532181,52
33279,11532232,11532244,12
33280,11532338,11532341,3
33281,11532409,11532415,6
33282,11532489,11532541,52
33283,11532673,11532683,10
33284,11532683,11532691,8
33285,11532992,11533000,8
33286,11534461,11534464,3
33287,11534815,11534824,9
33288,11534943,11534946,3
33289,11534971,11534974,3
33290,11535111,11535201,90
33291,11535201,11535303,102
33292,11535303,11535311,8
33293,11535311,11535358,47
33294,11535358,11535435,77
33295,11535435,11535530,95
33296,11535530,11535533,3
33297,11535533,11535559,26
33298,11535559,11535596,37
33299,11535596,11535599,3
33300,11535599,11535653,54
33301,11535653,11535656,3
33302,11535656,11535662,6
33303,11535662,11535724,62
33304,11535724,11535731,7
33305,11535731,11535800,69
33306,11535800,11535811,11
33307,11535811,11535815,4
33308,11535815,11535932,117
33309,11535932,11535941,9
33310,11535941,11535971,30
33311,11535971,11535984,13
33312,11535984,11536024,40
33313,11536024,11536228,204
33314,11536228,11536259,31
33315,11536259,11536273,14
33316,11536273,11536327,54
33317,11536327,11536357,30
33318,11536357,11536396,39
33319,11536396,11536454,58
33320,11536454,11536498,44
33321,11537576,11537585,9
33322,11538707,11538711,4
33323,11538743,11538838,95
33324,11538838,11538866,28
33325,11538866,11538915,49
33326,11538915,11538934,19
33327,11538934,11539068,134
33328,11539068,11539075,7
33329,11539075,11539140,65
33330,11539140,11539157,17
33331,11539157,11539269,112
33332,11539269,11539326,57
33333,11539326,11539467,141
33334,11539467,11539491,24
33335,11539491,11539548,57
33336,11539548,11539600,52
33337,11539600,11539655,55
33338,11539655,11539715,60
33339,11539715,11539725,10
33340,11539725,11539757,32
33341,11539757,11539781,24
33342,11539781,11539805,24
33343,11539805,11539865,60
33344,11539865,11539874,9
33345,11539874,11539884,10
33346,11539884,11539902,18
33347,11539902,11539978,76
33348,11539978,11540014,36
33349,11540014,11540156,142
33350,11540156,11540330,174
33351,11540330,11540344,14
33352,11540344,11540349,5
33353,11540349,11540353,4
33354,11540353,11540392,39
33355,11540392,11540591,199
33356,11540591,11540689,98
33357,11540689,11540726,37
33358,11540726,11540770,44
33359,11540770,11540837,67
33360,11540837,11541046,209
33361,11541046,11541069,23
33362,11541069,11541152,83
33363,11541152,11541165,13
33364,11541165,11541248,83
33365,11541248,11541338,90
33366,11541338,11541440,102
33367,11541440,11541448,8
33368,11541448,11541495,47
33369,11541793,11541796,3
33370,11542783,11542793,10
33371,11543828,11543835,7
33372,11544938,11544944,6
33373,11544944,11544950,6
33374,11545019,11545031,12
33375,11545031,11545037,6
33376,11545037,11545043,6
33377,11545043,11545046,3
33378,11545417,11545425,8
33379,11546043,11546048,5
33380,11546690,11546697,7
33381,11547288,11547293,5
33382,11547293,11547304,11
33383,11547866,11547875,9
33384,11549678,11549687,9
33385,11549815,11549820,5
33386,11551027,11551031,4
33387,11551493,11551504,11
33388,11551504,11551511,7
33389,11551511,11551518,7
33390,11551572,11551578,6
33391,11553347,11553350,3
33392,11553350,11553358,8
33393,11553358,11553364,6
33394,11554119,11554122,3
33395,11554402,11554408,6
33396,11555626,11555631,5
33397,11555759,11555765,6
33398,11555828,11555835,7
33399,11555910,11555913,3
33400,11557041,11557046,5
33401,11557319,11557327,8
33402,11557404,11557412,8
33403,11557623,11557627,4
33404,11557989,11557994,5
33405,11557994,11558001,7
33406,11558037,11558044,7
33407,11558994,11558997,3
33408,11559065,11559071,6
33409,11559197,11559248,51
33410,11559248,11559260,12
33411,11559260,11559320,60
33412,11559320,11559354,34
33413,11559354,11559357,3
33414,11559425,11559431,6
33415,11559556,11559607,51
33416,11559607,11559619,12
33417,11559619,11559679,60
33418,11559679,11559713,34
33419,11559775,11559781,6
33420,11560452,11560456,4
33421,11561815,11561823,8
33422,11561823,11561831,8
33423,11561985,11561991,6
33424,11562320,11562326,6
33425,11562344,11562354,10
33426,11562513,11562517,4
33427,11564103,11564109,6
33428,11564268,11564274,6
33429,11564718,11564722,4
33430,11565085,11565096,11
33431,11565254,11565262,8
33432,11565361,11565367,6
33433,11565415,11565424,9
33434,11565759,11565767,8
33435,11565935,11565943,8
33436,11566339,11566348,9
33437,11567439,11567448,9
33438,11567603,11567606,3
33439,11567813,11567816,3
33440,11567831,11567837,6
33441,11568020,11568028,8
33442,11568087,11568094,7
33443,11568190,11568194,4
33444,11568262,11568266,4
33445,11568266,11568274,8
33446,11568274,11568280,6
33447,11568539,11568542,3
33448,11568992,11569001,9
33449,11569001,11569009,8
33450,11569079,11569088,9
33451,11569378,11569385,7
33452,11570277,11570282,5
33453,11570987,11570993,6
33454,11571530,11571551,21
33455,11572277,11572281,4
33456,11572303,11572307,4
33457,11572458,11572466,8
33458,11572803,11572812,9
33459,11572812,11572818,6
33460,11573856,11573859,3
33461,11574607,11574610,3
33462,11574610,11574616,6
33463,11574742,11574748,6
33464,11574748,11574751,3
33465,11575658,11575664,6
33466,11575969,11575975,6
33467,11575975,11575982,7
33468,11577326,11577330,4
33469,11577371,11577381,10
33470,11577555,11577561,6
33471,11578767,11578771,4
33472,11580177,11580181,4
33473,11581167,11581172,5
33474,11581453,11581458,5
33475,11584078,11584083,5
33476,11584526,11584529,3
33477,11584653,11584659,6
33478,11584659,11584665,6
33479,11585082,11585087,5
33480,11585222,11585231,9
33481,11585452,11585499,47
33482,11585499,11585526,27
33483,11585651,11585654,3
33484,11585844,11585876,32
33485,11585876,11585912,36
33486,11585912,11585944,32
33487,11585999,11586007,8
33488,11586007,11586020,13
33489,11586162,11586181,19
33490,11586181,11586355,174
33491,11586355,11586529,174
33492,11586529,11586595,66
33493,11586595,11586604,9
33494,11586604,11586708,104
33495,11586708,11586783,75
33496,11586783,11586813,30
33497,11586813,11586860,47
33498,11586860,11586887,27
33499,11586887,11586926,39
33500,11586926,11586955,29
33501,11586955,11586983,28
33502,11586983,11587046,63
33503,11587046,11587183,137
33504,11587183,11587200,17
33505,11587200,11587205,5
33506,11587205,11587473,268
33507,11587473,11587625,152
33508,11587625,11587657,32
33509,11587657,11587678,21
33510,11587678,11587915,237
33511,11587915,11587934,19
33512,11587934,11587950,16
33513,11587950,11587982,32
33514,11587982,11588018,36
33515,11588018,11588050,32
33516,11588050,11588060,10
33517,11588060,11588093,33
33518,11588093,11588101,8
33519,11588101,11588114,13
33520,11588114,11588203,89
33521,11588203,11588255,52
33522,11588255,11588274,19
33523,11588274,11588448,174
33524,11588448,11588622,174
33525,11588622,11588688,66
33526,11588688,11588697,9
33527,11588697,11588801,104
33528,11588801,11588876,75
33529,11588876,11588906,30
33530,11588906,11588953,47
33531,11588953,11588980,27
33532,11588980,11589019,39
33533,11589019,11589048,29
33534,11589048,11589076,28
33535,11589076,11589139,63
33536,11589139,11589276,137
33537,11589276,11589293,17
33538,11589293,11589298,5
33539,11589298,11589566,268
33540,11589566,11589718,152
33541,11589718,11589750,32
33542,11589750,11589771,21
33543,11589771,11590008,237
33544,11590008,11590027,19
33545,11590027,11590043,16
33546,11590043,11590075,32
33547,11590075,11590111,36
33548,11590111,11590143,32
33549,11590143,11590153,10
33550,11590153,11590186,33
33551,11590186,11590194,8
33552,11590194,11590207,13
33553,11590207,11590296,89
33554,11590296,11590348,52
33555,11590348,11590367,19
33556,11590367,11590541,174
33557,11590541,11590715,174
33558,11590715,11590781,66
33559,11590781,11590790,9
33560,11590790,11590894,104
33561,11590894,11590969,75
33562,11590969,11590999,30
33563,11590999,11591046,47
33564,11591046,11591073,27
33565,11591073,11591112,39
33566,11591112,11591141,29
33567,11591141,11591169,28
33568,11591169,11591232,63
33569,11591232,11591369,137
33570,11591369,11591386,17
33571,11591386,11591391,5
33572,11591391,11591659,268
33573,11591659,11591811,152
33574,11591811,11591843,32
33575,11591843,11591864,21
33576,11591864,11592120,256
33577,11592120,11592136,16
33578,11592136,11592168,32
33579,11592168,11592204,36
33580,11592204,11592236,32
33581,11592236,11592246,10
33582,11592246,11592279,33
33583,11592279,11592287,8
33584,11592287,11592300,13
33585,11592300,11592389,89
33586,11592389,11592441,52
33587,11592441,11592460,19
33588,11592460,11592634,174
33589,11592634,11592808,174
33590,11592808,11592874,66
33591,11592874,11592883,9
33592,11592883,11592987,104
33593,11592987,11593062,75
33594,11593062,11593092,30
33595,11593092,11593139,47
33596,11593139,11593166,27
33597,11593166,11593205,39
33598,11593205,11593234,29
33599,11593234,11593262,28
33600,11593262,11593325,63
33601,11593325,11593462,137
33602,11593462,11593479,17
33603,11593479,11593484,5
33604,11593484,11593752,268
33605,11593752,11593904,152
33606,11593904,11593936,32
33607,11593936,11593957,21
33608,11594194,11594213,19
33609,11594213,11594229,16
33610,11594229,11594261,32
33611,11594261,11594297,36
33612,11594297,11594329,32
33613,11594329,11594339,10
33614,11594339,11594372,33
33615,11594372,11594380,8
33616,11594380,11594393,13
33617,11594393,11594482,89
33618,11594482,11594534,52
33619,11594534,11594553,19
33620,11594553,11594727,174
33621,11594727,11594901,174
33622,11594901,11594967,66
33623,11594967,11594976,9
33624,11594976,11595080,104
33625,11595080,11595155,75
33626,11595155,11595185,30
33627,11595185,11595232,47
33628,11595232,11595259,27
33629,11595259,11595298,39
33630,11595298,11595327,29
33631,11595327,11595355,28
33632,11595355,11595418,63
33633,11595418,11595555,137
33634,11595555,11595572,17
33635,11595572,11595577,5
33636,11595577,11595845,268
33637,11595845,11595997,152
33638,11595997,11596029,32
33639,11596029,11596050,21
33640,11596050,11596287,237
33641,11596287,11596306,19
33642,11596306,11596322,16
33643,11596322,11596354,32
33644,11596354,11596390,36
33645,11596390,11596422,32
33646,11596422,11596432,10
33647,11596432,11596465,33
33648,11596465,11596473,8
33649,11596473,11596486,13
33650,11596486,11596575,89
33651,11596575,11596627,52
33652,11596627,11596646,19
33653,11596646,11596820,174
33654,11596820,11596994,174
33655,11596994,11597060,66
33656,11597060,11597069,9
33657,11597173,11597248,75
33658,11597248,11597278,30
33659,11597278,11597325,47
33660,11597325,11597352,27
33661,11597352,11597391,39
33662,11597391,11597420,29
33663,11597420,11597448,28
33664,11597448,11597511,63
33665,11597511,11597648,137
33666,11597648,11597665,17
33667,11597665,11597670,5
33668,11597670,11597938,268
33669,11597938,11598090,152
33670,11598090,11598122,32
33671,11598122,11598143,21
33672,11598143,11598399,256
33673,11598399,11598415,16
33674,11598415,11598447,32
33675,11598447,11598483,36
33676,11598483,11598515,32
33677,11598515,11598525,10
33678,11598525,11598558,33
33679,11598558,11598566,8
33680,11598566,11598579,13
33681,11598579,11598668,89
33682,11598668,11598720,52
33683,11598720,11598739,19
33684,11598739,11598913,174
33685,11598913,11599087,174
33686,11599087,11599153,66
33687,11599153,11599162,9
33688,11599162,11599266,104
33689,11599266,11599341,75
33690,11599341,11599371,30
33691,11599371,11599418,47
33692,11599418,11599445,27
33693,11599445,11599484,39
33694,11599484,11599513,29
33695,11599513,11599541,28
33696,11599541,11599604,63
33697,11599604,11599741,137
33698,11599741,11599758,17
33699,11599758,11599763,5
33700,11600512,11600515,3
33701,11600555,11600576,21
33702,11600917,11600936,19
33703,11601028,11601033,5
33704,11601128,11601133,5
33705,11601789,11601821,32
33706,11602250,11602254,4
33707,11603075,11603086,11
33708,11603198,11603204,6
33709,11604112,11604121,9
33710,11604326,11604334,8
33711,11604361,11604368,7
33712,11604425,11604431,6
33713,11604628,11604637,9
33714,11604876,11604879,3
33715,11604879,11604888,9
33716,11604888,11604897,9
33717,11605242,11605247,5
33718,11606488,11606498,10
33719,11607963,11607968,5
33720,11607968,11607973,5
33721,11608668,11608672,4
33722,11609752,11609759,7
33723,11609769,11609774,5
33724,11610228,11610235,7
33725,11610426,11610431,5
33726,11610691,11610694,3
33727,11611781,11611788,7
33728,11612504,11612510,6
33729,11612747,11612750,3
33730,11612750,11612759,9
33731,11612771,11612774,3
33732,11613227,11613235,8
33733,11614030,11614033,3
33734,11614612,11614619,7
33735,11614835,11614843,8
33736,11615233,11615237,4
33737,11615237,11615240,3
33738,11615603,11615607,4
33739,11616021,11616025,4
33740,11616134,11616142,8
33741,11616342,11616348,6
33742,11616922,11616928,6
33743,11616928,11616934,6
33744,11616934,11616940,6
33745,11617392,11617395,3
33746,11617395,11617401,6
33747,11617596,11617605,9
33748,11617760,11617764,4
33749,11618118,11618126,8
33750,11618143,11618154,11
33751,11619585,11619590,5
33752,11619590,11619596,6
33753,11621953,11621959,6
33754,11621959,11621965,6
33755,11621965,11621977,12
33756,11623138,11623143,5
33757,11623479,11623485,6
33758,11623835,11623842,7
33759,11624398,11624403,5
33760,11624846,11624849,3
33761,11625008,11625016,8
33762,11626574,11626585,11
33763,11626830,11626834,4
33764,11627850,11627854,4
33765,11628241,11628247,6
33766,11631190,11631195,5
33767,11632028,11632033,5
33768,11632067,11632072,5
33769,11632304,11632314,10
33770,11632930,11632937,7
33771,11633587,11633623,36
33772,11633623,11633692,69
33773,11633692,11633744,52
33774,11633744,11633774,30
33775,11633774,11633798,24
33776,11633798,11633832,34
33777,11633832,11633921,89
33778,11633921,11633925,4
33779,11633925,11633929,4
33780,11633929,11633983,54
33781,11633983,11633989,6
33782,11633989,11634039,50
33783,11634039,11634077,38
33784,11634077,11634089,12
33785,11634089,11634220,131
33786,11634220,11634245,25
33787,11634245,11634424,179
33788,11634424,11634513,89
33789,11634513,11634538,25
33790,11634538,11634609,71
33791,11634609,11634614,5
33792,11634614,11634651,37
33793,11634651,11634812,161
33794,11634812,11634914,102
33795,11634914,11634943,29
33796,11634943,11635073,130
33797,11635073,11635127,54
33798,11635127,11635148,21
33799,11635148,11635162,14
33800,11635162,11635176,14
33801,11635176,11635268,92
33802,11635268,11635387,119
33803,11635387,11635563,176
33804,11635563,11635642,79
33805,11635642,11635682,40
33806,11635682,11635690,8
33807,11635690,11635863,173
33808,11635863,11635960,97
33809,11635960,11635979,19
33810,11635979,11636032,53
33811,11636032,11636139,107
33812,11636139,11636198,59
33813,11636198,11636209,11
33814,11636362,11636370,8
33815,11636370,11636474,104
33816,11636474,11636485,11
33817,11636485,11636580,95
33818,11636580,11636583,3
33819,11636583,11636606,23
33820,11636606,11636739,133
33821,11636739,11636827,88
33822,11636827,11636850,23
33823,11636850,11636876,26
33824,11636876,11636883,7
33825,11636883,11637114,231
33826,11637114,11637201,87
33827,11637201,11637350,149
33828,11637350,11637378,28
33829,11637378,11637415,37
33830,11637415,11637524,109
33831,11637524,11637546,22
33832,11637546,11637564,18
33833,11637564,11637568,4
33834,11637568,11637630,62
33835,11637630,11637774,144
33836,11637774,11637808,34
33837,11637808,11637927,119
33838,11637927,11637975,48
33839,11637975,11637984,9
33840,11638022,11638029,7
33841,11638029,11638046,17
33842,11638046,11638063,17
33843,11638063,11638088,25
33844,11638088,11638116,28
33845,11638116,11638157,41
33846,11638157,11638298,141
33847,11638298,11638354,56
33848,11638354,11638370,16
33849,11638370,11638507,137
33850,11638507,11638544,37
33851,11638544,11638550,6
33852,11638550,11638556,6
33853,11638556,11638565,9
33854,11638565,11638675,110
33855,11638675,11638793,118
33856,11638793,11638808,15
33857,11638808,11638934,126
33858,11638934,11638982,48
33859,11638982,11639054,72
33860,11639054,11639131,77
33861,11639131,11639153,22
33862,11639153,11639209,56
33863,11639209,11639245,36
33864,11639245,11639394,149
33865,11639394,11639427,33
33866,11639427,11639446,19
33867,11639446,11639478,32
33868,11639478,11639553,75
33869,11639553,11639576,23
33870,11639576,11639715,139
33871,11639715,11639904,189
33872,11639904,11639962,58
33873,11639962,11640026,64
33874,11640026,11640170,144
33875,11640170,11640206,36
33876,11640206,11640275,69
33877,11640275,11640327,52
33878,11640327,11640357,30
33879,11640357,11640381,24
33880,11640381,11640415,34
33881,11640750,11640754,4
33882,11640754,11640760,6
33883,11641426,11641430,4
33884,11641430,11641434,4
33885,11641434,11641438,4
33886,11641888,11641893,5
33887,11642119,11642124,5
33888,11642223,11642226,3
33889,11642226,11642229,3
33890,11642229,11642232,3
33891,11642232,11642235,3
33892,11642235,11642238,3
33893,11642238,11642241,3
33894,11642241,11642244,3
33895,11642244,11642247,3
33896,11642634,11642642,8
33897,11642642,11642646,4
33898,11642657,11642663,6
33899,11642663,11642667,4
33900,11642744,11642748,4
33901,11643088,11643092,4
33902,11643641,11643645,4
33903,11646004,11646158,154
33904,11646313,11646467,154
33905,11646467,11646621,154
33906,11646845,11646859,14
33907,11646859,11646878,19
33908,11647242,11647396,154
33909,11647892,11647933,41
33910,11647933,11647953,20
33911,11647953,11647964,11
33912,11647964,11647976,12
33913,11647976,11648064,88
33914,11648064,11648075,11
33915,11648113,11648218,105
33916,11648218,11648246,28
33917,11648457,11648461,4
33918,11649136,11649139,3
33919,11649315,11649318,3
33920,11650076,11650082,6
33921,11650299,11650304,5
33922,11650889,11650897,8
33923,11654813,11654825,12
33924,11655047,11655073,26
33925,11657376,11657383,7
33926,11657669,11657675,6
33927,11658036,11658042,6
33928,11658148,11658157,9
33929,11658157,11658165,8
33930,11658165,11658175,10
33931,11660986,11660996,10
33932,11661595,11661604,9
33933,11662133,11662279,146
33934,11662279,11662291,12
33935,11662291,11662295,4
33936,11662295,11662366,71
33937,11662535,11662681,146
33938,11662681,11662693,12
33939,11662693,11662697,4
33940,11662697,11662768,71
33941,11664736,11664744,8
33942,11664867,11664872,5
33943,11664985,11664992,7
33944,11665036,11665043,7
33945,11666244,11666248,4
33946,11666443,11666448,5
33947,11667920,11667924,4
33948,11668360,11668369,9
33949,11668473,11668483,10
33950,11668483,11668488,5
33951,11669635,11669644,9
33952,11669910,11669914,4
33953,11669914,11669919,5
33954,11669919,11669923,4
33955,11669923,11669926,3
33956,11670649,11670659,10
33957,11670673,11670681,8
33958,11670709,11670715,6
33959,11670868,11670876,8
33960,11671386,11671392,6
33961,11671537,11671540,3
33962,11671925,11671931,6
33963,11672177,11672184,7
33964,11672632,11672635,3
33965,11673279,11673284,5
33966,11673963,11673972,9
33967,11673972,11673976,4
33968,11674052,11674055,3
33969,11674279,11674288,9
33970,11674392,11674400,8
33971,11674731,11674736,5
33972,11674800,11674803,3
33973,11677781,11677787,6
33974,11678042,11678045,3
33975,11678324,11678327,3
33976,11678327,11678333,6
33977,11678643,11678648,5
33978,11678852,11678859,7
33979,11679210,11679213,3
33980,11681578,11681583,5
33981,11681952,11681960,8
33982,11682421,11682427,6
33983,11683269,11683279,10
33984,11683522,11683528,6
33985,11683528,11683537,9
33986,11684895,11684902,7
33987,11684920,11684927,7
33988,11685252,11685261,9
33989,11685371,11685376,5
33990,11685422,11685426,4
33991,11685891,11685896,5
33992,11686070,11686079,9
33993,11686762,11686771,9
33994,11687664,11687669,5
33995,11687669,11687676,7
33996,11687846,11687851,5
33997,11687851,11687856,5
33998,11689121,11689129,8
33999,11689165,11689172,7
34000,11689688,11689691,3
34001,11690134,11690137,3
34002,11690370,11690376,6
34003,11690650,11690657,7
34004,11691107,11691110,3
34005,11691452,11691460,8
34006,11691460,11691468,8
34007,11691468,11691476,8
34008,11691809,11691817,8
34009,11691817,11691822,5
34010,11691822,11691829,7
34011,11691839,11691845,6
34012,11691874,11691883,9
34013,11691933,11691936,3
34014,11691936,11691940,4
34015,11691961,11691965,4
34016,11692286,11692293,7
34017,11693857,11693860,3
34018,11694213,11694218,5
34019,11694525,11694534,9
34020,11694534,11694539,5
34021,11695065,11695069,4
34022,11695371,11695380,9
34023,11696321,11696327,6
34024,11696466,11696469,3
34025,11696976,11696983,7
34026,11696983,11696988,5
34027,11697312,11697321,9
34028,11697542,11697549,7
34029,11698042,11698052,10
34030,11698487,11698491,4
34031,11698501,11698510,9
34032,11698510,11698515,5
34033,11698793,11698800,7
34034,11699016,11699022,6
34035,11699522,11699531,9
34036,11699531,11699540,9
34037,11699540,11699549,9
34038,11699856,11699861,5
34039,11699877,11699881,4
34040,11700010,11700019,9
34041,11700240,11700248,8
34042,11700248,11700256,8
34043,11700256,11700263,7
34044,11701741,11701748,7
34045,11701748,11701756,8
34046,11701756,11701760,4
34047,11701776,11701780,4
34048,11701995,11701998,3
34049,11702147,11702155,8
34050,11702422,11702425,3
34051,11702552,11702556,4
34052,11703187,11703191,4
34053,11704191,11704199,8
34054,11704199,11704204,5
34055,11704204,11704208,4
34056,11704501,11704508,7
34057,11704558,11704562,4
34058,11704935,11704942,7
34059,11705218,11705226,8
34060,11705754,11705761,7
34061,11706876,11706880,4
34062,11706880,11706889,9
34063,11706889,11706895,6
34064,11706946,11706951,5
34065,11706951,11706959,8
34066,11706959,11706963,4
34067,11707262,11707277,15
34068,11707340,11707343,3
34069,11708049,11708057,8
34070,11708291,11708300,9
34071,11709022,11709026,4
34072,11709697,11709705,8
34073,11710020,11710028,8
34074,11710112,11710115,3
34075,11710115,11710123,8
34076,11711029,11711036,7
34077,11711036,11711041,5
34078,11711041,11711050,9
34079,11711118,11711124,6
34080,11711142,11711147,5
34081,11711988,11711994,6
34082,11712190,11712193,3
34083,11713572,11713578,6
34084,11714011,11714015,4
34085,11716264,11716267,3
34086,11716419,11716426,7
34087,11716426,11716432,6
34088,11716808,11716811,3
34089,11716942,11716945,3
34090,11717912,11717920,8
34091,11718145,11718148,3
34092,11718246,11718254,8
34093,11718968,11718975,7
34094,11718975,11718986,11
34095,11719785,11719788,3
34096,11720103,11720109,6
34097,11720190,11720197,7
34098,11721197,11721200,3
34099,11721200,11721204,4
34100,11721524,11721528,4
34101,11722112,11722119,7
34102,11722209,11722213,4
34103,11723131,11723135,4
34104,11723528,11723536,8
34105,11723536,11723544,8
34106,11723544,11723552,8
34107,11724408,11724415,7
34108,11724415,11724425,10
34109,11724602,11724605,3
34110,11724854,11724860,6
34111,11725416,11725423,7
34112,11725479,11725482,3
34113,11725720,11725727,7
34114,11725755,11725762,7
34115,11725762,11725769,7
34116,11725859,11725864,5
34117,11725864,11725869,5
34118,11725869,11725874,5
34119,11727121,11727127,6
34120,11727127,11727133,6
34121,11727133,11727139,6
34122,11728634,11728640,6
34123,11728653,11728661,8
34124,11728706,11728712,6
34125,11728818,11728823,5
34126,11728838,11728847,9
34127,11729016,11729027,11
34128,11730787,11730792,5
34129,11731289,11731298,9
34130,11731340,11731346,6
34131,11731557,11731562,5
34132,11731562,11731567,5
34133,11732126,11732132,6
34134,11732142,11732147,5
34135,11732382,11732386,4
34136,11733211,11733217,6
34137,11733753,11733764,11
34138,11733764,11733774,10
34139,11733994,11734002,8
34140,11734002,11734012,10
34141,11734553,11734559,6
34142,11734645,11734652,7
34143,11735354,11735357,3
34144,11735384,11735393,9
34145,11735749,11735754,5
34146,11736335,11736339,4
34147,11737092,11737100,8
34148,11737100,11737108,8
34149,11737482,11737492,10
34150,11737492,11737556,64
34151,11737556,11737609,53
34152,11737609,11737656,47
34153,11737656,11737839,183
34154,11737839,11737842,3
34155,11737842,11737858,16
34156,11737858,11737912,54
34157,11737912,11738176,264
34158,11738176,11738303,127
34159,11738303,11738352,49
34160,11738352,11738356,4
34161,11738356,11738397,41
34162,11738397,11738521,124
34163,11738521,11738525,4
34164,11738525,11738543,18
34165,11738543,11738549,6
34166,11738549,11738659,110
34167,11738659,11738790,131
34168,11738790,11738973,183
34169,11738973,11738997,24
34170,11738997,11739051,54
34171,11739051,11739200,149
34172,11739200,11739271,71
34173,11739271,11739347,76
34174,11739347,11739494,147
34175,11739494,11739545,51
34176,11739545,11739648,103
34177,11739648,11739686,38
34178,11739686,11739866,180
34179,11739866,11739907,41
34180,11739907,11739924,17
34181,11739924,11739936,12
34182,11739936,11739953,17
34183,11739953,11739992,39
34184,11739992,11740014,22
34185,11740014,11740064,50
34186,11740064,11740159,95
34187,11740159,11740301,142
34188,11740301,11740516,215
34189,11740516,11740527,11
34190,11740527,11740567,40
34191,11740567,11740629,62
34192,11740629,11741058,429
34193,11741058,11741065,7
34194,11741065,11741071,6
34195,11741071,11741078,7
34196,11741078,11741083,5
34197,11741083,11741124,41
34198,11741124,11741265,141
34199,11741265,11741401,136
34200,11741401,11741503,102
34201,11741503,11741636,133
34202,11741636,11741763,127
34203,11741763,11742002,239
34204,11742002,11742195,193
34205,11742195,11742201,6
34206,11742201,11742204,3
34207,11742204,11742207,3
34208,11742207,11742268,61
34209,11742268,11742386,118
34210,11742386,11742462,76
34211,11742462,11742531,69
34212,11742531,11742572,41
34213,11742572,11742661,89
34214,11742661,11742687,26
34215,11742687,11742728,41
34216,11742728,11742735,7
34217,11742735,11742750,15
34218,11742750,11742761,11
34219,11742761,11742920,159
34220,11742920,11742933,13
34221,11742933,11742945,12
34222,11742945,11742961,16
34223,11742961,11742997,36
34224,11742997,11743054,57
34225,11743054,11743111,57
34226,11743111,11743293,182
34227,11743293,11743356,63
34228,11743356,11743368,12
34229,11743368,11743425,57
34230,11743425,11743455,30
34231,11743455,11743519,64
34232,11743519,11743539,20
34233,11743539,11743556,17
34234,11743556,11743562,6
34235,11743562,11743570,8
34236,11743570,11743595,25
34237,11743595,11743601,6
34238,11743601,11743608,7
34239,11743701,11743717,16
34240,11743717,11743798,81
34241,11743798,11743843,45
34242,11743843,11743864,21
34243,11743864,11743872,8
34244,11743872,11743895,23
34245,11743895,11743946,51
34246,11743946,11743951,5
34247,11743951,11743979,28
34248,11743979,11744040,61
34249,11744040,11744220,180
34250,11744906,11744994,88
34251,11744994,11745062,68
34252,11745062,11745075,13
34253,11745075,11745105,30
34254,11745105,11745116,11
34255,11745116,11745339,223
34256,11745339,11745369,30
34257,11745369,11745420,51
34258,11745420,11745428,8
34259,11745608,11745627,19
34260,11745627,11745642,15
34261,11745642,11745687,45
34262,11745687,11745817,130
34263,11745817,11745846,29
34264,11745846,11745867,21
34265,11745867,11745923,56
34266,11745923,11745972,49
34267,11745972,11745978,6
34268,11745978,11746080,102
34269,11746080,11746157,77
34270,11746157,11746292,135
34271,11746292,11746303,11
34272,11746303,11746460,157
34273,11746460,11746508,48
34274,11746508,11746512,4
34275,11746512,11746556,44
34276,11746556,11746649,93
34277,11746649,11746727,78
34278,11746727,11746737,10
34279,11746737,11746776,39
34280,11746776,11746800,24
34281,11746800,11746884,84
34282,11746884,11746895,11
34283,11746895,11746906,11
34284,11746906,11746968,62
34285,11746968,11747001,33
34286,11747001,11747004,3
34287,11747004,11747055,51
34288,11747055,11747061,6
34289,11747061,11747068,7
34290,11747068,11747097,29
34291,11747097,11747112,15
34292,11747112,11747129,17
34293,11747129,11747217,88
34294,11747217,11747231,14
34295,11747231,11747244,13
34296,11747244,11747279,35
34297,11747279,11747286,7
34298,11747286,11747322,36
34299,11747322,11747394,72
34300,11747394,11747459,65
34301,11747459,11747481,22
34302,11747481,11747490,9
34303,11747490,11747613,123
34304,11747613,11747622,9
34305,11747622,11747664,42
34306,11747664,11747676,12
34307,11747676,11747697,21
34308,11747697,11747758,61
34309,11747758,11747777,19
34310,11747777,11747895,118
34311,11747895,11747925,30
34312,11747925,11747982,57
34313,11747982,11747992,10
34314,11747992,11748044,52
34315,11748044,11748063,19
34316,11748063,11748084,21
34317,11748084,11748152,68
34318,11748152,11748182,30
34319,11748182,11748190,8
34320,11748190,11748367,177
34321,11748367,11748389,22
34322,11748389,11748405,16
34323,11748405,11748413,8
34324,11748413,11748428,15
34325,11748428,11748449,21
34326,11748449,11748474,25
34327,11748474,11748525,51
34328,11748525,11748537,12
34329,11748537,11748558,21
34330,11748558,11748572,14
34331,11748572,11748582,10
34332,11748582,11748693,111
34333,11748693,11748696,3
34334,11748696,11748769,73
34335,11748769,11748779,10
34336,11748779,11748827,48
34337,11748827,11748887,60
34338,11748887,11748963,76
34339,11748963,11748988,25
34340,11748988,11749100,112
34341,11749100,11749139,39
34342,11749139,11749256,117
34343,11749256,11749287,31
34344,11749287,11749348,61
34345,11749348,11749407,59
34346,11749407,11749444,37
34347,11749444,11749524,80
34348,11749524,11749562,38
34349,11749562,11749589,27
34350,11749589,11749593,4
34351,11749818,11749826,8
34352,11749826,11749908,82
34353,11749908,11749913,5
34354,11749913,11749961,48
34355,11749961,11749965,4
34356,11749965,11750067,102
34357,11750067,11750081,14
34358,11750081,11750100,19
34359,11750100,11750247,147
34360,11750247,11750304,57
34361,11750304,11750396,92
34362,11750396,11750406,10
34363,11750406,11750452,46
34364,11750452,11750502,50
34365,11750502,11750536,34
34366,11750536,11750561,25
34367,11750750,11750760,10
34368,11750760,11750824,64
34369,11750824,11750877,53
34370,11750877,11750924,47
34371,11750924,11751107,183
34372,11751107,11751110,3
34373,11751110,11751126,16
34374,11751126,11751180,54
34375,11751180,11751444,264
34376,11751444,11751571,127
34377,11751571,11751620,49
34378,11751620,11751624,4
34379,11751624,11751665,41
34380,11751665,11751789,124
34381,11751789,11751793,4
34382,11751793,11751811,18
34383,11751811,11751817,6
34384,11751817,11751927,110
34385,11751927,11752058,131
34386,11752058,11752241,183
34387,11752241,11752265,24
34388,11752265,11752319,54
34389,11752319,11752468,149
34390,11752468,11752539,71
34391,11752539,11752615,76
34392,11752615,11752762,147
34393,11752762,11752813,51
34394,11752813,11752916,103
34395,11752916,11752954,38
34396,11752954,11753134,180
34397,11753134,11753175,41
34398,11753175,11753192,17
34399,11753192,11753204,12
34400,11753204,11753221,17
34401,11753221,11753260,39
34402,11753260,11753282,22
34403,11753282,11753332,50
34404,11753332,11753427,95
34405,11753427,11753569,142
34406,11753569,11753784,215
34407,11753784,11753795,11
34408,11753795,11753835,40
34409,11753835,11753897,62
34410,11753897,11754326,429
34411,11754326,11754333,7
34412,11754333,11754339,6
34413,11754339,11754346,7
34414,11754346,11754351,5
34415,11754351,11754392,41
34416,11754392,11754533,141
34417,11754533,11754669,136
34418,11754669,11754771,102
34419,11754771,11754904,133
34420,11754904,11755031,127
34421,11755031,11755270,239
34422,11755270,11755463,193
34423,11755463,11755469,6
34424,11755469,11755472,3
34425,11755472,11755475,3
34426,11755475,11755536,61
34427,11755536,11755654,118
34428,11755654,11755730,76
34429,11755730,11755799,69
34430,11755799,11755840,41
34431,11755840,11755929,89
34432,11755929,11755955,26
34433,11755955,11755996,41
34434,11755996,11756003,7
34435,11756003,11756018,15
34436,11756018,11756029,11
34437,11756029,11756188,159
34438,11756188,11756201,13
34439,11756201,11756213,12
34440,11756213,11756229,16
34441,11756229,11756265,36
34442,11756265,11756322,57
34443,11756322,11756379,57
34444,11756379,11756561,182
34445,11756561,11756624,63
34446,11756624,11756636,12
34447,11756636,11756693,57
34448,11756693,11756723,30
34449,11756723,11756787,64
34450,11756787,11756807,20
34451,11756807,11756824,17
34452,11756824,11756830,6
34453,11756830,11756838,8
34454,11756838,11756863,25
34455,11756863,11756869,6
34456,11756869,11756876,7
34457,11758098,11758103,5
34458,11758329,11758332,3
34459,11758509,11758516,7
34460,11758542,11758548,6
34461,11758548,11758555,7
34462,11758699,11758707,8
34463,11759612,11759617,5
34464,11759752,11759757,5
34465,11759798,11759806,8
34466,11760386,11760394,8
34467,11761085,11761089,4
34468,11761089,11761093,4
34469,11761093,11761097,4
34470,11761655,11761661,6
34471,11762150,11762153,3
34472,11762153,11762156,3
34473,11762156,11762159,3
34474,11762159,11762162,3
34475,11762162,11762168,6
34476,11762555,11762563,8
34477,11762940,11762947,7
34478,11763174,11763179,5
34479,11763787,11763790,3
34480,11764856,11764859,3
34481,11764859,11764862,3
34482,11765408,11765414,6
34483,11765482,11765493,11
34484,11765493,11765502,9
34485,11765566,11765571,5
34486,11765725,11765730,5
34487,11765730,11765739,9
34488,11765739,11765749,10
34489,11766406,11766419,13
34490,11766419,11766428,9
34491,11766802,11766808,6
34492,11766867,11766873,6
34493,11766997,11767003,6
34494,11767207,11767211,4
34495,11767266,11767269,3
34496,11767762,11767771,9
34497,11767771,11767783,12
34498,11767783,11767789,6
34499,11767948,11767954,6
34500,11768011,11768020,9
34501,11768595,11768601,6
34502,11768601,11768607,6
34503,11768839,11768846,7
34504,11768846,11768855,9
34505,11769488,11769498,10
34506,11770214,11770222,8
34507,11770222,11770226,4
34508,11771148,11771157,9
34509,11771325,11771328,3
34510,11771544,11771550,6
34511,11771827,11771836,9
34512,11772030,11772036,6
34513,11772036,11772039,3
34514,11773082,11773085,3
34515,11773561,11773567,6
34516,11773608,11773611,3
34517,11773646,11773651,5
34518,11773662,11773671,9
34519,11774015,11774020,5
34520,11774247,11774250,3
34521,11774337,11774343,6
34522,11774537,11774542,5
34523,11775371,11775378,7
34524,11775469,11775472,3
34525,11777091,11777094,3
34526,11777094,11777098,4
34527,11777853,11777863,10
34528,11778058,11778065,7
34529,11778065,11778073,8
34530,11778219,11778222,3
34531,11778304,11778313,9
34532,11778710,11778714,4
34533,11780145,11780148,3
34534,11780322,11780338,16
34535,11780503,11780506,3
34536,11780574,11780580,6
34537,11780680,11780696,16
34538,11780861,11780864,3
34539,11780864,11780932,68
34540,11780932,11780938,6
34541,11781012,11781038,26
34542,11781038,11781054,16
34543,11781211,11781214,3
34544,11781281,11781287,6
34545,11781361,11781387,26
34546,11781387,11781403,16
34547,11781568,11781571,3
34548,11781571,11781639,68
34549,11781639,11781645,6
34550,11781719,11781727,8
34551,11782041,11782044,3
34552,11784075,11784080,5
34553,11784080,11784085,5
34554,11784085,11784095,10
34555,11784095,11784105,10
34556,11784105,11784115,10
34557,11784322,11784330,8
34558,11784330,11784334,4
34559,11784334,11784338,4
34560,11784547,11784555,8
34561,11784771,11784781,10
34562,11785341,11785344,3
34563,11785815,11785820,5
34564,11786605,11786611,6
34565,11786775,11786779,4
34566,11786779,11786783,4
34567,11786783,11786786,3
34568,11789201,11789207,6
34569,11789467,11789472,5
34570,11791059,11791065,6
34571,11791131,11791134,3
34572,11791810,11791814,4
34573,11792493,11792501,8
34574,11792576,11792585,9
34575,11793732,11793741,9
34576,11794176,11794183,7
34577,11794680,11794687,7
34578,11794687,11794693,6
34579,11794693,11794697,4
34580,11794739,11794748,9
34581,11795551,11795562,11
34582,11795575,11795579,4
34583,11796033,11796039,6
34584,11796912,11796918,6
34585,11796931,11796937,6
34586,11797759,11797763,4
34587,11798161,11798168,7
34588,11799814,11799823,9
34589,11799823,11799829,6
34590,11799947,11799952,5
34591,11799952,11799957,5
34592,11800126,11800132,6
34593,11800132,11800138,6
34594,11800698,11800704,6
34595,11801448,11801451,3
34596,11801451,11801454,3
34597,11801954,11801962,8
34598,11802390,11802398,8
34599,11802746,11802758,12
34600,11802957,11802965,8
34601,11802965,11802969,4
34602,11803005,11803011,6
34603,11803415,11803419,4
34604,11803651,11803662,11
34605,11803782,11803790,8
34606,11803986,11803989,3
34607,11804411,11804421,10
34608,11804421,11804424,3
34609,11804831,11804837,6
34610,11805190,11805204,14
34611,11805312,11805317,5
34612,11807313,11807321,8
34613,11808223,11808226,3
34614,11808269,11808279,10
34615,11808812,11808815,3
34616,11808855,11808862,7
34617,11810106,11810110,4
34618,11810795,11810798,3
34619,11810875,11810879,4
34620,11810904,11810911,7
34621,11811248,11811257,9
34622,11812393,11812398,5
34623,11813138,11813143,5
34624,11813143,11813148,5
34625,11813266,11813270,4
34626,11813293,11813296,3
34627,11813530,11813533,3
34628,11813782,11813788,6
34629,11814067,11814072,5
34630,11814120,11814124,4
34631,11814237,11814241,4
34632,11814325,11814332,7
34633,11814893,11814900,7
34634,11815181,11815187,6
34635,11815293,11815300,7
34636,11815767,11815772,5
34637,11815907,11815911,4
34638,11821331,11821337,6
34639,11821737,11821740,3
34640,11822249,11822255,6
34641,11822456,11822463,7
34642,11822651,11822657,6
34643,11823762,11823766,4
34644,11823766,11823770,4
34645,11824589,11824598,9
34646,11824704,11824707,3
34647,11824875,11824880,5
34648,11826171,11826178,7
34649,11826241,11826245,4
34650,11826288,11826295,7
34651,11826468,11826475,7
34652,11826889,11826893,4
34653,11826917,11826923,6
34654,11826956,11826965,9
34655,11827053,11827057,4
34656,11827204,11827211,7
34657,11827284,11827291,7
34658,11827452,11827458,6
34659,11827500,11827506,6
34660,11827506,11827509,3
34661,11827519,11827522,3
34662,11827522,11827527,5
34663,11827527,11827533,6
34664,11827533,11827539,6
34665,11827539,11827542,3
34666,11828687,11828696,9
34667,11829909,11829917,8
34668,11830539,11830545,6
34669,11830680,11830688,8
34670,11833269,11833275,6
34671,11833292,11833295,3
34672,11833305,11833313,8
34673,11834410,11834414,4
34674,11834471,11834478,7
34675,11834729,11834738,9
34676,11835215,11835218,3
34677,11835218,11835221,3
34678,11835553,11835560,7
34679,11835629,11835634,5
34680,11835762,11835767,5
34681,11836600,11836603,3
34682,11837010,11837015,5
34683,11837534,11837539,5
34684,11837574,11837580,6
34685,11837747,11837750,3
34686,11837819,11837822,3
34687,11837912,11837930,18
34688,11837930,11837948,18
34689,11838876,11838880,4
34690,11838942,11838946,4
34691,11838946,11838951,5
34692,11840468,11840472,4
34693,11840485,11840488,3
34694,11840801,11840807,6
34695,11840807,11840815,8
34696,11840815,11840819,4
34697,11841052,11841058,6
34698,11841177,11841182,5
34699,11841277,11841285,8
34700,11841361,11841365,4
34701,11842471,11842478,7
34702,11842717,11842722,5
34703,11842901,11842904,3
34704,11842904,11842909,5
34705,11842909,11842913,4
34706,11843600,11843603,3
34707,11843624,11843627,3
34708,11844896,11844902,6
34709,11845121,11845128,7
34710,11845671,11845676,5
34711,11845964,11845968,4
34712,11846089,11846096,7
34713,11846374,11846382,8
34714,11846382,11846394,12
34715,11846560,11846566,6
34716,11846880,11846886,6
34717,11846904,11846910,6
34718,11847031,11847037,6
34719,11847459,11847464,5
34720,11847708,11847714,6
34721,11848092,11848100,8
34722,11848947,11848953,6
34723,11849333,11849340,7
34724,11849555,11849563,8
34725,11849805,11849812,7
34726,11849812,11849819,7
34727,11849966,11849974,8
34728,11849974,11849978,4
34729,11850253,11850261,8
34730,11850840,11850845,5
34731,11850845,11850849,4
34732,11850908,11850914,6
34733,11851192,11851204,12
34734,11851707,11851713,6
34735,11851757,11851763,6
34736,11851802,11851805,3
34737,11852898,11852903,5
34738,11854519,11854531,12
34739,11854715,11854719,4
34740,11854759,11854765,6
34741,11854765,11854772,7
34742,11854821,11854830,9
34743,11855545,11855555,10
34744,11855594,11855603,9
34745,11855777,11855788,11
34746,11858730,11858735,5
34747,11858844,11858848,4
34748,11858848,11858854,6
34749,11858981,11858985,4
34750,11859910,11859915,5
34751,11860289,11860298,9
34752,11860702,11860712,10
34753,11860712,11860715,3
34754,11861139,11861147,8
34755,11861147,11861153,6
34756,11861645,11861653,8
34757,11861703,11861708,5
34758,11861759,11861768,9
34759,11862394,11862399,5
34760,11862663,11862670,7
34761,11863143,11863152,9
34762,11864128,11864137,9
34763,11864273,11864278,5
34764,11864725,11864729,4
34765,11865598,11865607,9
34766,11865974,11865979,5
34767,11866504,11866509,5
34768,11868336,11868345,9
34769,11869041,11869048,7
34770,11869529,11869532,3
34771,11871675,11871680,5
34772,11871834,11871840,6
34773,11871931,11871935,4
34774,11872291,11872294,3
34775,11872551,11872556,5
34776,11872556,11872566,10
34777,11873376,11873382,6
34778,11873459,11873465,6
34779,11874108,11874114,6
34780,11874730,11874737,7
34781,11875126,11875134,8
34782,11875551,11875556,5
34783,11875613,11875620,7
34784,11875620,11875630,10
34785,11876118,11876121,3
34786,11876181,11876184,3
34787,11876353,11876360,7
34788,11876374,11876381,7
34789,11876381,11876386,5
34790,11876802,11876807,5
34791,11876849,11876855,6
34792,11876905,11876913,8
34793,11876937,11876947,10
34794,11876973,11876979,6
34795,11876979,11876985,6
34796,11876985,11876991,6
34797,11877729,11877732,3
34798,11878020,11878024,4
34799,11878206,11878210,4
34800,11878415,11878418,3
34801,11878418,11878425,7
34802,11878611,11878619,8
34803,11878768,11878775,7
34804,11879055,11879061,6
34805,11879117,11879123,6
34806,11879820,11879827,7
34807,11880253,11880256,3
34808,11880423,11880430,7
34809,11881132,11881137,5
34810,11881249,11881255,6
34811,11881380,11881388,8
34812,11881443,11881446,3
34813,11881526,11881530,4
34814,11881641,11881646,5
34815,11881728,11881734,6
34816,11882343,11882352,9
34817,11882647,11882653,6
34818,11882863,11882872,9
34819,11882892,11882900,8
34820,11882900,11882905,5
34821,11882957,11882961,4
34822,11883590,11883597,7
34823,11883673,11883678,5
34824,11883678,11883684,6
34825,11883684,11883689,5
34826,11883861,11883869,8
34827,11884281,11884290,9
34828,11884290,11884293,3
34829,11884293,11884303,10
34830,11884484,11884494,10
34831,11884494,11884502,8
34832,11884527,11884530,3
34833,11884530,11884533,3
34834,11884533,11884536,3
34835,11884873,11884877,4
34836,11884877,11884884,7
34837,11884910,11884919,9
34838,11884919,11884928,9
34839,11886166,11886172,6
34840,11886172,11886176,4
34841,11886268,11886274,6
34842,11886321,11886327,6
34843,11886680,11886686,6
34844,11886686,11886692,6
34845,11886692,11886695,3
34846,11886695,11886701,6
34847,11886701,11886704,3
34848,11886704,11886707,3
34849,11886728,11886731,3
34850,11886731,11886734,3
34851,11886734,11886737,3
34852,11886737,11886740,3
34853,11887764,11887770,6
34854,11887848,11887854,6
34855,11888020,11888026,6
34856,11889081,11889087,6
34857,11889396,11889423,27
34858,11889466,11889643,177
34859,11889643,11889756,113
34860,11889756,11889762,6
34861,11889762,11889826,64
34862,11889826,11890003,177
34863,11890003,11890116,113
34864,11890116,11890122,6
34865,11890186,11890363,177
34866,11890363,11890476,113
34867,11890476,11890482,6
34868,11890482,11890546,64
34869,11890546,11890723,177
34870,11890723,11890836,113
34871,11890836,11890842,6
34872,11890842,11890906,64
34873,11890906,11891083,177
34874,11891196,11891202,6
34875,11891266,11891278,12
34876,11891560,11891566,6
34877,11891566,11891630,64
34878,11893084,11893088,4
34879,11893669,11893675,6
34880,11893816,11893823,7
34881,11893945,11893950,5
34882,11894751,11894760,9
34883,11894787,11894795,8
34884,11895243,11895251,8
34885,11895717,11895729,12
34886,11897701,11897704,3
34887,11898855,11898864,9
34888,11898864,11898870,6
34889,11898974,11898979,5
34890,11900176,11900182,6
34891,11900922,11900930,8
34892,11901152,11901155,3
34893,11902296,11902299,3
34894,11902395,11902401,6
34895,11902440,11902446,6
34896,11902530,11902533,3
34897,11903001,11903007,6
34898,11903618,11903622,4
34899,11904440,11904447,7
34900,11904447,11904450,3
34901,11904527,11904534,7
34902,11904617,11904626,9
34903,11904962,11904968,6
34904,11904968,11904973,5
34905,11905116,11905119,3
34906,11905961,11905967,6
34907,11905967,11905971,4
34908,11906262,11906278,16
34909,11906278,11906284,6
34910,11906840,11906846,6
34911,11908014,11908019,5
34912,11908736,11908741,5
34913,11908763,11908770,7
34914,11908788,11908793,5
34915,11909009,11909012,3
34916,11909355,11909364,9
34917,11909484,11909487,3
34918,11909580,11909586,6
34919,11909934,11909943,9
34920,11910076,11910079,3
34921,11910356,11910365,9
34922,11910572,11910582,10
34923,11910657,11910666,9
34924,11910822,11910829,7
34925,11910936,11910945,9
34926,11910945,11910948,3
34927,11910948,11910957,9
34928,11910957,11910963,6
34929,11911045,11911055,10
34930,11911132,11911135,3
34931,11912133,11912137,4
34932,11912997,11913005,8
34933,11913005,11913013,8
34934,11913013,11913021,8
34935,11913021,11913029,8
34936,11913180,11913188,8
34937,11913188,11913195,7
34938,11913195,11913203,8
34939,11913203,11913207,4
34940,11913226,11913236,10
34941,11913457,11913464,7
34942,11913811,11913817,6
34943,11913845,11913851,6
34944,11914313,11914318,5
34945,11916166,11916172,6
34946,11916241,11916246,5
34947,11916557,11916560,3
34948,11916679,11916688,9
34949,11917102,11917109,7
34950,11917456,11917459,3
34951,11917904,11917909,5
34952,11918201,11918206,5
34953,11918381,11918389,8
34954,11918410,11918418,8
34955,11918746,11918762,16
34956,11918762,11918769,7
34957,11919014,11919022,8
34958,11919125,11919148,23
34959,11919148,11919192,44
34960,11919212,11919217,5
34961,11919635,11919657,22
34962,11919667,11919683,16
34963,11919928,11919934,6
34964,11920004,11920027,23
34965,11920027,11920071,44
34966,11920092,11920097,5
34967,11920520,11920542,22
34968,11920542,11920568,26
34969,11922156,11922162,6
34970,11922174,11922181,7
34971,11922292,11922302,10
34972,11922325,11922328,3
34973,11922667,11922676,9
34974,11924277,11924285,8
34975,11924467,11924471,4
34976,11924581,11924592,11
34977,11924811,11924819,8
34978,11925311,11925314,3
34979,11925868,11925872,4
34980,11926471,11926480,9
34981,11926726,11926734,8
34982,11926802,11926805,3
34983,11926946,11926951,5
34984,11927083,11927092,9
34985,11927129,11927135,6
34986,11927393,11927398,5
34987,11927465,11927469,4
34988,11927514,11927525,11
34989,11927575,11927583,8
34990,11927858,11927867,9
34991,11928244,11928251,7
34992,11929407,11929416,9
34993,11929807,11929814,7
34994,11929917,11929920,3
34995,11930417,11930423,6
34996,11930423,11930428,5
34997,11931141,11931149,8
34998,11932536,11932543,7
34999,11934086,11934093,7
35000,11934230,11934237,7
35001,11934846,11934852,6
35002,11935176,11935183,7
35003,11935353,11935359,6
35004,11935747,11935754,7
35005,11936002,11936007,5
35006,11936007,11936016,9
35007,11936016,11936024,8
35008,11936357,11936363,6
35009,11936375,11936381,6
35010,11936658,11936665,7
35011,11936665,11936674,9
35012,11936674,11936678,4
35013,11937036,11937041,5
35014,11937198,11937205,7
35015,11937310,11937321,11
35016,11937321,11937329,8
35017,11937556,11937559,3
35018,11937619,11937625,6
35019,11937625,11937630,5
35020,11937666,11937670,4
35021,11937711,11937715,4
35022,11937715,11937720,5
35023,11937720,11937724,4
35024,11938348,11938353,5
35025,11938485,11938492,7
35026,11938577,11938585,8
35027,11938585,11938589,4
35028,11938589,11938593,4
35029,11938593,11938597,4
35030,11938597,11938601,4
35031,11938601,11938605,4
35032,11938605,11938609,4
35033,11938609,11938613,4
35034,11938754,11938761,7
35035,11938869,11938876,7
35036,11938985,11938991,6
35037,11939299,11939306,7
35038,11939563,11939571,8
35039,11939785,11939793,8
35040,11939932,11939939,7
35041,11940011,11940019,8
35042,11940173,11940179,6
35043,11940605,11940614,9
35044,11941010,11941019,9
35045,11943353,11943361,8
35046,11943361,11943371,10
35047,11943702,11943705,3
35048,11943705,11943708,3
35049,11943739,11943742,3
35050,11943742,11943750,8
35051,11944045,11944053,8
35052,11944053,11944061,8
35053,11944267,11944274,7
35054,11945331,11945336,5
35055,11946458,11946462,4
35056,11946711,11946718,7
35057,11946882,11946892,10
35058,11947286,11947293,7
35059,11948081,11948087,6
35060,11948296,11948300,4
35061,11948300,11948304,4
35062,11948783,11948792,9
35063,11948838,11948846,8
35064,11948846,11948855,9
35065,11949064,11949072,8
35066,11949569,11949578,9
35067,11950247,11950251,4
35068,11950251,11950255,4
35069,11950255,11950259,4
35070,11950422,11950427,5
35071,11950576,11950585,9
35072,11950825,11950830,5
35073,11950869,11950873,4
35074,11951042,11951048,6
35075,11951048,11951051,3
35076,11951795,11951803,8
35077,11951946,11951955,9
35078,11952231,11952237,6
35079,11952324,11952330,6
35080,11952509,11952515,6
35081,11952532,11952537,5
35082,11952740,11952743,3
35083,11953023,11953028,5
35084,11953184,11953191,7
35085,11953418,11953422,4
35086,11953422,11953425,3
35087,11953475,11953479,4
35088,11954510,11954515,5
35089,11956080,11956087,7
35090,11956087,11956094,7
35091,11956345,11956351,6
35092,11956351,11956357,6
35093,11956677,11956680,3
35094,11956680,11956688,8
35095,11956688,11956693,5
35096,11956902,11956906,4
35097,11957184,11957193,9
35098,11957340,11957344,4
35099,11957836,11957840,4
35100,11957840,11957844,4
35101,11958110,11958118,8
35102,11958568,11958579,11
35103,11958777,11958782,5
35104,11958782,11958788,6
35105,11958788,11958797,9
35106,11958797,11958803,6
35107,11958803,11958809,6
35108,11958809,11958815,6
35109,11958921,11958925,4
35110,11959355,11959364,9
35111,11959642,11959646,4
35112,11959764,11959768,4
35113,11959841,11959846,5
35114,11959868,11959872,4
35115,11960117,11960125,8
35116,11960140,11960143,3
35117,11960143,11960146,3
35118,11960146,11960156,10
35119,11960233,11960238,5
35120,11960316,11960321,5
35121,11960321,11960326,5
35122,11960326,11960331,5
35123,11960331,11960341,10
35124,11960341,11960344,3
35125,11960344,11960348,4
35126,11960371,11960375,4
35127,11960375,11960383,8
35128,11960396,11960405,9
35129,11960405,11960413,8
35130,11960413,11960417,4
35131,11960417,11960422,5
35132,11960422,11960427,5
35133,11960427,11960433,6
35134,11960445,11960451,6
35135,11960451,11960455,4
35136,11960455,11960465,10
35137,11960613,11960621,8
35138,11960804,11960814,10
35139,11960921,11960929,8
35140,11961112,11961116,4
35141,11961116,11961122,6
35142,11961203,11961210,7
35143,11961256,11961261,5
35144,11961333,11961340,7
35145,11962330,11962336,6
35146,11962347,11962355,8
35147,11962378,11962384,6
35148,11962384,11962391,7
35149,11962391,11962398,7
35150,11962398,11962404,6
35151,11962603,11962610,7
35152,11962643,11962654,11
35153,11963196,11963203,7
35154,11963203,11963208,5
35155,11964303,11964307,4
35156,11964319,11964323,4
35157,11964402,11964407,5
35158,11964480,11964488,8
35159,11964509,11964515,6
35160,11964547,11964553,6
35161,11965224,11965233,9
35162,11966330,11966339,9
35163,11966441,11966444,3
35164,11966444,11966452,8
35165,11966452,11966460,8
35166,11966959,11966965,6
35167,11967442,11967446,4
35168,11968310,11968318,8
35169,11969746,11969749,3
35170,11969781,11969784,3
35171,11969802,11969809,7
35172,11969809,11969812,3
35173,11969812,11969818,6
35174,11970024,11970027,3
35175,11970206,11970211,5
35176,11970308,11970316,8
35177,11970769,11970772,3
35178,11970957,11970962,5
35179,11971060,11971067,7
35180,11971306,11971312,6
35181,11971420,11971428,8
35182,11971428,11971432,4
35183,11971494,11971499,5
35184,11971688,11971691,3
35185,11971691,11971695,4
35186,11971718,11971726,8
35187,11972028,11972036,8
35188,11972455,11972464,9
35189,11973507,11973514,7
35190,11973536,11973541,5
35191,11974079,11974085,6
35192,11974383,11974387,4
35193,11974387,11974391,4
35194,11974818,11974821,3
35195,11974912,11974915,3
35196,11974925,11974931,6
35197,11974956,11974962,6
35198,11975267,11975272,5
35199,11975272,11975279,7
35200,11975574,11975579,5
35201,11975722,11975728,6
35202,11976521,11976527,6
35203,11976549,11976556,7
35204,11976556,11976563,7
35205,11976563,11976567,4
35206,11977015,11977022,7
35207,11977063,11977068,5
35208,11977126,11977135,9
35209,11977603,11977610,7
35210,11977621,11977627,6
35211,11977627,11977632,5
35212,11978242,11978250,8
35213,11979394,11979399,5
35214,11979467,11979477,10
35215,11981032,11981039,7
35216,11981199,11981204,5
35217,11981234,11981239,5
35218,11981239,11981244,5
35219,11981244,11981250,6
35220,11981250,11981256,6
35221,11981358,11981367,9
35222,11981446,11981451,5
35223,11981608,11981612,4
35224,11982111,11982117,6
35225,11982948,11982956,8
35226,11983537,11983547,10
35227,11983695,11983706,11
35228,11984792,11984795,3
35229,11985103,11985110,7
35230,11985150,11985154,4
35231,11985166,11985172,6
35232,11985172,11985181,9
35233,11985774,11985779,5
35234,11986211,11986217,6
35235,11986718,11986729,11
35236,11986729,11986733,4
35237,11986838,11986843,5
35238,11987286,11987294,8
35239,11987656,11987662,6
35240,11988805,11988814,9
35241,11989135,11989138,3
35242,11990627,11990631,4
35243,11991085,11991089,4
35244,11992134,11992137,3
35245,11992421,11992427,6
35246,11992519,11992528,9
35247,11993165,11993171,6
35248,11993433,11993439,6
35249,11993461,11993467,6
35250,11993467,11993473,6
35251,11993473,11993479,6
35252,11993479,11993485,6
35253,11993485,11993491,6
35254,11993517,11993523,6
35255,11993674,11993680,6
35256,11994509,11994514,5
35257,11994514,11994524,10
35258,11995125,11995128,3
35259,11995605,11995614,9
35260,11995865,11995868,3
35261,11995918,11995925,7
35262,11996187,11996191,4
35263,11996321,11996328,7
35264,11996611,11996619,8
35265,11996799,11996804,5
35266,11997415,11997423,8
35267,11997608,11997612,4
35268,11998556,11998567,11
35269,12000036,12000039,3
35270,12000807,12000813,6
35271,12000906,12000910,4
35272,12000910,12000914,4
35273,12000914,12000918,4
35274,12001529,12001539,10
35275,12001575,12001579,4
35276,12001711,12001714,3
35277,12001877,12001883,6
35278,12002026,12002034,8
35279,12002034,12002040,6
35280,12002040,12002046,6
35281,12002046,12002052,6
35282,12002149,12002155,6
35283,12002173,12002176,3
35284,12002422,12002428,6
35285,12002686,12002692,6
35286,12002745,12002754,9
35287,12003065,12003071,6
35288,12004671,12004678,7
35289,12004869,12004874,5
35290,12005057,12005061,4
35291,12005061,12005065,4
35292,12006082,12006092,10
35293,12006615,12006626,11
35294,12006766,12006773,7
35295,12007276,12007287,11
35296,12007482,12007488,6
35297,12007976,12007981,5
35298,12009282,12009290,8
35299,12010284,12010287,3
35300,12010287,12010291,4
35301,12011240,12011250,10
35302,12011250,12011254,4
35303,12011366,12011370,4
35304,12011888,12011897,9
35305,12013193,12013199,6
35306,12013665,12013670,5
35307,12014460,12014467,7
35308,12015398,12015401,3
35309,12015401,12015407,6
35310,12015407,12015416,9
35311,12015517,12015520,3
35312,12015520,12015529,9
35313,12015880,12015886,6
35314,12016454,12016464,10
35315,12017466,12017472,6
35316,12018384,12018390,6
35317,12018390,12018399,9
35318,12018753,12018760,7
35319,12019102,12019108,6
35320,12019659,12019670,11
35321,12019728,12019731,3
35322,12020940,12020947,7
35323,12021056,12021063,7
35324,12021063,12021071,8
35325,12021794,12021802,8
35326,12021802,12021808,6
35327,12022805,12022811,6
35328,12023026,12023032,6
35329,12024370,12024375,5
35330,12024976,12024986,10
35331,12024986,12024996,10
35332,12024996,12025003,7
35333,12025041,12025048,7
35334,12025299,12025302,3
35335,12025302,12025308,6
35336,12025406,12025409,3
35337,12025874,12025884,10
35338,12026054,12026062,8
35339,12026363,12026369,6
35340,12026369,12026375,6
35341,12026375,12026379,4
35342,12026698,12026706,8
35343,12027726,12027731,5
35344,12027915,12027920,5
35345,12029162,12029166,4
35346,12029431,12029434,3
35347,12029452,12029461,9
35348,12030045,12030051,6
35349,12030656,12030660,4
35350,12030705,12030708,3
35351,12031230,12031237,7
35352,12031451,12031456,5
35353,12031567,12031573,6
35354,12031827,12031832,5
35355,12031832,12031840,8
35356,12032385,12032395,10
35357,12032448,12032455,7
35358,12032455,12032465,10
35359,12033127,12033130,3
35360,12034810,12034817,7
35361,12036945,12036949,4
35362,12037247,12037252,5
35363,12038111,12038114,3
35364,12038114,12038119,5
35365,12038119,12038125,6
35366,12038280,12038283,3
35367,12038575,12038587,12
35368,12038587,12038593,6
35369,12038971,12038978,7
35370,12039021,12039029,8
35371,12039419,12039425,6
35372,12039425,12039431,6
35373,12039431,12039435,4
35374,12039690,12039693,3
35375,12040272,12040284,12
35376,12040284,12040290,6
35377,12040290,12040296,6
35378,12040296,12040305,9
35379,12040305,12040309,4
35380,12041716,12041719,3
35381,12042208,12042214,6
35382,12042214,12042220,6
35383,12044160,12044168,8
35384,12044674,12044677,3
35385,12044728,12044738,10
35386,12045132,12045138,6
35387,12046771,12046779,8
35388,12046903,12046911,8
35389,12047002,12047046,44
35390,12047046,12047067,21
35391,12047067,12047180,113
35392,12047260,12047268,8
35393,12047268,12047291,23
35394,12047291,12047308,17
35395,12047308,12047359,51
35396,12047359,12047403,44
35397,12047403,12047424,21
35398,12047617,12047625,8
35399,12047625,12047648,23
35400,12047648,12047665,17
35401,12047665,12047716,51
35402,12047781,12047894,113
35403,12048648,12048653,5
35404,12049178,12049186,8
35405,12049632,12049638,6
35406,12049875,12049882,7
35407,12051208,12051213,5
35408,12052055,12052060,5
35409,12052144,12052154,10
35410,12052635,12052644,9
35411,12052644,12052650,6
35412,12052777,12052783,6
35413,12052783,12052789,6
35414,12055303,12055307,4
35415,12055427,12055431,4
35416,12056113,12056119,6
35417,12056686,12056689,3
35418,12058003,12058009,6
35419,12058665,12058674,9
35420,12059395,12059401,6
35421,12059731,12059739,8
35422,12059739,12059747,8
35423,12061245,12061249,4
35424,12061282,12061311,29
35425,12061311,12061344,33
35426,12061344,12061348,4
35427,12061348,12061381,33
35428,12061381,12061410,29
35429,12061410,12061443,33
35430,12061443,12061447,4
35431,12061447,12061480,33
35432,12061480,12061509,29
35433,12061509,12061542,33
35434,12061542,12061546,4
35435,12061546,12061579,33
35436,12061579,12061608,29
35437,12061608,12061641,33
35438,12061641,12061645,4
35439,12061645,12061678,33
35440,12061678,12061707,29
35441,12061707,12061740,33
35442,12061740,12061744,4
35443,12061744,12061777,33
35444,12061777,12061806,29
35445,12061806,12061839,33
35446,12061839,12061843,4
35447,12061843,12061876,33
35448,12061876,12061905,29
35449,12061905,12061938,33
35450,12061938,12061942,4
35451,12062004,12062037,33
35452,12062037,12062041,4
35453,12062041,12062074,33
35454,12062074,12062103,29
35455,12062103,12062136,33
35456,12062136,12062140,4
35457,12062140,12062173,33
35458,12062173,12062202,29
35459,12062202,12062235,33
35460,12062235,12062239,4
35461,12062239,12062272,33
35462,12062272,12062301,29
35463,12062301,12062334,33
35464,12062334,12062338,4
35465,12062338,12062371,33
35466,12062371,12062400,29
35467,12062400,12062433,33
35468,12062433,12062437,4
35469,12062437,12062470,33
35470,12062470,12062499,29
35471,12062499,12062532,33
35472,12062532,12062536,4
35473,12062536,12062569,33
35474,12062569,12062598,29
35475,12062598,12062635,37
35476,12062635,12062664,29
35477,12062664,12062697,33
35478,12062697,12062701,4
35479,12062701,12062734,33
35480,12062734,12062763,29
35481,12062763,12062796,33
35482,12062796,12062800,4
35483,12062800,12062833,33
35484,12062833,12062862,29
35485,12062862,12062895,33
35486,12062895,12062899,4
35487,12062899,12062932,33
35488,12062932,12062961,29
35489,12062961,12062998,37
35490,12062998,12063027,29
35491,12063027,12063064,37
35492,12063064,12063097,33
35493,12063097,12063126,29
35494,12063126,12063159,33
35495,12063159,12063163,4
35496,12063163,12063196,33
35497,12063196,12063225,29
35498,12063225,12063258,33
35499,12063258,12063262,4
35500,12063291,12063324,33
35501,12063324,12063328,4
35502,12063328,12063361,33
35503,12063361,12063390,29
35504,12063390,12063423,33
35505,12063423,12063427,4
35506,12063427,12063460,33
35507,12063460,12063489,29
35508,12063489,12063526,37
35509,12063526,12063555,29
35510,12063555,12063588,33
35511,12063588,12063592,4
35512,12063720,12063753,33
35513,12063753,12063786,33
35514,12063786,12063819,33
35515,12064779,12064784,5
35516,12064836,12064845,9
35517,12065614,12065621,7
35518,12066087,12066098,11
35519,12066373,12066378,5
35520,12068405,12068414,9
35521,12068470,12068474,4
35522,12069226,12069229,3
35523,12069703,12069708,5
35524,12070149,12070152,3
35525,12070162,12070167,5
35526,12070167,12070173,6
35527,12070520,12070525,5
35528,12070654,12070662,8
35529,12070827,12070835,8
35530,12070983,12070992,9
35531,12070992,12070999,7
35532,12070999,12071006,7
35533,12072110,12072115,5
35534,12072409,12072414,5
35535,12072537,12072542,5
35536,12072806,12072810,4
35537,12072826,12072830,4
35538,12072830,12072839,9
35539,12072888,12072894,6
35540,12074278,12074281,3
35541,12074281,12074284,3
35542,12074434,12074437,3
35543,12074990,12074993,3
35544,12074993,12074999,6
35545,12074999,12075005,6
35546,12075005,12075011,6
35547,12075011,12075020,9
35548,12075020,12075023,3
35549,12075023,12075026,3
35550,12075026,12075032,6
35551,12075032,12075041,9
35552,12075275,12075284,9
35553,12076887,12076894,7
35554,12078421,12078424,3
35555,12078727,12078733,6
35556,12078821,12078827,6
35557,12078892,12078899,7
35558,12079499,12079505,6
35559,12079667,12079676,9
35560,12079676,12079685,9
35561,12079841,12079845,4
35562,12079917,12079920,3
35563,12080323,12080330,7
35564,12080477,12080484,7
35565,12083031,12083040,9
35566,12083597,12083602,5
35567,12084851,12084857,6
35568,12085668,12085677,9
35569,12085886,12085893,7
35570,12086516,12086521,5
35571,12086561,12086571,10
35572,12086778,12086787,9
35573,12086787,12086793,6
35574,12087883,12087890,7
35575,12089587,12089595,8
35576,12089778,12089784,6
35577,12089914,12089921,7
35578,12090133,12090140,7
35579,12090168,12090175,7
35580,12090838,12090843,5
35581,12090881,12090886,5
35582,12091616,12091626,10
35583,12093264,12093292,28
35584,12093292,12093317,25
35585,12093317,12093320,3
35586,12093507,12093537,30
35587,12093665,12093668,3
35588,12094718,12094722,4
35589,12094722,12094728,6
35590,12095203,12095212,9
35591,12095496,12095500,4
35592,12095908,12095916,8
35593,12096026,12096034,8
35594,12096080,12096087,7
35595,12096087,12096093,6
35596,12096756,12096760,4
35597,12096760,12096768,8
35598,12097240,12097249,9
35599,12097781,12097786,5
35600,12099900,12099906,6
35601,12100384,12100392,8
35602,12100463,12100466,3
35603,12101041,12101045,4
35604,12101064,12101067,3
35605,12101067,12101071,4
35606,12102534,12102541,7
35607,12103085,12103092,7
35608,12103200,12103211,11
35609,12103368,12103376,8
35610,12103756,12103764,8
35611,12103880,12103885,5
35612,12104633,12104638,5
35613,12105674,12105678,4
35614,12107776,12107785,9
35615,12107900,12107905,5
35616,12107925,12107932,7
35617,12107971,12107980,9
35618,12108013,12108018,5
35619,12108018,12108025,7
35620,12108077,12108082,5
35621,12108082,12108085,3
35622,12108258,12108262,4
35623,12108790,12108793,3
35624,12108863,12108867,4
35625,12109090,12109094,4
35626,12109094,12109103,9
35627,12109138,12109141,3
35628,12109585,12109588,3
35629,12109663,12109666,3
35630,12109789,12109792,3
35631,12110230,12110238,8
35632,12110338,12110341,3
35633,12110641,12110666,25
35634,12110666,12110707,41
35635,12110707,12110710,3
35636,12110846,12110887,41
35637,12110887,12110890,3
35638,12111001,12111026,25
35639,12111026,12111067,41
35640,12111067,12111070,3
35641,12111196,12111199,3
35642,12111262,12111270,8
35643,12111638,12111642,4
35644,12111859,12111862,3
35645,12112471,12112480,9
35646,12112559,12112567,8
35647,12112887,12112891,4
35648,12112990,12112998,8
35649,12113946,12113955,9
35650,12114351,12114360,9
35651,12114766,12114772,6
35652,12116907,12116916,9
35653,12118704,12118710,6
35654,12118710,12118718,8
35655,12118813,12118821,8
35656,12118908,12118914,6
35657,12118938,12118944,6
35658,12119003,12119007,4
35659,12119178,12119181,3
35660,12119265,12119269,4
35661,12119963,12119967,4
35662,12120338,12120341,3
35663,12120606,12120611,5
35664,12120813,12120820,7
35665,12120883,12120887,4
35666,12120917,12120920,3
35667,12121662,12121672,10
35668,12121672,12121675,3
35669,12121675,12121678,3
35670,12122480,12122483,3
35671,12122788,12122793,5
35672,12123096,12123099,3
35673,12123099,12123102,3
35674,12123102,12123105,3
35675,12123105,12123108,3
35676,12123108,12123111,3
35677,12123111,12123114,3
35678,12123114,12123117,3
35679,12123852,12123858,6
35680,12124803,12124847,44
35681,12124847,12124868,21
35682,12124977,12124981,4
35683,12125337,12125341,4
35684,12125662,12125667,5
35685,12125868,12125871,3
35686,12125922,12125930,8
35687,12126399,12126409,10
35688,12126409,12126418,9
35689,12127732,12127735,3
35690,12127735,12127740,5
35691,12127962,12127966,4
35692,12128075,12128080,5
35693,12129130,12129135,5
35694,12129135,12129143,8
35695,12130061,12130068,7
35696,12130637,12130643,6
35697,12130864,12130871,7
35698,12130871,12130878,7
35699,12130878,12130885,7
35700,12130885,12130892,7
35701,12131685,12131688,3
35702,12131807,12131816,9
35703,12131816,12131823,7
35704,12132220,12132227,7
35705,12132227,12132234,7
35706,12132554,12132561,7
35707,12132589,12132599,10
35708,12132889,12132896,7
35709,12132952,12132960,8
35710,12133680,12133686,6
35711,12133739,12133748,9
35712,12134421,12134428,7
35713,12134628,12134632,4
35714,12135018,12135024,6
35715,12135540,12135546,6
35716,12136386,12136396,10
35717,12136483,12136492,9
35718,12136922,12136931,9
35719,12136931,12136934,3
35720,12137278,12137284,6
35721,12137296,12137302,6
35722,12137302,12137305,3
35723,12137305,12137308,3
35724,12138463,12138472,9
35725,12139255,12139262,7
35726,12140347,12140350,3
35727,12142390,12142398,8
35728,12142893,12142900,7
35729,12142900,12142907,7
35730,12143329,12143335,6
35731,12143483,12143492,9
35732,12144352,12144356,4
35733,12144418,12144424,6
35734,12144445,12144448,3
35735,12145662,12145665,3
35736,12146050,12146054,4
35737,12146298,12146304,6
35738,12146304,12146308,4
35739,12146658,12146666,8
35740,12147124,12147130,6
35741,12148429,12148434,5
35742,12148542,12148551,9
35743,12149420,12149427,7
35744,12150060,12150067,7
35745,12150067,12150074,7
35746,12150182,12150186,4
35747,12151191,12151196,5
35748,12151196,12151201,5
35749,12151720,12151728,8
35750,12151921,12151926,5
35751,12151926,12151931,5
35752,12152003,12152011,8
35753,12152577,12152580,3
35754,12153998,12154005,7
35755,12155976,12155980,4
35756,12157646,12157649,3
35757,12158516,12158520,4
35758,12159975,12159984,9
35759,12161716,12161724,8
35760,12162791,12162797,6
35761,12163037,12163044,7
35762,12163044,12163050,6
35763,12164668,12164675,7
35764,12165823,12165827,4
35765,12166216,12166219,3
35766,12166580,12166589,9
35767,12166609,12166617,8
35768,12168061,12168064,3
35769,12168636,12168642,6
35770,12169761,12169908,147
35771,12169908,12169973,65
35772,12170116,12170126,10
35773,12170126,12170183,57
35774,12170183,12170323,140
35775,12170323,12170702,379
35776,12170702,12171065,363
35777,12171065,12171102,37
35778,12171102,12171282,180
35779,12171282,12171289,7
35780,12171289,12171451,162
35781,12171451,12171469,18
35782,12171469,12171799,330
35783,12171799,12171894,95
35784,12172774,12172823,49
35785,12172823,12172866,43
35786,12172866,12172906,40
35787,12172906,12172969,63
35788,12172969,12173077,108
35789,12173077,12173218,141
35790,12173218,12173275,57
35791,12173275,12173326,51
35792,12173437,12173454,17
35793,12173704,12173709,5
35794,12174534,12174542,8
35795,12174600,12174604,4
35796,12174801,12174805,4
35797,12176216,12176225,9
35798,12176824,12176828,4
35799,12177262,12177266,4
35800,12177332,12177335,3
35801,12177421,12177439,18
35802,12177523,12177530,7
35803,12177530,12177533,3
35804,12177827,12177830,3
35805,12177883,12177889,6
35806,12178692,12178695,3
35807,12183453,12183461,8
35808,12183881,12183884,3
35809,12183908,12183916,8
35810,12184096,12184105,9
35811,12186194,12186197,3
35812,12186197,12186201,4
35813,12186655,12186659,4
35814,12187005,12187014,9
35815,12187895,12187898,3
35816,12187966,12187972,6
35817,12187972,12187985,13
35818,12188097,12188128,31
35819,12188202,12188230,28
35820,12188230,12188255,25
35821,12188255,12188258,3
35822,12188332,12188345,13
35823,12188345,12188378,33
35824,12188562,12188590,28
35825,12188590,12188615,25
35826,12188615,12188618,3
35827,12188692,12188705,13
35828,12188705,12188738,33
35829,12188738,12188743,5
35830,12188817,12188848,31
35831,12188922,12188950,28
35832,12188975,12188978,3
35833,12189046,12189052,6
35834,12189052,12189065,13
35835,12189282,12189310,28
35836,12189310,12189335,25
35837,12189335,12189338,3
35838,12189406,12189412,6
35839,12189412,12189425,13
35840,12189658,12189661,3
35841,12190073,12190076,3
35842,12190502,12190506,4
35843,12190656,12190661,5
35844,12191070,12191076,6
35845,12192505,12192512,7
35846,12193010,12193014,4
35847,12193278,12193284,6
35848,12193297,12193304,7
35849,12194623,12194626,3
35850,12194626,12194634,8
35851,12194903,12194911,8
35852,12196400,12196403,3
35853,12196403,12196406,3
35854,12196726,12196736,10
35855,12196862,12196866,4
35856,12196866,12196871,5
35857,12199108,12199112,4
35858,12199415,12199422,7
35859,12200356,12200365,9
35860,12200497,12200506,9
35861,12200523,12200530,7
35862,12201353,12201357,4
35863,12201357,12201361,4
35864,12201361,12201365,4
35865,12201365,12201369,4
35866,12201369,12201373,4
35867,12202006,12202013,7
35868,12202844,12202852,8
35869,12204911,12204917,6
35870,12204983,12204989,6
35871,12205810,12205814,4
35872,12207378,12207381,3
35873,12207381,12207388,7
35874,12210324,12210331,7
35875,12212046,12212052,6
35876,12212247,12212255,8
35877,12212683,12212691,8
35878,12212691,12212700,9
35879,12212700,12212706,6
35880,12212771,12212781,10
35881,12213387,12213391,4
35882,12213391,12213401,10
35883,12215387,12215392,5
35884,12215492,12215496,4
35885,12215538,12215542,4
35886,12215692,12215697,5
35887,12216345,12216350,5
35888,12217245,12217252,7
35889,12218098,12218106,8
35890,12218949,12218953,4
35891,12219361,12219367,6
35892,12219421,12219431,10
35893,12220618,12220621,3
35894,12221211,12221215,4
35895,12221215,12221223,8
35896,12221223,12221231,8
35897,12221246,12221254,8
35898,12221254,12221262,8
35899,12221262,12221268,6
35900,12221314,12221324,10
35901,12221324,12221332,8
35902,12221383,12221388,5
35903,12221388,12221393,5
35904,12221393,12221400,7
35905,12221400,12221409,9
35906,12221409,12221418,9
35907,12221740,12221746,6
35908,12221821,12221825,4
35909,12221940,12221949,9
35910,12221965,12221970,5
35911,12222154,12222158,4
35912,12222158,12222163,5
35913,12222359,12222364,5
35914,12222506,12222509,3
35915,12222836,12222842,6
35916,12222842,12222848,6
35917,12224613,12224622,9
35918,12225056,12225065,9
35919,12225900,12225909,9
35920,12227268,12227273,5
35921,12227273,12227279,6
35922,12227279,12227282,3
35923,12227939,12227946,7
35924,12227977,12227982,5
35925,12228439,12228443,4
35926,12228443,12228449,6
35927,12228586,12228592,6
35928,12228592,12228598,6
35929,12228809,12228817,8
35930,12229145,12229149,4
35931,12229149,12229153,4
35932,12229153,12229157,4
35933,12229157,12229165,8
35934,12229192,12229198,6
35935,12229452,12229459,7
35936,12229721,12229728,7
35937,12229728,12229738,10
35938,12229760,12229764,4
35939,12229764,12229770,6
35940,12230251,12230257,6
35941,12230630,12230634,4
35942,12231949,12231955,6
35943,12231955,12231961,6
35944,12231973,12231979,6
35945,12231979,12231985,6
35946,12232696,12232700,4
35947,12233360,12233364,4
35948,12233364,12233368,4
35949,12233368,12233372,4
35950,12234861,12234867,6
35951,12235146,12235151,5
35952,12235674,12235682,8
35953,12235916,12235920,4
35954,12236011,12236021,10
35955,12236632,12236640,8
35956,12236640,12236647,7
35957,12237563,12237574,11
35958,12238095,12238098,3
35959,12238427,12238432,5
35960,12238868,12238873,5
35961,12239442,12239450,8
35962,12239450,12239455,5
35963,12239932,12239940,8
35964,12240476,12240481,5
35965,12240498,12240506,8
35966,12240829,12240834,5
35967,12240834,12240839,5
35968,12240839,12240844,5
35969,12241217,12241220,3
35970,12241238,12241245,7
35971,12241631,12241637,6
35972,12242034,12242039,5
35973,12242039,12242049,10
35974,12242085,12242088,3
35975,12242835,12242842,7
35976,12242913,12242917,4
35977,12243386,12243389,3
35978,12243522,12243528,6
35979,12243570,12243579,9
35980,12244775,12244778,3
35981,12245152,12245157,5
35982,12246965,12246972,7
35983,12246992,12247000,8
35984,12247139,12247144,5
35985,12247144,12247149,5
35986,12247161,12247166,5
35987,12247166,12247171,5
35988,12247193,12247196,3
35989,12248647,12248653,6
35990,12249108,12249114,6
35991,12249749,12249755,6
35992,12250914,12250920,6
35993,12251693,12251697,4
35994,12251726,12251732,6
35995,12251732,12251738,6
35996,12251770,12251776,6
35997,12251776,12251782,6
35998,12251782,12251788,6
35999,12251788,12251794,6
36000,12252139,12252144,5
36001,12252335,12252339,4
36002,12252530,12252536,6
36003,12253251,12253258,7
36004,12253897,12253903,6
36005,12254799,12254804,5
36006,12254804,12254807,3
36007,12257203,12257207,4
36008,12257350,12257353,3
36009,12258398,12258407,9
36010,12259971,12259977,6
36011,12260260,12260264,4
36012,12260487,12260493,6
36013,12261147,12261150,3
36014,12261150,12261153,3
36015,12261153,12261156,3
36016,12261156,12261159,3
36017,12261159,12261167,8
36018,12261167,12261171,4
36019,12261287,12261295,8
36020,12261295,12261304,9
36021,12261671,12261679,8
36022,12262500,12262508,8
36023,12262508,12262514,6
36024,12262525,12262535,10
36025,12262601,12262609,8
36026,12263613,12263616,3
36027,12263729,12263739,10
36028,12263784,12263792,8
36029,12264212,12264216,4
36030,12264216,12264221,5
36031,12264221,12264227,6
36032,12264628,12264634,6
36033,12264808,12264816,8
36034,12264816,12264821,5
36035,12265016,12265021,5
36036,12265262,12265270,8
36037,12265534,12265541,7
36038,12265599,12265604,5
36039,12265988,12265992,4
36040,12266637,12266649,12
36041,12266704,12266710,6
36042,12267841,12267850,9
36043,12268026,12268030,4
36044,12269462,12269465,3
36045,12270310,12270316,6
36046,12270316,12270324,8
36047,12271973,12271980,7
36048,12273521,12273526,5
36049,12274746,12274749,3
36050,12274792,12274795,3
36051,12274888,12274894,6
36052,12274894,12274897,3
36053,12275075,12275084,9
36054,12275095,12275103,8
36055,12275124,12275130,6
36056,12277241,12277245,4
36057,12277259,12277267,8
36058,12277425,12277435,10
36059,12279309,12279318,9
36060,12280032,12280035,3
36061,12280035,12280042,7
36062,12280179,12280188,9
36063,12281927,12281936,9
36064,12282300,12282304,4
36065,12283813,12283817,4
36066,12284809,12284816,7
36067,12285382,12285387,5
36068,12286448,12286459,11
36069,12286477,12286483,6
36070,12288655,12288658,3
36071,12288934,12288937,3
36072,12288937,12288940,3
36073,12288940,12288946,6
36074,12288946,12288949,3
36075,12288949,12288952,3
36076,12288952,12288956,4
36077,12289366,12289422,56
36078,12289727,12289783,56
36079,12289783,12289815,32
36080,12289886,12289892,6
36081,12290385,12290388,3
36082,12294100,12294104,4
36083,12295448,12295454,6
36084,12296161,12296168,7
36085,12296168,12296175,7
36086,12296788,12296791,3
36087,12296904,12296911,7
36088,12297199,12297203,4
36089,12297203,12297208,5
36090,12297364,12297370,6
36091,12297516,12297519,3
36092,12297610,12297613,3
36093,12298355,12298363,8
36094,12299358,12299365,7
36095,12301223,12301226,3
36096,12301226,12301229,3
36097,12301229,12301235,6
36098,12301235,12301238,3
36099,12302187,12302194,7
36100,12302243,12302284,41
36101,12302466,12302475,9
36102,12303738,12303745,7
36103,12303805,12303815,10
36104,12303815,12303820,5
36105,12304473,12304479,6
36106,12304874,12304879,5
36107,12305481,12305486,5
36108,12306088,12306098,10
36109,12306261,12306264,3
36110,12307363,12307370,7
36111,12307709,12307716,7
36112,12309011,12309017,6
36113,12309017,12309020,3
36114,12309034,12309043,9
36115,12311690,12311694,4
36116,12311803,12311808,5
36117,12312773,12312778,5
36118,12312864,12312870,6
36119,12312870,12312877,7
36120,12312877,12312883,6
36121,12313962,12313965,3
36122,12314639,12314645,6
36123,12315717,12315728,11
36124,12316505,12316509,4
36125,12317941,12317944,3
36126,12318384,12318390,6
36127,12318390,12318399,9
36128,12319463,12319472,9
36129,12319472,12319480,8
36130,12319561,12319569,8
36131,12320050,12320056,6
36132,12320056,12320062,6
36133,12320062,12320068,6
36134,12320703,12320713,10
36135,12323851,12323857,6
36136,12324499,12324504,5
36137,12325733,12325739,6
36138,12325739,12325746,7
36139,12326359,12326362,3
36140,12327585,12327591,6
36141,12328260,12328266,6
36142,12328342,12328346,4
36143,12328488,12328493,5
36144,12328528,12328531,3
36145,12328599,12328604,5
36146,12328890,12328894,4
36147,12329391,12329397,6
36148,12329953,12329961,8
36149,12330052,12330057,5
36150,12330343,12330348,5
36151,12330374,12330379,5
36152,12330955,12330960,5
36153,12331124,12331132,8
36154,12331544,12331550,6
36155,12331550,12331557,7
36156,12331587,12331595,8
36157,12331670,12331677,7
36158,12331905,12331914,9
36159,12332663,12332670,7
36160,12332690,12332696,6
36161,12332721,12332727,6
36162,12332727,12332737,10
36163,12333092,12333096,4
36164,12334799,12334806,7
36165,12334960,12334966,6
36166,12336452,12336508,56
36167,12336508,12336540,32
36168,12336540,12336617,77
36169,12336617,12336717,100
36170,12336717,12336813,96
36171,12336813,12336869,56
36172,12336869,12336901,32
36173,12336901,12336978,77
36174,12336978,12337078,100
36175,12337174,12337230,56
36176,12337230,12337262,32
36177,12337333,12337339,6
36178,12337614,12337710,96
36179,12337710,12337766,56
36180,12337766,12337798,32
36181,12337798,12337869,71
36182,12337869,12337875,6
36183,12337875,12337975,100
36184,12338127,12338159,32
36185,12338159,12338230,71
36186,12338230,12338236,6
36187,12338236,12338336,100
36188,12338765,12338771,6
36189,12338943,12338950,7
36190,12339568,12339577,9
36191,12339882,12339889,7
36192,12340408,12340415,7
36193,12340652,12340659,7
36194,12341147,12341154,7
36195,12341166,12341173,7
36196,12341173,12341181,8
36197,12341262,12341267,5
36198,12341418,12341423,5
36199,12341914,12341918,4
36200,12344330,12344338,8
36201,12345228,12345234,6
36202,12345832,12345836,4
36203,12345913,12345920,7
36204,12345920,12345923,3
36205,12346670,12346677,7
36206,12347203,12347213,10
36207,12347894,12347900,6
36208,12347960,12347965,5
36209,12348010,12348018,8
36210,12350013,12350018,5
36211,12351939,12351944,5
36212,12351991,12351994,3
36213,12351994,12351997,3
36214,12354674,12354681,7
36215,12355610,12355614,4
36216,12355747,12355753,6
36217,12355854,12355857,3
36218,12356364,12356372,8
36219,12356462,12356467,5
36220,12356714,12356718,4
36221,12356809,12356813,4
36222,12357359,12357363,4
36223,12357819,12357824,5
36224,12358015,12358018,3
36225,12358018,12358023,5
36226,12358903,12358911,8
36227,12359026,12359032,6
36228,12359032,12359038,6
36229,12359396,12359402,6
36230,12359668,12359671,3
36231,12359924,12359927,3
36232,12360399,12360407,8
36233,12360407,12360415,8
36234,12360431,12360439,8
36235,12360448,12360457,9
36236,12360457,12360466,9
36237,12360466,12360475,9
36238,12363109,12363115,6
36239,12363147,12363152,5
36240,12364743,12364751,8
36241,12364751,12364760,9
36242,12366140,12366146,6
36243,12366469,12366477,8
36244,12366538,12366541,3
36245,12366776,12366780,4
36246,12366976,12366982,6
36247,12366982,12366988,6
36248,12367238,12367242,4
36249,12367458,12367466,8
36250,12367585,12367594,9
36251,12368545,12368550,5
36252,12368726,12368729,3
36253,12369018,12369021,3
36254,12369021,12369030,9
36255,12369349,12369352,3
36256,12370059,12370065,6
36257,12371199,12371267,68
36258,12371267,12371398,131
36259,12371398,12371429,31
36260,12371429,12371503,74
36261,12371503,12371531,28
36262,12371531,12371559,28
36263,12371559,12371627,68
36264,12371627,12371758,131
36265,12371758,12371789,31
36266,12371789,12371863,74
36267,12371863,12371891,28
36268,12371891,12371919,28
36269,12371919,12371987,68
36270,12372307,12372310,3
36271,12372310,12372313,3
36272,12372820,12372827,7
36273,12372957,12372962,5
36274,12374043,12374051,8
36275,12374146,12374149,3
36276,12374219,12374222,3
36277,12374798,12374802,4
36278,12374975,12374982,7
36279,12374982,12374989,7
36280,12375841,12375849,8
36281,12375849,12375853,4
36282,12376314,12376321,7
36283,12376321,12376326,5
36284,12376384,12376390,6
36285,12376390,12376393,3
36286,12376958,12376962,4
36287,12377133,12377140,7
36288,12377796,12377801,5
36289,12377818,12377824,6
36290,12377824,12377830,6
36291,12378670,12378677,7
36292,12379553,12379558,5
36293,12379589,12379592,3
36294,12381181,12381186,5
36295,12381875,12381879,4
36296,12381930,12382086,156
36297,12382086,12382098,12
36298,12382098,12382105,7
36299,12382105,12382112,7
36300,12382112,12382121,9
36301,12382121,12382212,91
36302,12382212,12382232,20
36303,12382232,12382295,63
36304,12382295,12382440,145
36305,12382440,12382516,76
36306,12382516,12382602,86
36307,12382602,12382664,62
36308,12382664,12382684,20
36309,12382684,12382748,64
36310,12382748,12382770,22
36311,12382770,12382967,197
36312,12382967,12383042,75
36313,12383042,12383064,22
36314,12383064,12383068,4
36315,12383068,12383115,47
36316,12383447,12383453,6
36317,12383453,12383464,11
36318,12383464,12383522,58
36319,12383522,12383681,159
36320,12383681,12383773,92
36321,12383773,12383791,18
36322,12383791,12383881,90
36323,12383881,12384011,130
36324,12384011,12384034,23
36325,12384034,12384037,3
36326,12384037,12384052,15
36327,12384052,12384124,72
36328,12384124,12384138,14
36329,12384138,12384213,75
36330,12384213,12384292,79
36331,12384292,12384379,87
36332,12384379,12384578,199
36333,12384578,12384599,21
36334,12384599,12384704,105
36335,12384704,12384751,47
36336,12384751,12384776,25
36337,12384776,12384897,121
36338,12384897,12385073,176
36339,12385073,12385112,39
36340,12385112,12385205,93
36341,12385205,12385356,151
36342,12385356,12385381,25
36343,12385381,12385471,90
36344,12385471,12385500,29
36345,12385500,12385656,156
36346,12385656,12385668,12
36347,12385668,12385675,7
36348,12385675,12385682,7
36349,12385682,12385691,9
36350,12387500,12387505,5
36351,12388196,12388206,10
36352,12394000,12394006,6
36353,12395986,12395991,5
36354,12396132,12396135,3
36355,12397024,12397029,5
36356,12397029,12397036,7
36357,12397036,12397043,7
36358,12399300,12399307,7
36359,12399976,12399982,6
36360,12400803,12400809,6
36361,12400841,12400848,7
36362,12401211,12401217,6
36363,12401395,12401398,3
36364,12401653,12401659,6
36365,12402289,12402295,6
36366,12403911,12403914,3
36367,12404480,12404486,6
36368,12404486,12404493,7
36369,12405486,12405493,7
36370,12405493,12405500,7
36371,12405784,12405791,7
36372,12406157,12406163,6
36373,12406656,12406664,8
36374,12407045,12407053,8
36375,12408644,12408650,6
36376,12409293,12409300,7
36377,12409551,12409554,3
36378,12409677,12409683,6
36379,12410272,12410278,6
36380,12411135,12411139,4
36381,12411172,12411177,5
36382,12411446,12411454,8
36383,12411734,12411739,5
36384,12411754,12411759,5
36385,12412222,12412244,22
36386,12412244,12412270,26
36387,12412961,12412966,5
36388,12412966,12412971,5
36389,12412971,12412976,5
36390,12413626,12413633,7
36391,12413680,12413687,7
36392,12413687,12413693,6
36393,12413713,12413720,7
36394,12413720,12413727,7
36395,12413727,12413734,7
36396,12413734,12413741,7
36397,12413861,12413864,3
36398,12413941,12413951,10
36399,12415695,12415707,12
36400,12415707,12415713,6
36401,12415713,12415719,6
36402,12417145,12417154,9
36403,12418201,12418205,4
36404,12418322,12418328,6
36405,12418596,12418606,10
36406,12419082,12419089,7
36407,12420566,12420571,5
36408,12421363,12421371,8
36409,12422167,12422175,8
36410,12422766,12422771,5
36411,12423638,12423644,6
36412,12424589,12424598,9
36413,12424865,12424871,6
36414,12424871,12424878,7
36415,12424878,12424884,6
36416,12424884,12424890,6
36417,12425322,12425330,8
36418,12425465,12425476,11
36419,12425521,12425528,7
36420,12425585,12425588,3
36421,12425588,12425595,7
36422,12425929,12425932,3
36423,12425932,12425935,3
36424,12425935,12425941,6
36425,12425941,12425944,3
36426,12425995,12426004,9
36427,12426004,12426007,3
36428,12426007,12426010,3
36429,12426010,12426013,3
36430,12427140,12427146,6
36431,12427146,12427150,4
36432,12427568,12427573,5
36433,12427982,12427991,9
36434,12428435,12428444,9
36435,12430518,12430524,6
36436,12430524,12430530,6
36437,12430530,12430536,6
36438,12430987,12430991,4
36439,12430991,12430995,4
36440,12430995,12430999,4
36441,12430999,12431003,4
36442,12431241,12431247,6
36443,12432112,12432121,9
36444,12432130,12432138,8
36445,12432152,12432158,6
36446,12432158,12432166,8
36447,12432166,12432178,12
36448,12432226,12432232,6
36449,12432536,12432543,7
36450,12432615,12432621,6
36451,12432621,12432627,6
36452,12432730,12432738,8
36453,12433888,12433893,5
36454,12433893,12433896,3
36455,12434590,12434595,5
36456,12435209,12435214,5
36457,12435226,12435232,6
36458,12435242,12435250,8
36459,12435250,12435253,3
36460,12436877,12436881,4
36461,12437683,12437727,44
36462,12437727,12437748,21
36463,12438392,12438401,9
36464,12439438,12439442,4
36465,12440202,12440206,4
36466,12440206,12440209,3
36467,12440396,12440404,8
36468,12440404,12440407,3
36469,12440532,12440539,7
36470,12441241,12441244,3
36471,12441268,12441274,6
36472,12441274,12441280,6
36473,12441291,12441297,6
36474,12441297,12441304,7
36475,12442121,12442124,3
36476,12442472,12442476,4
36477,12442973,12442979,6
36478,12443635,12443641,6
36479,12444199,12444208,9
36480,12444310,12444319,9
36481,12444319,12444322,3
36482,12444322,12444325,3
36483,12444475,12444481,6
36484,12444778,12444784,6
36485,12444784,12444787,3
36486,12445786,12445803,17
36487,12445852,12445869,17
36488,12445918,12445935,17
36489,12445984,12446001,17
36490,12446983,12446995,12
36491,12447308,12447313,5
36492,12447327,12447333,6
36493,12447333,12447337,4
36494,12447559,12447565,6
36495,12447745,12447752,7
36496,12447826,12447830,4
36497,12448317,12448325,8
36498,12448325,12448332,7
36499,12448332,12448342,10
36500,12450650,12450659,9
36501,12450741,12450752,11
36502,12450935,12450940,5
36503,12451162,12451165,3
36504,12451347,12451353,6
36505,12451787,12451791,4
36506,12452376,12452382,6
36507,12452382,12452386,4
36508,12452386,12452390,4
36509,12452390,12452396,6
36510,12452396,12452402,6
36511,12452999,12453003,4
36512,12453063,12453068,5
36513,12453210,12453218,8
36514,12453673,12453679,6
36515,12453799,12453802,3
36516,12455033,12455037,4
36517,12455158,12455162,4
36518,12455162,12455168,6
36519,12456066,12456075,9
36520,12456280,12456287,7
36521,12456648,12456651,3
36522,12456971,12456975,4
36523,12457395,12457404,9
36524,12457640,12457649,9
36525,12457649,12457652,3
36526,12457798,12457806,8
36527,12458463,12458466,3
36528,12459191,12459198,7
36529,12459945,12459956,11
36530,12459997,12460006,9
36531,12460363,12460371,8
36532,12460777,12460784,7
36533,12461478,12461482,4
36534,12461524,12461527,3
36535,12461662,12461669,7
36536,12464515,12464518,3
36537,12464518,12464524,6
36538,12464536,12464545,9
36539,12464871,12464875,4
36540,12465345,12465354,9
36541,12466876,12466882,6
36542,12467990,12467999,9
36543,12468037,12468040,3
36544,12468040,12468043,3
36545,12468215,12468221,6
36546,12468632,12468639,7
36547,12472307,12472317,10
36548,12472317,12472325,8
36549,12472325,12472331,6
36550,12473448,12473454,6
36551,12474442,12474447,5
36552,12474613,12474617,4
36553,12474617,12474626,9
36554,12474626,12474632,6
36555,12475466,12475473,7
36556,12476010,12476019,9
36557,12476019,12476025,6
36558,12476272,12476277,5
36559,12476596,12476604,8
36560,12476765,12476771,6
36561,12477333,12477339,6
36562,12477339,12477348,9
36563,12477446,12477455,9
36564,12478673,12478677,4
36565,12478699,12478707,8
36566,12478707,12478714,7
36567,12479473,12479479,6
36568,12479534,12479537,3
36569,12479557,12479564,7
36570,12480194,12480200,6
36571,12480200,12480206,6
36572,12480632,12480637,5
36573,12480700,12480708,8
36574,12480920,12480928,8
36575,12480953,12480957,4
36576,12481026,12481034,8
36577,12481050,12481054,4
36578,12481146,12481154,8
36579,12481704,12481708,4
36580,12482800,12482804,4
36581,12482804,12482808,4
36582,12482808,12482812,4
36583,12482812,12482816,4
36584,12483415,12483420,5
36585,12483420,12483425,5
36586,12483528,12483536,8
36587,12483536,12483540,4
36588,12484486,12484490,4
36589,12484838,12484842,4
36590,12484842,12484848,6
36591,12484848,12484851,3
36592,12485003,12485008,5
36593,12485379,12485388,9
36594,12486081,12486089,8
36595,12486167,12486177,10
36596,12486313,12486320,7
36597,12486572,12486575,3
36598,12486627,12486634,7
36599,12486710,12486719,9
36600,12486719,12486727,8
36601,12486727,12486731,4
36602,12486731,12486734,3
36603,12487762,12487770,8
36604,12488744,12488751,7
36605,12489050,12489062,12
36606,12489111,12489118,7
36607,12489118,12489125,7
36608,12489125,12489132,7
36609,12489132,12489139,7
36610,12489139,12489146,7
36611,12489146,12489153,7
36612,12489483,12489489,6
36613,12489691,12489697,6
36614,12490201,12490204,3
36615,12490204,12490211,7
36616,12490523,12490531,8
36617,12490886,12490896,10
36618,12490896,12490899,3
36619,12490997,12491003,6
36620,12491309,12491312,3
36621,12491406,12491413,7
36622,12491603,12491609,6
36623,12491609,12491619,10
36624,12491786,12491790,4
36625,12491966,12491973,7
36626,12492326,12492329,3
36627,12492482,12492485,3
36628,12492485,12492495,10
36629,12492541,12492549,8
36630,12492899,12492904,5
36631,12492928,12492932,4
36632,12493018,12493026,8
36633,12493288,12493291,3
36634,12493357,12493363,6
36635,12493363,12493372,9
36636,12493646,12493649,3
36637,12493716,12493722,6
36638,12494004,12494007,3
36639,12494486,12494489,3
36640,12494667,12494679,12
36641,12494679,12494688,9
36642,12494688,12494693,5
36643,12494798,12494805,7
36644,12495015,12495024,9
36645,12495033,12495036,3
36646,12496388,12496395,7
36647,12496561,12496569,8
36648,12496569,12496572,3
36649,12497890,12497893,3
36650,12499196,12499202,6
36651,12499337,12499341,4
36652,12499341,12499346,5
36653,12499346,12499351,5
36654,12500082,12500087,5
36655,12500253,12500261,8
36656,12500609,12500616,7
36657,12501882,12501886,4
36658,12502068,12502074,6
36659,12502074,12502083,9
36660,12502175,12502180,5
36661,12502214,12502221,7
36662,12502221,12502228,7
36663,12502485,12502490,5
36664,12502490,12502493,3
36665,12502493,12502500,7
36666,12502519,12502523,4
36667,12502872,12502876,4
36668,12503843,12503848,5
36669,12503848,12503853,5
36670,12503853,12503858,5
36671,12503858,12503863,5
36672,12503863,12503868,5
36673,12505037,12505044,7
36674,12505341,12505346,5
36675,12505521,12505525,4
36676,12506801,12506807,6
36677,12506807,12506813,6
36678,12507662,12507667,5
36679,12507692,12507700,8
36680,12509683,12509689,6
36681,12509719,12509724,5
36682,12510194,12510199,5
36683,12510266,12510269,3
36684,12510700,12510703,3
36685,12510715,12510718,3
36686,12510718,12510724,6
36687,12510724,12510730,6
36688,12510730,12510733,3
36689,12513096,12513102,6
36690,12514651,12514654,3
36691,12514654,12514663,9
36692,12514831,12514834,3
36693,12515657,12515660,3
36694,12515660,12515669,9
36695,12515669,12515675,6
36696,12515675,12515678,3
36697,12515678,12515681,3
36698,12515681,12515684,3
36699,12516569,12516573,4
36700,12517442,12517447,5
36701,12517888,12517893,5
36702,12517893,12517898,5
36703,12517898,12517903,5
36704,12517903,12517908,5
36705,12517930,12517935,5
36706,12517935,12517940,5
36707,12517940,12517945,5
36708,12517945,12517950,5
36709,12519431,12519436,5
36710,12519633,12519638,5
36711,12519957,12519963,6
36712,12520678,12520681,3
36713,12520681,12520684,3
36714,12520684,12520687,3
36715,12520687,12520690,3
36716,12520690,12520696,6
36717,12520969,12520978,9
36718,12521073,12521082,9
36719,12521182,12521188,6
36720,12521571,12521575,4
36721,12521751,12521756,5
36722,12522009,12522015,6
36723,12522891,12522897,6
36724,12523056,12523062,6
36725,12523258,12523267,9
36726,12523314,12523321,7
36727,12523813,12523824,11
36728,12525188,12525192,4
36729,12525192,12525196,4
36730,12525448,12525458,10
36731,12525870,12525874,4
36732,12528905,12528915,10
36733,12530299,12530302,3
36734,12530443,12530449,6
36735,12530490,12530495,5
36736,12531633,12531638,5
36737,12532667,12532671,4
36738,12533052,12533056,4
36739,12533056,12533060,4
36740,12533060,12533064,4
36741,12533064,12533068,4
36742,12533068,12533072,4
36743,12533072,12533080,8
36744,12533152,12533156,4
36745,12534354,12534359,5
36746,12534359,12534364,5
36747,12534417,12534422,5
36748,12535235,12535243,8
36749,12535283,12535293,10
36750,12535816,12535822,6
36751,12535914,12535920,6
36752,12536366,12536374,8
36753,12537706,12537710,4
36754,12538064,12538067,3
36755,12538819,12538827,8
36756,12538827,12538831,4
36757,12538831,12538835,4
36758,12538835,12538843,8
36759,12538843,12538847,4
36760,12538847,12538851,4
36761,12538851,12538855,4
36762,12538855,12538859,4
36763,12540001,12540006,5
36764,12542421,12542426,5
36765,12542762,12542765,3
36766,12542982,12542987,5
36767,12543181,12543186,5
36768,12544648,12544654,6
36769,12545027,12545030,3
36770,12545519,12545540,21
36771,12547487,12547493,6
36772,12547997,12548002,5
36773,12548158,12548162,4
36774,12549672,12549675,3
36775,12549675,12549678,3
36776,12550192,12550201,9
36777,12551576,12551579,3
36778,12552375,12552382,7
36779,12553218,12553225,7
36780,12553724,12553727,3
36781,12553760,12553770,10
36782,12553901,12553910,9
36783,12554137,12554146,9
36784,12554146,12554151,5
36785,12555241,12555244,3
36786,12555725,12555733,8
36787,12556232,12556241,9
36788,12557084,12557090,6
36789,12559985,12559992,7
36790,12560272,12560275,3
36791,12561153,12561160,7
36792,12561239,12561247,8
36793,12561609,12561615,6
36794,12561723,12561727,4
36795,12561727,12561731,4
36796,12561731,12561735,4
36797,12561735,12561739,4
36798,12561739,12561743,4
36799,12561743,12561747,4
36800,12561747,12561755,8
36801,12561776,12561779,3
36802,12562045,12562052,7
36803,12563646,12563653,7
36804,12564101,12564108,7
36805,12564499,12564508,9
36806,12564536,12564542,6
36807,12564893,12564901,8
36808,12565361,12565364,3
36809,12565480,12565485,5
36810,12565900,12565907,7
36811,12566237,12566244,7
36812,12566244,12566250,6
36813,12566383,12566389,6
36814,12569926,12569935,9
36815,12570500,12570504,4
36816,12570844,12570849,5
36817,12570859,12570867,8
36818,12571652,12571656,4
36819,12572400,12572407,7
36820,12572710,12572716,6
36821,12572741,12572745,4
36822,12572745,12572748,3
36823,12573052,12573060,8
36824,12573432,12573437,5
36825,12573595,12573598,3
36826,12573914,12573917,3
36827,12573927,12573930,3
36828,12573930,12573935,5
36829,12573935,12573938,3
36830,12574733,12574738,5
36831,12577037,12577042,5
36832,12577198,12577201,3
36833,12577272,12577280,8
36834,12577826,12577831,5
36835,12577868,12577873,5
36836,12578124,12578127,3
36837,12578547,12578552,5
36838,12581250,12581255,5
36839,12581255,12581260,5
36840,12581291,12581298,7
36841,12581325,12581329,4
36842,12582111,12582117,6
36843,12582117,12582120,3
36844,12582421,12582426,5
36845,12582630,12582639,9
36846,12583118,12583123,5
36847,12585259,12585268,9
36848,12586029,12586034,5
36849,12586034,12586042,8
36850,12586486,12586489,3
36851,12586563,12586569,6
36852,12586843,12586847,4
36853,12587063,12587074,11
36854,12587473,12587481,8
36855,12587755,12587761,6
36856,12588280,12588284,4
36857,12588284,12588287,3
36858,12588373,12588380,7
36859,12589144,12589153,9
36860,12590438,12590441,3
36861,12590844,12590854,10
36862,12593171,12593177,6
36863,12593177,12593185,8
36864,12593304,12593310,6
36865,12593947,12593950,3
36866,12594046,12594050,4
36867,12594205,12594211,6
36868,12594849,12594856,7
36869,12595370,12595374,4
36870,12595913,12595921,8
36871,12595921,12595930,9
36872,12597829,12597838,9
36873,12598939,12598945,6
36874,12599497,12599506,9
36875,12599812,12599818,6
36876,12599974,12599980,6
36877,12599980,12599983,3
36878,12600103,12600106,3
36879,12600255,12600264,9
36880,12600332,12600336,4
36881,12600535,12600542,7
36882,12601025,12601028,3
36883,12601028,12601038,10
36884,12602825,12602828,3
36885,12603480,12603485,5
36886,12603485,12603491,6
36887,12603491,12603496,5
36888,12603543,12603552,9
36889,12603621,12603627,6
36890,12603669,12603675,6
36891,12603675,12603681,6
36892,12604207,12604212,5
36893,12604478,12604485,7
36894,12605341,12605346,5
36895,12605844,12605856,12
36896,12606537,12606543,6
36897,12606543,12606551,8
36898,12606714,12606723,9
36899,12606768,12606774,6
36900,12606828,12606834,6
36901,12606834,12606840,6
36902,12606876,12606879,3
36903,12606879,12606885,6
36904,12607221,12607228,7
36905,12607751,12607760,9
36906,12608307,12608311,4
36907,12608878,12608882,4
36908,12608882,12608890,8
36909,12608890,12608895,5
36910,12608895,12608898,3
36911,12608898,12608905,7
36912,12608905,12608909,4
36913,12609264,12609268,4
36914,12609635,12609642,7
36915,12609642,12609646,4
36916,12610199,12610202,3
36917,12610202,12610208,6
36918,12610208,12610212,4
36919,12610224,12610227,3
36920,12610227,12610233,6
36921,12610637,12610641,4
36922,12611225,12611230,5
36923,12611230,12611237,7
36924,12612352,12612357,5
36925,12613405,12613410,5
36926,12613996,12613999,3
36927,12614548,12614558,10
36928,12614766,12614771,5
36929,12614890,12614895,5
36930,12614928,12614934,6
36931,12615307,12615310,3
36932,12616718,12616723,5
36933,12617339,12617345,6
36934,12617478,12617486,8
36935,12617542,12617552,10
36936,12619134,12619141,7
36937,12619153,12619158,5
36938,12619272,12619277,5
36939,12619671,12619677,6
36940,12619692,12619696,4
36941,12619956,12619962,6
36942,12620142,12620151,9
36943,12620285,12620292,7
36944,12621040,12621048,8
36945,12621394,12621400,6
36946,12621400,12621404,4
36947,12621903,12621908,5
36948,12621979,12621990,11
36949,12622396,12622400,4
36950,12622492,12622495,3
36951,12622570,12622577,7
36952,12622788,12622794,6
36953,12622794,12622798,4
36954,12622798,12622801,3
36955,12622801,12622805,4
36956,12622805,12622808,3
36957,12624640,12624649,9
36958,12624672,12624681,9
36959,12625651,12625656,5
36960,12626001,12626010,9
36961,12627308,12627315,7
36962,12628057,12628065,8
36963,12628089,12628096,7
36964,12628285,12628293,8
36965,12629335,12629344,9
36966,12629378,12629381,3
36967,12629480,12629484,4
36968,12629604,12629608,4
36969,12629879,12629885,6
36970,12630084,12630090,6
36971,12630168,12630174,6
36972,12630174,12630182,8
36973,12631032,12631038,6
36974,12631557,12631562,5
36975,12631562,12631566,4
36976,12631566,12631572,6
36977,12631727,12631732,5
36978,12631732,12631737,5
36979,12631932,12631935,3
36980,12633387,12633391,4
36981,12633857,12633860,3
36982,12633937,12633943,6
36983,12634906,12634910,4
36984,12636190,12636194,4
36985,12636300,12636309,9
36986,12637409,12637416,7
36987,12637416,12637421,5
36988,12637683,12637688,5
36989,12638690,12638696,6
36990,12639063,12639069,6
36991,12639119,12639127,8
36992,12640083,12640086,3
36993,12641743,12641752,9
36994,12641787,12641793,6
36995,12642047,12642052,5
36996,12642068,12642074,6
36997,12642074,12642078,4
36998,12642078,12642083,5
36999,12642136,12642140,4
37000,12642140,12642149,9
37001,12642177,12642182,5
37002,12642182,12642187,5
37003,12642187,12642192,5
37004,12642192,12642198,6
37005,12642198,12642203,5
37006,12642228,12642233,5
37007,12642259,12642269,10
37008,12642269,12642274,5
37009,12642613,12642620,7
37010,12644094,12644097,3
37011,12644337,12644340,3
37012,12644427,12644436,9
37013,12645149,12645159,10
37014,12645533,12645541,8
37015,12645570,12645573,3
37016,12646573,12646576,3
37017,12646678,12646687,9
37018,12647390,12647398,8
37019,12647557,12647564,7
37020,12648094,12648103,9
37021,12648701,12648710,9
37022,12648773,12648776,3
37023,12650239,12650244,5
37024,12651108,12651117,9
37025,12651133,12651139,6
37026,12651234,12651241,7
37027,12651241,12651246,5
37028,12651625,12651630,5
37029,12652317,12652323,6
37030,12652753,12652756,3
37031,12655236,12655245,9
37032,12655245,12655251,6
37033,12655302,12655311,9
37034,12655663,12655666,3
37035,12655771,12655775,4
37036,12655929,12655936,7
37037,12655936,12655939,3
37038,12656191,12656201,10
37039,12656547,12656555,8
37040,12656784,12656788,4
37041,12657619,12657625,6
37042,12658869,12658875,6
37043,12659445,12659451,6
37044,12659557,12659562,5
37045,12660012,12660015,3
37046,12660819,12660822,3
37047,12661590,12661596,6
37048,12661596,12661603,7
37049,12661934,12661938,4
37050,12662370,12662377,7
37051,12662599,12662609,10
37052,12663022,12663029,7
37053,12663894,12663899,5
37054,12666451,12666457,6
37055,12666457,12666462,5
37056,12666908,12666911,3
37057,12667243,12667246,3
37058,12668119,12668122,3
37059,12668303,12668306,3
37060,12668708,12668714,6
37061,12668994,12669000,6
37062,12669000,12669006,6
37063,12669023,12669030,7
37064,12669422,12669431,9
37065,12670155,12670159,4
37066,12670876,12670879,3
37067,12671721,12671727,6
37068,12671727,12671734,7
37069,12671793,12671800,7
37070,12672006,12672011,5
37071,12672011,12672016,5
37072,12672156,12672160,4
37073,12672407,12672415,8
37074,12672415,12672420,5
37075,12674772,12674778,6
37076,12674856,12674860,4
37077,12675639,12675642,3
37078,12675908,12675913,5
37079,12675913,12675920,7
37080,12677735,12677742,7
37081,12677754,12677760,6
37082,12679510,12679517,7
37083,12679619,12679623,4
37084,12679658,12679661,3
37085,12680101,12680107,6
37086,12680316,12680322,6
37087,12680367,12680370,3
37088,12680395,12680398,3
37089,12680507,12680512,5
37090,12680944,12680947,3
37091,12681939,12681942,3
37092,12682155,12682159,4
37093,12683684,12683687,3
37094,12685228,12685235,7
37095,12685820,12685825,5
37096,12685825,12685829,4
37097,12685829,12685837,8
37098,12687106,12687112,6
37099,12687727,12687730,3
37100,12688417,12688420,3
37101,12688621,12688627,6
37102,12689110,12689114,4
37103,12689126,12689129,3
37104,12689129,12689138,9
37105,12689221,12689224,3
37106,12689303,12689310,7
37107,12689792,12689795,3
37108,12689795,12689801,6
37109,12689813,12689819,6
37110,12689819,12689828,9
37111,12691115,12691124,9
37112,12691352,12691358,6
37113,12691466,12691472,6
37114,12691472,12691477,5
37115,12691643,12691652,9
37116,12691670,12691679,9
37117,12691804,12691807,3
37118,12693224,12693233,9
37119,12693905,12693913,8
37120,12693928,12693935,7
37121,12693935,12693939,4
37122,12694418,12694421,3
37123,12696809,12696815,6
37124,12699300,12699309,9
37125,12700329,12700338,9
37126,12700578,12700582,4
37127,12700626,12700631,5
37128,12700643,12700647,4
37129,12700647,12700652,5
37130,12700845,12700851,6
37131,12700851,12700857,6
37132,12700857,12700863,6
37133,12700863,12700869,6
37134,12701700,12701704,4
37135,12701704,12701707,3
37136,12702689,12702706,17
37137,12702706,12702723,17
37138,12706493,12706499,6
37139,12707193,12707202,9
37140,12707265,12707271,6
37141,12708004,12708010,6
37142,12708414,12708419,5
37143,12709289,12709292,3
37144,12709738,12709743,5
37145,12709755,12709761,6
37146,12710488,12710500,12
37147,12710500,12710506,6
37148,12710506,12710512,6
37149,12710512,12710521,9
37150,12710536,12710545,9
37151,12710545,12710551,6
37152,12710551,12710560,9
37153,12710968,12710971,3
37154,12711839,12711842,3
37155,12711842,12711845,3
37156,12711845,12711854,9
37157,12711854,12711860,6
37158,12711860,12711863,3
37159,12711863,12711869,6
37160,12711869,12711872,3
37161,12711872,12711875,3
37162,12711875,12711878,3
37163,12711878,12711881,3
37164,12711881,12711884,3
37165,12711884,12711890,6
37166,12711890,12711893,3
37167,12711893,12711896,3
37168,12712331,12712338,7
37169,12713198,12713203,5
37170,12713665,12713668,3
37171,12714021,12714028,7
37172,12714507,12714513,6
37173,12714839,12714847,8
37174,12714900,12714903,3
37175,12715135,12715139,4
37176,12715139,12715147,8
37177,12716265,12716274,9
37178,12716786,12716791,5
37179,12716791,12716798,7
37180,12716798,12716806,8
37181,12720233,12720241,8
37182,12720295,12720299,4
37183,12721936,12721941,5
37184,12721941,12721946,5
37185,12721946,12721950,4
37186,12722675,12722685,10
37187,12722685,12722692,7
37188,12723248,12723251,3
37189,12723251,12723260,9
37190,12723765,12723772,7
37191,12723917,12723925,8
37192,12724183,12724190,7
37193,12724190,12724194,4
37194,12724194,12724198,4
37195,12724638,12724644,6
37196,12724664,12724670,6
37197,12724853,12724857,4
37198,12724898,12724907,9
37199,12725039,12725048,9
37200,12725804,12725812,8
37201,12725989,12725998,9
37202,12726166,12726169,3
37203,12726360,12726363,3
37204,12726399,12726408,9
37205,12726576,12726580,4
37206,12727210,12727217,7
37207,12727237,12727243,6
37208,12728294,12728300,6
37209,12728345,12728350,5
37210,12731063,12731070,7
37211,12731070,12731076,6
37212,12731076,12731080,4
37213,12731080,12731083,3
37214,12731083,12731087,4
37215,12731087,12731096,9
37216,12731228,12731231,3
37217,12731231,12731249,18
37218,12731488,12731492,4
37219,12731869,12731876,7
37220,12732125,12732131,6
37221,12732506,12732518,12
37222,12732877,12732881,4
37223,12732881,12732890,9
37224,12733104,12733107,3
37225,12735389,12735393,4
37226,12736333,12736341,8
37227,12738779,12738784,5
37228,12739073,12739077,4
37229,12739077,12739080,3
37230,12740067,12740073,6
37231,12740359,12740367,8
37232,12740959,12740962,3
37233,12741179,12741182,3
37234,12741464,12741467,3
37235,12743749,12743758,9
37236,12744741,12744748,7
37237,12744855,12744859,4
37238,12745164,12745174,10
37239,12745374,12745378,4
37240,12745699,12745705,6
37241,12746482,12746485,3
37242,12746485,12746489,4
37243,12746831,12746837,6
37244,12746934,12746940,6
37245,12746964,12746970,6
37246,12746982,12746991,9
37247,12746991,12746994,3
37248,12746994,12747003,9
37249,12747003,12747006,3
37250,12748522,12748534,12
37251,12748912,12748921,9
37252,12752154,12752157,3
37253,12752157,12752160,3
37254,12752160,12752163,3
37255,12753481,12753485,4
37256,12753686,12753691,5
37257,12753721,12753726,5
37258,12754041,12754046,5
37259,12755564,12755574,10
37260,12757917,12757922,5
37261,12757922,12757925,3
37262,12757939,12757947,8
37263,12757947,12757950,3
37264,12758223,12758230,7
37265,12758288,12758296,8
37266,12758622,12758629,7
37267,12758629,12758635,6
37268,12759808,12759813,5
37269,12759883,12759886,3
37270,12759987,12759994,7
37271,12759994,12759997,3
37272,12759997,12760003,6
37273,12760252,12760259,7
37274,12760333,12760337,4
37275,12761036,12761042,6
37276,12761486,12761491,5
37277,12761491,12761498,7
37278,12762154,12762159,5
37279,12762188,12762194,6
37280,12762447,12762453,6
37281,12762477,12762483,6
37282,12762957,12762960,3
37283,12763249,12763253,4
37284,12763535,12763542,7
37285,12765246,12765254,8
37286,12767116,12767123,7
37287,12767744,12767747,3
37288,12767967,12767970,3
37289,12768567,12768573,6
37290,12770183,12770191,8
37291,12770356,12770359,3
37292,12771156,12771216,60
37293,12771385,12771395,10
37294,12771606,12771610,4
37295,12772285,12772293,8
37296,12772340,12772343,3
37297,12773095,12773098,3
37298,12773459,12773464,5
37299,12773464,12773469,5
37300,12773469,12773474,5
37301,12773618,12773625,7
37302,12774505,12774513,8
37303,12774513,12774517,4
37304,12774933,12774937,4
37305,12775400,12775407,7
37306,12775570,12775576,6
37307,12776198,12776203,5
37308,12776203,12776209,6
37309,12776209,12776215,6
37310,12776215,12776221,6
37311,12776221,12776227,6
37312,12776365,12776373,8
37313,12776613,12776621,8
37314,12777459,12777465,6
37315,12777487,12777490,3
37316,12778126,12778130,4
37317,12778130,12778139,9
37318,12779127,12779132,5
37319,12781005,12781017,12
37320,12781033,12781037,4
37321,12781175,12781179,4
37322,12781538,12781542,4
37323,12781864,12781871,7
37324,12782129,12782138,9
37325,12782896,12782903,7
37326,12783772,12783780,8
37327,12783780,12783784,4
37328,12783825,12783832,7
37329,12783846,12783856,10
37330,12784724,12784733,9
37331,12784848,12784854,6
37332,12784854,12784860,6
37333,12784860,12784866,6
37334,12784866,12784872,6
37335,12784872,12784878,6
37336,12784878,12784884,6
37337,12784884,12784890,6
37338,12784890,12784896,6
37339,12785185,12785190,5
37340,12785985,12785992,7
37341,12786424,12786429,5
37342,12786886,12786893,7
37343,12786893,12786899,6
37344,12787640,12787649,9
37345,12787662,12787666,4
37346,12788168,12788173,5
37347,12788386,12788389,3
37348,12788617,12788622,5
37349,12788622,12788632,10
37350,12791776,12791779,3
37351,12791963,12791972,9
37352,12792445,12792448,3
37353,12792578,12792581,3
37354,12792773,12792782,9
37355,12793720,12793727,7
37356,12794126,12794129,3
37357,12794372,12794378,6
37358,12794562,12794565,3
37359,12794854,12794967,113
37360,12794967,12795049,82
37361,12795049,12795098,49
37362,12795098,12795149,51
37363,12795149,12795214,65
37364,12795214,12795327,113
37365,12795327,12795408,81
37366,12795408,12795457,49
37367,12795457,12795508,51
37368,12795508,12795573,65
37369,12795573,12795686,113
37370,12795686,12795768,82
37371,12795768,12795817,49
37372,12795817,12795868,51
37373,12795868,12795933,65
37374,12795933,12796046,113
37375,12796046,12796128,82
37376,12796128,12796177,49
37377,12796177,12796228,51
37378,12796228,12796293,65
37379,12796293,12796406,113
37380,12796406,12796487,81
37381,12796487,12796536,49
37382,12796588,12796653,65
37383,12796653,12796766,113
37384,12796766,12796848,82
37385,12796848,12796897,49
37386,12796897,12796948,51
37387,12796948,12797013,65
37388,12797013,12797126,113
37389,12797208,12797257,49
37390,12797257,12797308,51
37391,12797308,12797373,65
37392,12797373,12797486,113
37393,12797568,12797617,49
37394,12797617,12797668,51
37395,12797668,12797733,65
37396,12799534,12799537,3
37397,12799537,12799540,3
37398,12799540,12799543,3
37399,12799543,12799546,3
37400,12799546,12799549,3
37401,12799549,12799552,3
37402,12800000,12800003,3
37403,12800255,12800261,6
37404,12800620,12800630,10
37405,12801198,12801201,3
37406,12801201,12801209,8
37407,12801905,12801912,7
37408,12802134,12802142,8
37409,12802229,12802237,8
37410,12802280,12802283,3
37411,12802532,12802538,6
37412,12802674,12802682,8
37413,12802682,12802688,6
37414,12803273,12803279,6
37415,12804449,12804457,8
37416,12804967,12804970,3
37417,12805199,12805202,3
37418,12805202,12805211,9
37419,12805465,12805474,9
37420,12805984,12805992,8
37421,12806019,12806023,4
37422,12806630,12806637,7
37423,12806666,12806673,7
37424,12807102,12807111,9
37425,12807820,12807824,4
37426,12808009,12808019,10
37427,12809857,12809862,5
37428,12810922,12810928,6
37429,12811556,12811565,9
37430,12811577,12811583,6
37431,12812138,12812147,9
37432,12812318,12812322,4
37433,12812721,12812725,4
37434,12814563,12814567,4
37435,12814599,12814603,4
37436,12814960,12814963,3
37437,12814963,12814968,5
37438,12815234,12815238,4
37439,12815488,12815492,4
37440,12816493,12816503,10
37441,12817436,12817445,9
37442,12817785,12817790,5
37443,12817790,12817799,9
37444,12819023,12819026,3
37445,12819026,12819029,3
37446,12819029,12819032,3
37447,12819032,12819039,7
37448,12819039,12819045,6
37449,12819045,12819048,3
37450,12819048,12819051,3
37451,12819051,12819057,6
37452,12819057,12819060,3
37453,12819078,12819081,3
37454,12819501,12819510,9
37455,12819510,12819517,7
37456,12819665,12819671,6
37457,12820206,12820210,4
37458,12821343,12821346,3
37459,12821763,12821772,9
37460,12822653,12822656,3
37461,12823052,12823056,4
37462,12823069,12823073,4
37463,12823152,12823161,9
37464,12825724,12825728,4
37465,12826700,12826706,6
37466,12826721,12826724,3
37467,12826736,12826742,6
37468,12826742,12826745,3
37469,12826745,12826748,3
37470,12826748,12826751,3
37471,12826751,12826754,3
37472,12826754,12826757,3
37473,12826757,12826760,3
37474,12826816,12826821,5
37475,12827093,12827102,9
37476,12827815,12827824,9
37477,12827824,12827831,7
37478,12828123,12828130,7
37479,12829797,12829800,3
37480,12830444,12830447,3
37481,12830447,12830450,3
37482,12830450,12830453,3
37483,12830453,12830460,7
37484,12830480,12830483,3
37485,12830525,12830529,4
37486,12830801,12830804,3
37487,12830957,12830964,7
37488,12831270,12831276,6
37489,12832547,12832552,5
37490,12832552,12832557,5
37491,12833102,12833105,3
37492,12833446,12833455,9
37493,12833684,12833691,7
37494,12836117,12836127,10
37495,12837436,12837443,7
37496,12837443,12837453,10
37497,12837744,12837752,8
37498,12838145,12838153,8
37499,12838749,12838761,12
37500,12839916,12839926,10
37501,12840050,12840053,3
37502,12840352,12840361,9
37503,12841097,12841102,5
37504,12841102,12841107,5
37505,12841382,12841386,4
37506,12842767,12842770,3
37507,12842790,12842799,9
37508,12844668,12844676,8
37509,12845488,12845491,3
37510,12846761,12846769,8
37511,12846769,12846773,4
37512,12847765,12847773,8
37513,12848037,12848046,9
37514,12848563,12848566,3
37515,12849114,12849122,8
37516,12849491,12849497,6
37517,12849497,12849503,6
37518,12849503,12849509,6
37519,12849509,12849515,6
37520,12849515,12849521,6
37521,12850255,12850260,5
37522,12855850,12855857,7
37523,12857119,12857127,8
37524,12857127,12857130,3
37525,12857372,12857379,7
37526,12857569,12857576,7
37527,12857843,12857851,8
37528,12857904,12857912,8
37529,12859950,12859954,4
37530,12862780,12862790,10
37531,12862813,12862822,9
37532,12863898,12863908,10
37533,12865382,12865385,3
37534,12865879,12865887,8
37535,12866163,12866168,5
37536,12866864,12866872,8
37537,12867124,12867127,3
37538,12868256,12868262,6
37539,12868262,12868266,4
37540,12868266,12868269,3
37541,12868281,12868287,6
37542,12868287,12868293,6
37543,12868293,12868299,6
37544,12868340,12868343,3
37545,12873033,12873039,6
37546,12873065,12873074,9
37547,12874546,12874549,3
37548,12875901,12875910,9
37549,12875910,12875917,7
37550,12877426,12877432,6
37551,12877590,12877594,4
37552,12877594,12877604,10
37553,12878049,12878059,10
37554,12878059,12878066,7
37555,12879344,12879353,9
37556,12879596,12879599,3
37557,12879599,12879602,3
37558,12879861,12879867,6
37559,12881874,12881881,7
37560,12883665,12883673,8
37561,12884553,12884557,4
37562,12884759,12884763,4
37563,12887203,12887207,4
37564,12887384,12887388,4
37565,12887487,12887491,4
37566,12888506,12888512,6
37567,12888850,12888859,9
37568,12888935,12888940,5
37569,12889060,12889067,7
37570,12889900,12889909,9
37571,12891411,12891420,9
37572,12892113,12892121,8
37573,12892121,12892129,8
37574,12892129,12892137,8
37575,12892137,12892145,8
37576,12892696,12892704,8
37577,12893596,12893602,6
37578,12893643,12893649,6
37579,12894185,12894192,7
37580,12895235,12895242,7
37581,12895294,12895300,6
37582,12895300,12895306,6
37583,12895606,12895611,5
37584,12896429,12896436,7
37585,12896462,12896470,8
37586,12896506,12896515,9
37587,12896515,12896519,4
37588,12897255,12897261,6
37589,12898498,12898504,6
37590,12898504,12898512,8
37591,12898838,12898843,5
37592,12899817,12899824,7
37593,12900061,12900070,9
37594,12900424,12900432,8
37595,12900554,12900557,3
37596,12900646,12900653,7
37597,12901014,12901017,3
37598,12901709,12901716,7
37599,12902725,12902730,5
37600,12902861,12902870,9
37601,12904363,12904371,8
37602,12904725,12904734,9
37603,12904920,12904928,8
37604,12909115,12909120,5
37605,12909120,12909124,4
37606,12909923,12909931,8
37607,12910091,12910098,7
37608,12911265,12911273,8
37609,12913176,12913180,4
37610,12913455,12913460,5
37611,12913460,12913464,4
37612,12913482,12913490,8
37613,12913881,12913889,8
37614,12913889,12913897,8
37615,12914637,12914641,4
37616,12914652,12914659,7
37617,12914725,12914732,7
37618,12917924,12917932,8
37619,12918102,12918110,8
37620,12918360,12918366,6
37621,12918403,12918408,5
37622,12918408,12918414,6
37623,12918414,12918419,5
37624,12918733,12918741,8
37625,12918741,12918748,7
37626,12919389,12919394,5
37627,12920070,12920073,3
37628,12920073,12920076,3
37629,12921322,12921325,3
37630,12921437,12921443,6
37631,12923759,12923763,4
37632,12923786,12923791,5
37633,12926201,12926208,7
37634,12926448,12926455,7
37635,12926839,12926846,7
37636,12927330,12927334,4
37637,12929280,12929287,7
37638,12930652,12930657,5
37639,12930657,12930666,9
37640,12930666,12930807,141
37641,12930807,12930836,29
37642,12930836,12930866,30
37643,12930866,12930942,76
37644,12930942,12930947,5
37645,12930947,12930977,30
37646,12930977,12931060,83
37647,12931060,12931083,23
37648,12931083,12931176,93
37649,12931176,12931264,88
37650,12931264,12931301,37
37651,12931301,12931314,13
37652,12931314,12931615,301
37653,12931615,12931649,34
37654,12931649,12931682,33
37655,12931682,12931742,60
37656,12931742,12931795,53
37657,12931795,12931987,192
37658,12931987,12932158,171
37659,12932158,12932227,69
37660,12932227,12932267,40
37661,12932267,12932272,5
37662,12932272,12932325,53
37663,12932325,12932344,19
37664,12932344,12932403,59
37665,12932403,12932412,9
37666,12932412,12932451,39
37667,12932451,12932458,7
37668,12932458,12932641,183
37669,12932641,12932681,40
37670,12932681,12932705,24
37671,12932705,12932715,10
37672,12932715,12932763,48
37673,12932763,12932844,81
37674,12932844,12933093,249
37675,12933093,12933106,13
37676,12933106,12933160,54
37677,12933160,12933224,64
37678,12933224,12933235,11
37679,12933235,12933390,155
37680,12933390,12933404,14
37681,12933404,12933416,12
37682,12933416,12933515,99
37683,12933515,12933530,15
37684,12933530,12933571,41
37685,12933571,12933751,180
37686,12933751,12933754,3
37687,12933754,12933757,3
37688,12933757,12933790,33
37689,12933790,12933889,99
37690,12933889,12933910,21
37691,12933910,12933917,7
37692,12933917,12933936,19
37693,12933936,12933954,18
37694,12933954,12934015,61
37695,12934015,12934056,41
37696,12934056,12934156,100
37697,12934156,12934221,65
37698,12934221,12934250,29
37699,12934250,12934261,11
37700,12934261,12934299,38
37701,12934299,12934323,24
37702,12934323,12934592,269
37703,12934592,12934672,80
37704,12934672,12934889,217
37705,12934889,12934956,67
37706,12934956,12935120,164
37707,12935120,12935225,105
37708,12935225,12935255,30
37709,12935255,12935369,114
37710,12935369,12935408,39
37711,12935408,12935463,55
37712,12935463,12935515,52
37713,12935515,12935564,49
37714,12935564,12935823,259
37715,12935823,12935864,41
37716,12935864,12935883,19
37717,12935883,12935887,4
37718,12935887,12935895,8
37719,12935895,12936074,179
37720,12936074,12936136,62
37721,12936136,12936158,22
37722,12936158,12936171,13
37723,12936686,12936708,22
37724,12936708,12937028,320
37725,12937028,12937187,159
37726,12937187,12937213,26
37727,12937213,12937355,142
37728,12937355,12937443,88
37729,12937443,12937448,5
37730,12937448,12937457,9
37731,12937457,12937598,141
37732,12937598,12937627,29
37733,12937627,12937657,30
37734,12938979,12938988,9
37735,12941220,12941228,8
37736,12941326,12941335,9
37737,12941965,12941972,7
37738,12942700,12942708,8
37739,12942779,12942784,5
37740,12943877,12943886,9
37741,12943886,12943895,9
37742,12943919,12943927,8
37743,12945026,12945030,4
37744,12945227,12945233,6
37745,12945330,12945337,7
37746,12945362,12945368,6
37747,12945531,12945540,9
37748,12945564,12945568,4
37749,12945568,12945573,5
37750,12945573,12945578,5
37751,12945578,12945583,5
37752,12945583,12945588,5
37753,12945588,12945591,3
37754,12945591,12945596,5
37755,12945596,12945601,5
37756,12945601,12945604,3
37757,12945604,12945609,5
37758,12946858,12946862,4
37759,12946862,12946871,9
37760,12947054,12947059,5
37761,12947059,12947066,7
37762,12950127,12950132,5
37763,12951490,12951500,10
37764,12952590,12952600,10
37765,12952600,12952606,6
37766,12954142,12954151,9
37767,12954628,12954637,9
37768,12955372,12955375,3
37769,12955448,12955452,4
37770,12956504,12956507,3
37771,12958248,12958253,5
37772,12958393,12958396,3
37773,12958476,12958480,4
37774,12958811,12958815,4
37775,12960058,12960067,9
37776,12961665,12961672,7
37777,12962086,12962091,5
37778,12962347,12962354,7
37779,12962354,12962364,10
37780,12962903,12962911,8
37781,12963898,12963907,9
37782,12964245,12964252,7
37783,12966673,12966677,4
37784,12966883,12966886,3
37785,12967971,12967974,3
37786,12967984,12967992,8
37787,12968111,12968114,3
37788,12969985,12969991,6
37789,12970557,12970561,4
37790,12972679,12972683,4
37791,12973505,12973508,3
37792,12973508,12973517,9
37793,12974571,12974577,6
37794,12974686,12974690,4
37795,12974949,12974952,3
37796,12974952,12974959,7
37797,12977107,12977112,5
37798,12977660,12977668,8
37799,12977804,12977810,6
37800,12979094,12979100,6
37801,12979244,12979248,4
37802,12979338,12979344,6
37803,12979344,12979350,6
37804,12983123,12983128,5
37805,12984739,12984748,9
37806,12984826,12984834,8
37807,12985186,12985189,3
37808,12985475,12985480,5
37809,12986092,12986100,8
37810,12986765,12986769,4
37811,12986878,12986885,7
37812,12987001,12987009,8
37813,12987100,12987109,9
37814,12987921,12987926,5
37815,12989433,12989437,4
37816,12990583,12990587,4
37817,12990617,12990622,5
37818,12990622,12990625,3
37819,12991428,12991436,8
37820,12991535,12991540,5
37821,12991837,12991844,7
37822,12993140,12993146,6
37823,12993764,12993770,6
37824,12994287,12994292,5
37825,12996038,12996043,5
37826,12996608,12996616,8
37827,12997158,12997164,6
37828,12997663,12997667,4
37829,12998407,12998413,6
37830,12998513,12998531,18
37831,12998531,12998538,7
37832,12998768,12998774,6
37833,12998910,12998916,6
37834,12999167,12999175,8
37835,12999271,12999279,8
37836,12999650,12999654,4
37837,13000132,13000143,11
37838,13000181,13000190,9
37839,13000203,13000208,5
37840,13001070,13001073,3
37841,13002744,13002750,6
37842,13002925,13002933,8
37843,13002945,13002952,7
37844,13002952,13002956,4
37845,13003080,13003086,6
37846,13003275,13003280,5
37847,13003280,13003290,10
37848,13003290,13003295,5
37849,13004029,13004038,9
37850,13004206,13004216,10
37851,13004302,13004305,3
37852,13004317,13004324,7
37853,13006171,13006180,9
37854,13006180,13006187,7
37855,13006187,13006190,3
37856,13008063,13008069,6
37857,13008777,13008781,4
37858,13009341,13009347,6
37859,13009692,13009695,3
37860,13010976,13010979,3
37861,13012954,13012959,5
37862,13013610,13013613,3
37863,13014110,13014114,4
37864,13015532,13015538,6
37865,13015659,13015667,8
37866,13015787,13015793,6
37867,13017086,13017094,8
37868,13017094,13017102,8
37869,13017102,13017110,8
37870,13017110,13017118,8
37871,13017118,13017124,6
37872,13017981,13017987,6
37873,13017987,13017995,8
37874,13018025,13018031,6
37875,13018103,13018109,6
37876,13018600,13018607,7
37877,13018918,13018925,7
37878,13019182,13019189,7
37879,13019419,13019425,6
37880,13019709,13019780,71
37881,13019780,13019886,106
37882,13019886,13019904,18
37883,13019904,13019911,7
37884,13020068,13020139,71
37885,13020139,13020245,106
37886,13020646,13020651,5
37887,13020698,13020705,7
37888,13021994,13021998,4
37889,13021998,13022001,3
37890,13022001,13022007,6
37891,13022007,13022013,6
37892,13022178,13022188,10
37893,13022829,13022836,7
37894,13025726,13025731,5
37895,13025871,13025874,3
37896,13026031,13026034,3
37897,13029007,13029016,9
37898,13029016,13029019,3
37899,13029722,13029725,3
37900,13032976,13032983,7
37901,13033863,13033867,4
37902,13033933,13033942,9
37903,13034066,13034072,6
37904,13034111,13034114,3
37905,13035829,13035835,6
37906,13036149,13036159,10
37907,13036899,13036903,4
37908,13037237,13037241,4
37909,13037241,13037248,7
37910,13037392,13037400,8
37911,13037400,13037404,4
37912,13037415,13037419,4
37913,13037642,13037645,3
37914,13038735,13038744,9
37915,13039650,13039658,8
37916,13040208,13040214,6
37917,13040253,13040260,7
37918,13040410,13040413,3
37919,13040830,13040834,4
37920,13042328,13042331,3
37921,13045844,13045850,6
37922,13045850,13045859,9
37923,13046451,13046457,6
37924,13046850,13046858,8
37925,13047523,13047532,9
37926,13047532,13047539,7
37927,13047661,13047668,7
37928,13049027,13049038,11
37929,13049347,13049351,4
37930,13049637,13049642,5
37931,13050609,13050612,3
37932,13050965,13050971,6
37933,13053514,13053521,7
37934,13053557,13053561,4
37935,13054538,13054546,8
37936,13054546,13054550,4
37937,13054728,13054736,8
37938,13054899,13054903,4
37939,13055649,13055656,7
37940,13055708,13055714,6
37941,13056005,13056013,8
37942,13056223,13056228,5
37943,13056431,13056439,8
37944,13056724,13056727,3
37945,13057084,13057087,3
37946,13057614,13057624,10
37947,13058684,13058692,8
37948,13059244,13059252,8
37949,13059946,13059949,3
37950,13059949,13059958,9
37951,13061049,13061056,7
37952,13062231,13062236,5
37953,13062705,13062710,5
37954,13062936,13062943,7
37955,13064192,13064201,9
37956,13064768,13064772,4
37957,13064772,13064780,8
37958,13064780,13064788,8
37959,13064788,13064796,8
37960,13064796,13064800,4
37961,13064800,13064804,4
37962,13064804,13064808,4
37963,13064827,13064835,8
37964,13065567,13065571,4
37965,13067401,13067405,4
37966,13067437,13067441,4
37967,13067441,13067445,4
37968,13067445,13067449,4
37969,13067780,13067788,8
37970,13067928,13067934,6
37971,13068237,13068240,3
37972,13068980,13068985,5
37973,13069047,13069052,5
37974,13069321,13069329,8
37975,13069329,13069335,6
37976,13069727,13069734,7
37977,13069744,13069752,8
37978,13069821,13069831,10
37979,13070424,13070432,8
37980,13072916,13072922,6
37981,13072922,13072927,5
37982,13073650,13073655,5
37983,13073974,13073981,7
37984,13075008,13075017,9
37985,13075017,13075020,3
37986,13075396,13075402,6
37987,13075450,13075456,6
37988,13075801,13075805,4
37989,13076841,13076848,7
37990,13077849,13077853,4
37991,13078691,13078698,7
37992,13078853,13078860,7
37993,13079830,13079836,6
37994,13079836,13079844,8
37995,13080007,13080013,6
37996,13080013,13080019,6
37997,13080117,13080126,9
37998,13080211,13080218,7
37999,13081160,13081163,3
38000,13081163,13081167,4
38001,13081841,13081847,6
38002,13081860,13081864,4
38003,13081864,13081870,6
38004,13082664,13082667,3
38005,13082667,13082672,5
38006,13082705,13082712,7
38007,13082727,13082734,7
38008,13083032,13083038,6
38009,13083038,13083044,6
38010,13083110,13083114,4
38011,13083277,13083282,5
38012,13083381,13083385,4
38013,13083385,13083389,4
38014,13084748,13084756,8
38015,13084879,13084883,4
38016,13085576,13085584,8
38017,13085728,13085734,6
38018,13085760,13085767,7
38019,13086542,13086546,4
38020,13086889,13086892,3
38021,13087030,13087033,3
38022,13087179,13087182,3
38023,13087799,13087806,7
38024,13088836,13088842,6
38025,13088934,13088944,10
38026,13088965,13088969,4
38027,13089258,13089268,10
38028,13089444,13089456,12
38029,13089456,13089462,6
38030,13089462,13089468,6
38031,13089468,13089471,3
38032,13089542,13089549,7
38033,13089594,13089606,12
38034,13089606,13089612,6
38035,13089787,13089797,10
38036,13090994,13091000,6
38037,13091000,13091009,9
38038,13091111,13091119,8
38039,13091277,13091282,5
38040,13091454,13091461,7
38041,13091675,13091681,6
38042,13091695,13091702,7
38043,13091732,13091737,5
38044,13091839,13091844,5
38045,13091900,13091908,8
38046,13092350,13092354,4
38047,13092604,13092609,5
38048,13093341,13093348,7
38049,13093766,13093775,9
38050,13094554,13094559,5
38051,13094992,13094997,5
38052,13095810,13095819,9
38053,13096547,13096553,6
38054,13096760,13096763,3
38055,13098004,13098010,6
38056,13098607,13098613,6
38057,13098853,13098860,7
38058,13100469,13100475,6
38059,13100628,13100632,4
38060,13100632,13100636,4
38061,13100636,13100640,4
38062,13100640,13100644,4
38063,13100644,13100648,4
38064,13100648,13100652,4
38065,13100652,13100656,4
38066,13100656,13100664,8
38067,13100664,13100668,4
38068,13100668,13100672,4
38069,13100672,13100676,4
38070,13100676,13100680,4
38071,13100680,13100684,4
38072,13100684,13100688,4
38073,13100688,13100692,4
38074,13100692,13100696,4
38075,13100696,13100700,4
38076,13100700,13100704,4
38077,13100704,13100708,4
38078,13100708,13100712,4
38079,13100712,13100716,4
38080,13100716,13100720,4
38081,13100720,13100724,4
38082,13100724,13100728,4
38083,13100728,13100732,4
38084,13100732,13100736,4
38085,13100736,13100740,4
38086,13100740,13100744,4
38087,13100744,13100748,4
38088,13100748,13100752,4
38089,13100752,13100756,4
38090,13100756,13100760,4
38091,13100760,13100764,4
38092,13100764,13100768,4
38093,13100768,13100772,4
38094,13100772,13100776,4
38095,13100776,13100780,4
38096,13100780,13100784,4
38097,13100784,13100788,4
38098,13100788,13100792,4
38099,13100792,13100796,4
38100,13100796,13100800,4
38101,13100800,13100804,4
38102,13100804,13100808,4
38103,13100808,13100812,4
38104,13100812,13100816,4
38105,13100816,13100820,4
38106,13100820,13100829,9
38107,13100829,13100835,6
38108,13101138,13101148,10
38109,13101681,13101688,7
38110,13101717,13101721,4
38111,13102099,13102104,5
38112,13102239,13102247,8
38113,13103291,13103296,5
38114,13103683,13103691,8
38115,13103738,13103747,9
38116,13104022,13104030,8
38117,13104202,13104207,5
38118,13104449,13104453,4
38119,13104712,13104716,4
38120,13104954,13104959,5
38121,13105227,13105235,8
38122,13105588,13105592,4
38123,13106090,13106095,5
38124,13106208,13106217,9
38125,13106239,13106243,4
38126,13106706,13106715,9
38127,13106715,13106721,6
38128,13106927,13106933,6
38129,13107068,13107075,7
38130,13107146,13107155,9
38131,13107628,13107634,6
38132,13108000,13108005,5
38133,13108240,13108244,4
38134,13108244,13108249,5
38135,13108249,13108254,5
38136,13108317,13108324,7
38137,13108324,13108332,8
38138,13108499,13108505,6
38139,13109214,13109220,6
38140,13110876,13110879,3
38141,13111005,13111011,6
38142,13111266,13111272,6
38143,13111391,13111398,7
38144,13111702,13111710,8
38145,13111809,13111815,6
38146,13112527,13112534,7
38147,13112972,13112980,8
38148,13113228,13113231,3
38149,13113391,13113430,39
38150,13113588,13113591,3
38151,13113948,13113951,3
38152,13114019,13114025,6
38153,13114283,13114291,8
38154,13115128,13115132,4
38155,13115785,13115793,8
38156,13116050,13116053,3
38157,13116123,13116129,6
38158,13116523,13116531,8
38159,13116531,13116539,8
38160,13117296,13117303,7
38161,13117303,13117306,3
38162,13117438,13117441,3
38163,13117441,13117444,3
38164,13117555,13117560,5
38165,13117560,13117565,5
38166,13119848,13119856,8
38167,13122409,13122412,3
38168,13122517,13122521,4
38169,13122585,13122592,7
38170,13123534,13123538,4
38171,13123538,13123546,8
38172,13123654,13123658,4
38173,13123658,13123661,3
38174,13123899,13123906,7
38175,13123918,13123929,11
38176,13125038,13125045,7
38177,13126883,13126934,51
38178,13127195,13127203,8
38179,13128153,13128158,5
38180,13128298,13128301,3
38181,13129058,13129066,8
38182,13130583,13130587,4
38183,13131985,13131993,8
38184,13131993,13132003,10
38185,13132611,13132621,10
38186,13133082,13133086,4
38187,13133980,13133985,5
38188,13134482,13134491,9
38189,13134917,13134922,5
38190,13136604,13136613,9
38191,13136754,13136757,3
38192,13138182,13138191,9
38193,13138778,13138784,6
38194,13138784,13138790,6
38195,13139089,13139095,6
38196,13139665,13139670,5
38197,13140022,13140030,8
38198,13140160,13140165,5
38199,13140272,13140279,7
38200,13140433,13140438,5
38201,13140438,13140445,7
38202,13140445,13140450,5
38203,13140526,13140535,9
38204,13140594,13140603,9
38205,13141024,13141034,10
38206,13144062,13144069,7
38207,13144127,13144134,7
38208,13144742,13144746,4
38209,13145004,13145012,8
38210,13145012,13145020,8
38211,13145020,13145024,4
38212,13145421,13145428,7
38213,13145459,13145464,5
38214,13146111,13146116,5
38215,13146826,13146831,5
38216,13148324,13148330,6
38217,13148378,13148383,5
38218,13148762,13148767,5
38219,13149129,13149136,7
38220,13149150,13149157,7
38221,13149552,13149556,4
38222,13149692,13149695,3
38223,13150128,13150134,6
38224,13151051,13151054,3
38225,13151127,13151130,3
38226,13151244,13151250,6
38227,13151262,13151271,9
38228,13151402,13151409,7
38229,13151813,13151820,7
38230,13151901,13151906,5
38231,13152708,13152713,5
38232,13153684,13153712,28
38233,13153712,13153770,58
38234,13153770,13153798,28
38235,13153798,13153856,58
38236,13153856,13153884,28
38237,13153942,13153970,28
38238,13153970,13154028,58
38239,13154028,13154056,28
38240,13154056,13154114,58
38241,13154114,13154142,28
38242,13154902,13154911,9
38243,13154980,13154987,7
38244,13156175,13156181,6
38245,13156710,13156713,3
38246,13157676,13157679,3
38247,13157934,13157937,3
38248,13157937,13157945,8
38249,13158179,13158183,4
38250,13158194,13158203,9
38251,13158352,13158357,5
38252,13158741,13158747,6
38253,13159205,13159210,5
38254,13159546,13159550,4
38255,13160542,13160551,9
38256,13160989,13160994,5
38257,13161420,13161426,6
38258,13162509,13162515,6
38259,13162638,13162645,7
38260,13162645,13162655,10
38261,13163236,13163246,10
38262,13164044,13164047,3
38263,13164884,13164890,6
38264,13164890,13164896,6
38265,13164896,13164908,12
38266,13164921,13164927,6
38267,13165043,13165051,8
38268,13165394,13165405,11
38269,13166968,13166971,3
38270,13167179,13167188,9
38271,13167217,13167224,7
38272,13167256,13167260,4
38273,13167398,13167407,9
38274,13167407,13167412,5
38275,13169060,13169066,6
38276,13170140,13170147,7
38277,13170550,13170556,6
38278,13171270,13171279,9
38279,13171679,13171688,9
38280,13173201,13173207,6
38281,13173910,13173916,6
38282,13174253,13174262,9
38283,13174702,13174708,6
38284,13174995,13175004,9
38285,13175429,13175433,4
38286,13175634,13175890,256
38287,13175890,13175901,11
38288,13175901,13175946,45
38289,13175946,13175960,14
38290,13175960,13176026,66
38291,13176026,13176089,63
38292,13176252,13176261,9
38293,13176261,13176283,22
38294,13176283,13176298,15
38295,13176298,13176306,8
38296,13176306,13176330,24
38297,13176330,13176334,4
38298,13176334,13176439,105
38299,13176439,13176513,74
38300,13176513,13176552,39
38301,13176552,13176631,79
38302,13176631,13176838,207
38303,13177021,13177052,31
38304,13177052,13177083,31
38305,13177083,13177115,32
38306,13177115,13177121,6
38307,13177121,13177127,6
38308,13177127,13177130,3
38309,13177130,13177135,5
38310,13177135,13177138,3
38311,13177138,13177373,235
38312,13177373,13177412,39
38313,13177412,13177418,6
38314,13177418,13177421,3
38315,13177421,13177424,3
38316,13177424,13177512,88
38317,13177512,13177713,201
38318,13177713,13177758,45
38319,13177758,13177794,36
38320,13177794,13177809,15
38321,13177832,13177869,37
38322,13177869,13177882,13
38323,13177882,13177897,15
38324,13177897,13177954,57
38325,13177954,13177962,8
38326,13177962,13177969,7
38327,13177969,13177988,19
38328,13178090,13178121,31
38329,13178121,13178200,79
38330,13178200,13178241,41
38331,13178241,13178269,28
38332,13178269,13178293,24
38333,13178293,13178369,76
38334,13178369,13178453,84
38335,13178453,13178480,27
38336,13178543,13178613,70
38337,13178613,13178682,69
38338,13178682,13178726,44
38339,13178726,13178731,5
38340,13178731,13178760,29
38341,13178760,13178820,60
38342,13178820,13178828,8
38343,13178828,13178859,31
38344,13178859,13178959,100
38345,13178959,13179022,63
38346,13179022,13179046,24
38347,13179186,13179242,56
38348,13179283,13179439,156
38349,13179439,13179451,12
38350,13179451,13179619,168
38351,13179619,13179627,8
38352,13179627,13179649,22
38353,13179649,13179679,30
38354,13179679,13179731,52
38355,13179731,13179746,15
38356,13179746,13179761,15
38357,13179761,13179767,6
38358,13179767,13179779,12
38359,13179779,13179785,6
38360,13179785,13179803,18
38361,13179803,13179873,70
38362,13179873,13179884,11
38363,13179884,13179927,43
38364,13179927,13180066,139
38365,13180066,13180076,10
38366,13180076,13180141,65
38367,13180141,13180217,76
38368,13180217,13180382,165
38369,13180382,13180467,85
38370,13180669,13180702,33
38371,13180702,13180849,147
38372,13180849,13180916,67
38373,13180916,13181044,128
38374,13181044,13181052,8
38375,13181347,13181357,10
38376,13181357,13181394,37
38377,13181394,13181490,96
38378,13181490,13181559,69
38379,13181559,13181564,5
38380,13181564,13181590,26
38381,13182113,13182369,256
38382,13182369,13182380,11
38383,13182380,13182425,45
38384,13182425,13182439,14
38385,13182439,13182505,66
38386,13182505,13182568,63
38387,13182734,13182743,9
38388,13182743,13182765,22
38389,13182765,13182780,15
38390,13182780,13182788,8
38391,13182788,13182812,24
38392,13182812,13182816,4
38393,13182816,13182921,105
38394,13182921,13182995,74
38395,13182995,13183034,39
38396,13183034,13183113,79
38397,13183113,13183320,207
38398,13183505,13183536,31
38399,13183536,13183567,31
38400,13183567,13183599,32
38401,13183599,13183605,6
38402,13183605,13183611,6
38403,13183611,13183614,3
38404,13183614,13183619,5
38405,13183619,13183622,3
38406,13183622,13183857,235
38407,13183857,13183896,39
38408,13183896,13183902,6
38409,13183902,13183905,3
38410,13183905,13183908,3
38411,13183908,13183996,88
38412,13183996,13184197,201
38413,13184197,13184242,45
38414,13184242,13184278,36
38415,13184278,13184293,15
38416,13184305,13184342,37
38417,13184342,13184355,13
38418,13184355,13184370,15
38419,13184370,13184427,57
38420,13184427,13184435,8
38421,13184435,13184442,7
38422,13184442,13184461,19
38423,13184563,13184594,31
38424,13184594,13184673,79
38425,13184673,13184714,41
38426,13184714,13184742,28
38427,13184742,13184766,24
38428,13184766,13184842,76
38429,13184842,13184926,84
38430,13184926,13184953,27
38431,13185016,13185086,70
38432,13185086,13185155,69
38433,13185155,13185199,44
38434,13185199,13185204,5
38435,13185204,13185233,29
38436,13185233,13185293,60
38437,13185293,13185301,8
38438,13185301,13185332,31
38439,13185332,13185432,100
38440,13185432,13185495,63
38441,13185495,13185519,24
38442,13185660,13185716,56
38443,13185757,13185913,156
38444,13185913,13185925,12
38445,13185925,13186093,168
38446,13186093,13186101,8
38447,13186101,13186123,22
38448,13186123,13186153,30
38449,13186153,13186205,52
38450,13186205,13186220,15
38451,13186220,13186235,15
38452,13186235,13186241,6
38453,13186241,13186253,12
38454,13186253,13186259,6
38455,13186259,13186277,18
38456,13186277,13186347,70
38457,13186347,13186358,11
38458,13186358,13186401,43
38459,13186401,13186540,139
38460,13186540,13186550,10
38461,13186550,13186615,65
38462,13186615,13186691,76
38463,13186691,13186856,165
38464,13186856,13186941,85
38465,13187143,13187176,33
38466,13187176,13187323,147
38467,13187323,13187390,67
38468,13187390,13187518,128
38469,13187518,13187526,8
38470,13187821,13187831,10
38471,13187831,13187868,37
38472,13187868,13187964,96
38473,13187964,13188033,69
38474,13188033,13188038,5
38475,13188038,13188064,26
38476,13189084,13189091,7
38477,13189091,13189099,8
38478,13190854,13190857,3
38479,13191702,13191715,13
38480,13191765,13191775,10
38481,13192244,13192252,8
38482,13192488,13192498,10
38483,13192825,13192833,8
38484,13194034,13194038,4
38485,13194231,13194235,4
38486,13194274,13194280,6
38487,13194547,13194550,3
38488,13194606,13194612,6
38489,13195041,13195044,3
38490,13195203,13195242,39
38491,13195958,13195962,4
38492,13197330,13197339,9
38493,13197703,13197712,9
38494,13197735,13197742,7
38495,13197797,13197802,5
38496,13198336,13198343,7
38497,13198770,13198780,10
38498,13198908,13198917,9
38499,13198917,13198922,5
38500,13198922,13198928,6
38501,13199342,13199349,7
38502,13199774,13199777,3
38503,13200136,13200145,9
38504,13200216,13200219,3
38505,13200957,13200963,6
38506,13201484,13201493,9
38507,13201995,13201999,4
38508,13203487,13203494,7
38509,13203935,13203938,3
38510,13204583,13204592,9
38511,13204941,13204944,3
38512,13205131,13205137,6
38513,13205204,13205209,5
38514,13206726,13206732,6
38515,13207590,13207598,8
38516,13207598,13207603,5
38517,13209052,13209056,4
38518,13209185,13209189,4
38519,13209189,13209193,4
38520,13209193,13209200,7
38521,13210183,13210189,6
38522,13210189,13210198,9
38523,13210357,13210360,3
38524,13211696,13211706,10
38525,13211739,13211746,7
38526,13212256,13212265,9
38527,13212316,13212326,10
38528,13212911,13212914,3
38529,13213168,13213174,6
38530,13213186,13213195,9
38531,13213195,13213202,7
38532,13213355,13213358,3
38533,13214028,13214032,4
38534,13214759,13214764,5
38535,13215781,13215790,9
38536,13215790,13215793,3
38537,13216244,13216255,11
38538,13216493,13216502,9
38539,13217095,13217102,7
38540,13217206,13217209,3
38541,13217298,13217306,8
38542,13217805,13217808,3
38543,13217902,13217910,8
38544,13218086,13218093,7
38545,13218666,13218670,4
38546,13219685,13219689,4
38547,13220685,13220692,7
38548,13220828,13220838,10
38549,13220890,13220899,9
38550,13221098,13221101,3
38551,13221349,13221356,7
38552,13222024,13222030,6
38553,13223144,13223152,8
38554,13223152,13223163,11
38555,13223646,13223653,7
38556,13223731,13223736,5
38557,13223736,13223743,7
38558,13223743,13223750,7
38559,13224240,13224248,8
38560,13224296,13224300,4
38561,13224300,13224308,8
38562,13224632,13224635,3
38563,13224967,13224972,5
38564,13225079,13225085,6
38565,13225379,13225388,9
38566,13226894,13226900,6
38567,13227198,13227201,3
38568,13227201,13227205,4
38569,13228227,13228233,6
38570,13228233,13228237,4
38571,13228571,13228577,6
38572,13228577,13228583,6
38573,13228583,13228589,6
38574,13228839,13228847,8
38575,13228875,13228883,8
38576,13229696,13229700,4
38577,13229719,13229730,11
38578,13229776,13229781,5
38579,13230086,13230093,7
38580,13230093,13230102,9
38581,13230679,13230688,9
38582,13230704,13230710,6
38583,13230893,13230903,10
38584,13231244,13231248,4
38585,13231290,13231295,5
38586,13231553,13231560,7
38587,13233227,13233234,7
38588,13233234,13233243,9
38589,13233513,13233518,5
38590,13234909,13234914,5
38591,13234914,13234919,5
38592,13234919,13234924,5
38593,13235626,13235631,5
38594,13236170,13236180,10
38595,13236180,13236188,8
38596,13236188,13236192,4
38597,13236523,13236528,5
38598,13239738,13239743,5
38599,13240240,13240247,7
38600,13241595,13241600,5
38601,13241807,13241812,5
38602,13242032,13242035,3
38603,13242035,13242103,68
38604,13242103,13242109,6
38605,13242155,13242162,7
38606,13242195,13242234,39
38607,13242392,13242395,3
38608,13242395,13242463,68
38609,13242463,13242469,6
38610,13243725,13243733,8
38611,13243940,13243948,8
38612,13244267,13244273,6
38613,13244427,13244433,6
38614,13244808,13244815,7
38615,13244815,13244822,7
38616,13244926,13244933,7
38617,13244933,13244940,7
38618,13245322,13245325,3
38619,13246224,13246230,6
38620,13246327,13246332,5
38621,13246332,13246337,5
38622,13246337,13246342,5
38623,13246705,13246711,6
38624,13246711,13246717,6
38625,13247484,13247493,9
38626,13248341,13248350,9
38627,13249233,13249237,4
38628,13249237,13249240,3
38629,13250349,13250355,6
38630,13250999,13251004,5
38631,13251287,13251294,7
38632,13251465,13251471,6
38633,13251873,13251876,3
38634,13251889,13251894,5
38635,13251894,13251901,7
38636,13252022,13252028,6
38637,13252028,13252038,10
38638,13252229,13252238,9
38639,13252612,13252618,6
38640,13252618,13252624,6
38641,13252624,13252631,7
38642,13253204,13253208,4
38643,13253208,13253212,4
38644,13254445,13254449,4
38645,13254904,13254910,6
38646,13255142,13255149,7
38647,13255294,13255300,6
38648,13255478,13255485,7
38649,13256364,13256370,6
38650,13256536,13256542,6
38651,13256997,13257005,8
38652,13257653,13257661,8
38653,13257856,13257865,9
38654,13258048,13258052,4
38655,13258632,13258641,9
38656,13258641,13258649,8
38657,13260463,13260467,4
38658,13260551,13260560,9
38659,13260610,13260614,4
38660,13260733,13260743,10
38661,13260908,13260911,3
38662,13261311,13261315,4
38663,13261315,13261326,11
38664,13261438,13261445,7
38665,13261519,13261525,6
38666,13262168,13262171,3
38667,13264226,13264233,7
38668,13264350,13264353,3
38669,13264735,13264747,12
38670,13264761,13264765,4
38671,13266048,13266054,6
38672,13267542,13267548,6
38673,13268290,13268300,10
38674,13268646,13268653,7
38675,13268672,13268675,3
38676,13268675,13268678,3
38677,13268678,13268681,3
38678,13268681,13268684,3
38679,13269973,13269979,6
38680,13269979,13269985,6
38681,13270351,13270357,6
38682,13270745,13270749,4
38683,13270951,13270955,4
38684,13271060,13271063,3
38685,13271851,13271858,7
38686,13272027,13272034,7
38687,13273082,13273086,4
38688,13273812,13273815,3
38689,13273827,13273836,9
38690,13273848,13273852,4
38691,13273981,13273991,10
38692,13274115,13274122,7
38693,13274122,13274129,7
38694,13274895,13274900,5
38695,13276274,13276279,5
38696,13276303,13276308,5
38697,13276440,13276448,8
38698,13276448,13276452,4
38699,13276537,13276544,7
38700,13276607,13276613,6
38701,13276948,13276952,4
38702,13277032,13277041,9
38703,13278334,13278344,10
38704,13279436,13279441,5
38705,13279441,13279449,8
38706,13279709,13279714,5
38707,13280691,13280695,4
38708,13281031,13281037,6
38709,13281365,13281370,5
38710,13285530,13285542,12
38711,13285636,13285645,9
38712,13286767,13286773,6
38713,13286802,13286809,7
38714,13286848,13286857,9
38715,13287359,13287367,8
38716,13288547,13288557,10
38717,13288557,13288568,11
38718,13288631,13288636,5
38719,13288994,13289001,7
38720,13289855,13289864,9
38721,13290106,13290109,3
38722,13290248,13290253,5
38723,13290275,13290281,6
38724,13290367,13290370,3
38725,13290605,13290611,6
38726,13290981,13290988,7
38727,13291427,13291433,6
38728,13291433,13291442,9
38729,13293186,13293191,5
38730,13293476,13293479,3
38731,13293512,13293518,6
38732,13293518,13293524,6
38733,13293736,13293742,6
38734,13293793,13293800,7
38735,13293916,13293923,7
38736,13293923,13293939,16
38737,13293939,13293950,11
38738,13294267,13294278,11
38739,13294672,13294675,3
38740,13295144,13295148,4
38741,13295543,13295552,9
38742,13295727,13295734,7
38743,13295734,13295740,6
38744,13295808,13295816,8
38745,13295816,13295824,8
38746,13296007,13296016,9
38747,13296324,13296328,4
38748,13296594,13296600,6
38749,13296600,13296606,6
38750,13296606,13296614,8
38751,13296614,13296620,6
38752,13296620,13296626,6
38753,13296626,13296631,5
38754,13298428,13298437,9
38755,13299351,13299357,6
38756,13299357,13299363,6
38757,13299914,13299924,10
38758,13299965,13299969,4
38759,13300095,13300100,5
38760,13301278,13301285,7
38761,13302005,13302010,5
38762,13302010,13302017,7
38763,13302017,13302022,5
38764,13302402,13302408,6
38765,13306104,13306116,12
38766,13306773,13306785,12
38767,13306785,13306791,6
38768,13306791,13306800,9
38769,13306800,13306806,6
38770,13306806,13306812,6
38771,13306812,13306815,3
38772,13306815,13306821,6
38773,13306932,13306936,4
38774,13307458,13307461,3
38775,13307461,13307466,5
38776,13307466,13307469,3
38777,13307717,13307722,5
38778,13307722,13307731,9
38779,13308082,13308088,6
38780,13308153,13308159,6
38781,13308431,13308434,3
38782,13308540,13308547,7
38783,13308547,13308554,7
38784,13308554,13308564,10
38785,13310490,13310495,5
38786,13310666,13310674,8
38787,13310800,13310805,5
38788,13311840,13311844,4
38789,13311844,13311848,4
38790,13311958,13311961,3
38791,13312971,13312981,10
38792,13312996,13313001,5
38793,13313107,13313110,3
38794,13313542,13313549,7
38795,13313877,13313882,5
38796,13313894,13313900,6
38797,13314211,13314218,7
38798,13314603,13314606,3
38799,13315210,13315216,6
38800,13315216,13315222,6
38801,13315222,13315227,5
38802,13315227,13315235,8
38803,13315476,13315485,9
38804,13317206,13317211,5
38805,13317211,13317217,6
38806,13317653,13317658,5
38807,13317676,13317683,7
38808,13317752,13317761,9
38809,13317822,13317832,10
38810,13318226,13318235,9
38811,13319521,13319526,5
38812,13319526,13319530,4
38813,13319706,13319712,6
38814,13319896,13319905,9
38815,13320404,13320410,6
38816,13320410,13320413,3
38817,13320584,13320593,9
38818,13321126,13321132,6
38819,13321132,13321137,5
38820,13322066,13322074,8
38821,13323963,13323966,3
38822,13324288,13324294,6
38823,13324388,13324393,5
38824,13324688,13324691,3
38825,13325052,13325057,5
38826,13325057,13325062,5
38827,13325209,13325218,9
38828,13325339,13325343,4
38829,13325421,13325424,3
38830,13325424,13325432,8
38831,13326183,13326192,9
38832,13326261,13326267,6
38833,13326267,13326273,6
38834,13326747,13326750,3
38835,13326808,13326814,6
38836,13326871,13326877,6
38837,13326877,13326884,7
38838,13327064,13327072,8
38839,13327807,13327810,3
38840,13328557,13328561,4
38841,13329703,13329707,4
38842,13330090,13330096,6
38843,13330117,13330124,7
38844,13330931,13330935,4
38845,13330935,13330940,5
38846,13330940,13330945,5
38847,13331891,13331894,3
38848,13332530,13332539,9
38849,13332796,13332801,5
38850,13332956,13332961,5
38851,13333551,13333555,4
38852,13333555,13333558,3
38853,13334034,13334037,3
38854,13334800,13334806,6
38855,13334882,13334888,6
38856,13334888,13334893,5
38857,13334995,13335000,5
38858,13336119,13336128,9
38859,13336208,13336211,3
38860,13336272,13336275,3
38861,13336435,13336438,3
38862,13336896,13336902,6
38863,13338545,13338548,3
38864,13339262,13339268,6
38865,13339268,13339274,6
38866,13339442,13339445,3
38867,13340714,13340721,7
38868,13343538,13343544,6
38869,13343609,13343615,6
38870,13343615,13343627,12
38871,13343627,13343633,6
38872,13344659,13344665,6
38873,13344665,13344673,8
38874,13345473,13345479,6
38875,13348680,13348689,9
38876,13349240,13349244,4
38877,13350831,13350835,4
38878,13354101,13354109,8
38879,13354802,13354810,8
38880,13355932,13355941,9
38881,13356209,13356217,8
38882,13356403,13356406,3
38883,13356718,13356729,11
38884,13357883,13357889,6
38885,13358293,13358299,6
38886,13358324,13358331,7
38887,13360519,13360524,5
38888,13360681,13360684,3
38889,13360991,13360997,6
38890,13360997,13361040,43
38891,13361040,13361061,21
38892,13361061,13361073,12
38893,13361073,13361131,58
38894,13361131,13361238,107
38895,13361351,13361357,6
38896,13361357,13361400,43
38897,13361400,13361421,21
38898,13361421,13361433,12
38899,13361433,13361491,58
38900,13361491,13361598,107
38901,13361711,13361717,6
38902,13362071,13362077,6
38903,13362120,13362141,21
38904,13362141,13362153,12
38905,13362153,13362211,58
38906,13362465,13362480,15
38907,13362659,13362662,3
38908,13362671,13362674,3
38909,13362674,13362682,8
38910,13362974,13362981,7
38911,13363176,13363181,5
38912,13363181,13363188,7
38913,13363251,13363261,10
38914,13363288,13363293,5
38915,13363723,13363731,8
38916,13364807,13364816,9
38917,13364833,13364841,8
38918,13365582,13365592,10
38919,13365660,13365663,3
38920,13366366,13366369,3
38921,13366687,13366691,4
38922,13366691,13366697,6
38923,13366723,13366732,9
38924,13366817,13366821,4
38925,13366886,13366893,7
38926,13366893,13366900,7
38927,13366942,13366947,5
38928,13367086,13367089,3
38929,13367423,13367426,3
38930,13368232,13368240,8
38931,13368284,13368292,8
38932,13371159,13371164,5
38933,13371164,13371170,6
38934,13372602,13372606,4
38935,13372606,13372612,6
38936,13373455,13373460,5
38937,13374190,13374197,7
38938,13374784,13374788,4
38939,13375641,13375646,5
38940,13375716,13375722,6
38941,13375722,13375728,6
38942,13375728,13375734,6
38943,13376087,13376092,5
38944,13376274,13376281,7
38945,13376801,13376808,7
38946,13376808,13376813,5
38947,13377027,13377030,3
38948,13377266,13377271,5
38949,13377461,13377470,9
38950,13377621,13377632,11
38951,13377632,13377642,10
38952,13377839,13377849,10
38953,13377971,13377976,5
38954,13378045,13378054,9
38955,13378416,13378420,4
38956,13379278,13379284,6
38957,13379526,13379529,3
38958,13380638,13380647,9
38959,13381276,13381285,9
38960,13381285,13381290,5
38961,13381290,13381296,6
38962,13381406,13381415,9
38963,13381671,13381676,5
38964,13382044,13382049,5
38965,13382139,13382147,8
38966,13382408,13382412,4
38967,13382544,13382551,7
38968,13382551,13382554,3
38969,13382711,13382718,7
38970,13382991,13382998,7
38971,13383140,13383143,3
38972,13383665,13383669,4
38973,13384629,13384636,7
38974,13385193,13385204,11
38975,13385577,13385586,9
38976,13385837,13385840,3
38977,13385943,13385947,4
38978,13386760,13386765,5
38979,13387283,13387292,9
38980,13389007,13389012,5
38981,13389050,13389055,5
38982,13389055,13389060,5
38983,13389070,13389080,10
38984,13389317,13389320,3
38985,13389448,13389453,5
38986,13389733,13389738,5
38987,13390345,13390354,9
38988,13390478,13390486,8
38989,13390707,13390711,4
38990,13390946,13390952,6
38991,13391242,13391250,8
38992,13391250,13391253,3
38993,13392378,13392385,7
38994,13392483,13392487,4
38995,13392914,13392920,6
38996,13393192,13393197,5
38997,13393373,13393377,4
38998,13393510,13393514,4
38999,13393622,13393626,4
39000,13396265,13396269,4
39001,13397657,13397661,4
39002,13398326,13398333,7
39003,13398333,13398339,6
39004,13399363,13399371,8
39005,13399548,13399558,10
39006,13401673,13401734,61
39007,13401734,13401770,36
39008,13403566,13403572,6
39009,13403780,13403789,9
39010,13404794,13404799,5
39011,13405528,13405532,4
39012,13405532,13405537,5
39013,13405954,13405959,5
39014,13406083,13406086,3
39015,13406202,13406210,8
39016,13406252,13406260,8
39017,13407001,13407008,7
39018,13407297,13407303,6
39019,13407866,13407873,7
39020,13407966,13407974,8
39021,13408271,13408279,8
39022,13408345,13408352,7
39023,13409859,13409862,3
39024,13410318,13410322,4
39025,13410322,13410326,4
39026,13410326,13410330,4
39027,13411324,13411329,5
39028,13411615,13411621,6
39029,13412308,13412311,3
39030,13412311,13412317,6
39031,13412422,13412430,8
39032,13412464,13412469,5
39033,13412565,13412568,3
39034,13412568,13412571,3
39035,13412571,13412574,3
39036,13412628,13412634,6
39037,13412854,13412862,8
39038,13413313,13413320,7
39039,13413631,13413637,6
39040,13413691,13413700,9
39041,13414135,13414141,6
39042,13414513,13414518,5
39043,13414573,13414579,6
39044,13414579,13414584,5
39045,13414869,13414873,4
39046,13414981,13414990,9
39047,13416550,13416557,7
39048,13417114,13417120,6
39049,13417525,13417529,4
39050,13417694,13417697,3
39051,13417868,13417872,4
39052,13418241,13418249,8
39053,13418502,13418508,6
39054,13419513,13419519,6
39055,13419900,13419906,6
39056,13420871,13420876,5
39057,13422010,13422016,6
39058,13422036,13422046,10
39059,13423531,13423534,3
39060,13423889,13423892,3
39061,13425356,13425362,6
39062,13425904,13425914,10
39063,13426184,13426192,8
39064,13429623,13429650,27
39065,13429650,13429716,66
39066,13429716,13429835,119
39067,13429835,13429878,43
39068,13429878,13429946,68
39069,13429946,13430081,135
39070,13430081,13430087,6
39071,13430449,13430510,61
39072,13430510,13430546,36
39073,13431442,13431447,5
39074,13431447,13431451,4
39075,13433702,13433706,4
39076,13433773,13433780,7
39077,13433780,13433783,3
39078,13433986,13433989,3
39079,13436175,13436180,5
39080,13436880,13436888,8
39081,13438919,13438925,6
39082,13438925,13438929,4
39083,13439332,13439339,7
39084,13439702,13439707,5
39085,13440190,13440198,8
39086,13441814,13441819,5
39087,13442727,13442735,8
39088,13443928,13443937,9
39089,13444263,13444266,3
39090,13445278,13445287,9
39091,13446041,13446046,5
39092,13447573,13447580,7
39093,13447580,13447584,4
39094,13449870,13449875,5
39095,13449953,13449958,5
39096,13454101,13454105,4
39097,13454128,13454133,5
39098,13456137,13456143,6
39099,13456409,13456413,4
39100,13457578,13457585,7
39101,13458828,13458837,9
39102,13459562,13459571,9
39103,13460350,13460355,5
39104,13462634,13462639,5
39105,13464551,13464558,7
39106,13464558,13464564,6
39107,13464709,13464713,4
39108,13464902,13464905,3
39109,13466568,13466573,5
39110,13467863,13467870,7
39111,13468557,13468563,6
39112,13468563,13468567,4
39113,13468919,13468927,8
39114,13470931,13470935,4
39115,13471874,13471878,4
39116,13472309,13472317,8
39117,13473004,13473007,3
39118,13473007,13473014,7
39119,13473296,13473301,5
39120,13474393,13474399,6
39121,13477027,13477032,5
39122,13477478,13477481,3
39123,13477481,13477484,3
39124,13479566,13479571,5
39125,13481435,13481444,9
39126,13482606,13482611,5
39127,13483967,13483970,3
39128,13484529,13484539,10
39129,13484943,13484949,6
39130,13485224,13485228,4
39131,13485228,13485234,6
39132,13485234,13485240,6
39133,13485240,13485246,6
39134,13485726,13485731,5
39135,13485906,13485918,12
39136,13489942,13489948,6
39137,13490140,13490143,3
39138,13490816,13490828,12
39139,13493992,13493996,4
39140,13494011,13494017,6
39141,13496345,13496352,7
39142,13496973,13496978,5
39143,13497266,13497274,8
39144,13499000,13499006,6
39145,13499068,13499075,7
39146,13499155,13499164,9
39147,13499266,13499277,11
39148,13499296,13499305,9
39149,13499305,13499309,4
39150,13499309,13499314,5
39151,13499650,13499654,4
39152,13500492,13500499,7
39153,13501685,13501690,5
39154,13502301,13502304,3
39155,13503403,13503407,4
39156,13504870,13504875,5
39157,13505210,13505213,3
39158,13506005,13506014,9
39159,13506041,13506046,5
39160,13506212,13506220,8
39161,13508179,13508185,6
39162,13508638,13508643,5
39163,13509379,13509384,5
39164,13509445,13509451,6
39165,13510177,13510184,7
39166,13510184,13510193,9
39167,13511046,13511051,5
39168,13511075,13511081,6
39169,13511081,13511087,6
39170,13511087,13511095,8
39171,13511533,13511536,3
39172,13512672,13512678,6
39173,13512732,13512740,8
39174,13513826,13513830,4
39175,13514252,13514257,5
39176,13514678,13514682,4
39177,13514796,13514800,4
39178,13514998,13515004,6
39179,13515751,13515755,4
39180,13518341,13518352,11
39181,13518468,13518476,8
39182,13518519,13518528,9
39183,13518669,13518672,3
39184,13519714,13519720,6
39185,13520928,13520935,7
39186,13520935,13520938,3
39187,13521076,13521079,3
39188,13521117,13521120,3
39189,13521527,13521535,8
39190,13521535,13521543,8
39191,13521543,13521551,8
39192,13521581,13521586,5
39193,13521696,13521702,6
39194,13521702,13521705,3
39195,13522129,13522140,11
39196,13522554,13522564,10
39197,13522564,13522569,5
39198,13522927,13522930,3
39199,13524556,13524562,6
39200,13524562,13524568,6
39201,13524568,13524574,6
39202,13524574,13524580,6
39203,13524580,13524586,6
39204,13525779,13525783,4
39205,13525841,13525848,7
39206,13525848,13525854,6
39207,13525866,13525869,3
39208,13525869,13525872,3
39209,13525872,13525875,3
39210,13527061,13527070,9
39211,13527597,13527608,11
39212,13527733,13527737,4
39213,13528213,13528218,5
39214,13528360,13528366,6
39215,13530374,13530377,3
39216,13530445,13530451,6
39217,13531520,13531524,4
39218,13531524,13531530,6
39219,13531718,13531722,4
39220,13531926,13531934,8
39221,13532603,13532608,5
39222,13532878,13532889,11
39223,13532889,13532893,4
39224,13532893,13532900,7
39225,13533175,13533178,3
39226,13533292,13533297,5
39227,13534769,13534776,7
39228,13535159,13535166,7
39229,13535282,13535288,6
39230,13535288,13535294,6
39231,13535728,13535731,3
39232,13535731,13535734,3
39233,13535734,13535740,6
39234,13535740,13535746,6
39235,13535746,13535752,6
39236,13535752,13535758,6
39237,13535758,13535764,6
39238,13535764,13535770,6
39239,13535770,13535776,6
39240,13535776,13535779,3
39241,13535779,13535782,3
39242,13536548,13536551,3
39243,13537002,13537005,3
39244,13537432,13537436,4
39245,13537734,13537738,4
39246,13539495,13539503,8
39247,13540041,13540046,5
39248,13542712,13542718,6
39249,13543356,13543360,4
39250,13543867,13543875,8
39251,13543875,13543879,4
39252,13543879,13543884,5
39253,13543884,13543891,7
39254,13543970,13543977,7
39255,13544227,13544232,5
39256,13544270,13544279,9
39257,13544279,13544283,4
39258,13545030,13545038,8
39259,13545726,13545731,5
39260,13548324,13548329,5
39261,13549048,13549055,7
39262,13551159,13551167,8
39263,13551344,13551355,11
39264,13552233,13552237,4
39265,13552237,13552241,4
39266,13552241,13552245,4
39267,13553285,13553289,4
39268,13553527,13553533,6
39269,13554072,13554081,9
39270,13554081,13554090,9
39271,13555064,13555071,7
39272,13555759,13555764,5
39273,13558607,13558615,8
39274,13558920,13558927,7
39275,13559644,13559653,9
39276,13560223,13560227,4
39277,13561045,13561053,8
39278,13561775,13561778,3
39279,13561971,13561975,4
39280,13562342,13562348,6
39281,13562595,13562601,6
39282,13563562,13563565,3
39283,13563971,13563977,6
39284,13563977,13563983,6
39285,13566597,13566605,8
39286,13567437,13567448,11
39287,13567887,13567890,3
39288,13569346,13569354,8
39289,13569689,13569697,8
39290,13569729,13569736,7
39291,13571770,13571777,7
39292,13571777,13571781,4
39293,13572659,13572665,6
39294,13572665,13572673,8
39295,13573662,13573670,8
39296,13573901,13573906,5
39297,13575710,13575713,3
39298,13576756,13576765,9
39299,13577402,13577407,5
39300,13577407,13577412,5
39301,13577970,13577975,5
39302,13578018,13578024,6
39303,13578048,13578051,3
39304,13578051,13578054,3
39305,13578603,13578609,6
39306,13579280,13579284,4
39307,13579472,13579477,5
39308,13579543,13579547,4
39309,13580009,13580015,6
39310,13580015,13580021,6
39311,13580021,13580030,9
39312,13580329,13580334,5
39313,13582007,13582015,8
39314,13582129,13582138,9
39315,13582441,13582448,7
39316,13582448,13582455,7
39317,13582455,13582463,8
39318,13582543,13582549,6
39319,13582652,13582656,4
39320,13583351,13583360,9
39321,13585162,13585165,3
39322,13585728,13585737,9
39323,13587046,13587049,3
39324,13587546,13587554,8
39325,13588323,13588332,9
39326,13588512,13588519,7
39327,13588705,13588708,3
39328,13589310,13589318,8
39329,13590365,13590372,7
39330,13590452,13590458,6
39331,13590939,13590949,10
39332,13591091,13591099,8
39333,13592390,13592399,9
39334,13592986,13592991,5
39335,13593094,13593101,7
39336,13593477,13593482,5
39337,13594769,13594773,4
39338,13594773,13594778,5
39339,13595700,13595709,9
39340,13595709,13595718,9
39341,13595718,13595723,5
39342,13595972,13595976,4
39343,13595991,13595998,7
39344,13596017,13596021,4
39345,13596043,13596050,7
39346,13596050,13596060,10
39347,13596060,13596064,4
39348,13596087,13596094,7
39349,13596094,13596101,7
39350,13596101,13596104,3
39351,13596104,13596108,4
39352,13596128,13596135,7
39353,13596135,13596145,10
39354,13596145,13596149,4
39355,13596177,13596181,4
39356,13596181,13596184,3
39357,13596184,13596187,3
39358,13596187,13596191,4
39359,13596750,13596753,3
39360,13596814,13596820,6
39361,13597106,13597114,8
39362,13597114,13597123,9
39363,13597293,13597301,8
39364,13597506,13597515,9
39365,13597515,13597519,4
39366,13597519,13597523,4
39367,13597523,13597527,4
39368,13597742,13597747,5
39369,13598108,13598117,9
39370,13598236,13598245,9
39371,13598398,13598403,5
39372,13598418,13598426,8
39373,13598532,13598540,8
39374,13598905,13598911,6
39375,13598911,13598919,8
39376,13599598,13599607,9
39377,13600435,13600446,11
39378,13603134,13603141,7
39379,13604199,13604207,8
39380,13604207,13604211,4
39381,13604211,13604215,4
39382,13604229,13604237,8
39383,13604805,13604812,7
39384,13605384,13605391,7
39385,13605755,13605764,9
39386,13605779,13605782,3
39387,13605962,13605971,9
39388,13606167,13606173,6
39389,13606252,13606256,4
39390,13607603,13607610,7
39391,13607903,13607912,9
39392,13609096,13609103,7
39393,13609738,13609750,12
39394,13609750,13609757,7
39395,13610242,13610246,4
39396,13610323,13610329,6
39397,13610842,13610849,7
39398,13610897,13610905,8
39399,13611312,13611318,6
39400,13611381,13611391,10
39401,13611702,13611707,5
39402,13611850,13611855,5
39403,13611855,13611864,9
39404,13611864,13611870,6
39405,13612566,13612571,5
39406,13612571,13612580,9
39407,13613080,13613084,4
39408,13613084,13613087,3
39409,13613645,13613651,6
39410,13613895,13613898,3
39411,13614400,13614404,4
39412,13615484,13615489,5
39413,13615489,13615494,5
39414,13615514,13615517,3
39415,13615926,13615937,11
39416,13615953,13615959,6
39417,13616290,13616296,6
39418,13617423,13617432,9
39419,13617432,13617441,9
39420,13617676,13617679,3
39421,13617679,13617684,5
39422,13617814,13617818,4
39423,13618988,13618993,5
39424,13620168,13620171,3
39425,13620307,13620310,3
39426,13620310,13620319,9
39427,13620713,13620717,4
39428,13620798,13620804,6
39429,13621215,13621220,5
39430,13621358,13621361,3
39431,13622403,13622412,9
39432,13622597,13622603,6
39433,13623226,13623229,3
39434,13623279,13623284,5
39435,13624430,13624441,11
39436,13624589,13624597,8
39437,13626377,13626381,4
39438,13628779,13628786,7
39439,13628841,13628847,6
39440,13628930,13628934,4
39441,13629587,13629593,6
39442,13629749,13629752,3
39443,13630097,13630102,5
39444,13630485,13630492,7
39445,13630492,13630499,7
39446,13630499,13630506,7
39447,13630506,13630513,7
39448,13630718,13630726,8
39449,13630916,13630921,5
39450,13630921,13630927,6
39451,13630949,13630956,7
39452,13631597,13631602,5
39453,13631602,13631611,9
39454,13631708,13631718,10
39455,13633328,13633332,4
39456,13634009,13634015,6
39457,13634493,13634496,3
39458,13634696,13634701,5
39459,13634736,13634745,9
39460,13634937,13634940,3
39461,13634953,13634960,7
39462,13634960,13634966,6
39463,13635132,13635138,6
39464,13635773,13635780,7
39465,13636100,13636107,7
39466,13636964,13636967,3
39467,13636978,13636983,5
39468,13636983,13636988,5
39469,13638480,13638486,6
39470,13638554,13638560,6
39471,13638577,13638583,6
39472,13639312,13639321,9
39473,13639736,13639743,7
39474,13639743,13639747,4
39475,13639829,13639837,8
39476,13641017,13641022,5
39477,13641580,13641587,7
39478,13641688,13641694,6
39479,13641714,13641718,4
39480,13641718,13641726,8
39481,13642058,13642063,5
39482,13642511,13642517,6
39483,13643447,13643452,5
39484,13643535,13643542,7
39485,13643727,13643732,5
39486,13643732,13643737,5
39487,13643807,13643813,6
39488,13643905,13643912,7
39489,13644829,13644832,3
39490,13646277,13646283,6
39491,13646499,13646504,5
39492,13648706,13648711,5
39493,13650532,13650538,6
39494,13650538,13650541,3
39495,13650541,13650544,3
39496,13650544,13650547,3
39497,13650547,13650550,3
39498,13650550,13650556,6
39499,13650556,13650559,3
39500,13650559,13650562,3
39501,13650832,13650837,5
39502,13651095,13651103,8
39503,13651103,13651111,8
39504,13651111,13651118,7
39505,13651134,13651137,3
39506,13651799,13651805,6
39507,13651886,13651893,7
39508,13652205,13652209,4
39509,13652650,13652661,11
39510,13652661,13652664,3
39511,13652696,13652703,7
39512,13653308,13653311,3
39513,13653651,13653655,4
39514,13654697,13654707,10
39515,13654971,13654978,7
39516,13654995,13655000,5
39517,13655143,13655147,4
39518,13655255,13655259,4
39519,13655259,13655263,4
39520,13655263,13655267,4
39521,13656171,13656179,8
39522,13656385,13656392,7
39523,13656931,13656936,5
39524,13657415,13657418,3
39525,13657790,13657793,3
39526,13657925,13657931,6
39527,13658404,13658410,6
39528,13658410,13658414,4
39529,13658535,13658538,3
39530,13659672,13659681,9
39531,13659843,13659852,9
39532,13659852,13659864,12
39533,13659908,13659917,9
39534,13659917,13659924,7
39535,13659968,13659978,10
39536,13660396,13660403,7
39537,13660860,13660864,4
39538,13661206,13661212,6
39539,13661487,13661491,4
39540,13662633,13662640,7
39541,13662640,13662646,6
39542,13662646,13662651,5
39543,13663862,13663868,6
39544,13664833,13664842,9
39545,13665115,13665120,5
39546,13665436,13665446,10
39547,13666121,13666124,3
39548,13666272,13666280,8
39549,13666734,13666738,4
39550,13667231,13667235,4
39551,13668125,13668131,6
39552,13668848,13668854,6
39553,13669043,13669049,6
39554,13671029,13671035,6
39555,13671710,13671714,4
39556,13671714,13671719,5
39557,13672087,13672093,6
39558,13672204,13672208,4
39559,13673917,13673925,8
39560,13673975,13673978,3
39561,13674005,13674011,6
39562,13674023,13674026,3
39563,13674026,13674032,6
39564,13674349,13674356,7
39565,13675398,13675405,7
39566,13675444,13675451,7
39567,13675825,13675833,8
39568,13676344,13676349,5
39569,13677555,13677562,7
39570,13677790,13677799,9
39571,13678360,13678366,6
39572,13678573,13678581,8
39573,13679135,13679142,7
39574,13679783,13679791,8
39575,13680435,13680441,6
39576,13680529,13680534,5
39577,13680651,13680656,5
39578,13681434,13681440,6
39579,13681630,13681639,9
39580,13682686,13682689,3
39581,13683023,13683026,3
39582,13683586,13683590,4
39583,13683833,13683838,5
39584,13683838,13683841,3
39585,13684119,13684131,12
39586,13684231,13684234,3
39587,13684319,13684326,7
39588,13684432,13684437,5
39589,13685116,13685119,3
39590,13685119,13685128,9
39591,13685141,13685148,7
39592,13685690,13685697,7
39593,13685828,13685835,7
39594,13686155,13686158,3
39595,13686158,13686167,9
39596,13687335,13687343,8
39597,13687415,13687419,4
39598,13688213,13688218,5
39599,13688218,13688224,6
39600,13688224,13688230,6
39601,13688653,13688662,9
39602,13688662,13688672,10
39603,13688883,13688890,7
39604,13692090,13692093,3
39605,13693110,13693122,12
39606,13693762,13693768,6
39607,13694910,13694915,5
39608,13694915,13694918,3
39609,13694961,13694968,7
39610,13695731,13695739,8
39611,13695972,13695980,8
39612,13697005,13697008,3
39613,13697330,13697340,10
39614,13697476,13697485,9
39615,13698082,13698088,6
39616,13698088,13698091,3
39617,13698534,13698537,3
39618,13698745,13698751,6
39619,13699939,13699943,4
39620,13701586,13701593,7
39621,13702205,13702215,10
39622,13702258,13702264,6
39623,13702953,13702962,9
39624,13706500,13706507,7
39625,13707289,13707293,4
39626,13708517,13708520,3
39627,13708638,13708646,8
39628,13708646,13708653,7
39629,13709609,13709615,6
39630,13709986,13709989,3
39631,13710050,13710053,3
39632,13710053,13710062,9
39633,13710233,13710242,9
39634,13710340,13710344,4
39635,13710344,13710349,5
39636,13710349,13710356,7
39637,13710485,13710489,4
39638,13710590,13710602,12
39639,13710602,13710605,3
39640,13710605,13710611,6
39641,13710880,13710887,7
39642,13711013,13711022,9
39643,13711885,13711888,3
39644,13711951,13711959,8
39645,13712687,13712690,3
39646,13713585,13713592,7
39647,13714496,13714505,9
39648,13715071,13715076,5
39649,13716484,13716490,6
39650,13716855,13716858,3
39651,13717083,13717089,6
39652,13718338,13718344,6
39653,13720012,13720019,7
39654,13720174,13720178,4
39655,13720263,13720270,7
39656,13720733,13720740,7
39657,13720782,13720791,9
39658,13720871,13720874,3
39659,13720874,13720877,3
39660,13720877,13720881,4
39661,13720881,13720890,9
39662,13721042,13721046,4
39663,13722004,13722010,6
39664,13722971,13722977,6
39665,13722977,13722983,6
39666,13723032,13723037,5
39667,13723210,13723217,7
39668,13724162,13724168,6
39669,13724297,13724306,9
39670,13725256,13725263,7
39671,13725263,13725266,3
39672,13725343,13725349,6
39673,13725479,13725483,4
39674,13725998,13726001,3
39675,13726598,13726604,6
39676,13727139,13727145,6
39677,13728094,13728101,7
39678,13728101,13728107,6
39679,13728107,13728113,6
39680,13728217,13728220,3
39681,13728396,13728400,4
39682,13728709,13728715,6
39683,13728715,13728724,9
39684,13729034,13729042,8
39685,13730514,13730520,6
39686,13730931,13730940,9
39687,13731337,13731345,8
39688,13731372,13731377,5
39689,13731858,13731861,3
39690,13732055,13732060,5
39691,13732060,13732065,5
39692,13732326,13732332,6
39693,13732986,13732994,8
39694,13733063,13733071,8
39695,13733090,13733093,3
39696,13733093,13733099,6
39697,13733282,13733285,3
39698,13733314,13733320,6
39699,13733530,13733538,8
39700,13733787,13733790,3
39701,13734434,13734437,3
39702,13734622,13734630,8
39703,13736272,13736281,9
39704,13736977,13736985,8
39705,13737040,13737047,7
39706,13737047,13737057,10
39707,13737073,13737081,8
39708,13738108,13738116,8
39709,13738440,13738445,5
39710,13738697,13738700,3
39711,13739461,13739467,6
39712,13740011,13740018,7
39713,13741163,13741168,5
39714,13741808,13741811,3
39715,13743828,13743836,8
39716,13744311,13744317,6
39717,13744317,13744320,3
39718,13744335,13744342,7
39719,13744371,13744380,9
39720,13744451,13744458,7
39721,13746008,13746017,9
39722,13746451,13746455,4
39723,13748819,13748826,7
39724,13749935,13749940,5
39725,13749940,13749944,4
39726,13750210,13750218,8
39727,13750461,13750468,7
39728,13750485,13750494,9
39729,13750713,13750716,3
39730,13750772,13750775,3
39731,13751055,13751064,9
39732,13751127,13751134,7
39733,13751490,13751494,4
39734,13751968,13751977,9
39735,13752796,13752802,6
39736,13754769,13754773,4
39737,13756371,13756379,8
39738,13756503,13756506,3
39739,13757165,13757172,7
39740,13759136,13759142,6
39741,13759142,13759145,3
39742,13759571,13759576,5
39743,13760242,13760247,5
39744,13760367,13760374,7
39745,13760412,13760416,4
39746,13761208,13761213,5
39747,13761631,13761635,4
39748,13763510,13763514,4
39749,13766058,13766063,5
39750,13766226,13766234,8
39751,13766595,13766599,4
39752,13767911,13767914,3
39753,13768642,13768649,7
39754,13769411,13769414,3
39755,13770155,13770158,3
39756,13771968,13771973,5
39757,13772113,13772121,8
39758,13772145,13772151,6
39759,13772367,13772372,5
39760,13772907,13772912,5
39761,13775093,13775104,11
39762,13775247,13775253,6
39763,13775282,13775290,8
39764,13775290,13775297,7
39765,13775672,13775676,4
39766,13775749,13775759,10
39767,13775947,13775954,7
39768,13775954,13775961,7
39769,13776057,13776063,6
39770,13776085,13776089,4
39771,13776089,13776098,9
39772,13776939,13776946,7
39773,13777271,13777274,3
39774,13777397,13777405,8
39775,13777723,13777731,8
39776,13777846,13777852,6
39777,13778128,13778135,7
39778,13778202,13778210,8
39779,13778788,13778791,3
39780,13779165,13779181,16
39781,13779755,13779763,8
39782,13779805,13779810,5
39783,13780117,13780120,3
39784,13781160,13781165,5
39785,13782211,13782222,11
39786,13782497,13782503,6
39787,13782771,13782780,9
39788,13784941,13784952,11
39789,13786039,13786044,5
39790,13786044,13786049,5
39791,13787081,13787084,3
39792,13787084,13787090,6
39793,13787990,13787997,7
39794,13788339,13788345,6
39795,13788533,13788538,5
39796,13788707,13788715,8
39797,13788715,13788718,3
39798,13790331,13790342,11
39799,13790864,13790872,8
39800,13791356,13791361,5
39801,13791464,13791472,8
39802,13792995,13793001,6
39803,13793047,13793051,4
39804,13793458,13793464,6
39805,13794633,13794637,4
39806,13796568,13796572,4
39807,13796572,13796578,6
39808,13797004,13797009,5
39809,13797051,13797058,7
39810,13797058,13797061,3
39811,13797061,13797066,5
39812,13797066,13797071,5
39813,13797300,13797308,8
39814,13797502,13797505,3
39815,13798042,13798047,5
39816,13798047,13798050,3
39817,13798050,13798060,10
39818,13798060,13798067,7
39819,13798332,13798337,5
39820,13798509,13798513,4
39821,13798605,13798608,3
39822,13800162,13800170,8
39823,13800601,13800609,8
39824,13801670,13801677,7
39825,13801723,13801726,3
39826,13801882,13801887,5
39827,13802045,13802051,6
39828,13802097,13802103,6
39829,13802309,13802313,4
39830,13802313,13802316,3
39831,13802795,13802804,9
39832,13802869,13802878,9
39833,13803353,13803356,3
39834,13804041,13804052,11
39835,13804554,13804561,7
39836,13804561,13804568,7
39837,13804600,13804607,7
39838,13804758,13804767,9
39839,13804767,13804770,3
39840,13804921,13804929,8
39841,13805211,13805221,10
39842,13805371,13805375,4
39843,13805576,13805583,7
39844,13805610,13805618,8
39845,13806143,13806147,4
39846,13806147,13806151,4
39847,13806265,13806269,4
39848,13806615,13806625,10
39849,13806725,13806730,5
39850,13807115,13807118,3
39851,13807771,13807778,7
39852,13807852,13807856,4
39853,13807856,13807862,6
39854,13807888,13807893,5
39855,13808193,13808196,3
39856,13808196,13808201,5
39857,13808201,13808207,6
39858,13808294,13808301,7
39859,13808301,13808308,7
39860,13808322,13808331,9
39861,13808347,13808355,8
39862,13808355,13808358,3
39863,13809040,13809046,6
39864,13809046,13809054,8
39865,13809054,13809062,8
39866,13809072,13809079,7
39867,13810438,13810444,6
39868,13810489,13810495,6
39869,13810546,13810552,6
39870,13811213,13811218,5
39871,13811757,13811766,9
39872,13812196,13812199,3
39873,13812655,13812663,8
39874,13813283,13813287,4
39875,13813425,13813429,4
39876,13813823,13813832,9
39877,13813891,13813895,4
39878,13814498,13814501,3
39879,13814501,13814508,7
39880,13815451,13815459,8
39881,13815479,13815487,8
39882,13815713,13815720,7
39883,13815720,13815725,5
39884,13815838,13815842,4
39885,13815897,13815903,6
39886,13815903,13815906,3
39887,13816408,13816417,9
39888,13817246,13817252,6
39889,13817252,13817264,12
39890,13817264,13817270,6
39891,13817797,13817802,5
39892,13818044,13818050,6
39893,13818087,13818092,5
39894,13818221,13818224,3
39895,13818224,13818227,3
39896,13818851,13818856,5
39897,13819366,13819370,4
39898,13819447,13819452,5
39899,13819452,13819457,5
39900,13820186,13820194,8
39901,13822051,13822056,5
39902,13822929,13822934,5
39903,13823237,13823241,4
39904,13825763,13825766,3
39905,13826372,13826378,6
39906,13826735,13826743,8
39907,13826921,13826924,3
39908,13827051,13827056,5
39909,13827056,13827066,10
39910,13827437,13827443,6
39911,13828153,13828161,8
39912,13828161,13828168,7
39913,13828518,13828522,4
39914,13829075,13829079,4
39915,13829408,13829414,6
39916,13829414,13829421,7
39917,13829745,13829751,6
39918,13830891,13830900,9
39919,13831097,13831105,8
39920,13831416,13831422,6
39921,13831422,13831425,3
39922,13831631,13831636,5
39923,13832294,13832299,5
39924,13832715,13832720,5
39925,13833316,13833321,5
39926,13834785,13834790,5
39927,13834790,13834794,4
39928,13834835,13834842,7
39929,13834842,13834847,5
39930,13834897,13834901,4
39931,13835086,13835089,3
39932,13835278,13835288,10
39933,13835506,13835512,6
39934,13835512,13835518,6
39935,13835529,13835533,4
39936,13835874,13835882,8
39937,13836197,13836206,9
39938,13836206,13836217,11
39939,13836862,13836869,7
39940,13836869,13836877,8
39941,13836959,13836964,5
39942,13837160,13837165,5
39943,13837854,13837862,8
39944,13838400,13838409,9
39945,13838422,13838431,9
39946,13838626,13838635,9
39947,13839369,13839372,3
39948,13839782,13839789,7
39949,13839789,13839797,8
39950,13840203,13840213,10
39951,13841225,13841233,8
39952,13841233,13841242,9
39953,13841253,13841262,9
39954,13842067,13842073,6
39955,13842492,13842498,6
39956,13842710,13842713,3
39957,13842713,13842716,3
39958,13842748,13842756,8
39959,13842756,13842763,7
39960,13843016,13843021,5
39961,13843407,13843412,5
39962,13845570,13845574,4
39963,13845574,13845584,10
39964,13848441,13848446,5
39965,13848446,13848449,3
39966,13848449,13848452,3
39967,13849579,13849588,9
39968,13850685,13850691,6
39969,13851038,13851049,11
39970,13851389,13851397,8
39971,13851978,13851987,9
39972,13851987,13851994,7
39973,13852015,13852022,7
39974,13852821,13852828,7
39975,13854138,13854142,4
39976,13854698,13854702,4
39977,13854758,13854765,7
39978,13855045,13855051,6
39979,13855069,13855072,3
39980,13855072,13855081,9
39981,13855081,13855090,9
39982,13855209,13855215,6
39983,13855779,13855785,6
39984,13856876,13856888,12
39985,13856900,13856912,12
39986,13856924,13856936,12
39987,13857009,13857012,3
39988,13857039,13857043,4
39989,13857543,13857551,8
39990,13857551,13857559,8
39991,13857559,13857563,4
39992,13857563,13857567,4
39993,13857782,13857786,4
39994,13859608,13859617,9
39995,13860094,13860101,7
39996,13863148,13863158,10
39997,13865133,13865138,5
39998,13867334,13867338,4
39999,13867470,13867478,8
40000,13867826,13867833,7
40001,13868094,13868099,5
40002,13868272,13868276,4
40003,13869048,13869051,3
40004,13869757,13869763,6
40005,13869794,13869801,7
40006,13869801,13869805,4
40007,13869805,13869808,3
40008,13869808,13869814,6
40009,13869863,13869872,9
40010,13870269,13870276,7
40011,13870425,13870432,7
40012,13870558,13870564,6
40013,13872081,13872085,4
40014,13872322,13872328,6
40015,13872495,13872501,6
40016,13873485,13873491,6
40017,13873491,13873499,8
40018,13873839,13873846,7
40019,13873846,13873853,7
40020,13873853,13873860,7
40021,13873860,13873867,7
40022,13873867,13873874,7
40023,13873911,13873918,7
40024,13875296,13875305,9
40025,13875305,13875311,6
40026,13875333,13875341,8
40027,13875341,13875347,6
40028,13875779,13875790,11
40029,13876413,13876419,6
40030,13876996,13877000,4
40031,13879025,13879030,5
40032,13881852,13881859,7
40033,13882380,13882385,5
40034,13882417,13882427,10
40035,13882427,13882443,16
40036,13882676,13882682,6
40037,13882682,13882686,4
40038,13882933,13882939,6
40039,13882981,13882987,6
40040,13882987,13882992,5
40041,13882992,13882996,4
40042,13883705,13883711,6
40043,13884171,13884174,3
40044,13884174,13884177,3
40045,13884242,13884245,3
40046,13884459,13884465,6
40047,13884755,13884758,3
40048,13884794,13884800,6
40049,13884845,13884851,6
40050,13885239,13885248,9
40051,13885277,13885284,7
40052,13885777,13885784,7
40053,13885906,13885913,7
40054,13887583,13887586,3
40055,13888168,13888174,6
40056,13888242,13888245,3
40057,13888298,13888301,3
40058,13888301,13888305,4
40059,13888305,13888308,3
40060,13888308,13888311,3
40061,13888321,13888328,7
40062,13888408,13888412,4
40063,13888475,13888484,9
40064,13888516,13888523,7
40065,13888523,13888527,4
40066,13890935,13890939,4
40067,13891784,13891789,5
40068,13891789,13891794,5
40069,13891794,13891801,7
40070,13892866,13892871,5
40071,13893976,13893984,8
40072,13894844,13894849,5
40073,13894849,13894854,5
40074,13895970,13895974,4
40075,13896265,13896272,7
40076,13896335,13896344,9
40077,13897981,13897984,3
40078,13898105,13898110,5
40079,13898186,13898192,6
40080,13899301,13899307,6
40081,13900820,13900823,3
40082,13901013,13901021,8
40083,13901170,13901173,3
40084,13901494,13901498,4
40085,13902296,13902301,5
40086,13902958,13902964,6
40087,13904273,13904276,3
40088,13905061,13905069,8
40089,13905457,13905464,7
40090,13905464,13905467,3
40091,13905502,13905505,3
40092,13906441,13906450,9
40093,13906450,13906453,3
40094,13906453,13906462,9
40095,13908974,13908981,7
40096,13911519,13911526,7
40097,13911526,13911533,7
40098,13911986,13911996,10
40099,13911996,13912001,5
40100,13912228,13912231,3
40101,13912826,13912829,3
40102,13913424,13913428,4
40103,13913428,13913432,4
40104,13913507,13913515,8
40105,13914324,13914330,6
40106,13914531,13914541,10
40107,13915001,13915007,6
40108,13915656,13915664,8
40109,13917142,13917151,9
40110,13917259,13917263,4
40111,13917356,13917359,3
40112,13917546,13917552,6
40113,13917674,13917678,4
40114,13917761,13917766,5
40115,13918017,13918024,7
40116,13920791,13920794,3
40117,13920927,13920931,4
40118,13921977,13921986,9
40119,13924823,13924826,3
40120,13925378,13925384,6
40121,13925419,13925427,8
40122,13925902,13925905,3
40123,13925905,13925911,6
40124,13927211,13927220,9
40125,13927569,13927577,8
40126,13927847,13927851,4
40127,13928807,13928815,8
40128,13928835,13928841,6
40129,13928841,13928844,3
40130,13930112,13930117,5
40131,13932968,13932974,6
40132,13933680,13933688,8
40133,13933849,13933859,10
40134,13936481,13936485,4
40135,13938048,13938052,4
40136,13938052,13938084,32
40137,13938084,13938214,130
40138,13938214,13938273,59
40139,13938273,13938341,68
40140,13938341,13938414,73
40141,13938414,13938503,89
40142,13938503,13938548,45
40143,13938548,13938652,104
40144,13938652,13938674,22
40145,13938674,13938687,13
40146,13938687,13938770,83
40147,13938770,13938830,60
40148,13938830,13938847,17
40149,13938847,13938895,48
40150,13938895,13938901,6
40151,13938901,13938923,22
40152,13938923,13938983,60
40153,13938983,13939082,99
40154,13939082,13939102,20
40155,13939102,13939125,23
40156,13939125,13939182,57
40157,13939182,13939204,22
40158,13939204,13939223,19
40159,13939223,13939288,65
40160,13939288,13939301,13
40161,13939301,13939352,51
40162,13939352,13939386,34
40163,13939386,13939408,22
40164,13939408,13939556,148
40165,13939556,13939751,195
40166,13939751,13939763,12
40167,13939763,13939806,43
40168,13939806,13939904,98
40169,13939904,13939909,5
40170,13939909,13939916,7
40171,13939916,13939952,36
40172,13939952,13939972,20
40173,13939972,13940000,28
40174,13940000,13940101,101
40175,13940101,13940124,23
40176,13940124,13940187,63
40177,13940187,13940219,32
40178,13940219,13940338,119
40179,13940338,13940386,48
40180,13940386,13940392,6
40181,13940392,13940395,3
40182,13940395,13940491,96
40183,13940491,13940499,8
40184,13940499,13940506,7
40185,13940506,13940565,59
40186,13940565,13940616,51
40187,13940616,13940755,139
40188,13940755,13940819,64
40189,13940819,13940835,16
40190,13940835,13940839,4
40191,13940839,13941027,188
40192,13941027,13941052,25
40193,13941052,13941076,24
40194,13941076,13941079,3
40195,13941079,13941088,9
40196,13941088,13941216,128
40197,13942244,13942247,3
40198,13942327,13942331,4
40199,13942457,13942461,4
40200,13942461,13942465,4
40201,13942465,13942469,4
40202,13942678,13942682,4
40203,13942924,13942927,3
40204,13942941,13942944,3
40205,13942944,13942950,6
40206,13942950,13942956,6
40207,13943002,13943009,7
40208,13943244,13943250,6
40209,13944274,13944280,6
40210,13944280,13944287,7
40211,13944313,13944317,4
40212,13944374,13944378,4
40213,13944443,13944447,4
40214,13944447,13944455,8
40215,13944455,13944464,9
40216,13944484,13944492,8
40217,13944658,13944663,5
40218,13944988,13944992,4
40219,13945087,13945090,3
40220,13945620,13945623,3
40221,13945623,13945628,5
40222,13945648,13945655,7
40223,13945792,13945798,6
40224,13946562,13946570,8
40225,13948155,13948161,6
40226,13948161,13948164,3
40227,13948164,13948167,3
40228,13948167,13948170,3
40229,13948516,13948521,5
40230,13948521,13948526,5
40231,13948526,13948536,10
40232,13950347,13950355,8
40233,13950819,13950824,5
40234,13952772,13952781,9
40235,13954993,13954997,4
40236,13956299,13956305,6
40237,13958856,13958864,8
40238,13959015,13959022,7
40239,13959893,13959899,6
40240,13960280,13960291,11
40241,13960919,13960925,6
40242,13962945,13962951,6
40243,13963055,13963060,5
40244,13964623,13964635,12
40245,13967366,13967373,7
40246,13967948,13967958,10
40247,13968121,13968130,9
40248,13968835,13968842,7
40249,13969753,13969757,4
40250,13970178,13970183,5
40251,13970183,13970191,8
40252,13971010,13971014,4
40253,13971014,13971020,6
40254,13972496,13972505,9
40255,13973067,13973073,6
40256,13974802,13974812,10
40257,13975354,13975357,3
40258,13975666,13975676,10
40259,13975801,13975806,5
40260,13977152,13977158,6
40261,13977467,13977470,3
40262,13977470,13977476,6
40263,13977476,13977479,3
40264,13977479,13977482,3
40265,13977482,13977489,7
40266,13977743,13977746,3
40267,13978475,13978480,5
40268,13979718,13979725,7
40269,13980494,13980497,3
40270,13980639,13980649,10
40271,13981065,13981069,4
40272,13982508,13982517,9
40273,13983845,13983857,12
40274,13984221,13984224,3
40275,13985167,13985172,5
40276,13985172,13985175,3
40277,13987102,13987106,4
40278,13988463,13988470,7
40279,13988576,13988580,4
40280,13988580,13988583,3
40281,13988583,13988587,4
40282,13988616,13988620,4
40283,13989889,13989896,7
40284,13990004,13990007,3
40285,13992745,13992750,5
40286,13993486,13993493,7
40287,13994322,13994327,5
40288,13994327,13994333,6
40289,13998033,13998040,7
40290,13998040,13998043,3
40291,13999130,13999135,5
40292,13999166,13999172,6
40293,13999268,13999273,5
40294,13999324,13999328,4
40295,13999367,13999374,7
40296,13999495,13999502,7
40297,13999903,13999909,6
40298,13999909,13999915,6
40299,14000298,14000302,4
40300,14000430,14000434,4
40301,14000551,14000558,7
40302,14001123,14001167,44
40303,14001167,14001186,19
40304,14001186,14001245,59
40305,14001245,14001255,10
40306,14001255,14001301,46
40307,14001301,14001329,28
40308,14001329,14001458,129
40309,14001458,14001572,114
40310,14001572,14001582,10
40311,14001702,14002049,347
40312,14002049,14002116,67
40313,14002116,14002155,39
40314,14002155,14002160,5
40315,14002160,14002276,116
40316,14002276,14002437,161
40317,14002437,14002517,80
40318,14002517,14002539,22
40319,14002560,14002732,172
40320,14002732,14002755,23
40321,14002755,14002883,128
40322,14002883,14002916,33
40323,14003065,14003101,36
40324,14003101,14003193,92
40325,14003193,14003274,81
40326,14003274,14003383,109
40327,14003383,14003397,14
40328,14003397,14003450,53
40329,14003494,14003545,51
40330,14003545,14003637,92
40331,14003637,14003759,122
40332,14003759,14003773,14
40333,14003773,14003819,46
40334,14003819,14003824,5
40335,14003824,14003907,83
40336,14003907,14004028,121
40337,14004028,14004039,11
40338,14004039,14004072,33
40339,14004072,14004126,54
40340,14004126,14004165,39
40341,14004165,14004185,20
40342,14004185,14004204,19
40343,14004204,14004347,143
40344,14004347,14004375,28
40345,14004375,14004474,99
40346,14004474,14004479,5
40347,14004479,14004488,9
40348,14004488,14004505,17
40349,14004563,14004610,47
40350,14004627,14004633,6
40351,14004633,14004704,71
40352,14004752,14004774,22
40353,14004774,14004778,4
40354,14004778,14004828,50
40355,14004964,14005002,38
40356,14005002,14005025,23
40357,14005025,14005140,115
40358,14005140,14005179,39
40359,14005179,14005269,90
40360,14005269,14005326,57
40361,14005326,14005342,16
40362,14005342,14005390,48
40363,14005390,14005432,42
40364,14005432,14005455,23
40365,14005455,14005494,39
40366,14005494,14005598,104
40367,14005598,14005680,82
40368,14005680,14005763,83
40369,14005763,14005850,87
40370,14005850,14005928,78
40371,14005928,14005957,29
40372,14005957,14006071,114
40373,14006071,14006112,41
40374,14006112,14006294,182
40375,14006294,14006342,48
40376,14006342,14006348,6
40377,14006348,14006403,55
40378,14006403,14006550,147
40379,14006550,14006598,48
40380,14006598,14006634,36
40381,14006634,14006637,3
40382,14006637,14006692,55
40383,14006692,14006777,85
40384,14006777,14006794,17
40385,14006794,14006806,12
40386,14006806,14006864,58
40387,14006864,14006908,44
40388,14006908,14006927,19
40389,14006927,14006986,59
40390,14006986,14006996,10
40391,14006996,14007042,46
40392,14007042,14007070,28
40393,14007137,14007143,6
40394,14007143,14007147,4
40395,14007147,14007151,4
40396,14007843,14007848,5
40397,14008468,14008472,4
40398,14008710,14008719,9
40399,14009828,14009836,8
40400,14010733,14010737,4
40401,14010775,14010779,4
40402,14013522,14013528,6
40403,14014123,14014126,3
40404,14014830,14014849,19
40405,14014849,14014857,8
40406,14015427,14015432,5
40407,14016019,14016025,6
40408,14016168,14016219,51
40409,14016219,14016238,19
40410,14016238,14016246,8
40411,14016624,14016630,6
40412,14016773,14016824,51
40413,14016824,14016843,19
40414,14016843,14016851,8
40415,14017026,14017045,19
40416,14017045,14017053,8
40417,14017228,14017247,19
40418,14017247,14017255,8
40419,14018128,14018134,6
40420,14018335,14018340,5
40421,14019296,14019303,7
40422,14020186,14020193,7
40423,14020193,14020200,7
40424,14020540,14020543,3
40425,14022044,14022047,3
40426,14022047,14022054,7
40427,14022327,14022331,4
40428,14022894,14022900,6
40429,14025120,14025150,30
40430,14025300,14025303,3
40431,14025303,14025306,3
40432,14025516,14025527,11
40433,14025577,14025607,30
40434,14025652,14025659,7
40435,14025684,14025689,5
40436,14025760,14025763,3
40437,14026134,14026139,5
40438,14027596,14027604,8
40439,14027604,14027612,8
40440,14028892,14028895,3
40441,14029248,14029251,3
40442,14029339,14029348,9
40443,14029758,14029761,3
40444,14029949,14029954,5
40445,14030477,14030482,5
40446,14030523,14030530,7
40447,14031143,14031151,8
40448,14032111,14032114,3
40449,14032131,14032141,10
40450,14032624,14032627,3
40451,14032717,14032729,12
40452,14033056,14033059,3
40453,14033320,14033323,3
40454,14033425,14033432,7
40455,14033884,14033887,3
40456,14034000,14034006,6
40457,14034376,14034382,6
40458,14034905,14034910,5
40459,14035728,14035735,7
40460,14039196,14039202,6
40461,14041208,14041218,10
40462,14042316,14042321,5
40463,14044755,14044764,9
40464,14044764,14044774,10
40465,14045347,14045350,3
40466,14046218,14046221,3
40467,14046698,14046711,13
40468,14046770,14046789,19
40469,14046789,14046914,125
40470,14046914,14046943,29
40471,14046943,14046999,56
40472,14046999,14047030,31
40473,14047030,14047099,69
40474,14047099,14047112,13
40475,14047171,14047240,69
40476,14047240,14047255,15
40477,14047255,14047354,99
40478,14047354,14047372,18
40479,14047372,14047403,31
40480,14047403,14047480,77
40481,14047480,14047565,85
40482,14047565,14047653,88
40483,14047653,14047729,76
40484,14047729,14047744,15
40485,14047938,14047951,13
40486,14047951,14047988,37
40487,14047988,14048009,21
40488,14048009,14048028,19
40489,14048028,14048153,125
40490,14048153,14048182,29
40491,14048182,14048238,56
40492,14048269,14048338,69
40493,14048338,14048351,13
40494,14048351,14048410,59
40495,14048479,14048494,15
40496,14048593,14048611,18
40497,14048611,14048642,31
40498,14048642,14048719,77
40499,14048719,14048804,85
40500,14048804,14048892,88
40501,14048892,14048968,76
40502,14048968,14048983,15
40503,14048983,14049207,224
40504,14049207,14049220,13
40505,14049220,14049257,37
40506,14049257,14049278,21
40507,14049278,14049297,19
40508,14049297,14049422,125
40509,14049422,14049451,29
40510,14049451,14049507,56
40511,14049507,14049538,31
40512,14049538,14049607,69
40513,14049607,14049620,13
40514,14049620,14049679,59
40515,14049679,14049748,69
40516,14049748,14049763,15
40517,14049763,14049862,99
40518,14049862,14049880,18
40519,14049880,14049911,31
40520,14049911,14049988,77
40521,14049988,14050073,85
40522,14050073,14050161,88
40523,14050161,14050237,76
40524,14050237,14050252,15
40525,14050252,14050476,224
40526,14050476,14050489,13
40527,14050489,14050526,37
40528,14050526,14050547,21
40529,14050547,14050566,19
40530,14050566,14050691,125
40531,14050691,14050720,29
40532,14050720,14050776,56
40533,14050776,14050807,31
40534,14050807,14050876,69
40535,14050876,14050889,13
40536,14050889,14050948,59
40537,14050948,14051017,69
40538,14051017,14051032,15
40539,14051032,14051131,99
40540,14051131,14051149,18
40541,14051149,14051180,31
40542,14051180,14051257,77
40543,14051257,14051342,85
40544,14051342,14051430,88
40545,14051430,14051506,76
40546,14051506,14051521,15
40547,14051521,14051745,224
40548,14051745,14051758,13
40549,14051758,14051795,37
40550,14051795,14051816,21
40551,14051816,14051835,19
40552,14051835,14051960,125
40553,14051960,14051989,29
40554,14051989,14052045,56
40555,14052045,14052076,31
40556,14052076,14052145,69
40557,14052145,14052158,13
40558,14052158,14052217,59
40559,14052217,14052286,69
40560,14052286,14052301,15
40561,14052301,14052400,99
40562,14052400,14052418,18
40563,14052418,14052449,31
40564,14052449,14052526,77
40565,14052526,14052611,85
40566,14052611,14052699,88
40567,14052699,14052775,76
40568,14052775,14052790,15
40569,14052790,14053014,224
40570,14053014,14053027,13
40571,14053027,14053064,37
40572,14053064,14053085,21
40573,14053085,14053104,19
40574,14053104,14053229,125
40575,14053229,14053258,29
40576,14053258,14053314,56
40577,14053314,14053345,31
40578,14053345,14053414,69
40579,14053414,14053427,13
40580,14053427,14053486,59
40581,14053486,14053555,69
40582,14053555,14053570,15
40583,14053670,14053688,18
40584,14053688,14053719,31
40585,14053719,14053796,77
40586,14053796,14053881,85
40587,14053881,14053969,88
40588,14053969,14054045,76
40589,14054045,14054060,15
40590,14054060,14054284,224
40591,14054284,14054297,13
40592,14054297,14054334,37
40593,14054334,14054355,21
40594,14054355,14054374,19
40595,14054499,14054528,29
40596,14054528,14054584,56
40597,14054584,14054615,31
40598,14054615,14054684,69
40599,14054684,14054697,13
40600,14054697,14054756,59
40601,14054756,14054825,69
40602,14054825,14054840,15
40603,14054840,14054939,99
40604,14054939,14054957,18
40605,14054957,14054988,31
40606,14054988,14055065,77
40607,14055065,14055150,85
40608,14055150,14055238,88
40609,14055314,14055329,15
40610,14055329,14055553,224
40611,14055553,14055566,13
40612,14055566,14055603,37
40613,14055603,14055624,21
40614,14055624,14055643,19
40615,14055643,14055768,125
40616,14055768,14055797,29
40617,14055797,14055853,56
40618,14055853,14055884,31
40619,14055884,14055953,69
40620,14055953,14055966,13
40621,14055966,14056025,59
40622,14056025,14056094,69
40623,14056094,14056109,15
40624,14056109,14056208,99
40625,14056208,14056226,18
40626,14056226,14056257,31
40627,14056257,14056334,77
40628,14056334,14056419,85
40629,14056419,14056507,88
40630,14056507,14056583,76
40631,14056583,14056598,15
40632,14056598,14056822,224
40633,14056822,14056835,13
40634,14056835,14056872,37
40635,14056872,14056893,21
40636,14056893,14056912,19
40637,14056912,14057037,125
40638,14057037,14057066,29
40639,14057066,14057122,56
40640,14057122,14057153,31
40641,14057153,14057222,69
40642,14057222,14057235,13
40643,14057235,14057294,59
40644,14057294,14057363,69
40645,14057363,14057378,15
40646,14057378,14057477,99
40647,14057477,14057495,18
40648,14057495,14057526,31
40649,14057526,14057603,77
40650,14057603,14057688,85
40651,14057688,14057776,88
40652,14057776,14057852,76
40653,14057852,14057867,15
40654,14057867,14058091,224
40655,14058091,14058104,13
40656,14058104,14058141,37
40657,14058141,14058162,21
40658,14058162,14058181,19
40659,14058181,14058306,125
40660,14058306,14058335,29
40661,14058335,14058391,56
40662,14058391,14058422,31
40663,14058422,14058491,69
40664,14058491,14058504,13
40665,14058504,14058563,59
40666,14058563,14058632,69
40667,14058632,14058647,15
40668,14058647,14058746,99
40669,14058746,14058764,18
40670,14058959,14059047,88
40671,14059047,14059123,76
40672,14059123,14059138,15
40673,14059138,14059361,223
40674,14059361,14059374,13
40675,14059374,14059411,37
40676,14059411,14059432,21
40677,14059432,14059451,19
40678,14059451,14059576,125
40679,14059576,14059605,29
40680,14059605,14059661,56
40681,14059661,14059692,31
40682,14059692,14059761,69
40683,14059761,14059774,13
40684,14059774,14059833,59
40685,14059833,14059902,69
40686,14059902,14059917,15
40687,14059917,14060016,99
40688,14060016,14060034,18
40689,14060034,14060065,31
40690,14060065,14060142,77
40691,14060142,14060227,85
40692,14060227,14060315,88
40693,14060315,14060391,76
40694,14060391,14060406,15
40695,14060406,14060629,223
40696,14060629,14060642,13
40697,14060642,14060679,37
40698,14060679,14060700,21
40699,14060700,14060719,19
40700,14060719,14060844,125
40701,14060844,14060873,29
40702,14060873,14060929,56
40703,14060929,14060960,31
40704,14060960,14061029,69
40705,14061029,14061042,13
40706,14061042,14061101,59
40707,14061101,14061170,69
40708,14061170,14061185,15
40709,14061185,14061284,99
40710,14061284,14061302,18
40711,14061302,14061333,31
40712,14064111,14064118,7
40713,14066690,14066693,3
40714,14066748,14066752,4
40715,14066752,14066755,3
40716,14069676,14069684,8
40717,14069787,14069796,9
40718,14069930,14069938,8
40719,14069938,14069947,9
40720,14070411,14070415,4
40721,14071118,14071125,7
40722,14071125,14071132,7
40723,14071580,14071586,6
40724,14071613,14071621,8
40725,14072132,14072140,8
40726,14072407,14072411,4
40727,14072868,14072876,8
40728,14075599,14075604,5
40729,14075604,14075613,9
40730,14075720,14075725,5
40731,14076801,14076807,6
40732,14076807,14076813,6
40733,14076813,14076819,6
40734,14076819,14076825,6
40735,14076825,14076831,6
40736,14076831,14076837,6
40737,14078266,14078270,4
40738,14078270,14078279,9
40739,14078829,14078832,3
40740,14080459,14080466,7
40741,14080503,14080511,8
40742,14081340,14081348,8
40743,14081402,14081407,5
40744,14081708,14081717,9
40745,14081946,14081954,8
40746,14082395,14082398,3
40747,14083208,14083213,5
40748,14083431,14083437,6
40749,14084387,14084394,7
40750,14085139,14085142,3
40751,14085253,14085257,4
40752,14086810,14086815,5
40753,14086849,14086853,4
40754,14089441,14089446,5
40755,14089878,14089885,7
40756,14089992,14089998,6
40757,14090293,14090302,9
40758,14090332,14090338,6
40759,14090456,14090459,3
40760,14090882,14090886,4
40761,14091279,14091282,3
40762,14094313,14094317,4
40763,14094327,14094330,3
40764,14094538,14094544,6
40765,14095158,14095163,5
40766,14097363,14097366,3
40767,14098163,14098169,6
40768,14098169,14098175,6
40769,14098683,14098689,6
40770,14098815,14098822,7
40771,14101070,14101079,9
40772,14101854,14101858,4
40773,14102989,14102995,6
40774,14103147,14103152,5
40775,14103199,14103204,5
40776,14103353,14103358,5
40777,14103374,14103404,30
40778,14103583,14103594,11
40779,14104284,14104293,9
40780,14104414,14104423,9
40781,14104621,14104627,6
40782,14105157,14105173,16
40783,14105173,14105254,81
40784,14105254,14105300,46
40785,14105300,14105321,21
40786,14105321,14105329,8
40787,14105329,14105352,23
40788,14105352,14105403,51
40789,14105403,14105408,5
40790,14105408,14105436,28
40791,14105436,14105497,61
40792,14105497,14105678,181
40793,14106353,14106441,88
40794,14106441,14106509,68
40795,14106509,14106522,13
40796,14106522,14106552,30
40797,14106552,14106563,11
40798,14106563,14106786,223
40799,14106786,14106816,30
40800,14106816,14106867,51
40801,14106867,14106875,8
40802,14106875,14107055,180
40803,14107055,14107074,19
40804,14107074,14107089,15
40805,14107089,14107134,45
40806,14107134,14107264,130
40807,14107264,14107293,29
40808,14107293,14107314,21
40809,14107314,14107370,56
40810,14107370,14107419,49
40811,14107419,14107425,6
40812,14107425,14107527,102
40813,14107527,14107604,77
40814,14107604,14107739,135
40815,14107739,14107750,11
40816,14107907,14107955,48
40817,14107955,14107959,4
40818,14107959,14108003,44
40819,14108003,14108096,93
40820,14108096,14108174,78
40821,14108174,14108184,10
40822,14108184,14108223,39
40823,14108223,14108247,24
40824,14108247,14108331,84
40825,14108331,14108342,11
40826,14108342,14108353,11
40827,14108353,14108415,62
40828,14108415,14108448,33
40829,14108448,14108451,3
40830,14108451,14108502,51
40831,14108502,14108508,6
40832,14108508,14108515,7
40833,14108515,14108544,29
40834,14108544,14108559,15
40835,14108559,14108576,17
40836,14108576,14108664,88
40837,14108664,14108678,14
40838,14108678,14108691,13
40839,14108691,14108726,35
40840,14108726,14108733,7
40841,14108733,14108769,36
40842,14108769,14108841,72
40843,14108841,14108906,65
40844,14108906,14108928,22
40845,14108928,14108937,9
40846,14108937,14109060,123
40847,14109060,14109069,9
40848,14109069,14109111,42
40849,14109111,14109123,12
40850,14109123,14109144,21
40851,14109144,14109205,61
40852,14109205,14109224,19
40853,14109224,14109342,118
40854,14109342,14109372,30
40855,14109372,14109429,57
40856,14109429,14109439,10
40857,14109439,14109491,52
40858,14109491,14109510,19
40859,14109510,14109531,21
40860,14109531,14109599,68
40861,14109599,14109629,30
40862,14109629,14109637,8
40863,14109637,14109814,177
40864,14109814,14109836,22
40865,14109836,14109852,16
40866,14109852,14109860,8
40867,14109860,14109875,15
40868,14109875,14109896,21
40869,14109896,14109921,25
40870,14109921,14109972,51
40871,14109972,14109984,12
40872,14109984,14110005,21
40873,14110005,14110019,14
40874,14110019,14110029,10
40875,14110029,14110140,111
40876,14110140,14110143,3
40877,14110143,14110216,73
40878,14110216,14110226,10
40879,14110226,14110274,48
40880,14110274,14110334,60
40881,14110334,14110410,76
40882,14110410,14110435,25
40883,14110435,14110547,112
40884,14110547,14110586,39
40885,14110586,14110703,117
40886,14110703,14110734,31
40887,14110734,14110795,61
40888,14110795,14110854,59
40889,14110854,14110891,37
40890,14110891,14110971,80
40891,14110971,14111009,38
40892,14111009,14111036,27
40893,14111036,14111040,4
40894,14111307,14111328,21
40895,14111328,14111361,33
40896,14111469,14111491,22
40897,14111491,14111532,41
40898,14111532,14111535,3
40899,14111535,14111561,26
40900,14111561,14111572,11
40901,14111572,14111690,118
40902,14111690,14111757,67
40903,14111757,14111770,13
40904,14111770,14111826,56
40905,14111826,14111834,8
40906,14111834,14111877,43
40907,14111877,14111982,105
40908,14111982,14112035,53
40909,14112046,14112114,68
40910,14112114,14112120,6
40911,14112120,14112123,3
40912,14112123,14112162,39
40913,14112162,14112180,18
40914,14112180,14112213,33
40915,14112213,14112249,36
40916,14112249,14112353,104
40917,14112353,14112377,24
40918,14112377,14112422,45
40919,14112422,14112426,4
40920,14112426,14112600,174
40921,14112600,14112608,8
40922,14112608,14112690,82
40923,14112690,14112695,5
40924,14112695,14112743,48
40925,14112743,14112747,4
40926,14112747,14112849,102
40927,14112849,14112863,14
40928,14112863,14112882,19
40929,14112882,14113029,147
40930,14113029,14113086,57
40931,14113086,14113178,92
40932,14113178,14113188,10
40933,14113188,14113234,46
40934,14113234,14113284,50
40935,14113284,14113318,34
40936,14113318,14113343,25
40937,14113343,14113821,478
40938,14113821,14113837,16
40939,14113837,14113918,81
40940,14113918,14113964,46
40941,14113964,14113985,21
40942,14113985,14113993,8
40943,14113993,14114016,23
40944,14114016,14114067,51
40945,14114067,14114072,5
40946,14114072,14114100,28
40947,14114100,14114161,61
40948,14114329,14114335,6
40949,14115620,14115624,4
40950,14115649,14115655,6
40951,14115906,14115917,11
40952,14116036,14116045,9
40953,14116142,14116151,9
40954,14117671,14117678,7
40955,14117740,14117770,30
40956,14117866,14117876,10
40957,14117876,14117880,4
40958,14118561,14118565,4
40959,14118922,14118928,6
40960,14118928,14118934,6
40961,14118934,14118941,7
40962,14118941,14118947,6
40963,14118959,14118966,7
40964,14119423,14119428,5
40965,14119428,14119437,9
40966,14119680,14119686,6
40967,14119723,14119726,3
40968,14121223,14121228,5
40969,14121259,14121265,6
40970,14121265,14121271,6
40971,14122280,14122283,3
40972,14122737,14122746,9
40973,14124348,14124354,6
40974,14124821,14124827,6
40975,14127052,14127061,9
40976,14127491,14127497,6
40977,14127635,14127646,11
40978,14128915,14128924,9
40979,14129231,14129237,6
40980,14129237,14129240,3
40981,14130199,14130202,3
40982,14130531,14130539,8
40983,14131496,14131500,4
40984,14131521,14131524,3
40985,14132834,14132840,6
40986,14134456,14134467,11
40987,14134973,14134976,3
40988,14134976,14134979,3
40989,14135172,14135178,6
40990,14135707,14135711,4
40991,14136866,14136872,6
40992,14137064,14137067,3
40993,14137380,14137386,6
40994,14137814,14137824,10
40995,14137824,14137829,5
40996,14138411,14138420,9
40997,14138908,14138915,7
40998,14138915,14138922,7
40999,14138922,14138929,7
41000,14138959,14138965,6
41001,14139050,14139054,4
41002,14139625,14139629,4
41003,14140938,14140943,5
41004,14141034,14141044,10
41005,14142525,14142532,7
41006,14142828,14142834,6
41007,14143949,14143953,4
41008,14144032,14144038,6
41009,14144486,14144495,9
41010,14145891,14145898,7
41011,14146134,14146145,11
41012,14147264,14147268,4
41013,14147894,14147898,4
41014,14147982,14147990,8
41015,14150360,14150366,6
41016,14150410,14150417,7
41017,14150417,14150424,7
41018,14150446,14150451,5
41019,14150491,14150496,5
41020,14150496,14150501,5
41021,14150541,14150548,7
41022,14150548,14150554,6
41023,14151448,14151454,6
41024,14151819,14151824,5
41025,14151871,14151875,4
41026,14152199,14152205,6
41027,14152205,14152209,4
41028,14152266,14152271,5
41029,14152271,14152275,4
41030,14153419,14153423,4
41031,14154616,14154623,7
41032,14154769,14154774,5
41033,14155441,14155449,8
41034,14155523,14155533,10
41035,14155570,14155576,6
41036,14156100,14156107,7
41037,14156415,14156420,5
41038,14157002,14157007,5
41039,14157007,14157015,8
41040,14157763,14157799,36
41041,14157799,14157868,69
41042,14157868,14157920,52
41043,14157920,14157950,30
41044,14157950,14157974,24
41045,14157974,14158008,34
41046,14158008,14158097,89
41047,14158097,14158101,4
41048,14158101,14158105,4
41049,14158105,14158159,54
41050,14158159,14158165,6
41051,14158165,14158215,50
41052,14158215,14158253,38
41053,14158253,14158265,12
41054,14158265,14158396,131
41055,14158396,14158421,25
41056,14158421,14158600,179
41057,14158600,14158689,89
41058,14158689,14158714,25
41059,14158714,14158785,71
41060,14158785,14158790,5
41061,14158790,14158827,37
41062,14158920,14158979,59
41063,14158979,14158990,11
41064,14158990,14159143,153
41065,14159143,14159151,8
41066,14159151,14159255,104
41067,14159255,14159266,11
41068,14159266,14159361,95
41069,14159361,14159364,3
41070,14159364,14159387,23
41071,14159520,14159608,88
41072,14159608,14159631,23
41073,14159631,14159657,26
41074,14159657,14159664,7
41075,14159664,14159895,231
41076,14159895,14159982,87
41077,14159982,14160131,149
41078,14160131,14160159,28
41079,14160159,14160196,37
41080,14160196,14160305,109
41081,14160305,14160327,22
41082,14160327,14160345,18
41083,14160345,14160349,4
41084,14160349,14160411,62
41085,14160411,14160555,144
41086,14160555,14160589,34
41087,14160589,14160708,119
41088,14160708,14160756,48
41089,14160756,14160765,9
41090,14160765,14160803,38
41091,14160803,14160810,7
41092,14160810,14160827,17
41093,14160827,14160844,17
41094,14160844,14160869,25
41095,14160869,14160897,28
41096,14160897,14160938,41
41097,14160938,14161079,141
41098,14161079,14161135,56
41099,14161135,14161151,16
41100,14161151,14161288,137
41101,14161288,14161325,37
41102,14161325,14161331,6
41103,14161331,14161337,6
41104,14161337,14161346,9
41105,14161346,14161456,110
41106,14161456,14161574,118
41107,14161574,14161589,15
41108,14161589,14161715,126
41109,14161715,14161763,48
41110,14161763,14161835,72
41111,14161912,14161934,22
41112,14161934,14161990,56
41113,14161990,14162026,36
41114,14162026,14162175,149
41115,14162175,14162208,33
41116,14162208,14162227,19
41117,14162227,14162259,32
41118,14162259,14162334,75
41119,14162334,14162357,23
41120,14162357,14162496,139
41121,14162496,14162685,189
41122,14162685,14162743,58
41123,14162743,14162805,62
41124,14162949,14162985,36
41125,14162985,14163054,69
41126,14163054,14163106,52
41127,14163106,14163136,30
41128,14163136,14163160,24
41129,14163160,14163194,34
41130,14163691,14163696,5
41131,14163696,14163702,6
41132,14163717,14163722,5
41133,14164544,14164554,10
41134,14165371,14165377,6
41135,14166348,14166357,9
41136,14166515,14166519,4
41137,14166547,14166551,4
41138,14166551,14166554,3
41139,14166735,14166745,10
41140,14167787,14167790,3
41141,14169002,14169006,4
41142,14169283,14169291,8
41143,14169419,14169424,5
41144,14169513,14169516,3
41145,14170215,14170290,75
41146,14170290,14170326,36
41147,14170326,14170425,99
41148,14170518,14170593,75
41149,14170593,14170629,36
41150,14170629,14170728,99
41151,14170875,14170911,36
41152,14171860,14171880,20
41153,14171880,14171902,22
41154,14172087,14172177,90
41155,14173342,14173350,8
41156,14173415,14173419,4
41157,14174064,14174074,10
41158,14174864,14174872,8
41159,14176753,14176760,7
41160,14176781,14176784,3
41161,14176945,14176948,3
41162,14177090,14177100,10
41163,14178181,14178185,4
41164,14179382,14179388,6
41165,14179786,14179789,3
41166,14179789,14179798,9
41167,14179798,14179804,6
41168,14179959,14179967,8
41169,14180453,14180457,4
41170,14181145,14181149,4
41171,14183540,14183549,9
41172,14184058,14184066,8
41173,14184088,14184099,11
41174,14184099,14184103,4
41175,14184103,14184106,3
41176,14184248,14184254,6
41177,14184620,14184627,7
41178,14186338,14186343,5
41179,14187415,14187424,9
41180,14187540,14187545,5
41181,14187545,14187551,6
41182,14187664,14187667,3
41183,14187726,14187736,10
41184,14188632,14188637,5
41185,14188637,14188640,3
41186,14189427,14189435,8
41187,14190545,14190551,6
41188,14191526,14191529,3
41189,14191584,14191588,4
41190,14192054,14192057,3
41191,14192977,14192984,7
41192,14193829,14193838,9
41193,14194150,14194156,6
41194,14194380,14194392,12
41195,14194392,14194401,9
41196,14194775,14194778,3
41197,14194815,14194821,6
41198,14194927,14194933,6
41199,14196314,14196323,9
41200,14196323,14196326,3
41201,14196326,14196329,3
41202,14196556,14196560,4
41203,14196881,14196886,5
41204,14197195,14197204,9
41205,14197311,14197315,4
41206,14197594,14197603,9
41207,14197603,14197612,9
41208,14198242,14198250,8
41209,14198325,14198329,4
41210,14199200,14199207,7
41211,14199502,14199507,5
41212,14199663,14199669,6
41213,14200688,14200691,3
41214,14200809,14200814,5
41215,14201595,14201599,4
41216,14201978,14201984,6
41217,14202044,14202050,6
41218,14202062,14202068,6
41219,14202068,14202074,6
41220,14202644,14202650,6
41221,14204158,14204161,3
41222,14204243,14204249,6
41223,14204934,14204940,6
41224,14205396,14205401,5
41225,14205842,14205846,4
41226,14205846,14205854,8
41227,14205854,14205861,7
41228,14205955,14205959,4
41229,14206972,14206977,5
41230,14206977,14206981,4
41231,14207071,14207074,3
41232,14207690,14207701,11
41233,14207701,14207710,9
41234,14207710,14207719,9
41235,14208138,14208143,5
41236,14209171,14209176,5
41237,14209824,14209831,7
41238,14210543,14210554,11
41239,14210577,14210583,6
41240,14210583,14210594,11
41241,14210913,14210919,6
41242,14211935,14211942,7
41243,14212604,14212608,4
41244,14212646,14212656,10
41245,14212783,14212787,4
41246,14212993,14213002,9
41247,14213002,14213006,4
41248,14213076,14213079,3
41249,14213831,14213835,4
41250,14214432,14214437,5
41251,14214437,14214440,3
41252,14215727,14215732,5
41253,14215975,14215980,5
41254,14217192,14217198,6
41255,14218173,14218177,4
41256,14218565,14218569,4
41257,14220577,14220582,5
41258,14220582,14220593,11
41259,14220892,14220898,6
41260,14221037,14221045,8
41261,14221159,14221162,3
41262,14221193,14221199,6
41263,14221714,14221721,7
41264,14221721,14221726,5
41265,14223193,14223197,4
41266,14223281,14223285,4
41267,14223869,14223878,9
41268,14224625,14224631,6
41269,14224631,14224637,6
41270,14226784,14226791,7
41271,14227009,14227013,4
41272,14227013,14227019,6
41273,14228734,14228743,9
41274,14228883,14228889,6
41275,14229918,14229922,4
41276,14230357,14230360,3
41277,14230360,14230365,5
41278,14231390,14231397,7
41279,14231435,14231442,7
41280,14232362,14232367,5
41281,14232440,14232446,6
41282,14232446,14232451,5
41283,14233307,14233312,5
41284,14233392,14233397,5
41285,14233453,14233460,7
41286,14233460,14233463,3
41287,14233556,14233565,9
41288,14234297,14234306,9
41289,14234829,14234836,7
41290,14235446,14235452,6
41291,14235636,14235642,6
41292,14236157,14236167,10
41293,14236418,14236428,10
41294,14236738,14236741,3
41295,14236784,14236792,8
41296,14237145,14237150,5
41297,14237572,14237575,3
41298,14237575,14237581,6
41299,14238353,14238362,9
41300,14238668,14238677,9
41301,14238677,14238685,8
41302,14239142,14239145,3
41303,14239396,14239405,9
41304,14240831,14240835,4
41305,14241086,14241090,4
41306,14241090,14241093,3
41307,14241132,14241140,8
41308,14241209,14241215,6
41309,14241242,14241247,5
41310,14241463,14241469,6
41311,14241725,14241728,3
41312,14242160,14242166,6
41313,14242257,14242261,4
41314,14242325,14242329,4
41315,14242329,14242334,5
41316,14242559,14242565,6
41317,14242744,14242750,6
41318,14243154,14243163,9
41319,14243668,14243675,7
41320,14245424,14245433,9
41321,14246054,14246057,3
41322,14246195,14246204,9
41323,14246392,14246396,4
41324,14246773,14246780,7
41325,14247598,14247604,6
41326,14247657,14247665,8
41327,14248038,14248046,8
41328,14248855,14248858,3
41329,14249197,14249206,9
41330,14249373,14249381,8
41331,14249427,14249434,7
41332,14250232,14250236,4
41333,14250412,14250421,9
41334,14250471,14250478,7
41335,14250678,14250681,3
41336,14250681,14250684,3
41337,14250729,14250733,4
41338,14250733,14250741,8
41339,14250741,14250744,3
41340,14250744,14250751,7
41341,14251075,14251078,3
41342,14251096,14251099,3
41343,14251470,14251481,11
41344,14252137,14252140,3
41345,14252263,14252266,3
41346,14252389,14252392,3
41347,14252392,14252431,39
41348,14252431,14252515,84
41349,14252515,14252518,3
41350,14252518,14252557,39
41351,14252557,14252641,84
41352,14252641,14252644,3
41353,14252644,14252683,39
41354,14252683,14252767,84
41355,14252767,14252770,3
41356,14252770,14252809,39
41357,14252893,14252896,3
41358,14252953,14252956,3
41359,14252956,14252995,39
41360,14252995,14253079,84
41361,14253079,14253082,3
41362,14253082,14253121,39
41363,14253205,14253208,3
41364,14253750,14253757,7
41365,14254129,14254135,6
41366,14254195,14254204,9
41367,14254204,14254209,5
41368,14255557,14255561,4
41369,14257417,14257422,5
41370,14257456,14257461,5
41371,14257722,14257725,3
41372,14258270,14258273,3
41373,14258273,14258280,7
41374,14258280,14258283,3
41375,14258283,14258286,3
41376,14259644,14259654,10
41377,14259654,14259662,8
41378,14259662,14259668,6
41379,14259668,14259676,8
41380,14259816,14259825,9
41381,14259836,14259842,6
41382,14259885,14259890,5
41383,14260602,14260608,6
41384,14260608,14260612,4
41385,14260728,14260736,8
41386,14260789,14260794,5
41387,14260873,14260878,5
41388,14261077,14261087,10
41389,14261374,14261383,9
41390,14261508,14261513,5
41391,14261704,14261713,9
41392,14261816,14261823,7
41393,14262524,14262531,7
41394,14262900,14262907,7
41395,14263249,14263255,6
41396,14263615,14263619,4
41397,14263831,14263835,4
41398,14264308,14264312,4
41399,14264470,14264473,3
41400,14264720,14264723,3
41401,14264908,14264912,4
41402,14265108,14265113,5
41403,14265113,14265118,5
41404,14265118,14265121,3
41405,14265234,14265240,6
41406,14266109,14266118,9
41407,14266182,14266187,5
41408,14266187,14266199,12
41409,14267059,14267068,9
41410,14267197,14267201,4
41411,14268866,14268869,3
41412,14269023,14269029,6
41413,14269171,14269177,6
41414,14269587,14269591,4
41415,14269662,14269667,5
41416,14269803,14269806,3
41417,14270025,14270033,8
41418,14270364,14270375,11
41419,14270571,14270575,4
41420,14271094,14271103,9
41421,14271166,14271176,10
41422,14271832,14271835,3
41423,14271865,14271868,3
41424,14271895,14271899,4
41425,14272114,14272117,3
41426,14272301,14272309,8
41427,14272520,14272528,8
41428,14273011,14273017,6
41429,14273720,14273727,7
41430,14273727,14273734,7
41431,14273985,14273991,6
41432,14275311,14275323,12
41433,14275412,14275420,8
41434,14275811,14275820,9
41435,14276092,14276097,5
41436,14276616,14276624,8
41437,14287992,14287997,5
41438,14288391,14288396,5
41439,14288428,14288436,8
41440,14288495,14288500,5
41441,14288540,14288549,9
41442,14288748,14288754,6
41443,14288754,14288757,3
41444,14288757,14288767,10
41445,14289034,14289041,7
41446,14289644,14289649,5
41447,14290465,14290472,7
41448,14290961,14290966,5
41449,14291275,14291285,10
41450,14291439,14291443,4
41451,14291856,14291866,10
41452,14292241,14292244,3
41453,14292321,14292327,6
41454,14292569,14292578,9
41455,14293393,14293402,9
41456,14293882,14293887,5
41457,14294290,14294298,8
41458,14294298,14294306,8
41459,14295935,14295941,6
41460,14296739,14296746,7
41461,14297094,14297098,4
41462,14297354,14297364,10
41463,14297458,14297463,5
41464,14300979,14300983,4
41465,14300983,14300986,3
41466,14301142,14301148,6
41467,14301148,14301155,7
41468,14301952,14301960,8
41469,14302697,14302707,10
41470,14303829,14303832,3
41471,14303832,14303835,3
41472,14303835,14303838,3
41473,14304228,14304478,250
41474,14304478,14304523,45
41475,14304523,14304537,14
41476,14304657,14304662,5
41477,14305803,14305810,7
41478,14306603,14306610,7
41479,14308325,14308331,6
41480,14309870,14310120,250
41481,14310120,14310165,45
41482,14310165,14310179,14
41483,14310582,14310587,5
41484,14311365,14311369,4
41485,14311892,14311896,4
41486,14313509,14313512,3
41487,14313512,14313521,9
41488,14313533,14313537,4
41489,14313537,14313541,4
41490,14313541,14313545,4
41491,14313545,14313549,4
41492,14313571,14313575,4
41493,14313722,14313726,4
41494,14314315,14314323,8
41495,14314387,14314393,6
41496,14314730,14314742,12
41497,14314880,14314900,20
41498,14314900,14314922,22
41499,14314922,14314944,22
41500,14314944,14314954,10
41501,14315323,14315328,5
41502,14315834,14315837,3
41503,14316219,14316231,12
41504,14316369,14316389,20
41505,14316411,14316433,22
41506,14316433,14316443,10
41507,14316596,14316686,90
41508,14316890,14316894,4
41509,14317586,14317591,5
41510,14318908,14318920,12
41511,14319369,14319373,4
41512,14319731,14319739,8
41513,14322292,14322297,5
41514,14322445,14322451,6
41515,14323475,14323482,7
41516,14324360,14324363,3
41517,14324960,14324964,4
41518,14325415,14325418,3
41519,14326001,14326007,6
41520,14326107,14326112,5
41521,14326112,14326122,10
41522,14326122,14326128,6
41523,14326153,14326164,11
41524,14328247,14328253,6
41525,14328264,14328272,8
41526,14328272,14328280,8
41527,14328340,14328347,7
41528,14329050,14329053,3
41529,14329172,14329180,8
41530,14330531,14330537,6
41531,14331553,14331561,8
41532,14331573,14331579,6
41533,14332500,14332508,8
41534,14333915,14333920,5
41535,14334160,14334163,3
41536,14334163,14334166,3
41537,14334227,14334232,5
41538,14335257,14335260,3
41539,14335486,14335489,3
41540,14335810,14335813,3
41541,14335855,14335858,3
41542,14336537,14336542,5
41543,14336914,14336922,8
41544,14339400,14339408,8
41545,14339986,14339995,9
41546,14339995,14340003,8
41547,14340003,14340012,9
41548,14340042,14340050,8
41549,14342370,14342379,9
41550,14343594,14343597,3
41551,14343862,14343869,7
41552,14343954,14343961,7
41553,14344176,14344180,4
41554,14344180,14344184,4
41555,14344184,14344188,4
41556,14344188,14344191,3
41557,14344204,14344208,4
41558,14344729,14344737,8
41559,14345272,14345278,6
41560,14346572,14346582,10
41561,14347284,14347292,8
41562,14348559,14348568,9
41563,14349462,14349473,11
41564,14349473,14349477,4
41565,14349477,14349486,9
41566,14350103,14350107,4
41567,14350107,14350118,11
41568,14350128,14350134,6
41569,14350134,14350140,6
41570,14351239,14351245,6
41571,14351471,14351483,12
41572,14351689,14351698,9
41573,14351698,14351704,6
41574,14353945,14353954,9
41575,14354002,14354008,6
41576,14354051,14354054,3
41577,14354536,14354543,7
41578,14354543,14354549,6
41579,14354549,14354555,6
41580,14354555,14354563,8
41581,14354563,14354568,5
41582,14354568,14354580,12
41583,14354580,14354587,7
41584,14354587,14354593,6
41585,14354593,14354599,6
41586,14354599,14354606,7
41587,14354625,14354631,6
41588,14358436,14358440,4
41589,14358970,14358978,8
41590,14359815,14359821,6
41591,14360171,14360180,9
41592,14360241,14360251,10
41593,14360645,14360652,7
41594,14360808,14360815,7
41595,14360826,14360833,7
41596,14361277,14361280,3
41597,14361280,14361291,11
41598,14361291,14361298,7
41599,14361749,14361752,3
41600,14362361,14362364,3
41601,14362485,14362491,6
41602,14362749,14362754,5
41603,14363367,14363371,4
41604,14363991,14363998,7
41605,14365152,14365164,12
41606,14371344,14371351,7
41607,14372607,14372610,3
41608,14374143,14374146,3
41609,14375899,14375908,9
41610,14376401,14376407,6
41611,14378828,14378846,18
41612,14379480,14379518,38
41613,14379518,14379531,13
41614,14379531,14379540,9
41615,14379567,14379576,9
41616,14379576,14379582,6
41617,14379606,14379627,21
41618,14379627,14379630,3
41619,14379630,14379651,21
41620,14379651,14379668,17
41621,14379699,14379708,9
41622,14380358,14380376,18
41623,14381070,14381108,38
41624,14381108,14381121,13
41625,14381121,14381130,9
41626,14381130,14381136,6
41627,14381157,14381166,9
41628,14381166,14381172,6
41629,14381196,14381217,21
41630,14381217,14381220,3
41631,14381220,14381241,21
41632,14381241,14381258,17
41633,14381280,14381289,9
41634,14381656,14381665,9
41635,14382971,14382974,3
41636,14383316,14383321,5
41637,14383394,14383398,4
41638,14383398,14383404,6
41639,14384022,14384032,10
41640,14384032,14384037,5
41641,14384037,14384042,5
41642,14386676,14386683,7
41643,14386683,14386690,7
41644,14386690,14386697,7
41645,14386813,14386818,5
41646,14386859,14386866,7
41647,14386866,14386870,4
41648,14386870,14386879,9
41649,14387034,14387039,5
41650,14387213,14387218,5
41651,14388285,14388288,3
41652,14388429,14388436,7
41653,14388917,14388922,5
41654,14390902,14390907,5
41655,14392458,14392464,6
41656,14393106,14393114,8
41657,14393463,14393473,10
41658,14394421,14394424,3
41659,14396233,14396239,6
41660,14396239,14396242,3
41661,14397649,14397653,4
41662,14398284,14398292,8
41663,14398915,14398921,6
41664,14398921,14398927,6
41665,14398927,14398933,6
41666,14398933,14398941,8
41667,14398941,14398947,6
41668,14399677,14399684,7
41669,14400221,14400231,10
41670,14401027,14401031,4
41671,14401031,14401038,7
41672,14401329,14401338,9
41673,14401531,14401540,9
41674,14403012,14403019,7
41675,14403786,14403790,4
41676,14404575,14404584,9
41677,14406132,14406138,6
41678,14406188,14406194,6
41679,14406732,14406739,7
41680,14406756,14406761,5
41681,14408815,14408821,6
41682,14408919,14408923,4
41683,14410353,14410358,5
41684,14410877,14410886,9
41685,14411395,14411399,4
41686,14411399,14411406,7
41687,14411941,14411949,8
41688,14416580,14416649,69
41689,14416649,14416665,16
41690,14416665,14416670,5
41691,14416670,14416688,18
41692,14416688,14416724,36
41693,14416743,14416760,17
41694,14416760,14416814,54
41695,14416814,14416852,38
41696,14416852,14416880,28
41697,14417156,14417180,24
41698,14417180,14417205,25
41699,14417205,14417231,26
41700,14417231,14417246,15
41701,14417394,14417448,54
41702,14417448,14417482,34
41703,14417482,14417518,36
41704,14417573,14417593,20
41705,14417593,14417599,6
41706,14417599,14417609,10
41707,14417609,14417670,61
41708,14417670,14417714,44
41709,14417714,14417759,45
41710,14417759,14417810,51
41711,14417810,14417813,3
41712,14417863,14417873,10
41713,14417923,14417938,15
41714,14418240,14418249,9
41715,14418249,14418296,47
41716,14418296,14418374,78
41717,14418374,14418378,4
41718,14418556,14418561,5
41719,14418561,14418568,7
41720,14418568,14418629,61
41721,14418629,14418657,28
41722,14418657,14418759,102
41723,14418920,14418924,4
41724,14418924,14418937,13
41725,14418937,14418940,3
41726,14418940,14419024,84
41727,14419024,14419027,3
41728,14419027,14419081,54
41729,14419081,14419109,28
41730,14419109,14419208,99
41731,14419208,14419245,37
41732,14419245,14419359,114
41733,14419359,14419436,77
41734,14419436,14419524,88
41735,14419524,14419535,11
41736,14419597,14419615,18
41737,14420161,14420170,9
41738,14420299,14420309,10
41739,14420964,14421016,52
41740,14422189,14422192,3
41741,14424344,14424347,3
41742,14429571,14429577,6
41743,14429698,14429706,8
41744,14431625,14431633,8
41745,14431633,14431636,3
41746,14433874,14433877,3
41747,14434327,14434339,12
41748,14434668,14434675,7
41749,14435713,14435717,4
41750,14436635,14436643,8
41751,14436643,14436651,8
41752,14436651,14436659,8
41753,14436659,14436667,8
41754,14437165,14437169,4
41755,14437169,14437177,8
41756,14437177,14437181,4
41757,14437181,14437185,4
41758,14437185,14437189,4
41759,14437189,14437193,4
41760,14437222,14437231,9
41761,14438104,14438111,7
41762,14438602,14438606,4
41763,14439317,14439320,3
41764,14440237,14440246,9
41765,14440246,14440249,3
41766,14440659,14440663,4
41767,14441078,14441085,7
41768,14441376,14441385,9
41769,14441519,14441525,6
41770,14445397,14445400,3
41771,14445520,14445523,3
41772,14445523,14445530,7
41773,14445530,14445537,7
41774,14446753,14446759,6
41775,14447761,14447764,3
41776,14447803,14447808,5
41777,14447808,14447813,5
41778,14447813,14447823,10
41779,14447823,14447829,6
41780,14447942,14447946,4
41781,14448364,14448372,8
41782,14448372,14448375,3
41783,14449015,14449024,9
41784,14450307,14450311,4
41785,14450504,14450507,3
41786,14451023,14451028,5
41787,14451028,14451036,8
41788,14451520,14451528,8
41789,14452027,14452031,4
41790,14453302,14453311,9
41791,14454629,14454632,3
41792,14454632,14454641,9
41793,14455630,14455634,4
41794,14456278,14456283,5
41795,14456854,14456863,9
41796,14457490,14457494,4
41797,14457844,14457852,8
41798,14458201,14458208,7
41799,14458601,14458607,6
41800,14459614,14459619,5
41801,14459780,14459783,3
41802,14459883,14459886,3
41803,14460205,14460211,6
41804,14460304,14460311,7
41805,14460311,14460321,10
41806,14460782,14460788,6
41807,14460819,14460826,7
41808,14461672,14461679,7
41809,14462303,14462308,5
41810,14462628,14462631,3
41811,14463236,14463241,5
41812,14463680,14463688,8
41813,14463856,14463861,5
41814,14464173,14464178,5
41815,14467715,14467720,5
41816,14470121,14470127,6
41817,14471772,14471778,6
41818,14471798,14471804,6
41819,14471804,14471810,6
41820,14472348,14472355,7
41821,14472730,14472733,3
41822,14472733,14472736,3
41823,14472828,14472837,9
41824,14473572,14473575,3
41825,14474072,14474078,6
41826,14474186,14474194,8
41827,14474224,14474230,6
41828,14474769,14474772,3
41829,14475000,14475006,6
41830,14477510,14477519,9
41831,14479425,14479431,6
41832,14479942,14479950,8
41833,14480008,14480015,7
41834,14480015,14480020,5
41835,14480090,14480093,3
41836,14482437,14482443,6
41837,14483452,14483460,8
41838,14484123,14484129,6
41839,14485202,14485208,6
41840,14485484,14485490,6
41841,14485865,14485873,8
41842,14485891,14485895,4
41843,14485926,14485936,10
41844,14486654,14486663,9
41845,14486812,14486818,6
41846,14487179,14487182,3
41847,14488580,14488584,4
41848,14488584,14488588,4
41849,14490170,14490175,5
41850,14490218,14490223,5
41851,14490223,14490226,3
41852,14490226,14490235,9
41853,14490600,14490604,4
41854,14490604,14490612,8
41855,14490612,14490616,4
41856,14491615,14491623,8
41857,14491623,14491631,8
41858,14494041,14494048,7
41859,14494182,14494191,9
41860,14494928,14494936,8
41861,14495270,14495276,6
41862,14495276,14495282,6
41863,14495572,14495577,5
41864,14498034,14498042,8
41865,14498304,14498309,5
41866,14498430,14498440,10
41867,14498949,14498956,7
41868,14499982,14499987,5
41869,14501425,14501428,3
41870,14501428,14501434,6
41871,14501930,14501934,4
41872,14501934,14501942,8
41873,14501942,14501950,8
41874,14501950,14501954,4
41875,14501954,14501958,4
41876,14501958,14501962,4
41877,14501962,14501966,4
41878,14502326,14502339,13
41879,14505856,14505865,9
41880,14506081,14506088,7
41881,14506385,14506391,6
41882,14506391,14506397,6
41883,14506570,14506577,7
41884,14506596,14506608,12
41885,14508378,14508386,8
41886,14508603,14508610,7
41887,14508636,14508639,3
41888,14509628,14509633,5
41889,14509645,14509652,7
41890,14509752,14509758,6
41891,14509895,14509903,8
41892,14509903,14509911,8
41893,14510336,14510344,8
41894,14511736,14511741,5
41895,14513742,14513748,6
41896,14514071,14514079,8
41897,14514631,14514637,6
41898,14515883,14515894,11
41899,14515947,14515953,6
41900,14516338,14516341,3
41901,14517207,14517210,3
41902,14517574,14517582,8
41903,14517960,14517964,4
41904,14519474,14519477,3
41905,14519477,14519481,4
41906,14519481,14519485,4
41907,14519485,14519491,6
41908,14519617,14519622,5
41909,14519866,14519875,9
41910,14520364,14520373,9
41911,14521139,14521146,7
41912,14521146,14521153,7
41913,14521153,14521162,9
41914,14522458,14522466,8
41915,14523242,14523249,7
41916,14523371,14523379,8
41917,14523787,14523791,4
41918,14526839,14526846,7
41919,14527366,14527373,7
41920,14529507,14529510,3
41921,14529510,14529513,3
41922,14529524,14529527,3
41923,14529821,14529829,8
41924,14529849,14529853,4
41925,14531446,14531454,8
41926,14531719,14531725,6
41927,14531725,14531730,5
41928,14531954,14531962,8
41929,14532118,14532127,9
41930,14532203,14532210,7
41931,14532210,14532216,6
41932,14532240,14532246,6
41933,14532246,14532252,6
41934,14532270,14532273,3
41935,14532415,14532420,5
41936,14534153,14534161,8
41937,14534178,14534183,5
41938,14535446,14535454,8
41939,14536796,14536802,6
41940,14536802,14536809,7
41941,14537125,14537133,8
41942,14537421,14537426,5
41943,14537452,14537457,5
41944,14537708,14537713,5
41945,14538673,14538679,6
41946,14538679,14538691,12
41947,14538691,14538697,6
41948,14540118,14540125,7
41949,14540139,14540146,7
41950,14541008,14541016,8
41951,14542683,14542691,8
41952,14542691,14542699,8
41953,14543091,14543095,4
41954,14544647,14544656,9
41955,14545352,14545360,8
41956,14545427,14545433,6
41957,14545488,14545498,10
41958,14546840,14546843,3
41959,14548667,14548675,8
41960,14548694,14548699,5
41961,14548699,14548703,4
41962,14548736,14548740,4
41963,14549253,14549262,9
41964,14549262,14549266,4
41965,14549425,14549434,9
41966,14549434,14549443,9
41967,14549455,14549458,3
41968,14549458,14549464,6
41969,14549464,14549467,3
41970,14549657,14549662,5
41971,14549714,14549717,3
41972,14549836,14549843,7
41973,14550090,14550093,3
41974,14551759,14551802,43
41975,14551802,14551827,25
41976,14551827,14551844,17
41977,14551844,14551856,12
41978,14551856,14552077,221
41979,14552077,14552228,151
41980,14552228,14552243,15
41981,14552243,14552371,128
41982,14552371,14552529,158
41983,14552529,14552593,64
41984,14552593,14552596,3
41985,14552596,14552608,12
41986,14552608,14552720,112
41987,14552720,14552807,87
41988,14552807,14552855,48
41989,14553243,14553248,5
41990,14553248,14553269,21
41991,14553269,14553457,188
41992,14553457,14553498,41
41993,14553498,14553546,48
41994,14553546,14553642,96
41995,14553642,14553720,78
41996,14553720,14553724,4
41997,14553724,14553741,17
41998,14553741,14553851,110
41999,14553851,14553867,16
42000,14553867,14553943,76
42001,14554060,14554243,183
42002,14554243,14554276,33
42003,14554276,14554313,37
42004,14554313,14554343,30
42005,14554343,14554365,22
42006,14554365,14554434,69
42007,14554434,14554450,16
42008,14554450,14554457,7
42009,14554457,14554536,79
42010,14554536,14554610,74
42011,14554610,14554627,17
42012,14554627,14554719,92
42013,14554770,14554810,40
42014,14554810,14554906,96
42015,14554906,14554935,29
42016,14554935,14554991,56
42017,14554991,14555051,60
42018,14555051,14555226,175
42019,14555226,14555254,28
42020,14555254,14555327,73
42021,14555327,14555352,25
42022,14555352,14555389,37
42023,14555389,14555392,3
42024,14555392,14555449,57
42025,14555449,14555464,15
42026,14555464,14555566,102
42027,14555566,14555571,5
42028,14555571,14555650,79
42029,14555650,14555709,59
42030,14555709,14555755,46
42031,14555755,14555815,60
42032,14555856,14555872,16
42033,14555872,14555896,24
42034,14555933,14555950,17
42035,14555950,14556058,108
42036,14556058,14556142,84
42037,14556142,14556244,102
42038,14556244,14556343,99
42039,14556343,14556488,145
42040,14556488,14556694,206
42041,14556694,14556703,9
42042,14556703,14556716,13
42043,14556716,14556721,5
42044,14556721,14556824,103
42045,14556824,14556830,6
42046,14556830,14556866,36
42047,14556866,14556938,72
42048,14556938,14556993,55
42049,14556993,14557083,90
42050,14557083,14557094,11
42051,14557094,14557441,347
42052,14557441,14557641,200
42053,14557641,14557663,22
42054,14557663,14557734,71
42055,14558397,14558584,187
42056,14558584,14558669,85
42057,14558669,14558676,7
42058,14558844,14558887,43
42059,14558887,14558912,25
42060,14558912,14558929,17
42061,14558929,14558941,12
42062,14558941,14559162,221
42063,14560057,14560065,8
42064,14560065,14560072,7
42065,14560309,14560319,10
42066,14560460,14560464,4
42067,14560727,14560733,6
42068,14560986,14560993,7
42069,14560993,14560999,6
42070,14561451,14561459,8
42071,14562407,14562417,10
42072,14562759,14562764,5
42073,14563222,14563232,10
42074,14563264,14563272,8
42075,14565085,14565090,5
42076,14565883,14565886,3
42077,14566282,14566288,6
42078,14567530,14567533,3
42079,14569991,14569999,8
42080,14571751,14571759,8
42081,14571894,14571897,3
42082,14572277,14572280,3
42083,14572280,14572283,3
42084,14572342,14572345,3
42085,14575389,14575395,6
42086,14575395,14575404,9
42087,14575404,14575411,7
42088,14576097,14576103,6
42089,14576321,14576329,8
42090,14578044,14578049,5
42091,14580435,14580440,5
42092,14581093,14581100,7
42093,14582526,14582530,4
42094,14582530,14582533,3
42095,14583359,14583365,6
42096,14583661,14583665,4
42097,14584297,14584305,8
42098,14584305,14584309,4
42099,14584309,14584315,6
42100,14584585,14584588,3
42101,14584812,14584818,6
42102,14585640,14585648,8
42103,14586619,14586629,10
42104,14586653,14586656,3
42105,14586877,14586882,5
42106,14586882,14586886,4
42107,14587176,14587183,7
42108,14587351,14587356,5
42109,14587426,14587432,6
42110,14587468,14587471,3
42111,14587471,14587474,3
42112,14587500,14587507,7
42113,14588348,14588351,3
42114,14588754,14588760,6
42115,14588773,14588779,6
42116,14588801,14588811,10
42117,14589130,14589137,7
42118,14589753,14589774,21
42119,14590447,14590451,4
42120,14591817,14591824,7
42121,14591933,14591941,8
42122,14592043,14592050,7
42123,14593265,14593272,7
42124,14593822,14593826,4
42125,14594263,14594269,6
42126,14594447,14594451,4
42127,14594590,14594599,9
42128,14594894,14594902,8
42129,14595557,14595563,6
42130,14595909,14595913,4
42131,14595913,14595917,4
42132,14597258,14597269,11
42133,14597638,14597644,6
42134,14597644,14597655,11
42135,14597762,14597766,4
42136,14597766,14597769,3
42137,14597960,14597964,4
42138,14598031,14598036,5
42139,14598540,14598544,4
42140,14599933,14599938,5
42141,14601339,14601347,8
42142,14601361,14601370,9
42143,14602445,14602451,6
42144,14602970,14602974,4
42145,14604397,14604402,5
42146,14604551,14604557,6
42147,14604897,14604905,8
42148,14604935,14604941,6
42149,14604941,14604947,6
42150,14604947,14604953,6
42151,14604987,14604994,7
42152,14605148,14605151,3
42153,14605151,14605161,10
42154,14605313,14605318,5
42155,14605541,14605547,6
42156,14605547,14605611,64
42157,14605611,14605623,12
42158,14605623,14605683,60
42159,14605903,14605909,6
42160,14605909,14605973,64
42161,14605973,14605985,12
42162,14605985,14606045,60
42163,14606265,14606271,6
42164,14606708,14606717,9
42165,14607393,14607399,6
42166,14608380,14608384,4
42167,14608384,14608390,6
42168,14608514,14608523,9
42169,14608577,14608587,10
42170,14610360,14610368,8
42171,14610368,14610374,6
42172,14610403,14610407,4
42173,14610407,14610413,6
42174,14610509,14610521,12
42175,14610790,14610795,5
42176,14610884,14610890,6
42177,14610890,14610894,4
42178,14611156,14611161,5
42179,14612286,14612289,3
42180,14612708,14612714,6
42181,14612714,14612720,6
42182,14612763,14612770,7
42183,14612770,14612778,8
42184,14613232,14613235,3
42185,14613349,14613353,4
42186,14613660,14613663,3
42187,14613689,14613696,7
42188,14614088,14614091,3
42189,14614091,14614095,4
42190,14614775,14614778,3
42191,14614817,14614825,8
42192,14614855,14614860,5
42193,14615283,14615292,9
42194,14615292,14615300,8
42195,14615300,14615309,9
42196,14617342,14617345,3
42197,14617345,14617352,7
42198,14617362,14617371,9
42199,14617691,14617699,8
42200,14618230,14618233,3
42201,14619475,14619484,9
42202,14619544,14619550,6
42203,14619796,14619803,7
42204,14620021,14620026,5
42205,14620989,14620997,8
42206,14621060,14621066,6
42207,14621118,14621127,9
42208,14621642,14621650,8
42209,14623006,14623010,4
42210,14623262,14623266,4
42211,14623266,14623273,7
42212,14624412,14624416,4
42213,14625421,14625426,5
42214,14626537,14626542,5
42215,14626799,14626805,6
42216,14627446,14627452,6
42217,14628977,14628984,7
42218,14630749,14630754,5
42219,14630800,14630807,7
42220,14631043,14631049,6
42221,14631049,14631055,6
42222,14631055,14631061,6
42223,14631073,14631079,6
42224,14631079,14631085,6
42225,14631085,14631091,6
42226,14631993,14631998,5
42227,14632022,14632028,6
42228,14632866,14632871,5
42229,14632871,14632876,5
42230,14634186,14634192,6
42231,14635423,14635430,7
42232,14636537,14636541,4
42233,14636541,14636573,32
42234,14636573,14636703,130
42235,14636703,14636762,59
42236,14636762,14636830,68
42237,14636830,14636903,73
42238,14636903,14636992,89
42239,14636992,14637037,45
42240,14637037,14637141,104
42241,14637141,14637163,22
42242,14637163,14637176,13
42243,14637176,14637259,83
42244,14637259,14637319,60
42245,14637319,14637336,17
42246,14637336,14637384,48
42247,14637384,14637390,6
42248,14637390,14637412,22
42249,14637412,14637472,60
42250,14637472,14637571,99
42251,14637571,14637591,20
42252,14637591,14637614,23
42253,14637614,14637671,57
42254,14637671,14637693,22
42255,14637693,14637712,19
42256,14637712,14637777,65
42257,14637777,14637790,13
42258,14637790,14637841,51
42259,14637841,14637875,34
42260,14637875,14637897,22
42261,14637897,14638045,148
42262,14638045,14638240,195
42263,14638240,14638252,12
42264,14638252,14638295,43
42265,14638295,14638393,98
42266,14638393,14638398,5
42267,14638398,14638405,7
42268,14638405,14638441,36
42269,14638441,14638461,20
42270,14638461,14638489,28
42271,14638489,14638590,101
42272,14638590,14638613,23
42273,14638613,14638676,63
42274,14638676,14638708,32
42275,14638708,14638827,119
42276,14638827,14638875,48
42277,14638875,14638881,6
42278,14638881,14638884,3
42279,14638884,14638980,96
42280,14638980,14638988,8
42281,14638988,14638995,7
42282,14638995,14639054,59
42283,14639054,14639105,51
42284,14639105,14639244,139
42285,14639244,14639308,64
42286,14639308,14639324,16
42287,14639324,14639328,4
42288,14639328,14639516,188
42289,14639516,14639541,25
42290,14639541,14639565,24
42291,14639565,14639568,3
42292,14639568,14639577,9
42293,14639577,14639705,128
42294,14639705,14639730,25
42295,14639730,14639759,29
42296,14639759,14639796,37
42297,14639796,14639860,64
42298,14639860,14639877,17
42299,14639877,14639947,70
42300,14639947,14640082,135
42301,14640082,14640114,32
42302,14640114,14640288,174
42303,14640288,14640302,14
42304,14640302,14640320,18
42305,14640320,14640332,12
42306,14640332,14640342,10
42307,14640342,14640435,93
42308,14640435,14640492,57
42309,14640492,14640510,18
42310,14640510,14640522,12
42311,14640522,14640539,17
42312,14640539,14640570,31
42313,14640570,14640585,15
42314,14640585,14640672,87
42315,14640672,14640735,63
42316,14640735,14640754,19
42317,14640754,14640768,14
42318,14640768,14640798,30
42319,14640798,14640991,193
42320,14640991,14641085,94
42321,14641085,14641120,35
42322,14641120,14641163,43
42323,14641163,14641196,33
42324,14641196,14641224,28
42325,14641224,14641265,41
42326,14641265,14641326,61
42327,14641326,14641370,44
42328,14641370,14641572,202
42329,14641572,14641583,11
42330,14641583,14641659,76
42331,14641659,14641679,20
42332,14641679,14641709,30
42333,14641709,14641735,26
42334,14641735,14641789,54
42335,14641789,14641805,16
42336,14641805,14641814,9
42337,14641941,14641946,5
42338,14643937,14643944,7
42339,14644271,14644280,9
42340,14644444,14644450,6
42341,14644450,14644456,6
42342,14644769,14644777,8
42343,14645071,14645076,5
42344,14645152,14645158,6
42345,14645474,14645480,6
42346,14645673,14645682,9
42347,14645904,14645912,8
42348,14646250,14646256,6
42349,14646933,14646941,8
42350,14646955,14646964,9
42351,14647293,14647299,6
42352,14648238,14648241,3
42353,14648713,14648718,5
42354,14649504,14649514,10
42355,14649514,14649519,5
42356,14649554,14649559,5
42357,14650331,14650340,9
42358,14650692,14650699,7
42359,14650699,14650706,7
42360,14651029,14651036,7
42361,14651643,14651649,6
42362,14653181,14653190,9
42363,14653229,14653238,9
42364,14654425,14654429,4
42365,14654813,14654816,3
42366,14655426,14655432,6
42367,14655533,14655539,6
42368,14656168,14656172,4
42369,14656318,14656326,8
42370,14656740,14656749,9
42371,14657238,14657242,4
42372,14657499,14657506,7
42373,14658028,14658033,5
42374,14658604,14658613,9
42375,14658613,14658622,9
42376,14658622,14658631,9
42377,14658631,14658641,10
42378,14658769,14658775,6
42379,14659963,14659971,8
42380,14660007,14660013,6
42381,14660400,14660407,7
42382,14662066,14662072,6
42383,14662072,14662075,3
42384,14662098,14662104,6
42385,14662104,14662110,6
42386,14662110,14662124,14
42387,14662651,14662657,6
42388,14662848,14662856,8
42389,14663001,14663004,3
42390,14664304,14664312,8
42391,14667922,14667926,4
42392,14668010,14668015,5
42393,14668567,14668575,8
42394,14668732,14668736,4
42395,14669276,14669281,5
42396,14669493,14669498,5
42397,14669498,14669502,4
42398,14669502,14669506,4
42399,14670018,14670025,7
42400,14670036,14670040,4
42401,14670040,14670045,5
42402,14670059,14670070,11
42403,14670070,14670079,9
42404,14670288,14670294,6
42405,14670294,14670304,10
42406,14672078,14672081,3
42407,14672081,14672084,3
42408,14672556,14672561,5
42409,14672833,14672839,6
42410,14673675,14673678,3
42411,14675992,14675999,7
42412,14676302,14676311,9
42413,14676506,14676510,4
42414,14676522,14676528,6
42415,14676894,14676903,9
42416,14677547,14677552,5
42417,14677703,14677708,5
42418,14677708,14677716,8
42419,14678239,14678245,6
42420,14678639,14678642,3
42421,14678642,14678651,9
42422,14678651,14678655,4
42423,14678655,14678659,4
42424,14678659,14678663,4
42425,14678663,14678667,4
42426,14678797,14678803,6
42427,14678803,14678809,6
42428,14678809,14678815,6
42429,14678815,14678821,6
42430,14679828,14679837,9
42431,14680059,14680067,8
42432,14680067,14680077,10
42433,14680608,14680618,10
42434,14680805,14680808,3
42435,14681163,14681166,3
42436,14681166,14681175,9
42437,14683938,14683941,3
42438,14685180,14685187,7
42439,14685318,14685321,3
42440,14685664,14685670,6
42441,14686767,14686774,7
42442,14686926,14686933,7
42443,14688387,14688393,6
42444,14688608,14688620,12
42445,14688620,14688626,6
42446,14688626,14688632,6
42447,14688750,14688756,6
42448,14688756,14688764,8
42449,14689520,14689526,6
42450,14689984,14689988,4
42451,14690118,14690123,5
42452,14690266,14690276,10
42453,14690976,14690984,8
42454,14691044,14691050,6
42455,14691390,14691395,5
42456,14691395,14691400,5
42457,14691774,14691783,9
42458,14691783,14691789,6
42459,14692282,14692288,6
42460,14692630,14692634,4
42461,14693021,14693024,3
42462,14693728,14693733,5
42463,14693743,14693748,5
42464,14693748,14693753,5
42465,14693753,14693758,5
42466,14693774,14693782,8
42467,14693888,14693892,4
42468,14693934,14693938,4
42469,14694604,14694611,7
42470,14694611,14694616,5
42471,14694616,14694625,9
42472,14695760,14695769,9
42473,14695968,14695978,10
42474,14696692,14696697,5
42475,14696697,14696702,5
42476,14696919,14696925,6
42477,14696925,14696934,9
42478,14697255,14697258,3
42479,14698820,14698825,5
42480,14699205,14699208,3
42481,14699208,14699211,3
42482,14699736,14699743,7
42483,14699868,14699874,6
42484,14700274,14700280,6
42485,14700280,14700286,6
42486,14700783,14700786,3
42487,14700786,14700794,8
42488,14700822,14700828,6
42489,14700855,14700861,6
42490,14701092,14701096,4
42491,14702314,14702320,6
42492,14702482,14702491,9
42493,14702990,14702999,9
42494,14703510,14703513,3
42495,14704453,14704461,8
42496,14704499,14704507,8
42497,14704853,14704856,3
42498,14705193,14705204,11
42499,14706307,14706310,3
42500,14706372,14706375,3
42501,14707883,14707891,8
42502,14707891,14707895,4
42503,14708703,14708706,3
42504,14708706,14708709,3
42505,14708758,14708764,6
42506,14710903,14710909,6
42507,14711254,14711262,8
42508,14712230,14712238,8
42509,14712932,14712938,6
42510,14712989,14713000,11
42511,14714568,14714572,4
42512,14714754,14714757,3
42513,14715241,14715247,6
42514,14715360,14715365,5
42515,14716838,14716841,3
42516,14717654,14717663,9
42517,14718311,14718314,3
42518,14718625,14718629,4
42519,14718629,14718637,8
42520,14719194,14719216,22
42521,14719628,14719635,7
42522,14719734,14719741,7
42523,14719875,14719884,9
42524,14720838,14720841,3
42525,14720852,14720858,6
42526,14720924,14720931,7
42527,14721401,14721409,8
42528,14721583,14721587,4
42529,14721625,14721631,6
42530,14721774,14721783,9
42531,14721931,14721938,7
42532,14722847,14722853,6
42533,14722997,14723003,6
42534,14723063,14723070,7
42535,14723248,14723257,9
42536,14723257,14723265,8
42537,14724184,14724196,12
42538,14724244,14724252,8
42539,14726657,14726660,3
42540,14727458,14727463,5
42541,14727463,14727468,5
42542,14727468,14727471,3
42543,14727471,14727477,6
42544,14727477,14727486,9
42545,14728085,14728088,3
42546,14729036,14729041,5
42547,14729068,14729077,9
42548,14729077,14729080,3
42549,14729080,14729083,3
42550,14729083,14729086,3
42551,14729967,14729973,6
42552,14729973,14729978,5
42553,14730316,14730324,8
42554,14730338,14730342,4
42555,14730342,14730347,5
42556,14730763,14730771,8
42557,14730771,14730779,8
42558,14731509,14731514,5
42559,14733204,14733213,9
42560,14733596,14733599,3
42561,14733888,14733895,7
42562,14734509,14734515,6
42563,14736180,14736189,9
42564,14736445,14736453,8
42565,14737804,14737811,7
42566,14740471,14740475,4
42567,14740802,14740805,3
42568,14740805,14740812,7
42569,14740812,14740817,5
42570,14740918,14740927,9
42571,14741115,14741122,7
42572,14741191,14741196,5
42573,14741863,14741870,7
42574,14742299,14742308,9
42575,14744343,14744348,5
42576,14745744,14745747,3
42577,14745747,14745754,7
42578,14745946,14745955,9
42579,14745955,14745961,6
42580,14746010,14746013,3
42581,14746013,14746021,8
42582,14747097,14747100,3
42583,14747760,14747769,9
42584,14747993,14747998,5
42585,14748738,14748742,4
42586,14748878,14748883,5
42587,14748883,14748888,5
42588,14748888,14748893,5
42589,14748893,14748901,8
42590,14748901,14748908,7
42591,14748908,14748917,9
42592,14749087,14749102,15
42593,14749422,14749425,3
42594,14749482,14749485,3
42595,14750652,14750660,8
42596,14750660,14750663,3
42597,14751332,14751341,9
42598,14751341,14751349,8
42599,14751566,14751575,9
42600,14751619,14751628,9
42601,14751628,14751631,3
42602,14751696,14751702,6
42603,14753826,14753832,6
42604,14753881,14753887,6
42605,14755547,14755553,6
42606,14755772,14755778,6
42607,14755826,14755834,8
42608,14756361,14756367,6
42609,14756676,14756682,6
42610,14757130,14757138,8
42611,14757617,14757622,5
42612,14757827,14757834,7
42613,14758011,14758016,5
42614,14758140,14758147,7
42615,14758184,14758187,3
42616,14758235,14758244,9
42617,14758684,14758689,5
42618,14759147,14759150,3
42619,14759504,14759510,6
42620,14759530,14759536,6
42621,14761904,14761913,9
42622,14763298,14763303,5
42623,14763787,14763793,6
42624,14763793,14763801,8
42625,14765129,14765134,5
42626,14765229,14765235,6
42627,14765235,14765241,6
42628,14765241,14765253,12
42629,14766575,14766579,4
42630,14766902,14766908,6
42631,14767509,14767513,4
42632,14767655,14767662,7
42633,14767788,14767794,6
42634,14767794,14767800,6
42635,14767800,14767803,3
42636,14768009,14768018,9
42637,14768154,14768159,5
42638,14768258,14768262,4
42639,14768287,14768293,6
42640,14768590,14768594,4
42641,14768673,14768682,9
42642,14768682,14768691,9
42643,14768819,14768823,4
42644,14768851,14768858,7
42645,14769846,14769849,3
42646,14770497,14770503,6
42647,14770503,14770519,16
42648,14771834,14771839,5
42649,14772078,14772084,6
42650,14773368,14773371,3
42651,14773715,14773721,6
42652,14774869,14774875,6
42653,14774928,14774932,4
42654,14775424,14775427,3
42655,14775427,14775437,10
42656,14775805,14775865,60
42657,14775998,14776007,9
42658,14776940,14776950,10
42659,14777215,14777224,9
42660,14777251,14777255,4
42661,14777555,14777615,60
42662,14777811,14777815,4
42663,14778298,14778318,20
42664,14778318,14778376,58
42665,14778376,14778388,12
42666,14778388,14778442,54
42667,14778442,14778497,55
42668,14778497,14778532,35
42669,14778532,14778633,101
42670,14778633,14778641,8
42671,14778641,14778684,43
42672,14778684,14778696,12
42673,14778839,14778854,15
42674,14778854,14778933,79
42675,14778933,14778976,43
42676,14778976,14779015,39
42677,14779015,14779117,102
42678,14779117,14779200,83
42679,14779200,14779231,31
42680,14779231,14779249,18
42681,14779249,14779281,32
42682,14779281,14779311,30
42683,14779311,14779388,77
42684,14779388,14779391,3
42685,14779391,14779477,86
42686,14779477,14779498,21
42687,14779498,14779565,67
42688,14779565,14779591,26
42689,14779638,14779644,6
42690,14779644,14779689,45
42691,14779864,14779955,91
42692,14779955,14780011,56
42693,14780011,14780019,8
42694,14780019,14780029,10
42695,14780029,14780135,106
42696,14780135,14780178,43
42697,14780178,14780230,52
42698,14780230,14780271,41
42699,14780271,14780276,5
42700,14780276,14780279,3
42701,14780279,14780344,65
42702,14780344,14780356,12
42703,14780356,14780399,43
42704,14780399,14780474,75
42705,14780474,14780515,41
42706,14780515,14780556,41
42707,14780556,14780566,10
42708,14780566,14780642,76
42709,14780642,14780691,49
42710,14780691,14780698,7
42711,14780698,14780736,38
42712,14780736,14780739,3
42713,14780739,14780804,65
42714,14780804,14780821,17
42715,14780821,14780891,70
42716,14780891,14780917,26
42717,14780917,14780926,9
42718,14780926,14780946,20
42719,14780946,14781022,76
42720,14781022,14781039,17
42721,14781039,14781063,24
42722,14781063,14781127,64
42723,14781127,14781467,340
42724,14781467,14781471,4
42725,14781471,14781498,27
42726,14781498,14781506,8
42727,14781506,14781813,307
42728,14781813,14781855,42
42729,14781855,14782008,153
42730,14782008,14782064,56
42731,14782064,14782068,4
42732,14782068,14782079,11
42733,14782079,14782119,40
42734,14782119,14782125,6
42735,14782125,14782133,8
42736,14782133,14782180,47
42737,14782180,14782251,71
42738,14782251,14782279,28
42739,14782279,14782496,217
42740,14782496,14782503,7
42741,14782503,14782601,98
42742,14782888,14782896,8
42743,14783844,14783850,6
42744,14783976,14783982,6
42745,14784400,14784409,9
42746,14784435,14784441,6
42747,14784441,14784449,8
42748,14784600,14784604,4
42749,14785250,14785255,5
42750,14785589,14785599,10
42751,14787774,14787777,3
42752,14788885,14788891,6
42753,14788891,14788897,6
42754,14789195,14789199,4
42755,14789199,14789207,8
42756,14790255,14790261,6
42757,14790612,14790621,9
42758,14790621,14790624,3
42759,14790901,14790906,5
42760,14791043,14791048,5
42761,14791514,14791520,6
42762,14791520,14791526,6
42763,14791526,14791532,6
42764,14791532,14791538,6
42765,14791995,14791998,3
42766,14792300,14792306,6
42767,14792319,14792325,6
42768,14792470,14792474,4
42769,14792983,14792987,4
42770,14793223,14793229,6
42771,14793229,14793235,6
42772,14793250,14793259,9
42773,14793259,14793262,3
42774,14793829,14793838,9
42775,14795231,14795239,8
42776,14795300,14795308,8
42777,14795308,14795313,5
42778,14795364,14795375,11
42779,14795423,14795428,5
42780,14795428,14795434,6
42781,14795457,14795463,6
42782,14795563,14795566,3
42783,14795735,14795738,3
42784,14796031,14796040,9
42785,14796162,14796169,7
42786,14797701,14797707,6
42787,14797949,14797953,4
42788,14797953,14797962,9
42789,14798326,14798333,7
42790,14798582,14798589,7
42791,14798835,14798841,6
42792,14799937,14799940,3
42793,14800050,14800056,6
42794,14800288,14800293,5
42795,14800415,14800420,5
42796,14801054,14801058,4
42797,14801058,14801062,4
42798,14801062,14801070,8
42799,14801070,14801076,6
42800,14801076,14801082,6
42801,14802110,14802116,6
42802,14802171,14802181,10
42803,14802320,14802324,4
42804,14802637,14802648,11
42805,14803814,14803822,8
42806,14803822,14803826,4
42807,14803989,14803993,4
42808,14803993,14803997,4
42809,14803997,14804001,4
42810,14804001,14804005,4
42811,14804005,14804013,8
42812,14804013,14804017,4
42813,14804017,14804021,4
42814,14804033,14804037,4
42815,14804037,14804041,4
42816,14804041,14804045,4
42817,14804045,14804049,4
42818,14804049,14804053,4
42819,14804205,14804210,5
42820,14804210,14804218,8
42821,14805667,14805673,6
42822,14805842,14805845,3
42823,14806499,14806508,9
42824,14806648,14806651,3
42825,14807037,14807045,8
42826,14807218,14807227,9
42827,14807282,14807287,5
42828,14807287,14807294,7
42829,14807294,14807297,3
42830,14807662,14807669,7
42831,14807819,14807824,5
42832,14807824,14807828,4
42833,14808212,14808222,10
42834,14808553,14808561,8
42835,14808867,14808876,9
42836,14808876,14808879,3
42837,14810291,14810302,11
42838,14810342,14810347,5
42839,14811190,14811197,7
42840,14811197,14811200,3
42841,14811530,14811540,10
42842,14812654,14812658,4
42843,14812658,14812667,9
42844,14812667,14812671,4
42845,14812671,14812678,7
42846,14813631,14813635,4
42847,14813796,14813806,10
42848,14814558,14814565,7
42849,14815127,14815132,5
42850,14815746,14815762,16
42851,14815762,14815768,6
42852,14816901,14816908,7
42853,14817346,14817352,6
42854,14817364,14817368,4
42855,14817368,14817371,3
42856,14817656,14817663,7
42857,14818009,14818018,9
42858,14818032,14818035,3
42859,14818035,14818038,3
42860,14818038,14818041,3
42861,14818041,14818044,3
42862,14818044,14818047,3
42863,14818047,14818050,3
42864,14818050,14818053,3
42865,14818053,14818056,3
42866,14818891,14819193,302
42867,14819193,14819213,20
42868,14819213,14819239,26
42869,14819239,14819244,5
42870,14819316,14819404,88
42871,14819404,14819467,63
42872,14819536,14819655,119
42873,14819655,14819701,46
42874,14819701,14819837,136
42875,14819837,14819918,81
42876,14819918,14820114,196
42877,14820114,14820128,14
42878,14820128,14820299,171
42879,14820299,14820331,32
42880,14820331,14820459,128
42881,14820459,14820535,76
42882,14820535,14820682,147
42883,14820682,14820803,121
42884,14820803,14820822,19
42885,14820822,14820930,108
42886,14820930,14821000,70
42887,14821000,14821068,68
42888,14821068,14821090,22
42889,14821090,14821518,428
42890,14821670,14821819,149
42891,14821819,14821965,146
42892,14821965,14822008,43
42893,14822008,14822018,10
42894,14822018,14822181,163
42895,14822181,14822209,28
42896,14822209,14822333,124
42897,14822333,14822420,87
42898,14822420,14822638,218
42899,14822638,14822730,92
42900,14822730,14822893,163
42901,14822893,14822939,46
42902,14822939,14822998,59
42903,14822998,14823045,47
42904,14823045,14823095,50
42905,14823095,14823103,8
42906,14823103,14823207,104
42907,14824099,14824105,6
42908,14824516,14824523,7
42909,14824914,14824922,8
42910,14825966,14825976,10
42911,14826288,14826292,4
42912,14826292,14826298,6
42913,14827307,14827317,10
42914,14827366,14827370,4
42915,14827420,14827429,9
42916,14827429,14827433,4
42917,14828101,14828106,5
42918,14828106,14828110,4
42919,14828110,14828114,4
42920,14828514,14828520,6
42921,14828520,14828528,8
42922,14828560,14828570,10
42923,14828919,14828924,5
42924,14829389,14829397,8
42925,14829598,14829601,3
42926,14829714,14829722,8
42927,14829789,14829795,6
42928,14829795,14829804,9
42929,14830072,14830081,9
42930,14830364,14830374,10
42931,14830833,14830842,9
42932,14831393,14831400,7
42933,14832424,14832432,8
42934,14833032,14833037,5
42935,14833492,14833496,4
42936,14833496,14833501,5
42937,14833675,14833679,4
42938,14833934,14833942,8
42939,14834243,14834247,4
42940,14834247,14834255,8
42941,14836222,14836226,4
42942,14836387,14836395,8
42943,14836994,14837002,8
42944,14837185,14837191,6
42945,14837643,14837648,5
42946,14838465,14838473,8
42947,14838585,14838597,12
42948,14838946,14838950,4
42949,14839608,14839614,6
42950,14839642,14839645,3
42951,14840295,14840300,5
42952,14840300,14840309,9
42953,14841266,14841273,7
42954,14841901,14841905,4
42955,14841905,14841909,4
42956,14841966,14841970,4
42957,14842515,14842521,6
42958,14842891,14842941,50
42959,14842941,14842944,3
42960,14842944,14842962,18
42961,14842962,14843015,53
42962,14843202,14843206,4
42963,14843226,14843232,6
42964,14843410,14843419,9
42965,14843442,14843447,5
42966,14843619,14843653,34
42967,14844005,14844014,9
42968,14844084,14844090,6
42969,14844090,14844098,8
42970,14844174,14844210,36
42971,14844210,14844219,9
42972,14844219,14844226,7
42973,14844509,14844513,4
42974,14845752,14845764,12
42975,14846309,14846315,6
42976,14846473,14846480,7
42977,14846562,14846569,7
42978,14846754,14846762,8
42979,14846871,14846921,50
42980,14846921,14846924,3
42981,14846924,14846942,18
42982,14846942,14846995,53
42983,14847182,14847186,4
42984,14847206,14847212,6
42985,14847596,14847630,34
42986,14847718,14847726,8
42987,14848061,14848067,6
42988,14848151,14848187,36
42989,14848187,14848196,9
42990,14848196,14848203,7
42991,14848890,14848897,7
42992,14849310,14849315,5
42993,14850369,14850379,10
42994,14850718,14850724,6
42995,14851183,14851186,3
42996,14851186,14851191,5
42997,14851378,14851385,7
42998,14851426,14851431,5
42999,14851670,14851678,8
43000,14851832,14851840,8
43001,14851909,14851915,6
43002,14852062,14852071,9
43003,14852269,14852273,4
43004,14852338,14852344,6
43005,14852752,14852757,5
43006,14853215,14853220,5
43007,14853248,14853257,9
43008,14853598,14853607,9
43009,14853694,14853704,10
43010,14853704,14853708,4
43011,14854074,14854078,4
43012,14854601,14854606,5
43013,14854845,14854853,8
43014,14854977,14854984,7
43015,14854984,14854989,5
43016,14855513,14855519,6
43017,14856149,14856158,9
43018,14856182,14856186,4
43019,14856276,14856281,5
43020,14856547,14856551,4
43021,14856551,14856555,4
43022,14856555,14856559,4
43023,14856559,14856567,8
43024,14858502,14858511,9
43025,14858827,14858833,6
43026,14859587,14859593,6
43027,14859593,14859599,6
43028,14859599,14859602,3
43029,14859602,14859611,9
43030,14859611,14859614,3
43031,14859614,14859620,6
43032,14859620,14859623,3
43033,14859623,14859626,3
43034,14859710,14859715,5
43035,14859729,14859738,9
43036,14859796,14859801,5
43037,14860248,14860251,3
43038,14860292,14860297,5
43039,14860348,14860354,6
43040,14860472,14860481,9
43041,14860542,14860547,5
43042,14860547,14860551,4
43043,14860563,14860566,3
43044,14860566,14860569,3
43045,14860589,14860595,6
43046,14861320,14861327,7
43047,14861405,14861408,3
43048,14862409,14862412,3
43049,14862884,14862887,3
43050,14863168,14863176,8
43051,14863226,14863231,5
43052,14863411,14863419,8
43053,14864057,14864060,3
43054,14864086,14864092,6
43055,14864156,14864161,5
43056,14864335,14864342,7
43057,14864543,14864551,8
43058,14864563,14864571,8
43059,14864650,14864653,3
43060,14864875,14864884,9
43061,14865068,14865071,3
43062,14865436,14865442,6
43063,14865507,14865517,10
43064,14866002,14866006,4
43065,14866479,14866485,6
43066,14867480,14867489,9
43067,14867678,14867687,9
43068,14867687,14867694,7
43069,14867799,14867804,5
43070,14868229,14868241,12
43071,14868370,14868376,6
43072,14868376,14868382,6
43073,14868382,14868388,6
43074,14868388,14868394,6
43075,14869198,14869205,7
43076,14869205,14869212,7
43077,14869289,14869292,3
43078,14870233,14870240,7
43079,14871044,14871053,9
43080,14871067,14871070,3
43081,14872836,14872843,7
43082,14873262,14873268,6
43083,14873268,14873274,6
43084,14873300,14873307,7
43085,14873403,14873408,5
43086,14873485,14873492,7
43087,14873614,14873626,12
43088,14873626,14873638,12
43089,14873638,14873650,12
43090,14873650,14873662,12
43091,14873662,14873674,12
43092,14873674,14873686,12
43093,14875811,14875814,3
43094,14875814,14875818,4
43095,14876030,14876039,9
43096,14877585,14877591,6
43097,14877795,14877798,3
43098,14877828,14877837,9
43099,14877932,14877940,8
43100,14877950,14877961,11
43101,14877961,14877970,9
43102,14878086,14878095,9
43103,14878784,14878788,4
43104,14878788,14878793,5
43105,14878935,14878938,3
43106,14879647,14879657,10
43107,14880279,14880285,6
43108,14881476,14881484,8
43109,14881484,14881492,8
43110,14881492,14881500,8
43111,14881500,14881509,9
43112,14881910,14881918,8
43113,14882647,14882650,3
43114,14882866,14882871,5
43115,14883148,14883154,6
43116,14883377,14883383,6
43117,14884138,14884147,9
43118,14884379,14884385,6
43119,14885133,14885139,6
43120,14886475,14886486,11
43121,14887423,14887430,7
43122,14887561,14887569,8
43123,14888048,14888056,8
43124,14888260,14888269,9
43125,14888623,14888630,7
43126,14889045,14889051,6
43127,14890520,14890527,7
43128,14892327,14892332,5
43129,14892373,14892381,8
43130,14892689,14892695,6
43131,14893264,14893267,3
43132,14893564,14893572,8
43133,14894692,14894695,3
43134,14895353,14895359,6
43135,14895917,14895920,3
43136,14895920,14895923,3
43137,14895967,14895976,9
43138,14895976,14895985,9
43139,14896506,14896512,6
43140,14896512,14896523,11
43141,14896797,14896804,7
43142,14897279,14897286,7
43143,14897385,14897392,7
43144,14898392,14898398,6
43145,14898920,14898923,3
43146,14898923,14898931,8
43147,14898931,14898939,8
43148,14899253,14899257,4
43149,14901578,14901586,8
43150,14901854,14901860,6
43151,14901931,14901939,8
43152,14902226,14902234,8
43153,14902466,14902470,4
43154,14902470,14902473,3
43155,14902677,14902685,8
43156,14902833,14902842,9
43157,14903611,14903619,8
43158,14903772,14903782,10
43159,14903889,14903892,3
43160,14904080,14904089,9
43161,14904089,14904095,6
43162,14904095,14904099,4
43163,14904126,14904134,8
43164,14904155,14904160,5
43165,14904733,14904742,9
43166,14905861,14905868,7
43167,14906923,14906927,4
43168,14907038,14907041,3
43169,14907115,14907125,10
43170,14907437,14907441,4
43171,14907536,14907545,9
43172,14907939,14907942,3
43173,14907942,14907950,8
43174,14908764,14908773,9
43175,14909105,14909110,5
43176,14909874,14909883,9
43177,14910586,14910591,5
43178,14910625,14910629,4
43179,14910629,14910636,7
43180,14911491,14911499,8
43181,14911884,14911887,3
43182,14912063,14912066,3
43183,14912066,14912070,4
43184,14912271,14912279,8
43185,14912501,14912507,6
43186,14912630,14912636,6
43187,14912679,14912684,5
43188,14912684,14912693,9
43189,14912882,14912887,5
43190,14912887,14912894,7
43191,14912894,14912898,4
43192,14913436,14913441,5
43193,14913640,14913647,7
43194,14914949,14914977,28
43195,14915002,14915005,3
43196,14915205,14915235,30
43197,14915433,14915439,6
43198,14917516,14917526,10
43199,14917526,14917530,4
43200,14917621,14917630,9
43201,14918080,14918089,9
43202,14918351,14918358,7
43203,14919824,14919828,4
43204,14920124,14920131,7
43205,14920213,14920219,6
43206,14920543,14920552,9
43207,14920637,14920641,4
43208,14920641,14920647,6
43209,14920793,14920799,6
43210,14920916,14920922,6
43211,14921232,14921241,9
43212,14921469,14921476,7
43213,14921476,14921480,4
43214,14921480,14921483,3
43215,14921679,14921686,7
43216,14921850,14921856,6
43217,14921870,14921879,9
43218,14921945,14921952,7
43219,14921952,14921955,3
43220,14921955,14921961,6
43221,14921961,14921965,4
43222,14922707,14922716,9
43223,14924016,14924026,10
43224,14925352,14925360,8
43225,14925848,14925854,6
43226,14926734,14926737,3
43227,14926990,14926994,4
43228,14927347,14927356,9
43229,14927481,14927486,5
43230,14927674,14927680,6
43231,14927680,14927688,8
43232,14928137,14928146,9
43233,14928146,14928155,9
43234,14928324,14928330,6
43235,14928330,14928335,5
43236,14928351,14928360,9
43237,14929996,14930000,4
43238,14930000,14930008,8
43239,14930008,14930015,7
43240,14930874,14930877,3
43241,14930931,14930937,6
43242,14931078,14931086,8
43243,14931167,14931173,6
43244,14931200,14931206,6
43245,14931849,14931854,5
43246,14932083,14932088,5
43247,14932308,14932314,6
43248,14932361,14932367,6
43249,14933935,14933939,4
43250,14934420,14934428,8
43251,14936994,14937010,16
43252,14937010,14937091,81
43253,14937091,14937136,45
43254,14937136,14937157,21
43255,14937157,14937165,8
43256,14937165,14937188,23
43257,14937188,14937239,51
43258,14937239,14937244,5
43259,14937244,14937272,28
43260,14937272,14937333,61
43261,14937333,14937513,180
43262,14938285,14938373,88
43263,14938373,14938441,68
43264,14938441,14938454,13
43265,14938454,14938484,30
43266,14938484,14938495,11
43267,14938495,14938718,223
43268,14938718,14938748,30
43269,14938748,14938799,51
43270,14938799,14938807,8
43271,14938807,14938987,180
43272,14938987,14939006,19
43273,14939006,14939021,15
43274,14939021,14939066,45
43275,14939066,14939196,130
43276,14939196,14939225,29
43277,14939225,14939246,21
43278,14939246,14939302,56
43279,14939302,14939351,49
43280,14939351,14939357,6
43281,14939357,14939459,102
43282,14939459,14939536,77
43283,14939536,14939671,135
43284,14939671,14939682,11
43285,14939682,14939839,157
43286,14939839,14939887,48
43287,14939887,14939891,4
43288,14939891,14939935,44
43289,14939935,14940028,93
43290,14940028,14940106,78
43291,14940106,14940116,10
43292,14940116,14940155,39
43293,14940155,14940179,24
43294,14940179,14940263,84
43295,14940263,14940274,11
43296,14940274,14940285,11
43297,14940285,14940347,62
43298,14940347,14940380,33
43299,14940380,14940383,3
43300,14940383,14940434,51
43301,14940434,14940440,6
43302,14940440,14940447,7
43303,14940447,14940476,29
43304,14940476,14940491,15
43305,14940491,14940508,17
43306,14940508,14940596,88
43307,14940596,14940610,14
43308,14940610,14940623,13
43309,14940623,14940658,35
43310,14940658,14940665,7
43311,14940665,14940701,36
43312,14940701,14940773,72
43313,14940773,14940838,65
43314,14940838,14940860,22
43315,14940860,14940869,9
43316,14940869,14940992,123
43317,14940992,14941001,9
43318,14941001,14941043,42
43319,14941043,14941055,12
43320,14941055,14941076,21
43321,14941076,14941137,61
43322,14941137,14941156,19
43323,14941156,14941274,118
43324,14941274,14941304,30
43325,14941304,14941361,57
43326,14941361,14941371,10
43327,14941371,14941423,52
43328,14941423,14941442,19
43329,14941442,14941463,21
43330,14941463,14941531,68
43331,14941531,14941561,30
43332,14941561,14941569,8
43333,14941569,14941746,177
43334,14941746,14941768,22
43335,14941768,14941784,16
43336,14941784,14941792,8
43337,14941792,14941807,15
43338,14941807,14941828,21
43339,14941828,14941853,25
43340,14941853,14941904,51
43341,14941904,14941916,12
43342,14941916,14941937,21
43343,14941937,14941951,14
43344,14941951,14941961,10
43345,14941961,14942072,111
43346,14942072,14942075,3
43347,14942075,14942148,73
43348,14942148,14942158,10
43349,14942158,14942206,48
43350,14942206,14942266,60
43351,14942266,14942342,76
43352,14942342,14942367,25
43353,14942367,14942479,112
43354,14942479,14942518,39
43355,14942518,14942635,117
43356,14942635,14942666,31
43357,14942666,14942727,61
43358,14942727,14942786,59
43359,14942786,14942823,37
43360,14942823,14942903,80
43361,14942903,14942941,38
43362,14942941,14942968,27
43363,14942968,14942972,4
43364,14942972,14943239,267
43365,14943239,14943260,21
43366,14943260,14943293,33
43367,14943293,14943401,108
43368,14943401,14943423,22
43369,14943423,14943464,41
43370,14943464,14943467,3
43371,14943467,14943493,26
43372,14943493,14943504,11
43373,14943504,14943622,118
43374,14943622,14943689,67
43375,14943689,14943702,13
43376,14943702,14943758,56
43377,14943758,14943766,8
43378,14943766,14943809,43
43379,14943809,14943914,105
43380,14943914,14943967,53
43381,14943967,14943978,11
43382,14943978,14944046,68
43383,14944046,14944052,6
43384,14944052,14944055,3
43385,14944055,14944094,39
43386,14944094,14944112,18
43387,14944112,14944145,33
43388,14944145,14944181,36
43389,14944181,14944285,104
43390,14944285,14944309,24
43391,14944309,14944354,45
43392,14944354,14944358,4
43393,14944358,14944532,174
43394,14944532,14944540,8
43395,14944540,14944622,82
43396,14944622,14944627,5
43397,14944627,14944675,48
43398,14944675,14944679,4
43399,14944679,14944781,102
43400,14944781,14944795,14
43401,14944795,14944814,19
43402,14944814,14944961,147
43403,14944961,14945018,57
43404,14945018,14945110,92
43405,14945110,14945120,10
43406,14945120,14945166,46
43407,14945216,14945250,34
43408,14945250,14945275,25
43409,14945765,14945781,16
43410,14945781,14945862,81
43411,14945862,14945907,45
43412,14945907,14945928,21
43413,14945928,14945936,8
43414,14945936,14945959,23
43415,14945959,14946010,51
43416,14946010,14946015,5
43417,14946015,14946043,28
43418,14946043,14946104,61
43419,14946462,14946469,7
43420,14946595,14946601,6
43421,14946868,14946873,5
43422,14947013,14947016,3
43423,14947016,14947022,6
43424,14947230,14947238,8
43425,14948608,14948611,3
43426,14949530,14949536,6
43427,14949536,14949543,7
43428,14949543,14949551,8
43429,14949781,14949786,5
43430,14950035,14950041,6
43431,14950300,14950307,7
43432,14950678,14950683,5
43433,14950897,14950904,7
43434,14950916,14950923,7
43435,14951002,14951006,4
43436,14952505,14952512,7
43437,14952822,14952828,6
43438,14952922,14952927,5
43439,14953040,14953048,8
43440,14953063,14953070,7
43441,14953411,14953417,6
43442,14953784,14953788,4
43443,14954305,14954314,9
43444,14954389,14954393,4
43445,14954601,14954604,3
43446,14954784,14954792,8
43447,14955129,14955134,5
43448,14955281,14955289,8
43449,14955343,14955346,3
43450,14957192,14957196,4
43451,14957196,14957202,6
43452,14958909,14958917,8
43453,14960464,14960468,4
43454,14961751,14961758,7
43455,14962501,14962509,8
43456,14962570,14962578,8
43457,14962910,14962919,9
43458,14964697,14964701,4
43459,14965294,14965303,9
43460,14965958,14965964,6
43461,14965964,14965970,6
43462,14966710,14966714,4
43463,14966977,14966980,3
43464,14967340,14967348,8
43465,14967422,14967428,6
43466,14967961,14967966,5
43467,14967966,14967975,9
43468,14967975,14967978,3
43469,14970823,14970828,5
43470,14971003,14971008,5
43471,14971364,14971368,4
43472,14971395,14971401,6
43473,14973214,14973220,6
43474,14973220,14973224,4
43475,14973518,14973530,12
43476,14973783,14973789,6
43477,14973807,14973813,6
43478,14973949,14973960,11
43479,14975301,14975307,6
43480,14975373,14975380,7
43481,14975479,14975485,6
43482,14975646,14975650,4
43483,14975650,14975657,7
43484,14975669,14975673,4
43485,14975881,14975887,6
43486,14975887,14975896,9
43487,14978201,14978210,9
43488,14978735,14978743,8
43489,14978757,14978765,8
43490,14979605,14979610,5
43491,14982723,14982736,13
43492,14983177,14983185,8
43493,14984457,14984460,3
43494,14985883,14985889,6
43495,14986130,14986141,11
43496,14986310,14986318,8
43497,14986543,14986552,9
43498,14987009,14987019,10
43499,14987671,14987676,5
43500,14990398,14990409,11
43501,14990479,14990483,4
43502,14991702,14991708,6
43503,14992013,14992017,4
43504,14992432,14992438,6
43505,14993621,14993624,3
43506,14993841,14993848,7
43507,14994294,14994300,6
43508,14994300,14994306,6
43509,14995852,14995857,5
43510,14995857,14995864,7
43511,14996085,14996091,6
43512,14996277,14996283,6
43513,14996531,14996534,3
43514,14996692,14996695,3
43515,14996791,14996799,8
43516,14996799,14996805,6
43517,14996805,14996811,6
43518,14996967,14996971,4
43519,14998257,14998268,11
43520,15000134,15000139,5
43521,15000186,15000195,9
43522,15000195,15000204,9
43523,15000341,15000347,6
43524,15001996,15002001,5
43525,15002001,15002006,5
43526,15002006,15002011,5
43527,15002425,15002432,7
43528,15003065,15003071,6
43529,15003398,15003405,7
43530,15005605,15005612,7
43531,15006010,15006016,6
43532,15006046,15006052,6
43533,15006052,15006058,6
43534,15007003,15007006,3
43535,15007006,15007009,3
43536,15007195,15007202,7
43537,15007202,15007211,9
43538,15007864,15007867,3
43539,15007867,15007872,5
43540,15007881,15007886,5
43541,15008366,15008369,3
43542,15008424,15008435,11
43543,15011458,15011465,7
43544,15012257,15012260,3
43545,15012908,15012914,6
43546,15013035,15013042,7
43547,15014417,15014420,3
43548,15014541,15014546,5
43549,15015220,15015224,4
43550,15016023,15016029,6
43551,15016551,15016560,9
43552,15017836,15017845,9
43553,15017904,15017909,5
43554,15017958,15017963,5
43555,15017985,15017989,4
43556,15017989,15017993,4
43557,15017993,15018009,16
43558,15018009,15018015,6
43559,15019918,15019922,4
43560,15020455,15020464,9
43561,15020519,15020524,5
43562,15021390,15021398,8
43563,15021747,15021753,6
43564,15022181,15022189,8
43565,15024099,15024107,8
43566,15025078,15025083,5
43567,15026767,15026773,6
43568,15026838,15026841,3
43569,15027518,15027524,6
43570,15027986,15027991,5
43571,15028184,15028190,6
43572,15028465,15028471,6
43573,15028471,15028477,6
43574,15030228,15030237,9
43575,15030871,15030878,7
43576,15030878,15030887,9
43577,15031082,15031090,8
43578,15031390,15031398,8
43579,15031398,15031407,9
43580,15031489,15031494,5
43581,15031849,15031855,6
43582,15032061,15032067,6
43583,15032287,15032292,5
43584,15032804,15032810,6
43585,15033505,15033509,4
43586,15034063,15034068,5
43587,15034318,15034356,38
43588,15034356,15034405,49
43589,15034405,15034432,27
43590,15034432,15034458,26
43591,15034458,15034476,18
43592,15034541,15034546,5
43593,15035843,15035847,4
43594,15036103,15036110,7
43595,15037044,15037053,9
43596,15037053,15037061,8
43597,15037709,15037713,4
43598,15038567,15038572,5
43599,15039414,15039420,6
43600,15041421,15041459,38
43601,15041459,15041508,49
43602,15041508,15041535,27
43603,15041535,15041561,26
43604,15041561,15041579,18
43605,15041749,15041756,7
43606,15043244,15043249,5
43607,15043249,15043259,10
43608,15043421,15043427,6
43609,15043780,15043783,3
43610,15045908,15045913,5
43611,15046323,15046330,7
43612,15046548,15046557,9
43613,15047436,15047442,6
43614,15048041,15048046,5
43615,15048046,15048051,5
43616,15049798,15049804,6
43617,15050809,15050817,8
43618,15050876,15050883,7
43619,15050883,15050890,7
43620,15051129,15051136,7
43621,15051939,15051949,10
43622,15051995,15052000,5
43623,15052221,15052228,7
43624,15053451,15053459,8
43625,15054091,15054102,11
43626,15054137,15054143,6
43627,15054669,15054675,6
43628,15055193,15055199,6
43629,15055953,15055958,5
43630,15056007,15056013,6
43631,15056398,15056402,4
43632,15056708,15056711,3
43633,15056740,15056745,5
43634,15057151,15057158,7
43635,15057247,15057254,7
43636,15057406,15057412,6
43637,15057845,15057857,12
43638,15058045,15058053,8
43639,15059036,15059042,6
43640,15060246,15060250,4
43641,15062512,15062520,8
43642,15062520,15062526,6
43643,15062900,15062904,4
43644,15064156,15064159,3
43645,15064631,15064637,6
43646,15064637,15064644,7
43647,15064644,15064648,4
43648,15064667,15064677,10
43649,15064911,15064920,9
43650,15065061,15065069,8
43651,15065426,15065429,3
43652,15065492,15065498,6
43653,15065731,15065737,6
43654,15066296,15066302,6
43655,15066859,15066870,11
43656,15067191,15067197,6
43657,15068142,15068145,3
43658,15068213,15068222,9
43659,15068751,15068757,6
43660,15069502,15069510,8
43661,15070018,15070022,4
43662,15070414,15070418,4
43663,15070650,15070654,4
43664,15071158,15071165,7
43665,15072235,15072239,4
43666,15072466,15072474,8
43667,15072507,15072517,10
43668,15072577,15072587,10
43669,15072740,15072744,4
43670,15072821,15072829,8
43671,15072928,15072934,6
43672,15072992,15073008,16
43673,15073088,15073094,6
43674,15073314,15073319,5
43675,15073319,15073326,7
43676,15074207,15074210,3
43677,15075382,15075388,6
43678,15075808,15075811,3
43679,15078587,15078594,7
43680,15078748,15078757,9
43681,15079483,15079487,4
43682,15079744,15079754,10
43683,15080436,15080446,10
43684,15080727,15080734,7
43685,15080945,15080951,6
43686,15081239,15081247,8
43687,15081562,15081566,4
43688,15081765,15081773,8
43689,15082413,15082419,6
43690,15082905,15082908,3
43691,15083051,15083059,8
43692,15083185,15083195,10
43693,15083195,15083204,9
43694,15083307,15083310,3
43695,15084418,15084433,15
43696,15084448,15084463,15
43697,15085422,15085431,9
43698,15085863,15085872,9
43699,15085900,15085903,3
43700,15086168,15086178,10
43701,15086464,15086471,7
43702,15086471,15086480,9
43703,15086994,15087002,8
43704,15087027,15087032,5
43705,15087060,15087066,6
43706,15087848,15087858,10
43707,15089348,15089357,9
43708,15090575,15090582,7
43709,15090792,15090799,7
43710,15090846,15090849,3
43711,15090899,15090907,8
43712,15091041,15091047,6
43713,15091831,15091837,6
43714,15091837,15091844,7
43715,15091844,15091847,3
43716,15092481,15092494,13
43717,15092494,15092498,4
43718,15092498,15092506,8
43719,15092948,15092957,9
43720,15093989,15093998,9
43721,15093998,15094006,8
43722,15094121,15094127,6
43723,15095778,15095787,9
43724,15095941,15095949,8
43725,15095982,15095989,7
43726,15095989,15095994,5
43727,15096873,15096877,4
43728,15097775,15097781,6
43729,15097810,15097818,8
43730,15099099,15099106,7
43731,15099106,15099111,5
43732,15099658,15099665,7
43733,15100597,15100607,10
43734,15100607,15100610,3
43735,15101073,15101082,9
43736,15101163,15101169,6
43737,15101549,15101558,9
43738,15102249,15102254,5
43739,15102550,15102555,5
43740,15102765,15102773,8
43741,15103694,15103700,6
43742,15103998,15104006,8
43743,15104006,15104012,6
43744,15104596,15104604,8
43745,15104671,15104677,6
43746,15104776,15104785,9
43747,15104800,15104807,7
43748,15105893,15105899,6
43749,15106272,15106277,5
43750,15106401,15106409,8
43751,15106433,15106440,7
43752,15106946,15106950,4
43753,15107037,15107044,7
43754,15107044,15107051,7
43755,15108933,15108938,5
43756,15109166,15109171,5
43757,15110192,15110200,8
43758,15110212,15110219,7
43759,15110573,15110583,10
43760,15111070,15111075,5
43761,15113708,15113712,4
43762,15114023,15114026,3
43763,15114547,15114552,5
43764,15114659,15114666,7
43765,15114686,15114689,3
43766,15114772,15114778,6
43767,15114811,15114817,6
43768,15115271,15115279,8
43769,15115577,15115581,4
43770,15115581,15115591,10
43771,15116063,15116068,5
43772,15116613,15116620,7
43773,15116653,15116660,7
43774,15116714,15116720,6
43775,15117325,15117332,7
43776,15118248,15118253,5
43777,15118591,15118595,4
43778,15118626,15118631,5
43779,15119707,15119712,5
43780,15120023,15120031,8
43781,15121514,15121518,4
43782,15121518,15121523,5
43783,15122043,15122049,6
43784,15122291,15122298,7
43785,15122298,15122303,5
43786,15122483,15122489,6
43787,15122900,15122904,4
43788,15122904,15122909,5
43789,15122924,15122931,7
43790,15122931,15122939,8
43791,15124874,15124878,4
43792,15125423,15125430,7
43793,15126179,15126188,9
43794,15126226,15126236,10
43795,15126374,15126377,3
43796,15126490,15126497,7
43797,15126517,15126524,7
43798,15126524,15126530,6
43799,15127230,15127236,6
43800,15127629,15127635,6
43801,15128150,15128153,3
43802,15128174,15128180,6
43803,15128180,15128183,3
43804,15128517,15128521,4
43805,15128629,15128635,6
43806,15128689,15128693,4
43807,15130214,15130222,8
43808,15130222,15130229,7
43809,15130377,15130386,9
43810,15130884,15130893,9
43811,15131046,15131049,3
43812,15132111,15132118,7
43813,15133374,15133380,6
43814,15133392,15133398,6
43815,15133595,15133602,7
43816,15133926,15133930,4
43817,15134677,15134685,8
43818,15136789,15136799,10
43819,15137100,15137107,7
43820,15138645,15138652,7
43821,15141120,15141126,6
43822,15141267,15141273,6
43823,15141368,15141374,6
43824,15141413,15141416,3
43825,15141416,15141422,6
43826,15141969,15141975,6
43827,15142153,15142157,4
43828,15142298,15142302,4
43829,15142302,15142310,8
43830,15142310,15142314,4
43831,15142314,15142318,4
43832,15142318,15142322,4
43833,15142322,15142330,8
43834,15142330,15142334,4
43835,15142334,15142338,4
43836,15142454,15142458,4
43837,15142493,15142497,4
43838,15142497,15142501,4
43839,15142501,15142505,4
43840,15143007,15143013,6
43841,15143047,15143053,6
43842,15143210,15143213,3
43843,15143213,15143222,9
43844,15143222,15143225,3
43845,15143449,15143453,4
43846,15144188,15144195,7
43847,15144261,15144267,6
43848,15144324,15144335,11
43849,15144468,15144471,3
43850,15145545,15145550,5
43851,15146386,15146391,5
43852,15146859,15146867,8
43853,15146932,15146941,9
43854,15147307,15147313,6
43855,15147325,15147331,6
43856,15147343,15147349,6
43857,15147349,15147355,6
43858,15148327,15148333,6
43859,15148586,15148592,6
43860,15149284,15149292,8
43861,15149292,15149295,3
43862,15149420,15149428,8
43863,15149711,15149715,4
43864,15149765,15149769,4
43865,15151005,15151009,4
43866,15151147,15151156,9
43867,15152443,15152451,8
43868,15153850,15153858,8
43869,15154084,15154093,9
43870,15154503,15154510,7
43871,15154612,15154618,6
43872,15154618,15154626,8
43873,15154841,15154844,3
43874,15154844,15154847,3
43875,15154876,15154887,11
43876,15155464,15155467,3
43877,15155993,15156001,8
43878,15156038,15156043,5
43879,15156231,15156238,7
43880,15156238,15156245,7
43881,15157503,15157509,6
43882,15157509,15157515,6
43883,15157753,15157759,6
43884,15159012,15159018,6
43885,15159233,15159238,5
43886,15159238,15159243,5
43887,15159243,15159248,5
43888,15159248,15159253,5
43889,15159654,15159657,3
43890,15160302,15160305,3
43891,15160305,15160308,3
43892,15160308,15160314,6
43893,15163836,15163840,4
43894,15164160,15164163,3
43895,15164330,15164334,4
43896,15164355,15164364,9
43897,15164364,15164373,9
43898,15164373,15164379,6
43899,15164620,15164625,5
43900,15164625,15164630,5
43901,15164890,15164896,6
43902,15164896,15164902,6
43903,15164902,15164909,7
43904,15165847,15165854,7
43905,15165887,15165895,8
43906,15165895,15165901,6
43907,15166027,15166030,3
43908,15166148,15166151,3
43909,15166714,15166717,3
43910,15167714,15167720,6
43911,15168162,15168170,8
43912,15170136,15170141,5
43913,15170233,15170243,10
43914,15171153,15171158,5
43915,15171627,15171632,5
43916,15171890,15171893,3
43917,15171893,15171896,3
43918,15172041,15172047,6
43919,15172150,15172153,3
43920,15172413,15172418,5
43921,15172587,15172591,4
43922,15172812,15172818,6
43923,15173200,15173204,4
43924,15174015,15174021,6
43925,15174236,15174239,3
43926,15174442,15174448,6
43927,15175000,15175004,4
43928,15175419,15175422,3
43929,15176766,15176769,3
43930,15176786,15176795,9
43931,15176795,15176798,3
43932,15177217,15177221,4
43933,15177221,15177224,3
43934,15177607,15177612,5
43935,15178090,15178093,3
43936,15178093,15178096,3
43937,15178096,15178102,6
43938,15178102,15178108,6
43939,15178108,15178111,3
43940,15178111,15178114,3
43941,15178114,15178117,3
43942,15178129,15178132,3
43943,15178144,15178153,9
43944,15179931,15179940,9
43945,15180126,15180131,5
43946,15180405,15180411,6
43947,15180542,15180546,4
43948,15180636,15180640,4
43949,15180640,15180647,7
43950,15180819,15180827,8
43951,15180972,15180977,5
43952,15181207,15181213,6
43953,15181225,15181231,6
43954,15181933,15181942,9
43955,15182569,15182575,6
43956,15183035,15183038,3
43957,15183038,15183044,6
43958,15184387,15184390,3
43959,15185238,15185245,7
43960,15185434,15185439,5
43961,15185557,15185561,4
43962,15185561,15185566,5
43963,15187062,15187065,3
43964,15188348,15188358,10
43965,15188526,15188536,10
43966,15188638,15188645,7
43967,15188807,15188815,8
43968,15189114,15189124,10
43969,15189749,15189755,6
43970,15189755,15189762,7
43971,15189762,15189769,7
43972,15189769,15189776,7
43973,15190389,15190396,7
43974,15190416,15190422,6
43975,15190457,15190462,5
43976,15190462,15190470,8
43977,15190509,15190512,3
43978,15190868,15190880,12
43979,15192339,15192343,4
43980,15192363,15192367,4
43981,15192379,15192383,4
43982,15192383,15192387,4
43983,15192387,15192391,4
43984,15193269,15193275,6
43985,15194598,15194605,7
43986,15195836,15195841,5
43987,15195997,15196003,6
43988,15197059,15197065,6
43989,15197774,15197781,7
43990,15198168,15198177,9
43991,15198177,15198185,8
43992,15201321,15201330,9
43993,15201346,15201357,11
43994,15203089,15203096,7
43995,15206033,15206042,9
43996,15206042,15206045,3
43997,15206087,15206093,6
43998,15206527,15206534,7
43999,15209419,15209422,3
44000,15209672,15209675,3
44001,15210799,15210809,10
44002,15210809,15210818,9
44003,15211064,15211072,8
44004,15212097,15212100,3
44005,15212482,15212492,10
44006,15214224,15214232,8
44007,15214232,15214240,8
44008,15214878,15214887,9
44009,15215529,15215537,8
44010,15215568,15215572,4
44011,15215787,15215790,3
44012,15215790,15215794,4
44013,15215794,15215799,5
44014,15216099,15216102,3
44015,15217389,15217394,5
44016,15217632,15217639,7
44017,15220360,15220363,3
44018,15220577,15220580,3
44019,15220600,15220604,4
44020,15220782,15220790,8
44021,15221070,15221077,7
44022,15221670,15221676,6
44023,15222031,15222037,6
44024,15222065,15222080,15
44025,15222101,15222113,12
44026,15222335,15222341,6
44027,15223037,15223043,6
44028,15223462,15223471,9
44029,15223717,15223720,3
44030,15223720,15223723,3
44031,15223723,15223726,3
44032,15225099,15225103,4
44033,15225698,15225706,8
44034,15227169,15227174,5
44035,15227483,15227491,8
44036,15228640,15228647,7
44037,15230240,15230243,3
44038,15231533,15231537,4
44039,15232451,15232459,8
44040,15233071,15233080,9
44041,15233504,15233508,4
44042,15233562,15233565,3
44043,15233565,15233572,7
44044,15233896,15233901,5
44045,15234378,15234385,7
44046,15234595,15234598,3
44047,15236641,15236647,6
44048,15236792,15236797,5
44049,15236797,15236803,6
44050,15236854,15236857,3
44051,15237229,15237236,7
44052,15237236,15237242,6
44053,15237274,15237280,6
44054,15239246,15239252,6
44055,15239270,15239276,6
44056,15239276,15239281,5
44057,15239473,15239479,6
44058,15242671,15242682,11
44059,15244064,15244073,9
44060,15244453,15244457,4
44061,15245066,15245075,9
44062,15245075,15245080,5
44063,15246182,15246191,9
44064,15247279,15247282,3
44065,15248924,15248934,10
44066,15249727,15249731,4
44067,15250401,15250405,4
44068,15250912,15250915,3
44069,15251051,15251055,4
44070,15251937,15251941,4
44071,15252352,15252355,3
44072,15252481,15252485,4
44073,15253392,15253399,7
44074,15253613,15253616,3
44075,15253616,15253619,3
44076,15253619,15253631,12
44077,15253631,15253634,3
44078,15253634,15253637,3
44079,15253936,15253945,9
44080,15254801,15254806,5
44081,15255019,15255027,8
44082,15255249,15255258,9
44083,15255863,15255872,9
44084,15256540,15256545,5
44085,15256990,15256993,3
44086,15256993,15256997,4
44087,15259231,15259236,5
44088,15259685,15259691,6
44089,15259760,15259766,6
44090,15261118,15261125,7
44091,15261125,15261132,7
44092,15261565,15261570,5
44093,15262429,15262433,4
44094,15263062,15263065,3
44095,15263065,15263074,9
44096,15263819,15263824,5
44097,15264916,15264920,4
44098,15265658,15265667,9
44099,15265667,15265672,5
44100,15265703,15265711,8
44101,15265788,15265793,5
44102,15265998,15266004,6
44103,15266578,15266586,8
44104,15266628,15266636,8
44105,15269806,15269811,5
44106,15271544,15271551,7
44107,15271575,15271578,3
44108,15271811,15271817,6
44109,15271817,15271821,4
44110,15272419,15272422,3
44111,15273251,15273255,4
44112,15273964,15273988,24
44113,15273988,15274051,63
44114,15274439,15274498,59
44115,15274498,15274513,15
44116,15274595,15274611,16
44117,15275582,15275590,8
44118,15275590,15275601,11
44119,15275601,15275609,8
44120,15276216,15276219,3
44121,15276849,15276855,6
44122,15277162,15277171,9
44123,15278014,15278021,7
44124,15278220,15278227,7
44125,15278510,15278515,5
44126,15278524,15278531,7
44127,15279031,15279039,8
44128,15279063,15279069,6
44129,15279069,15279075,6
44130,15279075,15279081,6
44131,15281108,15281115,7
44132,15282009,15282016,7
44133,15282016,15282021,5
44134,15282130,15282135,5
44135,15283145,15283153,8
44136,15283581,15283589,8
44137,15284176,15284186,10
44138,15285609,15285615,6
44139,15285615,15285621,6
44140,15285621,15285627,6
44141,15285637,15285640,3
44142,15286060,15286070,10
44143,15286456,15286459,3
44144,15286939,15286944,5
44145,15289863,15289867,4
44146,15290601,15290607,6
44147,15290618,15290623,5
44148,15290623,15290629,6
44149,15290629,15290635,6
44150,15290937,15290944,7
44151,15291714,15291724,10
44152,15292100,15292109,9
44153,15292911,15292914,3
44154,15293425,15293434,9
44155,15293622,15293629,7
44156,15294070,15294079,9
44157,15294534,15294539,5
44158,15294695,15294700,5
44159,15294734,15294743,9
44160,15296178,15296187,9
44161,15296271,15296280,9
44162,15297333,15297343,10
44163,15297389,15297398,9
44164,15297398,15297406,8
44165,15297406,15297410,4
44166,15298549,15298558,9
44167,15299921,15299930,9
44168,15299986,15299992,6
44169,15300488,15300496,8
44170,15300603,15300606,3
44171,15300821,15300827,6
44172,15300827,15300830,3
44173,15300830,15300839,9
44174,15300839,15300842,3
44175,15300842,15300845,3
44176,15300845,15300848,3
44177,15300848,15300851,3
44178,15300851,15300854,3
44179,15300854,15300860,6
44180,15300860,15300863,3
44181,15301953,15301958,5
44182,15302015,15302026,11
44183,15303069,15303078,9
44184,15304042,15304048,6
44185,15304066,15304072,6
44186,15304876,15304885,9
44187,15304885,15304888,3
44188,15304978,15304986,8
44189,15305018,15305026,8
44190,15305026,15305035,9
44191,15305679,15305685,6
44192,15305929,15305933,4
44193,15306670,15306674,4
44194,15306783,15306792,9
44195,15306792,15306797,5
44196,15306888,15306891,3
44197,15308720,15308723,3
44198,15309718,15309723,5
44199,15310306,15310314,8
44200,15310500,15310506,6
44201,15310557,15310563,6
44202,15310563,15310569,6
44203,15310569,15310575,6
44204,15310575,15310581,6
44205,15310746,15310751,5
44206,15311189,15311195,6
44207,15311600,15311607,7
44208,15313900,15313908,8
44209,15315586,15315592,6
44210,15315634,15315643,9
44211,15315837,15315841,4
44212,15316001,15316008,7
44213,15316107,15316117,10
44214,15316171,15316175,4
44215,15316767,15316770,3
44216,15316770,15316779,9
44217,15316800,15316803,3
44218,15316803,15316806,3
44219,15316806,15316812,6
44220,15316812,15316821,9
44221,15317246,15317259,13
44222,15317465,15317470,5
44223,15317470,15317475,5
44224,15317575,15317579,4
44225,15317705,15317711,6
44226,15317810,15317815,5
44227,15317960,15317966,6
44228,15317966,15317972,6
44229,15317972,15317976,4
44230,15318379,15318385,6
44231,15318385,15318391,6
44232,15318762,15318766,4
44233,15320533,15320542,9
44234,15321388,15321392,4
44235,15321412,15321417,5
44236,15321972,15321978,6
44237,15322053,15322065,12
44238,15322293,15322304,11
44239,15322647,15322656,9
44240,15322656,15322668,12
44241,15322668,15322677,9
44242,15322782,15322785,3
44243,15323033,15323041,8
44244,15324481,15324485,4
44245,15324818,15324823,5
44246,15324941,15324950,9
44247,15325836,15325845,9
44248,15326258,15326267,9
44249,15326802,15326819,17
44250,15327064,15327068,4
44251,15327068,15327074,6
44252,15327690,15327694,4
44253,15328287,15328293,6
44254,15328987,15328994,7
44255,15329039,15329045,6
44256,15329132,15329143,11
44257,15329332,15329339,7
44258,15329844,15329848,4
44259,15330702,15330708,6
44260,15330708,15330713,5
44261,15331774,15331778,4
44262,15332959,15332963,4
44263,15333210,15333218,8
44264,15333976,15333982,6
44265,15333982,15333988,6
44266,15334659,15334667,8
44267,15335390,15335397,7
44268,15335665,15335672,7
44269,15335876,15335881,5
44270,15335881,15335886,5
44271,15336209,15336214,5
44272,15337161,15337167,6
44273,15338168,15338173,5
44274,15339937,15339946,9
44275,15339946,15339952,6
44276,15339952,15339958,6
44277,15339958,15339961,3
44278,15339961,15339964,3
44279,15340667,15340688,21
44280,15340963,15340978,15
44281,15340999,15341031,32
44282,15341031,15341064,33
44283,15341113,15341120,7
44284,15341191,15341308,117
44285,15341362,15341371,9
44286,15341502,15341537,35
44287,15341537,15341559,22
44288,15341734,15341773,39
44289,15341825,15341834,9
44290,15341909,15341914,5
44291,15341959,15342021,62
44292,15342137,15342146,9
44293,15342278,15342285,7
44294,15342295,15342302,7
44295,15342302,15342311,9
44296,15343151,15343172,21
44297,15343474,15343489,15
44298,15343510,15343542,32
44299,15343542,15343575,33
44300,15343624,15343631,7
44301,15343702,15343819,117
44302,15343873,15343882,9
44303,15344013,15344048,35
44304,15344048,15344070,22
44305,15344070,15344080,10
44306,15344245,15344284,39
44307,15344336,15344345,9
44308,15344420,15344425,5
44309,15344470,15344532,62
44310,15345022,15345032,10
44311,15345032,15345039,7
44312,15345039,15345048,9
44313,15345181,15345190,9
44314,15345691,15345698,7
44315,15346137,15346143,6
44316,15346143,15346149,6
44317,15346227,15346239,12
44318,15346382,15346385,3
44319,15347177,15347181,4
44320,15347348,15347354,6
44321,15347589,15347594,5
44322,15348408,15348417,9
44323,15348827,15348833,6
44324,15348833,15348836,3
44325,15349396,15349403,7
44326,15349687,15349693,6
44327,15349748,15349753,5
44328,15349867,15349873,6
44329,15349873,15349879,6
44330,15349934,15349939,5
44331,15351073,15351076,3
44332,15351255,15351262,7
44333,15351262,15351269,7
44334,15351269,15351276,7
44335,15351276,15351283,7
44336,15352580,15352584,4
44337,15352807,15352810,3
44338,15352810,15352813,3
44339,15352909,15352915,6
44340,15353403,15353409,6
44341,15353463,15353470,7
44342,15353512,15353523,11
44343,15354145,15354149,4
44344,15354472,15354479,7
44345,15354479,15354486,7
44346,15354638,15354646,8
44347,15354646,15354649,3
44348,15354686,15354689,3
44349,15354689,15354696,7
44350,15355589,15355595,6
44351,15355595,15355601,6
44352,15355601,15355607,6
44353,15355607,15355613,6
44354,15355613,15355619,6
44355,15357304,15357309,5
44356,15357582,15357590,8
44357,15359318,15359326,8
44358,15359611,15359616,5
44359,15359616,15359622,6
44360,15360548,15360551,3
44361,15360769,15360779,10
44362,15360948,15360953,5
44363,15360953,15360958,5
44364,15363852,15363861,9
44365,15363861,15363870,9
44366,15363906,15363911,5
44367,15364517,15364522,5
44368,15365193,15365200,7
44369,15365494,15365501,7
44370,15365501,15365508,7
44371,15365508,15365512,4
44372,15365615,15365620,5
44373,15365889,15365897,8
44374,15366027,15366032,5
44375,15366388,15366393,5
44376,15368441,15368448,7
44377,15368537,15368541,4
44378,15368541,15368546,5
44379,15370142,15370146,4
44380,15371086,15371092,6
44381,15371092,15371098,6
44382,15371546,15371549,3
44383,15371703,15371710,7
44384,15371767,15371774,7
44385,15371774,15371782,8
44386,15371947,15371954,7
44387,15373876,15373882,6
44388,15375021,15375028,7
44389,15377339,15377346,7
44390,15377576,15377579,3
44391,15377579,15377584,5
44392,15378175,15378179,4
44393,15378189,15378193,4
44394,15378509,15378517,8
44395,15378517,15378521,4
44396,15378870,15378878,8
44397,15381148,15381151,3
44398,15381151,15381160,9
44399,15381160,15381163,3
44400,15381315,15381321,6
44401,15381321,15381325,4
44402,15381423,15381431,8
44403,15381825,15381833,8
44404,15381877,15381880,3
44405,15382256,15382264,8
44406,15382264,15382270,6
44407,15382577,15382582,5
44408,15382623,15382629,6
44409,15382629,15382632,3
44410,15382632,15382635,3
44411,15383215,15383219,4
44412,15383431,15383438,7
44413,15383832,15383835,3
44414,15384250,15384253,3
44415,15384253,15384259,6
44416,15384259,15384262,3
44417,15384911,15384917,6
44418,15384917,15384924,7
44419,15385510,15385513,3
44420,15385728,15385734,6
44421,15385894,15385897,3
44422,15386215,15386220,5
44423,15386220,15386226,6
44424,15386681,15386691,10
44425,15386862,15386865,3
44426,15386865,15386873,8
44427,15387630,15387640,10
44428,15388666,15388672,6
44429,15388717,15388723,6
44430,15389159,15389165,6
44431,15389540,15389546,6
44432,15389582,15389588,6
44433,15389640,15389644,4
44434,15389774,15389783,9
44435,15389919,15389927,8
44436,15390696,15390702,6
44437,15390848,15390856,8
44438,15390856,15390860,4
44439,15390872,15390877,5
44440,15390952,15390958,6
44441,15392326,15392333,7
44442,15392469,15392474,5
44443,15392524,15392530,6
44444,15392530,15392536,6
44445,15393304,15393310,6
44446,15393310,15393316,6
44447,15393328,15393334,6
44448,15393806,15393809,3
44449,15393809,15393815,6
44450,15394157,15394165,8
44451,15394308,15394317,9
44452,15394353,15394359,6
44453,15394382,15394387,5
44454,15394723,15394732,9
44455,15395098,15395102,4
44456,15396348,15396354,6
44457,15397190,15397197,7
44458,15397197,15397203,6
44459,15397582,15397592,10
44460,15397620,15397626,6
44461,15398248,15398254,6
44462,15398566,15398572,6
44463,15398617,15398626,9
44464,15398882,15398886,4
44465,15399110,15399113,3
44466,15399156,15399164,8
44467,15399194,15399203,9
44468,15399499,15399506,7
44469,15399953,15399961,8
44470,15400760,15400765,5
44471,15401332,15401340,8
44472,15401657,15401661,4
44473,15402634,15402643,9
44474,15402643,15402652,9
44475,15403615,15403622,7
44476,15403789,15403799,10
44477,15404019,15404024,5
44478,15404479,15404489,10
44479,15404489,15404494,5
44480,15404519,15404524,5
44481,15404745,15404752,7
44482,15405135,15405142,7
44483,15405142,15405148,6
44484,15406404,15406408,4
44485,15407211,15407215,4
44486,15407421,15407425,4
44487,15407701,15407706,5
44488,15407884,15407889,5
44489,15407947,15407958,11
44490,15408216,15408222,6
44491,15408421,15408427,6
44492,15408427,15408433,6
44493,15408433,15408439,6
44494,15408451,15408457,6
44495,15408595,15408600,5
44496,15408621,15408629,8
44497,15409727,15409736,9
44498,15409896,15409901,5
44499,15410033,15410037,4
44500,15410152,15410158,6
44501,15410170,15410175,5
44502,15411110,15411113,3
44503,15411125,15411134,9
44504,15411621,15411630,9
44505,15411647,15411652,5
44506,15412175,15412178,3
44507,15412633,15412638,5
44508,15412805,15412812,7
44509,15413138,15413212,74
44510,15413212,15413247,35
44511,15413247,15413259,12
44512,15413259,15413382,123
44513,15413382,15413385,3
44514,15413385,15413391,6
44515,15413391,15413394,3
44516,15413394,15413421,27
44517,15413421,15413508,87
44518,15413508,15413511,3
44519,15413511,15413625,114
44520,15413625,15413632,7
44521,15413632,15413670,38
44522,15413670,15413716,46
44523,15413716,15413763,47
44524,15413763,15413932,169
44525,15413932,15413977,45
44526,15413977,15414203,226
44527,15414428,15414463,35
44528,15414463,15414522,59
44529,15414681,15414823,142
44530,15414823,15414863,40
44531,15414863,15414868,5
44532,15414868,15414879,11
44533,15414879,15414991,112
44534,15414991,15415138,147
44535,15415138,15415200,62
44536,15415200,15415254,54
44537,15415254,15415287,33
44538,15415287,15415300,13
44539,15415300,15415306,6
44540,15415484,15415489,5
44541,15415489,15415567,78
44542,15415567,15415648,81
44543,15415648,15415693,45
44544,15415693,15415879,186
44545,15415879,15415981,102
44546,15415981,15415989,8
44547,15415989,15416032,43
44548,15416032,15416072,40
44549,15416072,15416082,10
44550,15416260,15416278,18
44551,15416278,15416316,38
44552,15416316,15416319,3
44553,15416319,15416372,53
44554,15416372,15416482,110
44555,15416482,15416565,83
44556,15416565,15416695,130
44557,15416695,15416747,52
44558,15416747,15416767,20
44559,15416767,15416883,116
44560,15416883,15416945,62
44561,15416945,15417237,292
44562,15417237,15417314,77
44563,15418615,15418622,7
44564,15421051,15421054,3
44565,15422018,15422117,99
44566,15422117,15422135,18
44567,15422135,15422144,9
44568,15422144,15422165,21
44569,15422165,15422176,11
44570,15422176,15422447,271
44571,15422447,15422523,76
44572,15422970,15423032,62
44573,15423032,15423132,100
44574,15423132,15423164,32
44575,15423164,15423200,36
44576,15423200,15423213,13
44577,15423213,15423221,8
44578,15423221,15423239,18
44579,15423239,15423242,3
44580,15423274,15423279,5
44581,15423279,15423311,32
44582,15423311,15423378,67
44583,15423378,15423389,11
44584,15423389,15423405,16
44585,15423598,15423601,3
44586,15423601,15423605,4
44587,15423689,15423694,5
44588,15423845,15423849,4
44589,15423849,15423859,10
44590,15424658,15424668,10
44591,15424750,15424758,8
44592,15425084,15425088,4
44593,15425576,15425582,6
44594,15426158,15426167,9
44595,15427100,15427108,8
44596,15427163,15427167,4
44597,15427685,15427692,7
44598,15427692,15427702,10
44599,15427702,15427712,10
44600,15427778,15427785,7
44601,15427824,15427833,9
44602,15428711,15428718,7
44603,15428925,15428931,6
44604,15428931,15428937,6
44605,15428937,15428945,8
44606,15428945,15428950,5
44607,15429696,15429701,5
44608,15429701,15429705,4
44609,15429736,15429743,7
44610,15430247,15430253,6
44611,15431916,15431923,7
44612,15433862,15433865,3
44613,15433887,15433891,4
44614,15433985,15433991,6
44615,15434260,15434264,4
44616,15434398,15434402,4
44617,15434402,15434405,3
44618,15434595,15434603,8
44619,15435059,15435065,6
44620,15435898,15435936,38
44621,15435936,15435985,49
44622,15435985,15436012,27
44623,15436047,15436065,18
44624,15438292,15438301,9
44625,15439541,15439544,3
44626,15440140,15440150,10
44627,15441075,15441087,12
44628,15441087,15441093,6
44629,15441179,15441182,3
44630,15441182,15441185,3
44631,15441425,15441429,4
44632,15441441,15441444,3
44633,15441916,15441923,7
44634,15442955,15442962,7
44635,15444874,15444881,7
44636,15446048,15446056,8
44637,15446402,15446409,7
44638,15446928,15446934,6
44639,15447367,15447371,4
44640,15447371,15447375,4
44641,15447387,15447392,5
44642,15447392,15447397,5
44643,15448999,15449005,6
44644,15449712,15449721,9
44645,15450296,15450301,5
44646,15450721,15450733,12
44647,15451267,15451275,8
44648,15451275,15451281,6
44649,15451568,15451577,9
44650,15451774,15451778,4
44651,15451836,15451844,8
44652,15453828,15453838,10
44653,15454142,15454149,7
44654,15455406,15455410,4
44655,15456203,15456211,8
44656,15457247,15457253,6
44657,15458090,15458097,7
44658,15461077,15461081,4
44659,15462510,15462516,6
44660,15462774,15462780,6
44661,15462970,15462977,7
44662,15464655,15464661,6
44663,15465402,15465407,5
44664,15465669,15465674,5
44665,15466137,15466146,9
44666,15466269,15466274,5
44667,15467045,15467048,3
44668,15467472,15467477,5
44669,15467792,15467799,7
44670,15468396,15468401,5
44671,15468753,15468760,7
44672,15470150,15470153,3
44673,15470153,15470156,3
44674,15470513,15470516,3
44675,15472054,15472060,6
44676,15472169,15472172,3
44677,15473317,15473322,5
44678,15473559,15473562,3
44679,15474838,15474847,9
44680,15474961,15474967,6
44681,15474977,15474982,5
44682,15475039,15475049,10
44683,15475049,15475054,5
44684,15475596,15475602,6
44685,15478067,15478070,3
44686,15478678,15478696,18
44687,15479179,15479197,18
44688,15479438,15479447,9
44689,15479591,15479597,6
44690,15479597,15479600,3
44691,15479600,15479606,6
44692,15479647,15479653,6
44693,15480202,15480211,9
44694,15480229,15480238,9
44695,15480238,15480247,9
44696,15480466,15480475,9
44697,15481019,15481024,5
44698,15481036,15481039,3
44699,15481701,15481704,3
44700,15481871,15481883,12
44701,15483048,15483055,7
44702,15484113,15484123,10
44703,15484224,15484233,9
44704,15484573,15484581,8
44705,15485059,15485067,8
44706,15485924,15485936,12
44707,15486629,15486640,11
44708,15486923,15486929,6
44709,15488508,15488514,6
44710,15489003,15489012,9
44711,15489274,15489280,6
44712,15489280,15489287,7
44713,15489317,15489323,6
44714,15489347,15489351,4
44715,15489532,15489536,4
44716,15489831,15489840,9
44717,15489900,15489904,4
44718,15490291,15490296,5
44719,15490603,15490610,7
44720,15491540,15491549,9
44721,15491673,15491679,6
44722,15492007,15492010,3
44723,15492010,15492013,3
44724,15492013,15492016,3
44725,15492016,15492019,3
44726,15492019,15492022,3
44727,15493171,15493179,8
44728,15493502,15493510,8
44729,15495025,15495028,3
44730,15495463,15495470,7
44731,15495573,15495583,10
44732,15495965,15495972,7
44733,15496464,15496468,4
44734,15497154,15497157,3
44735,15498814,15498819,5
44736,15498819,15498822,3
44737,15499986,15499990,4
44738,15500891,15500896,5
44739,15501794,15501797,3
44740,15501797,15501801,4
44741,15501813,15501822,9
44742,15502185,15502192,7
44743,15503225,15503231,6
44744,15503429,15503433,4
44745,15503661,15503669,8
44746,15504028,15504034,6
44747,15504034,15504041,7
44748,15504272,15504278,6
44749,15504278,15504284,6
44750,15504700,15504707,7
44751,15504707,15504716,9
44752,15504778,15504785,7
44753,15504968,15504976,8
44754,15505439,15505445,6
44755,15505462,15505468,6
44756,15505468,15505478,10
44757,15506543,15506550,7
44758,15506986,15506994,8
44759,15506994,15507001,7
44760,15507358,15507361,3
44761,15510163,15510167,4
44762,15512398,15512402,4
44763,15513360,15513365,5
44764,15513464,15513473,9
44765,15513657,15513660,3
44766,15513870,15513881,11
44767,15513881,15513887,6
44768,15513887,15513891,4
44769,15513921,15513930,9
44770,15514167,15514170,3
44771,15514503,15514511,8
44772,15514728,15514739,11
44773,15514739,15514744,5
44774,15514950,15514962,12
44775,15514962,15514969,7
44776,15515017,15515025,8
44777,15515352,15515359,7
44778,15515370,15515373,3
44779,15515624,15515633,9
44780,15515787,15515794,7
44781,15515898,15515901,3
44782,15515954,15515958,4
44783,15515958,15515961,3
44784,15516266,15516274,8
44785,15516296,15516304,8
44786,15516437,15516443,6
44787,15517142,15517149,7
44788,15518579,15518585,6
44789,15519622,15519625,3
44790,15520103,15520109,6
44791,15521058,15521065,7
44792,15521065,15521072,7
44793,15521100,15521107,7
44794,15521107,15521114,7
44795,15522147,15522152,5
44796,15522164,15522170,6
44797,15522170,15522175,5
44798,15522175,15522180,5
44799,15522180,15522185,5
44800,15522185,15522190,5
44801,15522190,15522195,5
44802,15522195,15522200,5
44803,15522200,15522205,5
44804,15522205,15522210,5
44805,15522210,15522220,10
44806,15522220,15522225,5
44807,15522583,15522589,6
44808,15522589,15522595,6
44809,15522791,15522796,5
44810,15522796,15522802,6
44811,15523295,15523304,9
44812,15523325,15523332,7
44813,15523332,15523341,9
44814,15523341,15523346,5
44815,15524045,15524053,8
44816,15524477,15524481,4
44817,15525037,15525042,5
44818,15525042,15525046,4
44819,15525671,15525680,9
44820,15526646,15526651,5
44821,15526802,15526806,4
44822,15526806,15526813,7
44823,15526919,15526923,4
44824,15527351,15527358,7
44825,15527932,15527943,11
44826,15528444,15528447,3
44827,15528447,15528456,9
44828,15528567,15528577,10
44829,15528825,15528833,8
44830,15529073,15529080,7
44831,15529080,15529085,5
44832,15529115,15529121,6
44833,15529430,15529437,7
44834,15529806,15529811,5
44835,15530385,15530388,3
44836,15531042,15531050,8
44837,15531106,15531114,8
44838,15531497,15531503,6
44839,15531503,15531510,7
44840,15531935,15531940,5
44841,15532401,15532408,7
44842,15532408,15532415,7
44843,15532439,15532443,4
44844,15532443,15532446,3
44845,15532541,15532551,10
44846,15532798,15532806,8
44847,15533281,15533288,7
44848,15533301,15533310,9
44849,15534570,15534575,5
44850,15534575,15534583,8
44851,15534923,15534930,7
44852,15535115,15535120,5
44853,15535415,15535425,10
44854,15536424,15536430,6
44855,15536575,15536578,3
44856,15536578,15536581,3
44857,15536581,15536590,9
44858,15536641,15536647,6
44859,15537155,15537163,8
44860,15538339,15538345,6
44861,15538345,15538351,6
44862,15538351,15538357,6
44863,15538357,15538363,6
44864,15539236,15539239,3
44865,15540184,15540192,8
44866,15541500,15541506,6
44867,15541506,15541509,3
44868,15542829,15542838,9
44869,15542939,15542942,3
44870,15542974,15542981,7
44871,15542981,15542988,7
44872,15542988,15542995,7
44873,15542995,15543002,7
44874,15543002,15543009,7
44875,15543030,15543037,7
44876,15543235,15543238,3
44877,15543238,15543246,8
44878,15543267,15543273,6
44879,15544096,15544100,4
44880,15544110,15544119,9
44881,15544317,15544326,9
44882,15544618,15544623,5
44883,15544938,15544944,6
44884,15545613,15545623,10
44885,15545643,15545652,9
44886,15545746,15545751,5
44887,15545751,15545756,5
44888,15545756,15545761,5
44889,15545761,15545766,5
44890,15545766,15545771,5
44891,15545781,15545786,5
44892,15545786,15545791,5
44893,15545877,15545886,9
44894,15546224,15546231,7
44895,15546470,15546475,5
44896,15546972,15546981,9
44897,15548077,15548084,7
44898,15548196,15548202,6
44899,15548202,15548208,6
44900,15548258,15548264,6
44901,15548264,15548270,6
44902,15548270,15548276,6
44903,15548276,15548282,6
44904,15548282,15548288,6
44905,15548288,15548294,6
44906,15548294,15548300,6
44907,15548300,15548306,6
44908,15548306,15548312,6
44909,15548312,15548318,6
44910,15548318,15548324,6
44911,15548324,15548330,6
44912,15548330,15548336,6
44913,15548336,15548342,6
44914,15548342,15548348,6
44915,15548348,15548354,6
44916,15548354,15548360,6
44917,15548360,15548366,6
44918,15548366,15548372,6
44919,15548372,15548378,6
44920,15548378,15548384,6
44921,15548384,15548390,6
44922,15548390,15548396,6
44923,15548396,15548402,6
44924,15548402,15548408,6
44925,15548408,15548414,6
44926,15548414,15548420,6
44927,15548420,15548426,6
44928,15548426,15548432,6
44929,15548432,15548438,6
44930,15548438,15548444,6
44931,15548444,15548450,6
44932,15548450,15548456,6
44933,15548456,15548462,6
44934,15548462,15548468,6
44935,15548468,15548474,6
44936,15548474,15548480,6
44937,15548480,15548486,6
44938,15548486,15548492,6
44939,15548492,15548498,6
44940,15548498,15548504,6
44941,15548504,15548510,6
44942,15548510,15548516,6
44943,15548516,15548522,6
44944,15548522,15548528,6
44945,15548528,15548534,6
44946,15548534,15548540,6
44947,15548540,15548546,6
44948,15548546,15548552,6
44949,15548552,15548558,6
44950,15548558,15548564,6
44951,15548564,15548570,6
44952,15548570,15548576,6
44953,15548576,15548582,6
44954,15548582,15548588,6
44955,15548588,15548594,6
44956,15548594,15548600,6
44957,15548600,15548606,6
44958,15548606,15548612,6
44959,15548612,15548618,6
44960,15548618,15548624,6
44961,15548624,15548630,6
44962,15548630,15548636,6
44963,15548636,15548642,6
44964,15548642,15548648,6
44965,15548648,15548654,6
44966,15548654,15548660,6
44967,15548660,15548666,6
44968,15548666,15548672,6
44969,15548672,15548678,6
44970,15548678,15548684,6
44971,15549392,15549398,6
44972,15550754,15550758,4
44973,15550758,15550763,5
44974,15550920,15550926,6
44975,15550926,15550936,10
44976,15551132,15551138,6
44977,15552862,15552866,4
44978,15552866,15552874,8
44979,15555110,15555116,6
44980,15555392,15555461,69
44981,15555461,15555500,39
44982,15555500,15555518,18
44983,15555518,15555521,3
44984,15555521,15555548,27
44985,15555604,15555644,40
44986,15555644,15555668,24
44987,15555668,15555687,19
44988,15555734,15555791,57
44989,15555791,15555875,84
44990,15555875,15555884,9
44991,15555884,15555893,9
44992,15555952,15555969,17
44993,15556061,15556070,9
44994,15556128,15556139,11
44995,15556486,15556502,16
44996,15556502,15556508,6
44997,15556899,15556905,6
44998,15557270,15557278,8
44999,15559111,15559117,6
45000,15559393,15559399,6
45001,15559451,15559460,9
45002,15560146,15560151,5
45003,15560151,15560157,6
45004,15561151,15561156,5
45005,15561156,15561162,6
45006,15562087,15562093,6
45007,15562621,15562633,12
45008,15562651,15562655,4
45009,15563334,15563341,7
45010,15563341,15563348,7
45011,15563348,15563357,9
45012,15563357,15563365,8
45013,15563365,15563370,5
45014,15566074,15566081,7
45015,15566081,15566088,7
45016,15566088,15566095,7
45017,15566212,15566218,6
45018,15567056,15567059,3
45019,15567077,15567080,3
45020,15568046,15568052,6
45021,15568052,15568061,9
45022,15568061,15568064,3
45023,15568209,15568215,6
45024,15568215,15568221,6
45025,15568319,15568326,7
45026,15568361,15568369,8
45027,15568491,15568501,10
45028,15569547,15569552,5
45029,15570675,15570679,4
45030,15571821,15571827,6
45031,15571891,15571898,7
45032,15572281,15572289,8
45033,15572289,15572296,7
45034,15572675,15572683,8
45035,15572958,15572962,4
45036,15573398,15573408,10
45037,15573716,15573719,3
45038,15574804,15574820,16
45039,15575086,15575155,69
45040,15575155,15575194,39
45041,15575194,15575212,18
45042,15575212,15575215,3
45043,15575215,15575242,27
45044,15575298,15575338,40
45045,15575338,15575362,24
45046,15575362,15575381,19
45047,15575431,15575488,57
45048,15575488,15575572,84
45049,15575572,15575581,9
45050,15575640,15575657,17
45051,15575861,15575868,7
45052,15576047,15576052,5
45053,15576610,15576614,4
45054,15576797,15576810,13
45055,15576810,15576819,9
45056,15576819,15576825,6
45057,15576861,15576867,6
45058,15576904,15576907,3
45059,15576907,15576913,6
45060,15577264,15577268,4
45061,15577325,15577328,3
45062,15577688,15577693,5
45063,15577990,15577999,9
45064,15578352,15578357,5
45065,15578991,15579000,9
45066,15581410,15581413,3
45067,15581413,15581416,3
45068,15581416,15581425,9
45069,15583152,15583155,3
45070,15583602,15583605,3
45071,15584431,15584438,7
45072,15584606,15584611,5
45073,15584611,15584615,4
45074,15584633,15584636,3
45075,15584908,15584917,9
45076,15585965,15585973,8
45077,15585973,15585979,6
45078,15585979,15585984,5
45079,15585984,15585988,4
45080,15586410,15586419,9
45081,15587236,15587247,11
45082,15587247,15587254,7
45083,15587747,15587752,5
45084,15587807,15587814,7
45085,15588463,15588472,9
45086,15588723,15588727,4
45087,15588766,15588771,5
45088,15588804,15588810,6
45089,15588810,15588817,7
45090,15588817,15588826,9
45091,15589046,15589055,9
45092,15589283,15589289,6
45093,15589289,15589294,5
45094,15589294,15589302,8
45095,15589736,15589744,8
45096,15589832,15589837,5
45097,15590444,15590450,6
45098,15590781,15590784,3
45099,15591573,15591579,6
45100,15591579,15591586,7
45101,15591586,15591593,7
45102,15592527,15592536,9
45103,15592536,15592541,5
45104,15592846,15592855,9
45105,15592873,15592877,4
45106,15592967,15592972,5
45107,15593065,15593068,3
45108,15594079,15594087,8
45109,15594952,15594960,8
45110,15595463,15595472,9
45111,15595778,15595787,9
45112,15595797,15595801,4
45113,15596494,15596505,11
45114,15597042,15597047,5
45115,15597139,15597144,5
45116,15597144,15597149,5
45117,15597869,15597872,3
45118,15598231,15598234,3
45119,15598572,15598578,6
45120,15599218,15599224,6
45121,15600486,15600493,7
45122,15600647,15600653,6
45123,15600813,15600822,9
45124,15600822,15600827,5
45125,15600955,15600962,7
45126,15600962,15600969,7
45127,15601028,15601036,8
45128,15601109,15601117,8
45129,15601145,15601149,4
45130,15601339,15601344,5
45131,15601515,15601524,9
45132,15601548,15601554,6
45133,15601810,15601817,7
45134,15601817,15601820,3
45135,15602085,15602089,4
45136,15602184,15602191,7
45137,15602191,15602200,9
45138,15602200,15602206,6
45139,15602366,15602374,8
45140,15602465,15602470,5
45141,15602827,15602834,7
45142,15603064,15603072,8
45143,15603234,15603240,6
45144,15604918,15604923,5
45145,15605122,15605127,5
45146,15605127,15605134,7
45147,15605134,15605140,6
45148,15605185,15605188,3
45149,15605533,15605538,5
45150,15606471,15606483,12
45151,15607018,15607026,8
45152,15607263,15607271,8
45153,15607645,15607652,7
45154,15608066,15608069,3
45155,15608069,15608079,10
45156,15608714,15608721,7
45157,15608776,15608781,5
45158,15608781,15608784,3
45159,15609784,15609791,7
45160,15609823,15609828,5
45161,15610140,15610148,8
45162,15610148,15610154,6
45163,15610305,15610311,6
45164,15610311,15610317,6
45165,15610317,15610323,6
45166,15610334,15610340,6
45167,15610340,15610346,6
45168,15610462,15610469,7
45169,15610469,15610475,6
45170,15610475,15610481,6
45171,15610481,15610489,8
45172,15610533,15610537,4
45173,15610604,15610608,4
45174,15610608,15610613,5
45175,15610613,15610617,4
45176,15610967,15610973,6
45177,15611405,15611413,8
45178,15611448,15611455,7
45179,15611455,15611463,8
45180,15611463,15611473,10
45181,15611473,15611477,4
45182,15611477,15611485,8
45183,15611788,15611793,5
45184,15612225,15612235,10
45185,15612681,15612687,6
45186,15613147,15613153,6
45187,15613263,15613268,5
45188,15613763,15613766,3
45189,15613766,15613769,3
45190,15613769,15613772,3
45191,15613772,15613775,3
45192,15613775,15613778,3
45193,15615138,15615141,3
45194,15615336,15615344,8
45195,15615344,15615352,8
45196,15615352,15615360,8
45197,15615360,15615368,8
45198,15615771,15615776,5
45199,15617153,15617158,5
45200,15619467,15619475,8
45201,15619475,15619482,7
45202,15620369,15620377,8
45203,15621612,15621618,6
45204,15621897,15621900,3
45205,15622098,15622104,6
45206,15622104,15622108,4
45207,15622337,15622342,5
45208,15622342,15622352,10
45209,15622676,15622684,8
45210,15622684,15622690,6
45211,15622690,15622696,6
45212,15622712,15622716,4
45213,15623174,15623180,6
45214,15623518,15623524,6
45215,15623524,15623538,14
45216,15623538,15623552,14
45217,15624055,15624065,10
45218,15624278,15624287,9
45219,15625182,15625189,7
45220,15625367,15625370,3
45221,15625383,15625388,5
45222,15625388,15625394,6
45223,15625535,15625538,3
45224,15625691,15625701,10
45225,15625763,15625768,5
45226,15625768,15625773,5
45227,15625892,15625898,6
45228,15625964,15625969,5
45229,15625995,15626004,9
45230,15626426,15626431,5
45231,15626431,15626436,5
45232,15626436,15626446,10
45233,15627627,15627631,4
45234,15628630,15628636,6
45235,15630289,15630296,7
45236,15630695,15630701,6
45237,15631213,15631218,5
45238,15631394,15631399,5
45239,15631470,15631473,3
45240,15631810,15631818,8
45241,15631818,15631822,4
45242,15631822,15631830,8
45243,15631830,15631838,8
45244,15631991,15631997,6
45245,15631997,15632001,4
45246,15632305,15632313,8
45247,15632313,15632321,8
45248,15632321,15632325,4
45249,15632325,15632329,4
45250,15632329,15632333,4
45251,15632436,15632443,7
45252,15632443,15632447,4
45253,15632531,15632536,5
45254,15632615,15632624,9
45255,15633380,15633391,11
45256,15633768,15633775,7
45257,15634419,15634422,3
45258,15634873,15634879,6
45259,15636383,15636386,3
45260,15636432,15636438,6
45261,15636438,15636444,6
45262,15636472,15636481,9
45263,15636481,15636488,7
45264,15636488,15636495,7
45265,15636510,15636513,3
45266,15636513,15636516,3
45267,15636516,15636522,6
45268,15637889,15637895,6
45269,15638004,15638011,7
45270,15638011,15638018,7
45271,15638483,15638492,9
45272,15638583,15638592,9
45273,15638822,15638826,4
45274,15638891,15638896,5
45275,15638960,15638966,6
45276,15639010,15639014,4
45277,15639043,15639049,6
45278,15639063,15639067,4
45279,15639208,15639214,6
45280,15639214,15639219,5
45281,15639668,15639676,8
45282,15639676,15639684,8
45283,15639952,15639957,5
45284,15640426,15640429,3
45285,15640429,15640435,6
45286,15640435,15640438,3
45287,15640438,15640443,5
45288,15640497,15640502,5
45289,15640799,15640804,5
45290,15640973,15640978,5
45291,15641363,15641369,6
45292,15641369,15641375,6
45293,15641375,15641381,6
45294,15641381,15641387,6
45295,15642843,15642846,3
45296,15642984,15642991,7
45297,15643278,15643282,4
45298,15643282,15643286,4
45299,15643567,15643573,6
45300,15643573,15643579,6
45301,15643889,15643895,6
45302,15644363,15644371,8
45303,15644371,15644377,6
45304,15644572,15644575,3
45305,15645036,15645040,4
45306,15645232,15645235,3
45307,15645252,15645257,5
45308,15645257,15645262,5
45309,15645262,15645272,10
45310,15645287,15645292,5
45311,15645447,15645450,3
45312,15645950,15645957,7
45313,15646278,15646287,9
45314,15646355,15646360,5
45315,15646636,15646643,7
45316,15646729,15646737,8
45317,15647200,15647207,7
45318,15647507,15647511,4
45319,15647765,15647771,6
45320,15647805,15647808,3
45321,15647808,15647811,3
45322,15648291,15648298,7
45323,15648347,15648354,7
45324,15648354,15648357,3
45325,15648671,15648680,9
45326,15648866,15648873,7
45327,15649862,15649867,5
45328,15649867,15649882,15
45329,15649897,15649903,6
45330,15650036,15650040,4
45331,15650074,15650084,10
45332,15650129,15650134,5
45333,15650134,15650139,5
45334,15650139,15650144,5
45335,15650154,15650158,4
45336,15650634,15650643,9
45337,15650643,15650651,8
45338,15650651,15650660,9
45339,15652554,15652564,10
45340,15652584,15652591,7
45341,15652791,15652795,4
45342,15653651,15653657,6
45343,15654281,15654284,3
45344,15654317,15654323,6
45345,15654341,15654347,6
45346,15655399,15655405,6
45347,15655755,15655760,5
45348,15656052,15656063,11
45349,15656561,15656566,5
45350,15657037,15657042,5
45351,15657042,15657047,5
45352,15657153,15657159,6
45353,15657159,15657165,6
45354,15657165,15657171,6
45355,15658233,15658236,3
45356,15659519,15659523,4
45357,15660581,15660586,5
45358,15661265,15661269,4
45359,15661539,15661551,12
45360,15661551,15661558,7
45361,15661558,15661564,6
45362,15661697,15661702,5
45363,15661793,15661799,6
45364,15661799,15661805,6
45365,15661926,15661933,7
45366,15663049,15663055,6
45367,15663317,15663321,4
45368,15663457,15663465,8
45369,15664040,15664048,8
45370,15664048,15664056,8
45371,15664103,15664108,5
45372,15664108,15664116,8
45373,15664186,15664191,5
45374,15664191,15664200,9
45375,15664603,15664612,9
45376,15665135,15665138,3
45377,15665827,15665834,7
45378,15666077,15666082,5
45379,15666252,15666258,6
45380,15666258,15666264,6
45381,15666264,15666270,6
45382,15666270,15666276,6
45383,15666276,15666282,6
45384,15667271,15667278,7
45385,15668380,15668386,6
45386,15668682,15668691,9
45387,15668765,15668771,6
45388,15668771,15668777,6
45389,15668777,15668783,6
45390,15669193,15669199,6
45391,15669199,15669205,6
45392,15669205,15669211,6
45393,15669211,15669217,6
45394,15670198,15670207,9
45395,15670360,15670366,6
45396,15670411,15670419,8
45397,15671219,15671225,6
45398,15671772,15671776,4
45399,15671796,15671802,6
45400,15671802,15671807,5
45401,15672109,15672117,8
45402,15672592,15672601,9
45403,15672654,15672661,7
45404,15673186,15673189,3
45405,15673389,15673396,7
45406,15673844,15673855,11
45407,15674872,15674878,6
45408,15675130,15675135,5
45409,15675283,15675290,7
45410,15676090,15676102,12
45411,15676454,15676462,8
45412,15676927,15676934,7
45413,15676954,15676958,4
45414,15678513,15678517,4
45415,15678561,15678565,4
45416,15678752,15678755,3
45417,15680131,15680136,5
45418,15680136,15680140,4
45419,15681550,15681558,8
45420,15681558,15681564,6
45421,15682038,15682047,9
45422,15682219,15682224,5
45423,15682452,15682459,7
45424,15682905,15682910,5
45425,15683234,15683240,6
45426,15683258,15683264,6
45427,15683587,15683598,11
45428,15683887,15683897,10
45429,15684326,15684337,11
45430,15684397,15684403,6
45431,15685108,15685117,9
45432,15685117,15685121,4
45433,15685244,15685250,6
45434,15685250,15685256,6
45435,15685256,15685262,6
45436,15685262,15685268,6
45437,15685268,15685274,6
45438,15685274,15685280,6
45439,15685280,15685286,6
45440,15685286,15685292,6
45441,15685292,15685298,6
45442,15685298,15685304,6
45443,15685304,15685310,6
45444,15685310,15685316,6
45445,15685316,15685322,6
45446,15685322,15685328,6
45447,15685328,15685334,6
45448,15685334,15685340,6
45449,15685340,15685346,6
45450,15685346,15685352,6
45451,15685352,15685358,6
45452,15685358,15685364,6
45453,15685364,15685370,6
45454,15685370,15685376,6
45455,15685376,15685382,6
45456,15685382,15685388,6
45457,15685388,15685394,6
45458,15685394,15685400,6
45459,15685400,15685406,6
45460,15685406,15685412,6
45461,15685412,15685418,6
45462,15685418,15685424,6
45463,15685424,15685430,6
45464,15685430,15685436,6
45465,15685436,15685442,6
45466,15685442,15685448,6
45467,15685448,15685454,6
45468,15685454,15685460,6
45469,15685460,15685466,6
45470,15685466,15685472,6
45471,15685472,15685478,6
45472,15685478,15685484,6
45473,15685484,15685490,6
45474,15685490,15685496,6
45475,15685541,15685547,6
45476,15685547,15685553,6
45477,15685653,15685658,5
45478,15686302,15686310,8
45479,15686816,15686825,9
45480,15687862,15687867,5
45481,15687913,15687921,8
45482,15688687,15688696,9
45483,15689088,15689091,3
45484,15689250,15689258,8
45485,15689614,15689624,10
45486,15690366,15690369,3
45487,15690864,15690867,3
45488,15691001,15691008,7
45489,15691008,15691014,6
45490,15691014,15691017,3
45491,15691334,15691340,6
45492,15691340,15691346,6
45493,15691438,15691444,6
45494,15691444,15691450,6
45495,15691537,15691549,12
45496,15691578,15691584,6
45497,15691845,15691852,7
45498,15691852,15691856,4
45499,15692355,15692364,9
45500,15692435,15692440,5
45501,15692912,15692921,9
45502,15693042,15693045,3
45503,15693540,15693548,8
45504,15693548,15693556,8
45505,15693589,15693633,44
45506,15693644,15693649,5
45507,15693649,15693657,8
45508,15693679,15693701,22
45509,15693701,15693711,10
45510,15693711,15693776,65
45511,15693776,15693793,17
45512,15693793,15693800,7
45513,15693866,15693873,7
45514,15693914,15693919,5
45515,15695010,15695019,9
45516,15695782,15695793,11
45517,15696817,15696824,7
45518,15697587,15697592,5
45519,15698805,15698809,4
45520,15700150,15700157,7
45521,15700687,15700694,7
45522,15700694,15700702,8
45523,15701252,15701263,11
45524,15701263,15701272,9
45525,15701977,15701981,4
45526,15701981,15701988,7
45527,15702080,15702084,4
45528,15702207,15702212,5
45529,15702540,15702546,6
45530,15702983,15702992,9
45531,15703570,15703575,5
45532,15703819,15703826,7
45533,15705665,15705672,7
45534,15705715,15705721,6
45535,15706612,15706617,5
45536,15706617,15706627,10
45537,15706918,15706925,7
45538,15706985,15706988,3
45539,15707476,15707484,8
45540,15707616,15707626,10
45541,15708428,15708434,6
45542,15708578,15708584,6
45543,15709439,15709445,6
45544,15710007,15710014,7
45545,15710338,15710341,3
45546,15711146,15711152,6
45547,15711460,15711468,8
45548,15711546,15711556,10
45549,15711700,15711703,3
45550,15711838,15711841,3
45551,15714278,15714284,6
45552,15714439,15714448,9
45553,15714448,15714457,9
45554,15715675,15715681,6
45555,15715954,15715958,4
45556,15715958,15715963,5
45557,15716230,15716239,9
45558,15717139,15717142,3
45559,15717142,15717147,5
45560,15717388,15717397,9
45561,15717409,15717412,3
45562,15717412,15717421,9
45563,15717421,15717424,3
45564,15718228,15718233,5
45565,15718474,15718479,5
45566,15718798,15718803,5
45567,15719185,15719188,3
45568,15719590,15719595,5
45569,15719986,15719995,9
45570,15719995,15720004,9
45571,15720376,15720384,8
45572,15721313,15721321,8
45573,15721382,15721390,8
45574,15721390,15721393,3
45575,15721416,15721423,7
45576,15722246,15722252,6
45577,15722733,15722742,9
45578,15722841,15722844,3
45579,15723024,15723030,6
45580,15723213,15723219,6
45581,15723261,15723267,6
45582,15723267,15723270,3
45583,15723282,15723288,6
45584,15723288,15723294,6
45585,15723312,15723318,6
45586,15723318,15723328,10
45587,15723396,15723402,6
45588,15723402,15723408,6
45589,15723408,15723414,6
45590,15723414,15723417,3
45591,15723417,15723420,3
45592,15723420,15723423,3
45593,15723423,15723435,12
45594,15723450,15723453,3
45595,15723474,15723477,3
45596,15723507,15723515,8
45597,15723642,15723654,12
45598,15723654,15723660,6
45599,15723660,15723666,6
45600,15723666,15723672,6
45601,15723672,15723678,6
45602,15725082,15725086,4
45603,15725382,15725390,8
45604,15725679,15725685,6
45605,15726901,15726904,3
45606,15727189,15727197,8
45607,15727249,15727252,3
45608,15727404,15727410,6
45609,15728380,15728388,8
45610,15728413,15728419,6
45611,15728813,15728822,9
45612,15728923,15728933,10
45613,15728933,15728939,6
45614,15730929,15730933,4
45615,15730933,15730941,8
45616,15731833,15731842,9
45617,15732107,15732111,4
45618,15732585,15732592,7
45619,15732921,15732926,5
45620,15733021,15733026,5
45621,15733313,15733322,9
45622,15733929,15733938,9
45623,15734516,15734521,5
45624,15734521,15734524,3
45625,15734524,15734530,6
45626,15734675,15734681,6
45627,15734681,15734687,6
45628,15735495,15735501,6
45629,15735501,15735512,11
45630,15735844,15735848,4
45631,15736438,15736445,7
45632,15736565,15736568,3
45633,15736568,15736571,3
45634,15737296,15737302,6
45635,15737671,15737677,6
45636,15737677,15737683,6
45637,15737701,15737706,5
45638,15738483,15738492,9
45639,15739215,15739221,6
45640,15739858,15739864,6
45641,15740561,15740566,5
45642,15740566,15740570,4
45643,15740998,15741010,12
45644,15741142,15741145,3
45645,15741215,15741221,6
45646,15741658,15741667,9
45647,15742031,15742036,5
45648,15742888,15742899,11
45649,15743787,15743795,8
45650,15744223,15744231,8
45651,15745450,15745456,6
45652,15746406,15746412,6
45653,15746667,15746676,9
45654,15746712,15746722,10
45655,15746769,15746778,9
45656,15746863,15746868,5
45657,15747334,15747344,10
45658,15747422,15747425,3
45659,15747530,15747534,4
45660,15747754,15747760,6
45661,15747776,15747782,6
45662,15748294,15748300,6
45663,15748324,15748333,9
45664,15749612,15749621,9
45665,15750266,15750269,3
45666,15750269,15750278,9
45667,15750448,15750456,8
45668,15750502,15750508,6
45669,15750812,15750821,9
45670,15750933,15750942,9
45671,15751843,15751850,7
45672,15752583,15752589,6
45673,15753165,15753170,5
45674,15753282,15753289,7
45675,15753474,15753478,4
45676,15753703,15753709,6
45677,15754055,15754059,4
45678,15754059,15754062,3
45679,15754062,15754072,10
45680,15754072,15754075,3
45681,15754108,15754114,6
45682,15754138,15754147,9
45683,15754520,15754523,3
45684,15755375,15755384,9
45685,15755384,15755387,3
45686,15756012,15756021,9
45687,15756435,15756441,6
45688,15756441,15756447,6
45689,15756447,15756453,6
45690,15756453,15756459,6
45691,15756459,15756465,6
45692,15756465,15756471,6
45693,15756471,15756477,6
45694,15756885,15756888,3
45695,15756994,15756999,5
45696,15758159,15758169,10
45697,15758331,15758338,7
45698,15758454,15758463,9
45699,15758665,15758671,6
45700,15758751,15758756,5
45701,15759188,15759196,8
45702,15759196,15759200,4
45703,15759422,15759429,7
45704,15760946,15760950,4
45705,15761242,15761248,6
45706,15761606,15761611,5
45707,15762523,15762529,6
45708,15762529,15762532,3
45709,15763298,15763306,8
45710,15764257,15764260,3
45711,15765322,15765326,4
45712,15765426,15765430,4
45713,15765997,15766001,4
45714,15766001,15766007,6
45715,15766125,15766130,5
45716,15766130,15766134,4
45717,15766549,15766554,5
45718,15766948,15766954,6
45719,15766954,15766965,11
45720,15766965,15766972,7
45721,15767394,15767397,3
45722,15767764,15767771,7
45723,15767789,15767798,9
45724,15767963,15767966,3
45725,15768184,15768188,4
45726,15768772,15768775,3
45727,15769527,15769537,10
45728,15770037,15770042,5
45729,15770427,15770430,3
45730,15771576,15771584,8
45731,15771693,15771699,6
45732,15771885,15771888,3
45733,15772197,15772203,6
45734,15772455,15772467,12
45735,15772500,15772503,3
45736,15772665,15772673,8
45737,15772783,15772789,6
45738,15773403,15773410,7
45739,15773440,15773445,5
45740,15773646,15773650,4
45741,15773650,15773656,6
45742,15774590,15774593,3
45743,15774863,15774872,9
45744,15775218,15775227,9
45745,15775259,15775266,7
45746,15775332,15775337,5
45747,15775615,15775624,9
45748,15775641,15775652,11
45749,15775978,15775985,7
45750,15776147,15776153,6
45751,15776335,15776341,6
45752,15776416,15776420,4
45753,15776800,15776807,7
45754,15777148,15777154,6
45755,15777219,15777225,6
45756,15777744,15777750,6
45757,15777794,15777803,9
45758,15777825,15777830,5
45759,15777980,15777987,7
45760,15778576,15778583,7
45761,15779082,15779088,6
45762,15779088,15779094,6
45763,15779235,15779244,9
45764,15779570,15779578,8
45765,15779798,15779804,6
45766,15779804,15779807,3
45767,15780420,15780427,7
45768,15780754,15780762,8
45769,15780917,15780921,4
45770,15780921,15780926,5
45771,15781062,15781065,3
45772,15781073,15781080,7
45773,15781260,15781268,8
45774,15781473,15781482,9
45775,15781729,15781740,11
45776,15782228,15782232,4
45777,15782719,15782725,6
45778,15782850,15782853,3
45779,15783054,15783059,5
45780,15783101,15783105,4
45781,15784442,15784449,7
45782,15784620,15784623,3
45783,15784784,15784792,8
45784,15785112,15785118,6
45785,15785136,15785142,6
45786,15785533,15785540,7
45787,15785609,15785616,7
45788,15785863,15785866,3
45789,15785866,15785877,11
45790,15786281,15786288,7
45791,15786371,15786374,3
45792,15786374,15786380,6
45793,15786588,15786597,9
45794,15786923,15786932,9
45795,15787055,15787060,5
45796,15787616,15787625,9
45797,15787840,15787844,4
45798,15788079,15788086,7
45799,15788316,15788321,5
45800,15788361,15788364,3
45801,15789258,15789261,3
45802,15789935,15789939,4
45803,15790086,15790095,9
45804,15790270,15790277,7
45805,15791353,15791363,10
45806,15791886,15791895,9
45807,15792616,15792622,6
45808,15792622,15792635,13
45809,15792666,15792674,8
45810,15792905,15792911,6
45811,15792911,15792914,3
45812,15792929,15792936,7
45813,15793804,15793812,8
45814,15793994,15794007,13
45815,15794298,15794386,88
45816,15794386,15794500,114
45817,15794500,15794587,87
45818,15794587,15794611,24
45819,15794611,15794635,24
45820,15794635,15794773,138
45821,15794773,15794788,15
45822,15794788,15794808,20
45823,15794808,15794812,4
45824,15794812,15794859,47
45825,15794859,15794913,54
45826,15794913,15794939,26
45827,15794939,15794991,52
45828,15794991,15795003,12
45829,15795003,15795015,12
45830,15795073,15795117,44
45831,15795117,15795120,3
45832,15795120,15795178,58
45833,15795178,15795187,9
45834,15795187,15795190,3
45835,15795190,15795390,200
45836,15795390,15795603,213
45837,15795603,15795633,30
45838,15796021,15796038,17
45839,15796117,15796147,30
45840,15796172,15796179,7
45841,15796179,15796190,11
45842,15796190,15796194,4
45843,15796355,15796387,32
45844,15796692,15796705,13
45845,15796745,15796753,8
45846,15797181,15797194,13
45847,15797259,15797262,3
45848,15797468,15797556,88
45849,15797556,15797670,114
45850,15797670,15797757,87
45851,15797757,15797781,24
45852,15797781,15797805,24
45853,15797805,15797943,138
45854,15797943,15797958,15
45855,15797958,15797978,20
45856,15797978,15797982,4
45857,15797982,15798029,47
45858,15798029,15798083,54
45859,15798083,15798109,26
45860,15798109,15798161,52
45861,15798161,15798173,12
45862,15798173,15798185,12
45863,15798243,15798287,44
45864,15798287,15798290,3
45865,15798290,15798348,58
45866,15798348,15798357,9
45867,15798357,15798360,3
45868,15798360,15798560,200
45869,15798560,15798773,213
45870,15798773,15798803,30
45871,15799155,15799172,17
45872,15799251,15799281,30
45873,15799306,15799313,7
45874,15799313,15799324,11
45875,15799324,15799328,4
45876,15799486,15799518,32
45877,15800014,15800023,9
45878,15800165,15800174,9
45879,15800174,15800183,9
45880,15800237,15800246,9
45881,15800246,15800249,3
45882,15800249,15800254,5
45883,15800306,15800315,9
45884,15800480,15800486,6
45885,15800502,15800509,7
45886,15800762,15800771,9
45887,15800818,15800821,3
45888,15801842,15801850,8
45889,15802416,15802419,3
45890,15802689,15802696,7
45891,15802843,15802848,5
45892,15802976,15802985,9
45893,15802995,15803001,6
45894,15803104,15803110,6
45895,15804818,15804821,3
45896,15805107,15805113,6
45897,15805113,15805118,5
45898,15805128,15805133,5
45899,15806173,15806179,6
45900,15806284,15806290,6
45901,15806290,15806296,6
45902,15806336,15806341,5
45903,15806341,15806346,5
45904,15806346,15806349,3
45905,15806404,15806407,3
45906,15807001,15807010,9
45907,15807217,15807226,9
45908,15809435,15809442,7
45909,15809442,15809446,4
45910,15809457,15809461,4
45911,15809824,15809832,8
45912,15809832,15809842,10
45913,15809842,15809849,7
45914,15809849,15809858,9
45915,15809858,15809866,8
45916,15809950,15809959,9
45917,15810346,15810353,7
45918,15810799,15810802,3
45919,15810818,15810827,9
45920,15811184,15811190,6
45921,15811580,15811588,8
45922,15811588,15811593,5
45923,15812323,15812332,9
45924,15813487,15813496,9
45925,15813496,15813502,6
45926,15814709,15814718,9
45927,15814956,15814965,9
45928,15814965,15814971,6
45929,15815417,15815424,7
45930,15815626,15815632,6
45931,15816562,15816574,12
45932,15816747,15816754,7
45933,15817772,15817779,7
45934,15818311,15818316,5
45935,15818316,15818320,4
45936,15818553,15818563,10
45937,15818563,15818571,8
45938,15819299,15819304,5
45939,15819403,15819410,7
45940,15819421,15819430,9
45941,15819740,15819746,6
45942,15820291,15820300,9
45943,15820843,15820846,3
45944,15820846,15820851,5
45945,15822586,15822594,8
45946,15822594,15822601,7
45947,15823943,15823947,4
45948,15823947,15823951,4
45949,15823951,15823954,3
45950,15823990,15823995,5
45951,15824008,15824011,3
45952,15824838,15824844,6
45953,15825267,15825276,9
45954,15825560,15825563,3
45955,15825563,15825567,4
45956,15826273,15826279,6
45957,15826464,15826471,7
45958,15826893,15826898,5
45959,15827348,15827352,4
45960,15827352,15827361,9
45961,15828245,15828248,3
45962,15829993,15830000,7
45963,15830238,15830242,4
45964,15830313,15830320,7
45965,15830430,15830436,6
45966,15830583,15830587,4
45967,15831071,15831075,4
45968,15831114,15831123,9
45969,15831858,15831862,4
45970,15832062,15832066,4
45971,15832607,15832614,7
45972,15833041,15833044,3
45973,15833518,15833525,7
45974,15834079,15834089,10
45975,15834089,15834096,7
45976,15836053,15836056,3
45977,15837260,15837304,44
45978,15837320,15837328,8
45979,15837350,15837372,22
45980,15837372,15837382,10
45981,15837382,15837447,65
45982,15837447,15837464,17
45983,15837464,15837471,7
45984,15837537,15837544,7
45985,15837544,15837554,10
45986,15837554,15837559,5
45987,15838531,15838535,4
45988,15838535,15838541,6
45989,15838541,15838547,6
45990,15838760,15838763,3
45991,15838902,15838907,5
45992,15839042,15839050,8
45993,15839050,15839054,4
45994,15839114,15839119,5
45995,15839760,15839763,3
45996,15839763,15839770,7
45997,15839770,15839776,6
45998,15839996,15840002,6
45999,15841661,15841665,4
46000,15842530,15842537,7
46001,15842537,15842544,7
46002,15842606,15842609,3
46003,15842688,15842696,8
46004,15843085,15843092,7
46005,15843185,15843191,6
46006,15843495,15843502,7
46007,15844175,15844181,6
46008,15844438,15844448,10
46009,15844448,15844452,4
46010,15844479,15844489,10
46011,15845040,15845043,3
46012,15845955,15845960,5
46013,15846271,15846280,9
46014,15846371,15846376,5
46015,15846542,15846551,9
46016,15846791,15846800,9
46017,15847311,15847318,7
46018,15847982,15847988,6
46019,15848529,15848532,3
46020,15848532,15848538,6
46021,15848538,15848548,10
46022,15849703,15849712,9
46023,15851342,15851349,7
46024,15851695,15851702,7
46025,15851775,15851778,3
46026,15851841,15851844,3
46027,15851922,15851925,3
46028,15851925,15851928,3
46029,15851940,15851949,9
46030,15851949,15851952,3
46031,15851952,15851958,6
46032,15852151,15852157,6
46033,15852219,15852225,6
46034,15852479,15852484,5
46035,15852494,15852499,5
46036,15854149,15854155,6
46037,15855014,15855017,3
46038,15855437,15855440,3
46039,15855597,15855600,3
46040,15855736,15855739,3
46041,15856152,15856157,5
46042,15856167,15856170,3
46043,15856318,15856327,9
46044,15856327,15856332,5
46045,15856546,15856554,8
46046,15857202,15857206,4
46047,15857385,15857388,3
46048,15857505,15857512,7
46049,15857909,15857918,9
46050,15857918,15857927,9
46051,15858398,15858401,3
46052,15858810,15858813,3
46053,15859441,15859445,4
46054,15859748,15859755,7
46055,15861764,15861772,8
46056,15862272,15862280,8
46057,15862328,15862333,5
46058,15862524,15862532,8
46059,15862640,15862643,3
46060,15863746,15863752,6
46061,15863752,15863755,3
46062,15863755,15863761,6
46063,15863891,15863897,6
46064,15864970,15864977,7
46065,15864977,15864981,4
46066,15866341,15866349,8
46067,15867167,15867173,6
46068,15867220,15867228,8
46069,15867707,15867715,8
46070,15869149,15869157,8
46071,15869899,15869905,6
46072,15871714,15871724,10
46073,15872772,15872778,6
46074,15873497,15873505,8
46075,15873543,15873548,5
46076,15874019,15874026,7
46077,15874026,15874029,3
46078,15874442,15874446,4
46079,15874446,15874454,8
46080,15874605,15874611,6
46081,15875000,15875007,7
46082,15875007,15875015,8
46083,15875133,15875142,9
46084,15875548,15875551,3
46085,15875742,15875749,7
46086,15875813,15875818,5
46087,15875951,15875956,5
46088,15877265,15877273,8
46089,15877542,15877545,3
46090,15877690,15877695,5
46091,15877713,15877719,6
46092,15877719,15877725,6
46093,15877725,15877731,6
46094,15877875,15877878,3
46095,15878436,15878439,3
46096,15879065,15879069,4
46097,15879241,15879245,4
46098,15879402,15879410,8
46099,15879410,15879415,5
46100,15879491,15879500,9
46101,15879522,15879528,6
46102,15879528,15879534,6
46103,15879549,15879558,9
46104,15879578,15879581,3
46105,15879923,15879926,3
46106,15879951,15879960,9
46107,15880053,15880062,9
46108,15880470,15880475,5
46109,15880498,15880502,4
46110,15880609,15880616,7
46111,15880616,15880619,3
46112,15880619,15880622,3
46113,15880622,15880631,9
46114,15880631,15880637,6
46115,15880788,15880796,8
46116,15881010,15881021,11
46117,15881021,15881031,10
46118,15881131,15881135,4
46119,15881374,15881377,3
46120,15881551,15881555,4
46121,15882042,15882046,4
46122,15882046,15882053,7
46123,15882511,15882515,4
46124,15883515,15883523,8
46125,15883523,15883530,7
46126,15884166,15884172,6
46127,15884487,15884490,3
46128,15884805,15884810,5
46129,15884810,15884814,4
46130,15885505,15885514,9
46131,15885781,15885786,5
46132,15885799,15885802,3
46133,15885813,15885820,7
46134,15887165,15887169,4
46135,15887420,15887428,8
46136,15888594,15888601,7
46137,15888796,15888801,5
46138,15889515,15889518,3
46139,15889554,15889563,9
46140,15889601,15889611,10
46141,15889927,15889932,5
46142,15891932,15891936,4
46143,15891978,15891987,9
46144,15892014,15892020,6
46145,15892020,15892027,7
46146,15892087,15892095,8
46147,15892171,15892175,4
46148,15892397,15892400,3
46149,15892505,15892517,12
46150,15892943,15892948,5
46151,15892948,15892953,5
46152,15892953,15892958,5
46153,15893259,15893263,4
46154,15894781,15894786,5
46155,15894881,15894886,5
46156,15894905,15894914,9
46157,15895000,15895004,4
46158,15895072,15895075,3
46159,15895220,15895225,5
46160,15895819,15895824,5
46161,15895857,15895866,9
46162,15896969,15896972,3
46163,15896972,15896975,3
46164,15897058,15897067,9
46165,15897603,15897611,8
46166,15897775,15897781,6
46167,15897781,15897785,4
46168,15897785,15897791,6
46169,15898408,15898416,8
46170,15898849,15898855,6
46171,15900066,15900072,6
46172,15901671,15901677,6
46173,15901827,15901830,3
46174,15902384,15902394,10
46175,15903178,15903190,12
46176,15903232,15903238,6
46177,15903238,15903254,16
46178,15904146,15904155,9
46179,15904285,15904293,8
46180,15904293,15904301,8
46181,15904742,15904748,6
46182,15904827,15904835,8
46183,15905011,15905017,6
46184,15905391,15905400,9
46185,15907051,15907054,3
46186,15907443,15907451,8
46187,15907451,15907455,4
46188,15907700,15907711,11
46189,15907711,15907718,7
46190,15908492,15908497,5
46191,15908497,15908503,6
46192,15908676,15908683,7
46193,15908800,15908804,4
46194,15908996,15908999,3
46195,15908999,15909003,4
46196,15909003,15909013,10
46197,15909054,15909062,8
46198,15909062,15909066,4
46199,15909066,15909071,5
46200,15910527,15910533,6
46201,15911354,15911361,7
46202,15913464,15913470,6
46203,15913470,15913473,3
46204,15913530,15913533,3
46205,15914053,15914058,5
46206,15914576,15914587,11
46207,15914587,15914595,8
46208,15914612,15914618,6
46209,15914720,15914727,7
46210,15914990,15914995,5
46211,15915317,15915326,9
46212,15915609,15915615,6
46213,15915746,15915752,6
46214,15915752,15915757,5
46215,15915937,15915944,7
46216,15916135,15916141,6
46217,15916493,15916502,9
46218,15916502,15916505,3
46219,15916505,15916513,8
46220,15916591,15916595,4
46221,15916838,15916844,6
46222,15917116,15917120,4
46223,15917141,15917147,6
46224,15917147,15917155,8
46225,15917155,15917159,4
46226,15917204,15917210,6
46227,15917339,15917344,5
46228,15917518,15917526,8
46229,15917651,15917660,9
46230,15917729,15917732,3
46231,15917825,15917833,8
46232,15917964,15917970,6
46233,15918319,15918326,7
46234,15919126,15919131,5
46235,15919131,15919135,4
46236,15919135,15919144,9
46237,15919231,15919234,3
46238,15919270,15919279,9
46239,15919279,15919282,3
46240,15919951,15919955,4
46241,15919955,15919960,5
46242,15920154,15920161,7
46243,15921009,15921012,3
46244,15921012,15921022,10
46245,15921582,15921589,7
46246,15922374,15922378,4
46247,15922894,15922898,4
46248,15923070,15923075,5
46249,15923927,15923933,6
46250,15924293,15924299,6
46251,15925108,15925112,4
46252,15925112,15925118,6
46253,15925278,15925286,8
46254,15925335,15925341,6
46255,15925811,15925816,5
46256,15926042,15926051,9
46257,15926402,15926407,5
46258,15926571,15926579,8
46259,15926652,15926661,9
46260,15926661,15926664,3
46261,15926915,15926919,4
46262,15927039,15927048,9
46263,15927379,15927383,4
46264,15928304,15928311,7
46265,15928343,15928352,9
46266,15928601,15928605,4
46267,15928630,15928637,7
46268,15929218,15929227,9
46269,15930197,15930205,8
46270,15930238,15930248,10
46271,15934628,15934636,8
46272,15935752,15935755,3
46273,15936693,15936699,6
46274,15937607,15937611,4
46275,15937869,15937872,3
46276,15938512,15938516,4
46277,15938717,15938723,6
46278,15938921,15938930,9
46279,15939231,15939234,3
46280,15939280,15939286,6
46281,15939823,15939829,6
46282,15939976,15939986,10
46283,15940656,15940666,10
46284,15940781,15940785,4
46285,15941358,15941365,7
46286,15941425,15941430,5
46287,15942371,15942381,10
46288,15942542,15942550,8
46289,15943219,15943222,3
46290,15943497,15943503,6
46291,15943544,15943548,4
46292,15944464,15944473,9
46293,15944473,15944478,5
46294,15944770,15944773,3
46295,15945404,15945411,7
46296,15946326,15946332,6
46297,15946621,15946630,9
46298,15946999,15947010,11
46299,15947087,15947102,15
46300,15948254,15948261,7
46301,15948272,15948279,7
46302,15948299,15948308,9
46303,15948308,15948317,9
46304,15948335,15948338,3
46305,15948399,15948402,3
46306,15948455,15948458,3
46307,15948458,15948461,3
46308,15948461,15948467,6
46309,15948467,15948473,6
46310,15948473,15948482,9
46311,15948637,15948641,4
46312,15948736,15948742,6
46313,15948763,15948767,4
46314,15948767,15948770,3
46315,15948770,15948773,3
46316,15948788,15948794,6
46317,15948827,15948833,6
46318,15949065,15949071,6
46319,15949071,15949077,6
46320,15949111,15949115,4
46321,15949460,15949467,7
46322,15949630,15949637,7
46323,15949744,15949747,3
46324,15949884,15949890,6
46325,15950294,15950302,8
46326,15950302,15950308,6
46327,15950905,15950913,8
46328,15950929,15950937,8
46329,15950937,15950946,9
46330,15950946,15950955,9
46331,15950955,15950959,4
46332,15950959,15950967,8
46333,15951375,15951384,9
46334,15951384,15951392,8
46335,15951392,15951396,4
46336,15951396,15951399,3
46337,15951446,15951452,6
46338,15951520,15951523,3
46339,15952249,15952256,7
46340,15952598,15952604,6
46341,15952908,15952918,10
46342,15952918,15952924,6
46343,15952924,15952930,6
46344,15954112,15954119,7
46345,15954119,15954126,7
46346,15954191,15954196,5
46347,15954352,15954355,3
46348,15955019,15955025,6
46349,15955025,15955030,5
46350,15955030,15955040,10
46351,15955098,15955110,12
46352,15956708,15956714,6
46353,15956714,15956724,10
46354,15956979,15956985,6
46355,15956985,15956997,12
46356,15957009,15957015,6
46357,15957015,15957021,6
46358,15957021,15957027,6
46359,15957960,15957968,8
46360,15958701,15958709,8
46361,15958709,15958714,5
46362,15958714,15958719,5
46363,15958719,15958724,5
46364,15958724,15958734,10
46365,15958734,15958739,5
46366,15958811,15958815,4
46367,15958815,15958821,6
46368,15959151,15959158,7
46369,15959605,15959609,4
46370,15959760,15959769,9
46371,15959875,15959882,7
46372,15959882,15959889,7
46373,15961838,15961846,8
46374,15961884,15961890,6
46375,15962587,15962591,4
46376,15962699,15962709,10
46377,15963159,15963164,5
46378,15963381,15963385,4
46379,15963767,15963773,6
46380,15963773,15963778,5
46381,15964061,15964072,11
46382,15964358,15964361,3
46383,15964670,15964674,4
46384,15965124,15965131,7
46385,15965683,15965687,4
46386,15965944,15965951,7
46387,15966505,15966511,6
46388,15967758,15967766,8
46389,15967872,15967884,12
46390,15967902,15967908,6
46391,15968373,15968377,4
46392,15969715,15969718,3
46393,15969937,15969942,5
46394,15969955,15969958,3
46395,15969958,15969961,3
46396,15969972,15969978,6
46397,15969978,15969984,6
46398,15969984,15969992,8
46399,15970108,15970120,12
46400,15970120,15970132,12
46401,15970132,15970138,6
46402,15970363,15970369,6
46403,15970781,15970785,4
46404,15971290,15971294,4
46405,15971665,15971668,3
46406,15971776,15971784,8
46407,15971819,15971827,8
46408,15972158,15972165,7
46409,15972165,15972169,4
46410,15973444,15973448,4
46411,15975225,15975228,3
46412,15975258,15975263,5
46413,15975263,15975270,7
46414,15975522,15975536,14
46415,15975550,15975564,14
46416,15975564,15975578,14
46417,15975620,15975634,14
46418,15975634,15975648,14
46419,15975662,15975676,14
46420,15975676,15975690,14
46421,15975746,15975760,14
46422,15975760,15975773,13
46423,15975773,15975787,14
46424,15975787,15975801,14
46425,15975801,15975815,14
46426,15975828,15975842,14
46427,15975842,15975856,14
46428,15975856,15975870,14
46429,15975870,15975884,14
46430,15975884,15975897,13
46431,15975897,15975911,14
46432,15975911,15975925,14
46433,15975925,15975939,14
46434,15975953,15975967,14
46435,15975967,15975981,14
46436,15976414,15976419,5
46437,15977165,15977169,4
46438,15978197,15978203,6
46439,15978248,15978255,7
46440,15978693,15978698,5
46441,15978903,15978907,4
46442,15978950,15978954,4
46443,15979039,15979045,6
46444,15979082,15979090,8
46445,15979219,15979223,4
46446,15979223,15979228,5
46447,15979271,15979277,6
46448,15979300,15979303,3
46449,15979440,15979446,6
46450,15979466,15979475,9
46451,15980344,15980349,5
46452,15980727,15980733,6
46453,15980794,15980800,6
46454,15980996,15981000,4
46455,15981363,15981369,6
46456,15981814,15981818,4
46457,15982428,15982431,3
46458,15982431,15982434,3
46459,15982434,15982437,3
46460,15983175,15983181,6
46461,15983412,15983417,5
46462,15983718,15983723,5
46463,15984038,15984041,3
46464,15986289,15986292,3
46465,15987287,15987296,9
46466,15987740,15987743,3
46467,15988287,15988290,3
46468,15988783,15988790,7
46469,15988852,15988861,9
46470,15988976,15988980,4
46471,15990380,15990386,6
46472,15990972,15990976,4
46473,15990976,15990982,6
46474,15991036,15991046,10
46475,15991062,15991065,3
46476,15991285,15991294,9
46477,15992380,15992386,6
46478,15992714,15992722,8
46479,15993235,15993240,5
46480,15993583,15993586,3
46481,15993838,15993846,8
46482,15993846,15993857,11
46483,15993857,15993866,9
46484,15995196,15995200,4
46485,15995550,15995561,11
46486,15997732,15997741,9
46487,15997783,15997789,6
46488,15997947,15997957,10
46489,15997957,15997960,3
46490,15998491,15998494,3
46491,15998509,15998518,9
46492,15998551,15998563,12
46493,16000432,16000442,10
46494,16000548,16000556,8
46495,16000556,16000561,5
46496,16000785,16000793,8
46497,16001170,16001177,7
46498,16002370,16002377,7
46499,16002541,16002547,6
46500,16002629,16002634,5
46501,16002954,16002958,4
46502,16002958,16002962,4
46503,16002962,16002972,10
46504,16004690,16004695,5
46505,16006002,16006005,3
46506,16006302,16006309,7
46507,16007014,16007021,7
46508,16007571,16007574,3
46509,16008587,16008595,8
46510,16008839,16008843,4
46511,16009284,16009290,6
46512,16009347,16009351,4
46513,16009362,16009368,6
46514,16009765,16009770,5
46515,16010374,16010383,9
46516,16011289,16011298,9
46517,16012657,16012714,57
46518,16012897,16012927,30
46519,16013013,16013092,79
46520,16015219,16015510,291
46521,16016709,16017000,291
46522,16017291,16017582,291
46523,16018410,16018462,52
46524,16018462,16018478,16
46525,16018701,16018753,52
46526,16018753,16018992,239
46527,16018992,16019044,52
46528,16019283,16019335,52
46529,16019335,16019351,16
46530,16019593,16019884,291
46531,16019936,16019952,16
46532,16019952,16020175,223
46533,16020175,16020227,52
46534,16020466,16020518,52
46535,16020518,16020534,16
46536,16020534,16020757,223
46537,16020757,16020809,52
46538,16021048,16021100,52
46539,16021100,16021339,239
46540,16021339,16021391,52
46541,16021609,16021630,21
46542,16021921,16021973,52
46543,16021973,16021989,16
46544,16022191,16022212,21
46545,16022503,16022555,52
46546,16022555,16022571,16
46547,16022763,16022794,31
46548,16023376,16023428,52
46549,16023636,16023667,31
46550,16024187,16024249,62
46551,16024478,16024540,62
46552,16025122,16025413,291
46553,16026577,16026868,291
46554,16027159,16027450,291
46555,16028614,16028905,291
46556,16029196,16029487,291
46557,16030412,16030428,16
46558,16031523,16031631,108
46559,16031631,16031814,183
46560,16032105,16032213,108
46561,16032213,16032396,183
46562,16032396,16032504,108
46563,16033851,16033959,108
46564,16034143,16034434,291
46565,16034434,16034725,291
46566,16035068,16035084,16
46567,16035307,16035598,291
46568,16035598,16035889,291
46569,16036180,16036232,52
46570,16036471,16036762,291
46571,16036762,16037053,291
46572,16037053,16037105,52
46573,16037344,16037635,291
46574,16037635,16037926,291
46575,16037926,16037978,52
46576,16038217,16038269,52
46577,16038269,16038285,16
46578,16038508,16038560,52
46579,16038560,16038576,16
46580,16039381,16039447,66
46581,16039477,16039482,5
46582,16039482,16039522,40
46583,16039522,16039585,63
46584,16039585,16039642,57
46585,16039642,16039801,159
46586,16039801,16039831,30
46587,16039917,16039996,79
46588,16039996,16040149,153
46589,16040149,16040164,15
46590,16040377,16040434,57
46591,16040434,16040449,15
46592,16040662,16040953,291
46593,16040953,16041244,291
46594,16041931,16041936,5
46595,16041936,16041976,40
46596,16042279,16042309,30
46597,16042395,16042474,79
46598,16042912,16042927,15
46599,16043140,16043197,57
46600,16043197,16043212,15
46601,16043212,16043425,213
46602,16043425,16043442,17
46603,16043442,16043482,40
46604,16043482,16043497,15
46605,16043710,16043776,66
46606,16043806,16043811,5
46607,16043811,16043851,40
46608,16043851,16043914,63
46609,16043914,16043971,57
46610,16043971,16044130,159
46611,16044130,16044160,30
46612,16044246,16044325,79
46613,16044325,16044478,153
46614,16044706,16044763,57
46615,16044763,16044778,15
46616,16044778,16044991,213
46617,16044991,16045048,57
46618,16045048,16045063,15
46619,16045063,16045276,213
46620,16045276,16045333,57
46621,16045333,16045348,15
46622,16045561,16045578,17
46623,16045578,16045618,40
46624,16045618,16045633,15
46625,16045633,16045846,213
46626,16045846,16045903,57
46627,16045903,16045918,15
46628,16045918,16046131,213
46629,16046131,16046188,57
46630,16046188,16046203,15
46631,16046416,16046473,57
46632,16046473,16046488,15
46633,16046701,16046758,57
46634,16046758,16046773,15
46635,16047271,16047328,57
46636,16047328,16047343,15
46637,16047556,16047613,57
46638,16047613,16047628,15
46639,16047841,16047858,17
46640,16047858,16047898,40
46641,16047898,16047913,15
46642,16048126,16048143,17
46643,16048143,16048183,40
46644,16048183,16048198,15
46645,16048411,16048428,17
46646,16048428,16048468,40
46647,16048468,16048483,15
46648,16048765,16048780,15
46649,16048780,16048993,213
46650,16048993,16049010,17
46651,16049010,16049050,40
46652,16049050,16049065,15
46653,16049278,16049295,17
46654,16049295,16049335,40
46655,16049335,16049350,15
46656,16049564,16049581,17
46657,16049581,16049621,40
46658,16049621,16049636,15
46659,16049849,16049866,17
46660,16049906,16049921,15
46661,16049921,16050134,213
46662,16050134,16050151,17
46663,16050151,16050191,40
46664,16050191,16050206,15
46665,16050419,16050436,17
46666,16050436,16050476,40
46667,16050476,16050491,15
46668,16050707,16050724,17
46669,16050724,16050764,40
46670,16050764,16050779,15
46671,16050779,16050992,213
46672,16050992,16051009,17
46673,16051009,16051049,40
46674,16051049,16051064,15
46675,16051064,16051277,213
46676,16051277,16051294,17
46677,16051294,16051334,40
46678,16051334,16051349,15
46679,16051349,16051562,213
46680,16051562,16051579,17
46681,16051579,16051619,40
46682,16051619,16051634,15
46683,16051864,16051904,40
46684,16051904,16051919,15
46685,16052132,16052149,17
46686,16052189,16052204,15
46687,16052418,16052435,17
46688,16052435,16052475,40
46689,16052475,16052490,15
46690,16052490,16052703,213
46691,16052703,16052720,17
46692,16052720,16052760,40
46693,16052760,16052775,15
46694,16053045,16053060,15
46695,16053273,16053290,17
46696,16053290,16053330,40
46697,16053330,16053345,15
46698,16053560,16053577,17
46699,16053577,16053617,40
46700,16053617,16053632,15
46701,16053845,16053862,17
46702,16053862,16053902,40
46703,16053902,16053917,15
46704,16053917,16054130,213
46705,16054130,16054147,17
46706,16054147,16054187,40
46707,16054187,16054202,15
46708,16054202,16054415,213
46709,16054415,16054432,17
46710,16054432,16054472,40
46711,16054472,16054487,15
46712,16054717,16054757,40
46713,16054757,16054772,15
46714,16054985,16055002,17
46715,16055042,16055057,15
46716,16055270,16055287,17
46717,16055287,16055327,40
46718,16055327,16055342,15
46719,16055555,16055572,17
46720,16055572,16055612,40
46721,16055612,16055627,15
46722,16055627,16055840,213
46723,16055840,16055857,17
46724,16055857,16055897,40
46725,16055897,16055912,15
46726,16056125,16056142,17
46727,16056142,16056182,40
46728,16056182,16056197,15
46729,16056197,16056410,213
46730,16056410,16056427,17
46731,16056427,16056467,40
46732,16056467,16056482,15
46733,16056482,16056695,213
46734,16056695,16056712,17
46735,16056752,16056767,15
46736,16057037,16057052,15
46737,16057265,16057282,17
46738,16057282,16057322,40
46739,16057322,16057337,15
46740,16057553,16057559,6
46741,16057559,16057565,6
46742,16057980,16058013,33
46743,16058013,16058169,156
46744,16058352,16058385,33
46745,16058385,16058541,156
46746,16058724,16058757,33
46747,16058757,16058913,156
46748,16059096,16059129,33
46749,16059129,16059285,156
46750,16059468,16059501,33
46751,16060046,16060053,7
46752,16061417,16061422,5
46753,16062046,16062049,3
46754,16062230,16062240,10
46755,16062781,16062787,6
46756,16062787,16062792,5
46757,16063761,16063768,7
46758,16064839,16064847,8
46759,16065673,16065678,5
46760,16069003,16069010,7
46761,16070034,16070037,3
46762,16070261,16070266,5
46763,16071109,16071116,7
46764,16071301,16071310,9
46765,16072087,16072094,7
46766,16073510,16073519,9
46767,16075025,16075035,10
46768,16076254,16076262,8
46769,16076424,16076433,9
46770,16076481,16076484,3
46771,16076724,16076730,6
46772,16076742,16076746,4
46773,16076746,16076754,8
46774,16078172,16078183,11
46775,16078801,16078807,6
46776,16078826,16078839,13
46777,16079565,16079568,3
46778,16079842,16079847,5
46779,16079847,16079850,3
46780,16080141,16080147,6
46781,16080147,16080150,3
46782,16080150,16080153,3
46783,16080489,16080495,6
46784,16080505,16080511,6
46785,16080525,16080532,7
46786,16080532,16080540,8
46787,16080588,16080594,6
46788,16080594,16080597,3
46789,16080774,16080780,6
46790,16080984,16080989,5
46791,16080989,16080995,6
46792,16081112,16081115,3
46793,16081115,16081121,6
46794,16081121,16081128,7
46795,16081284,16081287,3
46796,16081869,16081878,9
46797,16081949,16081957,8
46798,16082020,16082023,3
46799,16082140,16082145,5
46800,16082871,16082881,10
46801,16082981,16082985,4
46802,16083303,16083309,6
46803,16084092,16084099,7
46804,16084177,16084186,9
46805,16084257,16084261,4
46806,16084517,16084520,3
46807,16084886,16084892,6
46808,16084892,16084898,6
46809,16084925,16084931,6
46810,16084952,16084961,9
46811,16085647,16085650,3
46812,16085764,16085775,11
46813,16086233,16086236,3
46814,16086884,16086889,5
46815,16088188,16088193,5
46816,16088605,16088613,8
46817,16090543,16090552,9
46818,16090552,16090558,6
46819,16090558,16090562,4
46820,16090562,16090566,4
46821,16090996,16091000,4
46822,16091364,16091370,6
46823,16092497,16092504,7
46824,16093356,16093363,7
46825,16093600,16093609,9
46826,16093683,16093691,8
46827,16093691,16093700,9
46828,16094041,16094047,6
46829,16094065,16094073,8
46830,16094073,16094085,12
46831,16094337,16094344,7
46832,16094401,16094407,6
46833,16094921,16094927,6
46834,16095184,16095192,8
46835,16095292,16095300,8
46836,16095300,16095307,7
46837,16098300,16098309,9
46838,16098398,16098402,4
46839,16099204,16099215,11
46840,16099437,16099443,6
46841,16099443,16099449,6
46842,16099584,16099591,7
46843,16099863,16099872,9
46844,16100696,16100704,8
46845,16101347,16101350,3
46846,16101523,16101527,4
46847,16102314,16102323,9
46848,16102908,16102913,5
46849,16103740,16103744,4
46850,16103825,16103832,7
46851,16106067,16106075,8
46852,16106715,16106721,6
46853,16107090,16107096,6
46854,16107491,16107494,3
46855,16107494,16107497,3
46856,16108093,16108101,8
46857,16109315,16109324,9
46858,16109324,16109332,8
46859,16109343,16109348,5
46860,16109753,16109756,3
46861,16109847,16109852,5
46862,16111524,16111529,5
46863,16112072,16112081,9
46864,16113939,16113943,4
46865,16114461,16114469,8
46866,16114544,16114550,6
46867,16115450,16115457,7
46868,16115730,16115739,9
46869,16115739,16115745,6
46870,16115745,16115748,3
46871,16115990,16115993,3
46872,16115993,16115997,4
46873,16115997,16116007,10
46874,16116317,16116320,3
46875,16117007,16117019,12
46876,16117170,16117175,5
46877,16117958,16117966,8
46878,16118026,16118034,8
46879,16118857,16118864,7
46880,16118864,16118871,7
46881,16118931,16118939,8
46882,16119054,16119061,7
46883,16119136,16119144,8
46884,16119156,16119162,6
46885,16119428,16119436,8
46886,16119865,16119874,9
46887,16120260,16120264,4
46888,16120365,16120371,6
46889,16120869,16120878,9
46890,16121609,16121615,6
46891,16121615,16121630,15
46892,16121630,16121638,8
46893,16121792,16121796,4
46894,16122064,16122070,6
46895,16122098,16122104,6
46896,16122130,16122139,9
46897,16122254,16122257,3
46898,16122383,16122392,9
46899,16122392,16122398,6
46900,16122707,16122713,6
46901,16122713,16122719,6
46902,16122719,16122725,6
46903,16122749,16122753,4
46904,16122753,16122758,5
46905,16122832,16122835,3
46906,16122965,16122971,6
46907,16123130,16123136,6
46908,16123136,16123148,12
46909,16123148,16123154,6
46910,16123964,16123967,3
46911,16124352,16124359,7
46912,16124359,16124364,5
46913,16124364,16124369,5
46914,16124379,16124384,5
46915,16124384,16124389,5
46916,16124389,16124394,5
46917,16124394,16124399,5
46918,16124399,16124404,5
46919,16124476,16124482,6
46920,16124514,16124520,6
46921,16124534,16124540,6
46922,16125866,16125870,4
46923,16126993,16127000,7
46924,16127344,16127348,4
46925,16127591,16127598,7
46926,16127675,16127685,10
46927,16127756,16127761,5
46928,16128311,16128314,3
46929,16128496,16128500,4
46930,16128620,16128623,3
46931,16128777,16128783,6
46932,16129083,16129089,6
46933,16130545,16130549,4
46934,16133414,16133422,8
46935,16133422,16133430,8
46936,16133430,16133438,8
46937,16133723,16133729,6
46938,16133767,16133772,5
46939,16133988,16133992,4
46940,16134456,16134467,11
46941,16134698,16134702,4
46942,16135000,16135003,3
46943,16135741,16135751,10
46944,16135786,16135796,10
46945,16137800,16137804,4
46946,16137976,16137983,7
46947,16138068,16138071,3
46948,16139440,16139447,7
46949,16140736,16140744,8
46950,16141005,16141011,6
46951,16141091,16141097,6
46952,16141367,16141371,4
46953,16141929,16141936,7
46954,16142052,16142057,5
46955,16142152,16142161,9
46956,16142882,16142887,5
46957,16142912,16142918,6
46958,16143462,16143468,6
46959,16143468,16143474,6
46960,16143474,16143480,6
46961,16143480,16143486,6
46962,16143486,16143492,6
46963,16143492,16143498,6
46964,16143498,16143503,5
46965,16143577,16143589,12
46966,16143589,16143595,6
46967,16143620,16143629,9
46968,16143861,16143867,6
46969,16143867,16143875,8
46970,16143875,16143880,5
46971,16144842,16144846,4
46972,16145539,16145546,7
46973,16146100,16146106,6
46974,16146788,16146797,9
46975,16146797,16146800,3
46976,16148883,16148888,5
46977,16148904,16148911,7
46978,16148911,16148918,7
46979,16148940,16148945,5
46980,16151290,16151298,8
46981,16151540,16151544,4
46982,16151742,16151749,7
46983,16152254,16152259,5
46984,16152336,16152340,4
46985,16152368,16152372,4
46986,16152660,16152669,9
46987,16152789,16152794,5
46988,16152794,16152799,5
46989,16153745,16153748,3
46990,16154081,16154088,7
46991,16154088,16154096,8
46992,16154156,16154163,7
46993,16154824,16154832,8
46994,16155886,16155892,6
46995,16155907,16155914,7
46996,16156156,16156163,7
46997,16156591,16156597,6
46998,16156597,16156603,6
46999,16156644,16156651,7
47000,16157188,16157194,6
47001,16157532,16157540,8
47002,16157746,16157751,5
47003,16158027,16158036,9
47004,16158300,16158306,6
47005,16159174,16159182,8
47006,16159491,16159494,3
47007,16160072,16160076,4
47008,16163781,16163789,8
47009,16165493,16165499,6
47010,16166049,16166054,5
47011,16166173,16166181,8
47012,16166591,16166596,5
47013,16167437,16167448,11
47014,16168070,16168074,4
47015,16168074,16168077,3
47016,16168656,16168663,7
47017,16168946,16168956,10
47018,16169273,16169278,5
47019,16169760,16169763,3
47020,16169780,16169788,8
47021,16169902,16169909,7
47022,16170596,16170599,3
47023,16170717,16170723,6
47024,16172125,16172129,4
47025,16172192,16172198,6
47026,16172522,16172530,8
47027,16172843,16172848,5
47028,16172901,16172905,4
47029,16172914,16172922,8
47030,16173016,16173020,4
47031,16173495,16173499,4
47032,16174693,16174699,6
47033,16175648,16175652,4
47034,16175702,16175709,7
47035,16176443,16176451,8
47036,16176537,16176542,5
47037,16176542,16176547,5
47038,16176547,16176552,5
47039,16176552,16176557,5
47040,16176557,16176562,5
47041,16176562,16176567,5
47042,16176567,16176572,5
47043,16176637,16176640,3
47044,16176813,16176823,10
47045,16176823,16176826,3
47046,16177193,16177200,7
47047,16177414,16177417,3
47048,16177417,16177421,4
47049,16178054,16178059,5
47050,16178413,16178422,9
47051,16179210,16179221,11
47052,16179389,16179395,6
47053,16179395,16179401,6
47054,16179401,16179407,6
47055,16179407,16179416,9
47056,16179416,16179419,3
47057,16179419,16179428,9
47058,16179576,16179579,3
47059,16180259,16180267,8
47060,16180451,16180457,6
47061,16180951,16180954,3
47062,16180954,16180957,3
47063,16180957,16180961,4
47064,16181700,16181707,7
47065,16181725,16181731,6
47066,16181731,16181738,7
47067,16183271,16183274,3
47068,16183847,16183852,5
47069,16185743,16185746,3
47070,16186906,16186913,7
47071,16187833,16187838,5
47072,16187838,16187841,3
47073,16187906,16187909,3
47074,16188252,16188260,8
47075,16188558,16188565,7
47076,16189071,16189077,6
47077,16189077,16189082,5
47078,16189796,16189803,7
47079,16190027,16190033,6
47080,16190033,16190039,6
47081,16190039,16190045,6
47082,16190045,16190051,6
47083,16190166,16190172,6
47084,16192810,16192819,9
47085,16193968,16193974,6
47086,16195584,16195588,4
47087,16195636,16195642,6
47088,16195708,16195713,5
47089,16195992,16195998,6
47090,16196119,16196125,6
47091,16196184,16196195,11
47092,16196721,16196725,4
47093,16196747,16196750,3
47094,16197060,16197066,6
47095,16197456,16197462,6
47096,16197614,16197619,5
47097,16198376,16198383,7
47098,16198671,16198676,5
47099,16198925,16198933,8
47100,16199407,16199414,7
47101,16199632,16199642,10
47102,16199656,16199662,6
47103,16199662,16199665,3
47104,16199733,16199740,7
47105,16200257,16200260,3
47106,16200272,16200281,9
47107,16200563,16200566,3
47108,16200566,16200571,5
47109,16200571,16200580,9
47110,16200580,16200588,8
47111,16200600,16200610,10
47112,16201338,16201347,9
47113,16201506,16201515,9
47114,16202659,16202666,7
47115,16202666,16202673,7
47116,16202762,16202765,3
47117,16202765,16202773,8
47118,16202902,16202908,6
47119,16203023,16203027,4
47120,16203067,16203074,7
47121,16203190,16203196,6
47122,16203537,16203540,3
47123,16203899,16203907,8
47124,16204049,16204055,6
47125,16204055,16204062,7
47126,16204092,16204103,11
47127,16204320,16204328,8
47128,16204626,16204632,6
47129,16205158,16205161,3
47130,16205470,16205478,8
47131,16205588,16205594,6
47132,16205624,16205627,3
47133,16205969,16205972,3
47134,16206035,16206043,8
47135,16207351,16207359,8
47136,16208701,16208711,10
47137,16208945,16208952,7
47138,16208952,16208959,7
47139,16208959,16208966,7
47140,16208966,16208973,7
47141,16209198,16209203,5
47142,16209203,16209210,7
47143,16209866,16209869,3
47144,16209869,16209872,3
47145,16209872,16209875,3
47146,16210306,16210312,6
47147,16210740,16210744,4
47148,16211106,16211111,5
47149,16211111,16211119,8
47150,16211636,16211642,6
47151,16211642,16211645,3
47152,16211669,16211678,9
47153,16211678,16211681,3
47154,16211717,16211720,3
47155,16211720,16211723,3
47156,16211954,16211957,3
47157,16211957,16211960,3
47158,16212842,16212848,6
47159,16212848,16212863,15
47160,16213025,16213029,4
47161,16213046,16213050,4
47162,16213084,16213093,9
47163,16213117,16213123,6
47164,16213317,16213323,6
47165,16213323,16213329,6
47166,16213691,16213700,9
47167,16213846,16213852,6
47168,16214423,16214428,5
47169,16214635,16214641,6
47170,16214641,16214647,6
47171,16214647,16214653,6
47172,16214653,16214656,3
47173,16214689,16214694,5
47174,16215544,16215551,7
47175,16215551,16215558,7
47176,16215558,16215565,7
47177,16215596,16215603,7
47178,16215603,16215611,8
47179,16216681,16216687,6
47180,16216745,16216752,7
47181,16217783,16217793,10
47182,16218751,16218759,8
47183,16219063,16219067,4
47184,16219317,16219322,5
47185,16219914,16219920,6
47186,16219920,16219926,6
47187,16220892,16220896,4
47188,16221169,16221176,7
47189,16221176,16221184,8
47190,16221184,16221192,8
47191,16221192,16221199,7
47192,16222061,16222067,6
47193,16222222,16222225,3
47194,16222266,16222273,7
47195,16222523,16222531,8
47196,16222685,16222690,5
47197,16222883,16223079,196
47198,16223079,16223152,73
47199,16223152,16223186,34
47200,16223186,16223201,15
47201,16223201,16223285,84
47202,16223285,16223339,54
47203,16223339,16223367,28
47204,16223367,16223408,41
47205,16223408,16223516,108
47206,16223516,16223573,57
47207,16223573,16223712,139
47208,16223712,16223739,27
47209,16223739,16223796,57
47210,16223796,16223807,11
47211,16223807,16223820,13
47212,16223820,16223870,50
47213,16224111,16224155,44
47214,16224155,16224200,45
47215,16224200,16224324,124
47216,16224324,16224340,16
47217,16224340,16224393,53
47218,16224393,16224505,112
47219,16224505,16224511,6
47220,16224511,16224527,16
47221,16224527,16224625,98
47222,16224720,16224859,139
47223,16224859,16224886,27
47224,16224886,16225072,186
47225,16225072,16225230,158
47226,16225230,16225279,49
47227,16225279,16225347,68
47228,16225347,16225431,84
47229,16225431,16225633,202
47230,16225633,16225726,93
47231,16225726,16225731,5
47232,16225809,16225840,31
47233,16225840,16225852,12
47234,16225852,16225949,97
47235,16225949,16226058,109
47236,16226058,16226182,124
47237,16226182,16226210,28
47238,16226210,16226226,16
47239,16226226,16226247,21
47240,16226247,16226305,58
47241,16226305,16226365,60
47242,16226365,16226387,22
47243,16226387,16226404,17
47244,16226404,16226614,210
47245,16226614,16226681,67
47246,16226681,16226691,10
47247,16226691,16226772,81
47248,16226772,16226795,23
47249,16226795,16226825,30
47250,16226825,16226911,86
47251,16226911,16227176,265
47252,16227176,16227255,79
47253,16227255,16227264,9
47254,16227264,16227609,345
47255,16227609,16227718,109
47256,16227718,16227736,18
47257,16227736,16227748,12
47258,16227748,16227786,38
47259,16227786,16227839,53
47260,16227839,16227949,110
47261,16227949,16228017,68
47262,16228017,16228132,115
47263,16228132,16228151,19
47264,16228151,16228353,202
47265,16228353,16228440,87
47266,16228440,16228500,60
47267,16228500,16228634,134
47268,16228634,16228637,3
47269,16228637,16228733,96
47270,16228733,16228865,132
47271,16228865,16228908,43
47272,16228908,16229040,132
47273,16229040,16229067,27
47274,16229067,16229112,45
47275,16229112,16229424,312
47276,16229424,16229549,125
47277,16229549,16229567,18
47278,16229567,16229679,112
47279,16229679,16229692,13
47280,16229692,16229712,20
47281,16229712,16229936,224
47282,16229936,16229968,32
47283,16229968,16230117,149
47284,16230117,16230127,10
47285,16230127,16230130,3
47286,16230130,16230176,46
47287,16230176,16230251,75
47288,16230251,16230350,99
47289,16230350,16230415,65
47290,16230415,16230511,96
47291,16230511,16230609,98
47292,16230609,16230673,64
47293,16230673,16230685,12
47294,16230747,16230943,196
47295,16230943,16231016,73
47296,16231016,16231050,34
47297,16231050,16231065,15
47298,16231653,16231661,8
47299,16231703,16231708,5
47300,16232626,16232632,6
47301,16233855,16233861,6
47302,16233995,16234001,6
47303,16234001,16234007,6
47304,16234007,16234014,7
47305,16234014,16234021,7
47306,16234261,16234266,5
47307,16235476,16235483,7
47308,16235483,16235486,3
47309,16236130,16236135,5
47310,16236135,16236143,8
47311,16237897,16237906,9
47312,16237922,16237926,4
47313,16238134,16238141,7
47314,16238643,16238649,6
47315,16238987,16238994,7
47316,16240047,16240054,7
47317,16240152,16240160,8
47318,16240220,16240230,10
47319,16240611,16240618,7
47320,16240721,16240732,11
47321,16240732,16240741,9
47322,16240779,16240785,6
47323,16243498,16243501,3
47324,16243501,16243506,5
47325,16243785,16243788,3
47326,16243788,16243791,3
47327,16244260,16244266,6
47328,16244714,16244721,7
47329,16244753,16244764,11
47330,16245319,16245325,6
47331,16245712,16245721,9
47332,16246122,16246127,5
47333,16247517,16247523,6
47334,16247680,16247687,7
47335,16248676,16248686,10
47336,16249000,16249009,9
47337,16249824,16249827,3
47338,16250293,16250299,6
47339,16252131,16252141,10
47340,16252784,16252792,8
47341,16253046,16253053,7
47342,16253053,16253064,11
47343,16253101,16253111,10
47344,16253476,16253485,9
47345,16253485,16253494,9
47346,16253617,16253625,8
47347,16253625,16253632,7
47348,16259585,16259591,6
47349,16260737,16260743,6
47350,16261594,16261600,6
47351,16261850,16261858,8
47352,16261858,16261866,8
47353,16262589,16262592,3
47354,16264322,16264326,4
47355,16266249,16266256,7
47356,16267216,16267224,8
47357,16267725,16267731,6
47358,16268009,16268020,11
47359,16268354,16268357,3
47360,16268821,16268827,6
47361,16269296,16269305,9
47362,16269402,16269409,7
47363,16269815,16269821,6
47364,16269916,16269925,9
47365,16269925,16269933,8
47366,16270209,16270216,7
47367,16270975,16270983,8
47368,16271705,16271710,5
47369,16272859,16272865,6
47370,16273321,16273329,8
47371,16273834,16273841,7
47372,16273841,16273850,9
47373,16273859,16273864,5
47374,16273864,16273873,9
47375,16274411,16274420,9
47376,16274474,16274482,8
47377,16274736,16274741,5
47378,16274741,16274744,3
47379,16275216,16275222,6
47380,16275418,16275423,5
47381,16275533,16275540,7
47382,16275920,16275930,10
47383,16276218,16276224,6
47384,16276224,16276231,7
47385,16276231,16276243,12
47386,16276973,16276979,6
47387,16277615,16277622,7
47388,16278344,16278349,5
47389,16278815,16278823,8
47390,16278823,16278831,8
47391,16279291,16279298,7
47392,16279939,16279942,3
47393,16279942,16279946,4
47394,16280118,16280125,7
47395,16280767,16280770,3
47396,16280954,16280961,7
47397,16281455,16281462,7
47398,16281485,16281491,6
47399,16281491,16281494,3
47400,16282173,16282176,3
47401,16282234,16282239,5
47402,16282271,16282275,4
47403,16282627,16282634,7
47404,16283089,16283098,9
47405,16283510,16283513,3
47406,16283825,16283828,3
47407,16283929,16283933,4
47408,16284163,16284166,3
47409,16284819,16284822,3
47410,16284835,16284843,8
47411,16284878,16284883,5
47412,16286221,16286229,8
47413,16286297,16286301,4
47414,16286655,16286664,9
47415,16286686,16286689,3
47416,16288022,16288028,6
47417,16288736,16288744,8
47418,16288744,16288748,4
47419,16288748,16288756,8
47420,16289810,16289813,3
47421,16292985,16292992,7
47422,16293927,16293935,8
47423,16294372,16294375,3
47424,16296010,16296019,9
47425,16296342,16296348,6
47426,16296641,16296650,9
47427,16297532,16297539,7
47428,16297567,16297575,8
47429,16297678,16297682,4
47430,16297883,16297886,3
47431,16298092,16298095,3
47432,16298218,16298228,10
47433,16298397,16298402,5
47434,16298498,16298503,5
47435,16299199,16299202,3
47436,16300345,16300353,8
47437,16300714,16300722,8
47438,16300930,16300937,7
47439,16302216,16302221,5
47440,16303988,16303995,7
47441,16304103,16304112,9
47442,16304112,16304117,5
47443,16304451,16304458,7
47444,16304699,16304707,8
47445,16304897,16304900,3
47446,16305208,16305212,4
47447,16305293,16305302,9
47448,16305349,16305358,9
47449,16305472,16305479,7
47450,16306131,16306137,6
47451,16309988,16309993,5
47452,16310686,16310692,6
47453,16311099,16311103,4
47454,16311103,16311108,5
47455,16311124,16311129,5
47456,16311492,16311500,8
47457,16312032,16312044,12
47458,16312074,16312080,6
47459,16312206,16312218,12
47460,16312353,16312362,9
47461,16312672,16312679,7
47462,16313631,16313638,7
47463,16314188,16314193,5
47464,16314193,16314196,3
47465,16314315,16314321,6
47466,16314643,16314653,10
47467,16314954,16314958,4
47468,16315064,16315072,8
47469,16315333,16315338,5
47470,16315653,16315662,9
47471,16316112,16316118,6
47472,16318245,16318250,5
47473,16319708,16319716,8
47474,16319728,16319736,8
47475,16320362,16320370,8
47476,16320630,16320637,7
47477,16322006,16322012,6
47478,16322012,16322019,7
47479,16322159,16322166,7
47480,16322500,16322503,3
47481,16322857,16322862,5
47482,16323272,16323276,4
47483,16323508,16323517,9
47484,16324410,16324414,4
47485,16325288,16325296,8
47486,16325354,16325364,10
47487,16325633,16325636,3
47488,16325906,16325915,9
47489,16325963,16325970,7
47490,16326074,16326083,9
47491,16327156,16327165,9
47492,16328126,16328129,3
47493,16328129,16328132,3
47494,16328132,16328147,15
47495,16328147,16328150,3
47496,16328150,16328159,9
47497,16328159,16328165,6
47498,16328165,16328168,3
47499,16328168,16328174,6
47500,16328656,16328664,8
47501,16329154,16329159,5
47502,16329616,16329619,3
47503,16329941,16329947,6
47504,16331214,16331223,9
47505,16331223,16331232,9
47506,16331333,16331347,14
47507,16333738,16333743,5
47508,16333815,16333820,5
47509,16333820,16333825,5
47510,16337486,16337492,6
47511,16337585,16337594,9
47512,16337780,16337786,6
47513,16337786,16337789,3
47514,16338425,16338434,9
47515,16338491,16338494,3
47516,16338653,16338662,9
47517,16338981,16338989,8
47518,16339128,16339138,10
47519,16339195,16339203,8
47520,16339576,16339586,10
47521,16339586,16339592,6
47522,16339713,16339721,8
47523,16339890,16339896,6
47524,16340117,16340120,3
47525,16340120,16340123,3
47526,16340123,16340130,7
47527,16340702,16340710,8
47528,16340773,16340969,196
47529,16340969,16341042,73
47530,16341042,16341076,34
47531,16341076,16341091,15
47532,16341091,16341175,84
47533,16341175,16341229,54
47534,16341229,16341257,28
47535,16341257,16341298,41
47536,16341298,16341406,108
47537,16341406,16341463,57
47538,16341463,16341602,139
47539,16341602,16341629,27
47540,16341629,16341686,57
47541,16341686,16341697,11
47542,16341697,16341710,13
47543,16341710,16341760,50
47544,16341760,16341999,239
47545,16341999,16342118,119
47546,16342118,16342145,27
47547,16342145,16342208,63
47548,16342208,16342252,44
47549,16342252,16342256,4
47550,16342256,16342290,34
47551,16342290,16342305,15
47552,16342305,16342430,125
47553,16342430,16342466,36
47554,16342466,16342564,98
47555,16342564,16342673,109
47556,16342673,16342696,23
47557,16342696,16342808,112
47558,16342808,16342852,44
47559,16342852,16342897,45
47560,16342897,16343021,124
47561,16343021,16343037,16
47562,16343037,16343090,53
47563,16343090,16343202,112
47564,16343202,16343208,6
47565,16343208,16343224,16
47566,16343224,16343322,98
47567,16343322,16343417,95
47568,16343417,16343556,139
47569,16343556,16343583,27
47570,16343583,16343769,186
47571,16343769,16343927,158
47572,16343927,16343976,49
47573,16343976,16344044,68
47574,16344044,16344128,84
47575,16344128,16344330,202
47576,16344330,16344423,93
47577,16344423,16344428,5
47578,16344428,16344506,78
47579,16344506,16344537,31
47580,16344537,16344549,12
47581,16344549,16344646,97
47582,16344646,16344755,109
47583,16344755,16344879,124
47584,16344879,16344907,28
47585,16344907,16344923,16
47586,16344923,16344944,21
47587,16344944,16345002,58
47588,16345002,16345062,60
47589,16345062,16345084,22
47590,16345084,16345101,17
47591,16345101,16345311,210
47592,16345311,16345378,67
47593,16345378,16345388,10
47594,16345388,16345469,81
47595,16345469,16345492,23
47596,16345492,16345522,30
47597,16345522,16345608,86
47598,16345608,16345873,265
47599,16345873,16345952,79
47600,16345952,16345961,9
47601,16346306,16346415,109
47602,16346415,16346433,18
47603,16346433,16346445,12
47604,16346445,16346483,38
47605,16346536,16346646,110
47606,16346646,16346714,68
47607,16346714,16346829,115
47608,16346829,16346848,19
47609,16346848,16347050,202
47610,16347050,16347137,87
47611,16347137,16347197,60
47612,16347197,16347331,134
47613,16347331,16347334,3
47614,16347334,16347430,96
47615,16347430,16347562,132
47616,16347562,16347605,43
47617,16347605,16347737,132
47618,16347737,16347764,27
47619,16347764,16347809,45
47620,16347809,16348121,312
47621,16348121,16348246,125
47622,16348246,16348264,18
47623,16348264,16348376,112
47624,16348376,16348389,13
47625,16348389,16348409,20
47626,16348409,16348633,224
47627,16348633,16348665,32
47628,16348665,16348814,149
47629,16348814,16348824,10
47630,16348824,16348827,3
47631,16348827,16348873,46
47632,16348873,16348948,75
47633,16348948,16349047,99
47634,16349047,16349112,65
47635,16349112,16349208,96
47636,16349208,16349306,98
47637,16349306,16349370,64
47638,16349370,16349382,12
47639,16349382,16349444,62
47640,16349444,16349640,196
47641,16349640,16349713,73
47642,16349713,16349747,34
47643,16349747,16349762,15
47644,16350549,16350554,5
47645,16350806,16350815,9
47646,16351230,16351233,3
47647,16351784,16351791,7
47648,16352503,16352512,9
47649,16352605,16352608,3
47650,16352811,16352814,3
47651,16352956,16352960,4
47652,16353584,16353593,9
47653,16353593,16353600,7
47654,16353652,16353664,12
47655,16353778,16353789,11
47656,16353826,16353834,8
47657,16354011,16354018,7
47658,16354018,16354023,5
47659,16354235,16354242,7
47660,16354242,16354245,3
47661,16354806,16354819,13
47662,16354988,16354994,6
47663,16354994,16355000,6
47664,16355187,16355191,4
47665,16355262,16355267,5
47666,16355267,16355272,5
47667,16355272,16355278,6
47668,16356164,16356168,4
47669,16356735,16356742,7
47670,16357296,16357303,7
47671,16357303,16357311,8
47672,16357516,16357522,6
47673,16358122,16358131,9
47674,16359744,16359750,6
47675,16359750,16359759,9
47676,16360002,16360005,3
47677,16360088,16360097,9
47678,16360386,16360391,5
47679,16360391,16360395,4
47680,16360465,16360470,5
47681,16362071,16362080,9
47682,16362080,16362085,5
47683,16363231,16363240,9
47684,16363980,16363989,9
47685,16364075,16364079,4
47686,16364356,16364361,5
47687,16364702,16364709,7
47688,16365102,16365110,8
47689,16365540,16365543,3
47690,16365861,16365869,8
47691,16366085,16366089,4
47692,16366129,16366138,9
47693,16366708,16366718,10
47694,16366780,16366790,10
47695,16367017,16367021,4
47696,16367047,16367052,5
47697,16367570,16367576,6
47698,16367619,16367622,3
47699,16367989,16367996,7
47700,16368063,16368070,7
47701,16368099,16368103,4
47702,16368103,16368109,6
47703,16368566,16368575,9
47704,16369404,16369410,6
47705,16369410,16369417,7
47706,16369439,16369446,7
47707,16369524,16369527,3
47708,16369789,16369798,9
47709,16370360,16370368,8
47710,16370579,16370588,9
47711,16371370,16371376,6
47712,16371376,16371382,6
47713,16372105,16372110,5
47714,16372662,16372666,4
47715,16372666,16372670,4
47716,16372944,16372952,8
47717,16373406,16373416,10
47718,16373695,16373702,7
47719,16373736,16373742,6
47720,16373939,16373948,9
47721,16373948,16373953,5
47722,16374343,16374351,8
47723,16374924,16374931,7
47724,16374931,16374939,8
47725,16374939,16374946,7
47726,16375114,16375121,7
47727,16375219,16375222,3
47728,16375538,16375544,6
47729,16375923,16375928,5
47730,16376494,16376503,9
47731,16376554,16376566,12
47732,16376566,16376570,4
47733,16376880,16376886,6
47734,16377171,16377174,3
47735,16377395,16377401,6
47736,16377846,16377854,8
47737,16377854,16377858,4
47738,16380227,16380234,7
47739,16380925,16380932,7
47740,16380958,16380961,3
47741,16380961,16380967,6
47742,16380967,16380973,6
47743,16380973,16380982,9
47744,16381087,16381093,6
47745,16381093,16381098,5
47746,16381171,16381174,3
47747,16381174,16381177,3
47748,16381177,16381180,3
47749,16381265,16381269,4
47750,16381269,16381273,4
47751,16381647,16381651,4
47752,16382245,16382250,5
47753,16382539,16382548,9
47754,16383131,16383134,3
47755,16383566,16383572,6
47756,16384989,16384995,6
47757,16386111,16386116,5
47758,16386116,16386121,5
47759,16386121,16386126,5
47760,16386239,16386242,3
47761,16387499,16387508,9
47762,16388100,16388105,5
47763,16388598,16388601,3
47764,16388601,16388605,4
47765,16389115,16389119,4
47766,16389503,16389510,7
47767,16389872,16389881,9
47768,16390159,16390163,4
47769,16390737,16390746,9
47770,16390919,16390922,3
47771,16391023,16391032,9
47772,16391179,16391185,6
47773,16391185,16391190,5
47774,16391190,16391198,8
47775,16392228,16392233,5
47776,16393714,16393724,10
47777,16394733,16394738,5
47778,16394928,16394936,8
47779,16395658,16395661,3
47780,16395840,16395849,9
47781,16395968,16395972,4
47782,16396419,16396423,4
47783,16396758,16396768,10
47784,16396785,16396789,4
47785,16396924,16396929,5
47786,16397179,16397185,6
47787,16397512,16397520,8
47788,16397553,16397561,8
47789,16397815,16397823,8
47790,16397823,16397832,9
47791,16397955,16397962,7
47792,16398601,16398604,3
47793,16399591,16399599,8
47794,16399599,16399607,8
47795,16400183,16400192,9
47796,16400285,16400288,3
47797,16400401,16400407,6
47798,16400407,16400411,4
47799,16400425,16400430,5
47800,16400516,16400525,9
47801,16400542,16400546,4
47802,16400612,16400615,3
47803,16401059,16401062,3
47804,16401287,16401293,6
47805,16401749,16401755,6
47806,16402215,16402220,5
47807,16402220,16402230,10
47808,16402458,16402463,5
47809,16402517,16402521,4
47810,16402900,16402903,3
47811,16403634,16403640,6
47812,16403750,16403757,7
47813,16403803,16403808,5
47814,16404339,16404346,7
47815,16404812,16404817,5
47816,16404971,16404978,7
47817,16405056,16405061,5
47818,16406052,16406061,9
47819,16406161,16406165,4
47820,16407288,16407297,9
47821,16407915,16407920,5
47822,16408287,16408296,9
47823,16408342,16408347,5
47824,16409015,16409018,3
47825,16410143,16410151,8
47826,16410431,16410439,8
47827,16412454,16412464,10
47828,16412464,16412470,6
47829,16412814,16412820,6
47830,16413048,16413056,8
47831,16413276,16413284,8
47832,16413284,16413287,3
47833,16413346,16413354,8
47834,16414410,16414415,5
47835,16415079,16415089,10
47836,16415806,16415815,9
47837,16416460,16416469,9
47838,16416947,16416956,9
47839,16416992,16416995,3
47840,16417929,16417935,6
47841,16417935,16417939,4
47842,16418092,16418095,3
47843,16418686,16418695,9
47844,16418722,16418728,6
47845,16418854,16418863,9
47846,16418935,16418938,3
47847,16419089,16419094,5
47848,16419094,16419103,9
47849,16419421,16419430,9
47850,16419450,16419460,10
47851,16419460,16419466,6
47852,16419514,16419523,9
47853,16419523,16419528,5
47854,16419589,16419598,9
47855,16420081,16420090,9
47856,16420103,16420109,6
47857,16420542,16420548,6
47858,16421217,16421220,3
47859,16421645,16421649,4
47860,16421649,16421653,4
47861,16422276,16422284,8
47862,16422762,16422768,6
47863,16423127,16423133,6
47864,16423676,16423682,6
47865,16423930,16423933,3
47866,16424014,16424017,3
47867,16424638,16424646,8
47868,16425030,16425034,4
47869,16425034,16425038,4
47870,16425038,16425042,4
47871,16425106,16425111,5
47872,16425915,16425921,6
47873,16425950,16425961,11
47874,16426206,16426210,4
47875,16426210,16426218,8
47876,16426218,16426221,3
47877,16427058,16427063,5
47878,16427063,16427067,4
47879,16427067,16427071,4
47880,16427562,16427571,9
47881,16428282,16428289,7
47882,16428289,16428295,6
47883,16428295,16428302,7
47884,16428322,16428331,9
47885,16428331,16428340,9
47886,16430484,16430488,4
47887,16430488,16430497,9
47888,16430644,16430652,8
47889,16430652,16430656,4
47890,16430656,16430662,6
47891,16431651,16431654,3
47892,16432054,16432062,8
47893,16432662,16432670,8
47894,16432682,16432688,6
47895,16432889,16432898,9
47896,16432979,16432982,3
47897,16433110,16433115,5
47898,16433163,16433166,3
47899,16433748,16433756,8
47900,16433910,16433913,3
47901,16434147,16434152,5
47902,16434470,16434476,6
47903,16434488,16434494,6
47904,16434715,16434722,7
47905,16434722,16434725,3
47906,16434917,16434926,9
47907,16434958,16434966,8
47908,16434966,16434969,3
47909,16434969,16434972,3
47910,16434972,16434975,3
47911,16434975,16434978,3
47912,16435858,16435864,6
47913,16435864,16435867,3
47914,16435867,16435873,6
47915,16435873,16435879,6
47916,16435897,16435900,3
47917,16435918,16435921,3
47918,16435921,16435927,6
47919,16435945,16435948,3
47920,16435948,16435954,6
47921,16436086,16436089,3
47922,16436131,16436134,3
47923,16436155,16436167,12
47924,16436167,16436170,3
47925,16436170,16436173,3
47926,16436173,16436176,3
47927,16436176,16436188,12
47928,16436278,16436281,3
47929,16436281,16436290,9
47930,16436290,16436298,8
47931,16436332,16436338,6
47932,16436338,16436344,6
47933,16436344,16436350,6
47934,16436350,16436359,9
47935,16436383,16436386,3
47936,16436386,16436392,6
47937,16438151,16438157,6
47938,16438157,16438161,4
47939,16439575,16439582,7
47940,16439582,16439585,3
47941,16439947,16439952,5
47942,16440127,16440134,7
47943,16440363,16440372,9
47944,16440773,16440776,3
47945,16441096,16441102,6
47946,16441102,16441108,6
47947,16441323,16441333,10
47948,16441662,16441668,6
47949,16441874,16441880,6
47950,16443076,16443083,7
47951,16443083,16443090,7
47952,16443115,16443124,9
47953,16443854,16443863,9
47954,16444003,16444008,5
47955,16444232,16444242,10
47956,16444503,16444508,5
47957,16444617,16444626,9
47958,16444831,16444834,3
47959,16445892,16445898,6
47960,16445898,16445908,10
47961,16446037,16446046,9
47962,16446629,16446633,4
47963,16446705,16446714,9
47964,16446834,16446842,8
47965,16447392,16447395,3
47966,16447647,16447656,9
47967,16447711,16447716,5
47968,16448291,16448297,6
47969,16448808,16448813,5
47970,16449604,16449609,5
47971,16449970,16449975,5
47972,16450105,16450113,8
47973,16450193,16450196,3
47974,16450210,16450219,9
47975,16451342,16451348,6
47976,16451591,16451599,8
47977,16451599,16451609,10
47978,16452120,16452125,5
47979,16452125,16452133,8
47980,16452235,16452238,3
47981,16452238,16452241,3
47982,16452241,16452244,3
47983,16452244,16452247,3
47984,16452247,16452253,6
47985,16452698,16452702,4
47986,16453351,16453356,5
47987,16453825,16453831,6
47988,16453831,16453836,5
47989,16453993,16453998,5
47990,16459257,16459263,6
47991,16459464,16459467,3
47992,16459943,16459946,3
47993,16460044,16460053,9
47994,16460250,16460260,10
47995,16460260,16460264,4
47996,16460365,16460369,4
47997,16460828,16460834,6
47998,16460867,16460876,9
47999,16463174,16463179,5
48000,16463179,16463184,5
48001,16463226,16463235,9
48002,16463339,16463345,6
48003,16464409,16464414,5
48004,16464808,16464814,6
48005,16464814,16464821,7
48006,16464871,16464877,6
48007,16464907,16464914,7
48008,16464942,16464951,9
48009,16464951,16464956,5
48010,16465020,16465025,5
48011,16465059,16465067,8
48012,16465067,16465077,10
48013,16465077,16465081,4
48014,16465081,16465091,10
48015,16465604,16465616,12
48016,16465616,16465622,6
48017,16465638,16465644,6
48018,16466157,16466164,7
48019,16466343,16466347,4
48020,16466821,16466828,7
48021,16466882,16466889,7
48022,16466889,16466895,6
48023,16466905,16466914,9
48024,16467460,16467467,7
48025,16467868,16467872,4
48026,16468804,16468809,5
48027,16469309,16469315,6
48028,16470319,16470323,4
48029,16471217,16471221,4
48030,16471820,16471825,5
48031,16472130,16472137,7
48032,16472137,16472142,5
48033,16472421,16472425,4
48034,16473152,16473157,5
48035,16473167,16473175,8
48036,16474127,16474135,8
48037,16474418,16474424,6
48038,16474592,16474602,10
48039,16474764,16474770,6
48040,16475180,16475186,6
48041,16475186,16475192,6
48042,16475192,16475198,6
48043,16475198,16475204,6
48044,16475245,16475250,5
48045,16475367,16475375,8
48046,16475393,16475397,4
48047,16475410,16475419,9
48048,16475788,16475792,4
48049,16475792,16475796,4
48050,16475843,16475846,3
48051,16475846,16475849,3
48052,16475868,16475872,4
48053,16476084,16476090,6
48054,16476090,16476098,8
48055,16476471,16476476,5
48056,16476527,16476530,3
48057,16476686,16476692,6
48058,16476877,16476884,7
48059,16476884,16476893,9
48060,16476934,16476938,4
48061,16477001,16477011,10
48062,16477069,16477075,6
48063,16477252,16477257,5
48064,16477276,16477282,6
48065,16477282,16477287,5
48066,16477287,16477294,7
48067,16477305,16477311,6
48068,16477311,16477317,6
48069,16477317,16477323,6
48070,16477323,16477327,4
48071,16477383,16477388,5
48072,16477388,16477393,5
48073,16477393,16477398,5
48074,16477559,16477566,7
48075,16478151,16478160,9
48076,16478533,16478544,11
48077,16478554,16478559,5
48078,16478559,16478563,4
48079,16478983,16478992,9
48080,16479035,16479041,6
48081,16479199,16479203,4
48082,16480338,16480345,7
48083,16480805,16480812,7
48084,16480812,16480818,6
48085,16480872,16480875,3
48086,16481964,16481973,9
48087,16481998,16482005,7
48088,16482347,16482355,8
48089,16483691,16483699,8
48090,16484036,16484043,7
48091,16484054,16484061,7
48092,16484215,16484222,7
48093,16484232,16484237,5
48094,16484357,16484361,4
48095,16484361,16484369,8
48096,16484537,16484541,4
48097,16484748,16484751,3
48098,16484952,16484955,3
48099,16485675,16485680,5
48100,16486141,16486146,5
48101,16486166,16486172,6
48102,16486172,16486178,6
48103,16486192,16486196,4
48104,16486381,16486388,7
48105,16486528,16486537,9
48106,16486722,16486729,7
48107,16486902,16486910,8
48108,16487400,16487408,8
48109,16487651,16487657,6
48110,16487844,16487849,5
48111,16487859,16487864,5
48112,16487864,16487868,4
48113,16487925,16487931,6
48114,16487931,16487934,3
48115,16488061,16488067,6
48116,16488067,16488072,5
48117,16488072,16488077,5
48118,16488077,16488082,5
48119,16488082,16488087,5
48120,16488188,16488198,10
48121,16488198,16488203,5
48122,16488203,16488208,5
48123,16488208,16488214,6
48124,16488214,16488219,5
48125,16488321,16488329,8
48126,16488359,16488368,9
48127,16488916,16488924,8
48128,16489218,16489223,5
48129,16489527,16489531,4
48130,16489566,16489569,3
48131,16489712,16489722,10
48132,16489722,16489729,7
48133,16490130,16490136,6
48134,16490254,16490258,4
48135,16490555,16490562,7
48136,16491819,16491828,9
48137,16492124,16492127,3
48138,16492342,16492346,4
48139,16492346,16492352,6
48140,16492352,16492358,6
48141,16492390,16492398,8
48142,16492489,16492492,3
48143,16492761,16492824,63
48144,16492824,16492832,8
48145,16492832,16492844,12
48146,16492844,16492864,20
48147,16492864,16492896,32
48148,16492988,16492996,8
48149,16492996,16493004,8
48150,16493933,16493938,5
48151,16496057,16496066,9
48152,16496139,16496146,7
48153,16496626,16496630,4
48154,16497146,16497149,3
48155,16497259,16497268,9
48156,16497907,16497910,3
48157,16498014,16498077,63
48158,16498077,16498085,8
48159,16498085,16498097,12
48160,16498097,16498117,20
48161,16498117,16498149,32
48162,16498306,16498314,8
48163,16498314,16498323,9
48164,16498452,16498455,3
48165,16498511,16498515,4
48166,16499181,16499186,5
48167,16499269,16499277,8
48168,16499524,16499530,6
48169,16499816,16499820,4
48170,16499820,16499829,9
48171,16499866,16499874,8
48172,16499874,16499882,8
48173,16500069,16500072,3
48174,16500130,16500133,3
48175,16500234,16500239,5
48176,16500279,16500282,3
48177,16500304,16500311,7
48178,16500325,16500332,7
48179,16500332,16500335,3
48180,16500361,16500368,7
48181,16500381,16500384,3
48182,16500558,16500564,6
48183,16500680,16500686,6
48184,16500923,16500928,5
48185,16501720,16501727,7
48186,16501842,16501848,6
48187,16502233,16502243,10
48188,16502243,16502253,10
48189,16503115,16503119,4
48190,16503119,16503125,6
48191,16503125,16503129,4
48192,16503337,16503347,10
48193,16503347,16503354,7
48194,16503529,16503536,7
48195,16503536,16503540,4
48196,16504369,16504374,5
48197,16504556,16504562,6
48198,16504562,16504568,6
48199,16504568,16504575,7
48200,16504986,16504991,5
48201,16504991,16504999,8
48202,16505012,16505020,8
48203,16505069,16505076,7
48204,16505076,16505083,7
48205,16505136,16505142,6
48206,16505142,16505148,6
48207,16505620,16505623,3
48208,16505843,16505847,4
48209,16505847,16505851,4
48210,16505897,16505903,6
48211,16505926,16505932,6
48212,16506043,16506049,6
48213,16506213,16506218,5
48214,16506455,16506462,7
48215,16506492,16506498,6
48216,16506498,16506504,6
48217,16506594,16506599,5
48218,16506599,16506604,5
48219,16506604,16506609,5
48220,16506609,16506619,10
48221,16507272,16507280,8
48222,16508558,16508567,9
48223,16508730,16508736,6
48224,16509207,16509211,4
48225,16509211,16509214,3
48226,16509295,16509298,3
48227,16509409,16509417,8
48228,16509503,16509506,3
48229,16509829,16509832,3
48230,16510630,16510636,6
48231,16511793,16511799,6
48232,16512338,16512347,9
48233,16512347,16512357,10
48234,16512357,16512362,5
48235,16512362,16512365,3
48236,16512605,16512613,8
48237,16512696,16512705,9
48238,16512730,16512736,6
48239,16512736,16512743,7
48240,16513016,16513021,5
48241,16513221,16513225,4
48242,16513657,16513666,9
48243,16513779,16513782,3
48244,16514048,16514052,4
48245,16514549,16514558,9
48246,16515791,16515799,8
48247,16516846,16516851,5
48248,16516851,16516859,8
48249,16517248,16517260,12
48250,16517416,16517421,5
48251,16517421,16517428,7
48252,16518317,16518327,10
48253,16518349,16518357,8
48254,16518659,16518665,6
48255,16518665,16518671,6
48256,16518671,16518677,6
48257,16518846,16518852,6
48258,16518942,16518948,6
48259,16518960,16518966,6
48260,16519664,16519671,7
48261,16519671,16519678,7
48262,16519972,16519975,3
48263,16519975,16519980,5
48264,16520298,16520304,6
48265,16520545,16520550,5
48266,16520969,16520973,4
48267,16520973,16520978,5
48268,16521007,16521012,5
48269,16521072,16521076,4
48270,16521076,16521081,5
48271,16521174,16521182,8
48272,16521395,16521398,3
48273,16521398,16521405,7
48274,16521416,16521423,7
48275,16521544,16521550,6
48276,16523000,16523006,6
48277,16523153,16523159,6
48278,16523802,16523810,8
48279,16523848,16523855,7
48280,16523855,16523859,4
48281,16523925,16523928,3
48282,16524014,16524032,18
48283,16524116,16524123,7
48284,16524474,16524477,3
48285,16525264,16525270,6
48286,16525327,16525337,10
48287,16525465,16525471,6
48288,16525571,16525583,12
48289,16527247,16527256,9
48290,16527256,16527266,10
48291,16528539,16528544,5
48292,16533280,16533287,7
48293,16534576,16534579,3
48294,16535268,16535276,8
48295,16535463,16535469,6
48296,16536097,16536103,6
48297,16536138,16536144,6
48298,16536185,16536191,6
48299,16536191,16536197,6
48300,16537692,16537696,4
48301,16537809,16537813,4
48302,16539628,16539636,8
48303,16539636,16539640,4
48304,16540057,16540061,4
48305,16540247,16540250,3
48306,16541592,16541598,6
48307,16541785,16541790,5
48308,16542568,16542574,6
48309,16542991,16542996,5
48310,16544285,16544289,4
48311,16545197,16545205,8
48312,16545591,16545594,3
48313,16545733,16545736,3
48314,16546814,16546819,5
48315,16547845,16547851,6
48316,16549023,16549030,7
48317,16549911,16549918,7
48318,16549918,16549922,4
48319,16550320,16550324,4
48320,16550531,16550537,6
48321,16550564,16550571,7
48322,16551022,16551027,5
48323,16551056,16551065,9
48324,16551112,16551119,7
48325,16551119,16551128,9
48326,16551128,16551137,9
48327,16551154,16551157,3
48328,16551408,16551413,5
48329,16552205,16552218,13
48330,16552327,16552331,4
48331,16552348,16552357,9
48332,16552903,16552913,10
48333,16554019,16554026,7
48334,16554207,16554214,7
48335,16555336,16555340,4
48336,16555928,16555936,8
48337,16555936,16555942,6
48338,16555993,16556004,11
48339,16556016,16556023,7
48340,16556455,16556459,4
48341,16556891,16556897,6
48342,16557738,16557744,6
48343,16558096,16558216,120
48344,16558216,16558275,59
48345,16558275,16558294,19
48346,16558294,16558300,6
48347,16558300,16558375,75
48348,16558375,16558378,3
48349,16558705,16558788,83
48350,16558788,16558795,7
48351,16558828,16558845,17
48352,16558845,16558869,24
48353,16559014,16559017,3
48354,16560210,16560216,6
48355,16561151,16561156,5
48356,16561641,16561646,5
48357,16561874,16561883,9
48358,16564683,16564688,5
48359,16564688,16564697,9
48360,16564706,16564712,6
48361,16564712,16564721,9
48362,16564918,16564925,7
48363,16565070,16565078,8
48364,16565078,16565082,4
48365,16565082,16565092,10
48366,16565307,16565314,7
48367,16565364,16565371,7
48368,16566695,16566815,120
48369,16566815,16566874,59
48370,16566874,16566893,19
48371,16566893,16566899,6
48372,16566899,16566974,75
48373,16566974,16566977,3
48374,16567304,16567387,83
48375,16567387,16567394,7
48376,16567427,16567444,17
48377,16567444,16567468,24
48378,16567565,16567571,6
48379,16567875,16567881,6
48380,16568497,16568506,9
48381,16568506,16568514,8
48382,16569239,16569243,4
48383,16571506,16571513,7
48384,16571807,16571816,9
48385,16571873,16571877,4
48386,16572503,16572510,7
48387,16572662,16572670,8
48388,16574072,16574083,11
48389,16575179,16575182,3
48390,16575952,16575956,4
48391,16575956,16575963,7
48392,16575963,16575970,7
48393,16576501,16576510,9
48394,16579044,16579051,7
48395,16579696,16579707,11
48396,16579765,16579768,3
48397,16580720,16580725,5
48398,16580790,16580796,6
48399,16580846,16580852,6
48400,16580852,16580858,6
48401,16581135,16581142,7
48402,16581142,16581147,5
48403,16581296,16581303,7
48404,16581303,16581307,4
48405,16581376,16581383,7
48406,16581582,16581591,9
48407,16582706,16582713,7
48408,16582725,16582735,10
48409,16582735,16582743,8
48410,16582743,16582752,9
48411,16583337,16583342,5
48412,16583373,16583381,8
48413,16584373,16584380,7
48414,16584617,16584621,4
48415,16584945,16584951,6
48416,16585129,16585132,3
48417,16586857,16586860,3
48418,16586860,16586870,10
48419,16587064,16587071,7
48420,16587211,16587217,6
48421,16587899,16587905,6
48422,16590510,16590517,7
48423,16590869,16590874,5
48424,16590874,16590883,9
48425,16591779,16591786,7
48426,16592421,16592428,7
48427,16592580,16592584,4
48428,16592636,16592646,10
48429,16592970,16592973,3
48430,16593093,16593098,5
48431,16593290,16593297,7
48432,16593475,16593484,9
48433,16593738,16593747,9
48434,16594217,16594226,9
48435,16596942,16596945,3
48436,16596960,16596963,3
48437,16597248,16597255,7
48438,16597479,16597488,9
48439,16597608,16597615,7
48440,16598552,16598558,6
48441,16600393,16600399,6
48442,16600460,16600469,9
48443,16600580,16600586,6
48444,16600586,16600595,9
48445,16600595,16600598,3
48446,16600598,16600604,6
48447,16600811,16600817,6
48448,16600817,16600826,9
48449,16600826,16600832,6
48450,16602317,16602321,4
48451,16602795,16602800,5
48452,16603107,16603110,3
48453,16603329,16603333,4
48454,16603641,16603645,4
48455,16604130,16604137,7
48456,16604240,16604243,3
48457,16606115,16606119,4
48458,16606119,16606126,7
48459,16606137,16606142,5
48460,16606142,16606145,3
48461,16606145,16606154,9
48462,16606154,16606158,4
48463,16606305,16606309,4
48464,16607043,16607052,9
48465,16607052,16607059,7
48466,16607266,16607273,7
48467,16608018,16608026,8
48468,16608972,16608978,6
48469,16609146,16609152,6
48470,16609152,16609158,6
48471,16609304,16609314,10
48472,16609686,16609689,3
48473,16609689,16609697,8
48474,16609733,16609736,3
48475,16610008,16610011,3
48476,16610022,16610031,9
48477,16610224,16610231,7
48478,16610231,16610236,5
48479,16610236,16610244,8
48480,16610662,16610672,10
48481,16611220,16611226,6
48482,16611394,16611401,7
48483,16611478,16611481,3
48484,16611553,16611556,3
48485,16612455,16612459,4
48486,16613078,16613082,4
48487,16613515,16613521,6
48488,16614294,16614300,6
48489,16615053,16615057,4
48490,16615057,16615065,8
48491,16615065,16615069,4
48492,16615069,16615073,4
48493,16615073,16615077,4
48494,16615077,16615085,8
48495,16615372,16615377,5
48496,16615483,16615488,5
48497,16615712,16615715,3
48498,16615715,16615724,9
48499,16616709,16616714,5
48500,16616903,16616911,8
48501,16617505,16617511,6
48502,16617511,16617517,6
48503,16617517,16617523,6
48504,16618207,16618213,6
48505,16618444,16618448,4
48506,16618784,16618788,4
48507,16619616,16619621,5
48508,16620573,16620581,8
48509,16620581,16620589,8
48510,16620589,16620597,8
48511,16620828,16620837,9
48512,16621558,16621564,6
48513,16622125,16622132,7
48514,16622402,16622409,7
48515,16623197,16623201,4
48516,16623415,16623422,7
48517,16623558,16623567,9
48518,16623567,16623570,3
48519,16623730,16623733,3
48520,16623797,16623803,6
48521,16623803,16623809,6
48522,16623809,16623815,6
48523,16623815,16623821,6
48524,16623821,16623827,6
48525,16623827,16623833,6
48526,16623980,16623986,6
48527,16624075,16624082,7
48528,16624248,16624256,8
48529,16624256,16624261,5
48530,16624385,16624389,4
48531,16624420,16624424,4
48532,16624424,16624431,7
48533,16624431,16624438,7
48534,16625149,16625153,4
48535,16625271,16625279,8
48536,16625490,16625493,3
48537,16626125,16626132,7
48538,16626132,16626139,7
48539,16626139,16626149,10
48540,16626291,16626294,3
48541,16626294,16626300,6
48542,16626300,16626309,9
48543,16626668,16626672,4
48544,16626720,16626726,6
48545,16626833,16626836,3
48546,16627362,16627365,3
48547,16628365,16628372,7
48548,16628741,16628749,8
48549,16629120,16629127,7
48550,16632250,16632255,5
48551,16632255,16632260,5
48552,16632674,16632678,4
48553,16633611,16633617,6
48554,16633617,16633623,6
48555,16633899,16633907,8
48556,16634066,16634072,6
48557,16634629,16634636,7
48558,16634943,16634949,6
48559,16635665,16635674,9
48560,16635674,16635683,9
48561,16636591,16636597,6
48562,16636807,16636810,3
48563,16636825,16636829,4
48564,16637829,16637837,8
48565,16640959,16640966,7
48566,16641139,16641147,8
48567,16641998,16642004,6
48568,16644067,16644075,8
48569,16644509,16644517,8
48570,16644895,16644901,6
48571,16644901,16644907,6
48572,16644907,16644913,6
48573,16645222,16645228,6
48574,16645702,16645707,5
48575,16647240,16647244,4
48576,16647442,16647450,8
48577,16649743,16649750,7
48578,16650131,16650140,9
48579,16650140,16650144,4
48580,16650144,16650155,11
48581,16650155,16650163,8
48582,16650593,16650599,6
48583,16651056,16651064,8
48584,16651064,16651069,5
48585,16651154,16651157,3
48586,16651157,16651161,4
48587,16651329,16651336,7
48588,16651604,16651613,9
48589,16651925,16651928,3
48590,16652020,16652024,4
48591,16652506,16652509,3
48592,16652633,16652639,6
48593,16653942,16653948,6
48594,16654030,16654037,7
48595,16654058,16654065,7
48596,16654156,16654164,8
48597,16654967,16654975,8
48598,16655353,16655359,6
48599,16655638,16655649,11
48600,16655649,16655657,8
48601,16655657,16655663,6
48602,16656286,16656291,5
48603,16656553,16656557,4
48604,16658864,16658870,6
48605,16659452,16659461,9
48606,16659904,16659908,4
48607,16659908,16659914,6
48608,16660491,16660498,7
48609,16660567,16660578,11
48610,16660866,16660874,8
48611,16661273,16661279,6
48612,16661279,16661284,5
48613,16661557,16661561,4
48614,16661827,16661832,5
48615,16662572,16662581,9
48616,16662965,16662973,8
48617,16663113,16663122,9
48618,16663379,16663388,9
48619,16664184,16664190,6
48620,16664264,16664270,6
48621,16664466,16664473,7
48622,16664552,16664559,7
48623,16665048,16665054,6
48624,16665073,16665076,3
48625,16665335,16665340,5
48626,16666013,16666021,8
48627,16666682,16666691,9
48628,16666854,16666863,9
48629,16668169,16668176,7
48630,16668919,16668931,12
48631,16668931,16668937,6
48632,16669359,16669362,3
48633,16669485,16669489,4
48634,16670517,16670527,10
48635,16670590,16670595,5
48636,16670990,16670995,5
48637,16670995,16671000,5
48638,16671051,16671060,9
48639,16672857,16672864,7
48640,16672875,16672883,8
48641,16672883,16672890,7
48642,16673328,16673336,8
48643,16673509,16673514,5
48644,16673928,16673936,8
48645,16673936,16673944,8
48646,16673944,16673951,7
48647,16673951,16673959,8
48648,16674077,16674085,8
48649,16674570,16674577,7
48650,16674577,16674584,7
48651,16674584,16674591,7
48652,16674591,16674600,9
48653,16674835,16674840,5
48654,16675461,16675471,10
48655,16676180,16676183,3
48656,16676221,16676226,5
48657,16676387,16676395,8
48658,16676772,16676780,8
48659,16676973,16676977,4
48660,16678331,16678338,7
48661,16679153,16679163,10
48662,16679736,16679744,8
48663,16679744,16679752,8
48664,16680245,16680253,8
48665,16680542,16680546,4
48666,16680558,16680561,3
48667,16680916,16680923,7
48668,16680923,16680927,4
48669,16681156,16681162,6
48670,16681173,16681183,10
48671,16681381,16681388,7
48672,16681945,16681953,8
48673,16682062,16682071,9
48674,16682133,16682137,4
48675,16682579,16682587,8
48676,16682639,16682647,8
48677,16683115,16683118,3
48678,16683118,16683124,6
48679,16683144,16683148,4
48680,16683148,16683154,6
48681,16683321,16683328,7
48682,16683328,16683331,3
48683,16684494,16684499,5
48684,16689481,16689487,6
48685,16689872,16689878,6
48686,16691209,16691214,5
48687,16692054,16692063,9
48688,16692521,16692524,3
48689,16693398,16693403,5
48690,16693403,16693407,4
48691,16693736,16693740,4
48692,16693740,16693743,3
48693,16695164,16695169,5
48694,16695542,16695550,8
48695,16695996,16696005,9
48696,16696082,16696089,7
48697,16696225,16696230,5
48698,16696989,16696992,3
48699,16697125,16697131,6
48700,16697921,16697924,3
48701,16698271,16698278,7
48702,16698342,16698346,4
48703,16698346,16698354,8
48704,16698354,16698358,4
48705,16698465,16698475,10
48706,16698475,16698480,5
48707,16700871,16700880,9
48708,16701237,16701246,9
48709,16701246,16701251,5
48710,16702268,16702274,6
48711,16702498,16702507,9
48712,16702527,16702531,4
48713,16702568,16702577,9
48714,16703333,16703342,9
48715,16703342,16703347,5
48716,16703412,16703416,4
48717,16703416,16703420,4
48718,16703420,16703423,3
48719,16703685,16703688,3
48720,16703865,16703869,4
48721,16703924,16703933,9
48722,16703995,16704000,5
48723,16704797,16704801,4
48724,16705717,16705720,3
48725,16706485,16706493,8
48726,16706872,16706881,9
48727,16706969,16706977,8
48728,16706977,16706981,4
48729,16707071,16707077,6
48730,16707274,16707285,11
48731,16707439,16707444,5
48732,16707462,16707469,7
48733,16707469,16707475,6
48734,16707546,16707551,5
48735,16707551,16707556,5
48736,16708564,16708569,5
48737,16708644,16708649,5
48738,16709118,16709124,6
48739,16709202,16709206,4
48740,16709206,16709215,9
48741,16709414,16709417,3
48742,16709778,16709789,11
48743,16710297,16710302,5
48744,16710992,16711001,9
48745,16711431,16711437,6
48746,16711584,16711588,4
48747,16711831,16711837,6
48748,16711861,16711867,6
48749,16711882,16711885,3
48750,16711885,16711891,6
48751,16711891,16711900,9
48752,16711900,16711909,9
48753,16711909,16711912,3
48754,16712257,16712263,6
48755,16712557,16712563,6
48756,16712563,16712569,6
48757,16713255,16713262,7
48758,16713432,16713435,3
48759,16713435,16713444,9
48760,16713478,16713487,9
48761,16713721,16713729,8
48762,16713942,16713948,6
48763,16714485,16714493,8
48764,16714798,16714803,5
48765,16714854,16714860,6
48766,16715604,16715607,3
48767,16716118,16716124,6
48768,16716815,16716826,11
48769,16718855,16718860,5
48770,16719066,16719070,4
48771,16719070,16719079,9
48772,16719745,16719751,6
48773,16719763,16719769,6
48774,16719785,16719788,3
48775,16719788,16719797,9
48776,16719899,16719902,3
48777,16719928,16719931,3
48778,16720313,16720317,4
48779,16720553,16720560,7
48780,16720560,16720566,6
48781,16721361,16721366,5
48782,16721509,16721515,6
48783,16721945,16721953,8
48784,16722222,16722228,6
48785,16722922,16722925,3
48786,16724589,16724598,9
48787,16725130,16725133,3
48788,16725363,16725367,4
48789,16726448,16726456,8
48790,16727050,16727055,5
48791,16728133,16728137,4
48792,16728137,16728144,7
48793,16728144,16728152,8
48794,16728684,16728688,4
48795,16728688,16728692,4
48796,16728692,16728700,8
48797,16728700,16728704,4
48798,16728704,16728712,8
48799,16730006,16730016,10
48800,16730867,16730873,6
48801,16730963,16730970,7
48802,16730970,16730978,8
48803,16731711,16731717,6
48804,16731717,16731728,11
48805,16732666,16732670,4
48806,16733333,16733339,6
48807,16733339,16733347,8
48808,16733347,16733354,7
48809,16733366,16733371,5
48810,16733428,16733434,6
48811,16733434,16733440,6
48812,16733515,16733522,7
48813,16733522,16733531,9
48814,16733542,16733549,7
48815,16733579,16733590,11
48816,16733948,16733953,5
48817,16734799,16734805,6
48818,16734805,16734814,9
48819,16734835,16734838,3
48820,16735507,16735513,6
48821,16736617,16736621,4
48822,16736621,16736625,4
48823,16737383,16737389,6
48824,16737448,16737456,8
48825,16737516,16737519,3
48826,16737519,16737526,7
48827,16737526,16737534,8
48828,16737534,16737541,7
48829,16741158,16741162,4
48830,16741262,16741271,9
48831,16741368,16741372,4
48832,16742091,16742099,8
48833,16742525,16742533,8
48834,16742533,16742539,6
48835,16742539,16742545,6
48836,16742545,16742551,6
48837,16742551,16742557,6
48838,16742557,16742563,6
48839,16742619,16742626,7
48840,16745079,16745082,3
48841,16745082,16745085,3
48842,16745231,16745240,9
48843,16745240,16745248,8
48844,16745531,16745535,4
48845,16745788,16745797,9
48846,16745820,16745824,4
48847,16745868,16745876,8
48848,16745917,16745920,3
48849,16747935,16747940,5
48850,16748587,16748592,5
48851,16748592,16748599,7
48852,16748670,16748673,3
48853,16748699,16748706,7
48854,16748760,16748767,7
48855,16748767,16748772,5
48856,16749555,16749558,3
48857,16750310,16750318,8
48858,16750663,16750671,8
48859,16750779,16750787,8
48860,16750787,16750795,8
48861,16750987,16750993,6
48862,16753574,16753583,9
48863,16754359,16754365,6
48864,16755136,16755140,4
48865,16755161,16755164,3
48866,16755185,16755194,9
48867,16755299,16755307,8
48868,16755782,16755786,4
48869,16756110,16756117,7
48870,16756413,16756419,6
48871,16756810,16756818,8
48872,16756894,16756903,9
48873,16756923,16756933,10
48874,16757377,16757384,7
48875,16757384,16757387,3
48876,16757491,16757494,3
48877,16758211,16758215,4
48878,16758215,16758224,9
48879,16758241,16758244,3
48880,16758244,16758248,4
48881,16758248,16758257,9
48882,16758649,16758655,6
48883,16758655,16758660,5
48884,16758803,16758807,4
48885,16758880,16758889,9
48886,16758952,16758957,5
48887,16759108,16759111,3
48888,16760000,16760009,9
48889,16760637,16760645,8
48890,16760991,16760994,3
48891,16762287,16762292,5
48892,16762292,16762297,5
48893,16762844,16762855,11
48894,16763439,16763447,8
48895,16763759,16763769,10
48896,16763794,16763800,6
48897,16764471,16764475,4
48898,16764802,16764809,7
48899,16765756,16765761,5
48900,16765761,16765768,7
48901,16767626,16767634,8
48902,16768266,16768269,3
48903,16768306,16768310,4
48904,16768310,16768316,6
48905,16768365,16768369,4
48906,16769416,16769419,3
48907,16769902,16769907,5
48908,16770081,16770087,6
48909,16770245,16770251,6
48910,16770251,16770254,3
48911,16770453,16770457,4
48912,16770771,16770779,8
48913,16772266,16772275,9
48914,16773723,16773726,3
48915,16773960,16773968,8
48916,16774045,16774053,8
48917,16774103,16774107,4
48918,16774680,16774684,4
48919,16774684,16774690,6
48920,16774690,16774699,9
48921,16774843,16774852,9
48922,16775136,16775146,10
48923,16775516,16775523,7
48924,16775523,16775527,4
48925,16775527,16775530,3
48926,16775544,16775551,7
48927,16775551,16775555,4
48928,16776054,16776058,4
48929,16776058,16776063,5
48930,16776108,16776112,4
48931,16776229,16776235,6
48932,16776406,16776417,11
48933,16776736,16776745,9
48934,16777081,16777089,8
48935,16777497,16777503,6
48936,16777550,16777556,6
48937,16778659,16778663,4
48938,16779197,16779205,8
48939,16779395,16779399,4
48940,16781095,16781098,3
48941,16781098,16781104,6
48942,16782007,16782016,9
48943,16783109,16783118,9
48944,16783258,16783266,8
48945,16783488,16783495,7
48946,16783983,16783991,8
48947,16784141,16784149,8
48948,16784674,16784678,4
48949,16784920,16784929,9
48950,16786575,16786578,3
48951,16786888,16786892,4
48952,16786960,16786963,3
48953,16787002,16787009,7
48954,16787077,16787084,7
48955,16787646,16787650,4
48956,16787674,16787683,9
48957,16787904,16787909,5
48958,16790107,16790111,4
48959,16790111,16790122,11
48960,16790211,16790214,3
48961,16790530,16790538,8
48962,16790613,16790623,10
48963,16790753,16790760,7
48964,16790760,16790764,4
48965,16791150,16791159,9
48966,16791675,16791680,5
48967,16792756,16792761,5
48968,16792774,16792780,6
48969,16795720,16795729,9
48970,16795829,16795836,7
48971,16795836,16795842,6
48972,16796442,16796445,3
48973,16797567,16797573,6
48974,16797632,16797642,10
48975,16797815,16797821,6
48976,16798620,16798623,3
48977,16799079,16799087,8
48978,16799196,16799202,6
48979,16799332,16799336,4
48980,16799798,16799804,6
48981,16799804,16799807,3
48982,16799807,16799814,7
48983,16799841,16799849,8
48984,16799849,16799852,3
48985,16799888,16799895,7
48986,16799895,16799903,8
48987,16800623,16800632,9
48988,16800791,16800799,8
48989,16802078,16802083,5
48990,16802264,16802273,9
48991,16803345,16803366,21
48992,16803479,16803482,3
48993,16803482,16803485,3
48994,16803525,16803528,3
48995,16805677,16805683,6
48996,16806375,16806381,6
48997,16806777,16806783,6
48998,16807634,16807638,4
48999,16807790,16807800,10
49000,16807800,16807807,7
49001,16807871,16807877,6
49002,16808072,16808078,6
49003,16808174,16808180,6
49004,16808340,16808349,9
49005,16808931,16808938,7
49006,16809334,16809337,3
49007,16809656,16809689,33
49008,16810437,16810445,8
49009,16810533,16810539,6
49010,16810901,16810910,9
49011,16810992,16810999,7
49012,16810999,16811006,7
49013,16811389,16811392,3
49014,16811518,16811524,6
49015,16811524,16811530,6
49016,16811577,16811583,6
49017,16811583,16811589,6
49018,16811589,16811595,6
49019,16811595,16811601,6
49020,16812275,16812278,3
49021,16812590,16812623,33
49022,16812965,16812968,3
49023,16813850,16813853,3
49024,16813929,16813938,9
49025,16813964,16813967,3
49026,16813999,16814003,4
49027,16814258,16814262,4
49028,16814432,16814437,5
49029,16815170,16815173,3
49030,16815766,16815771,5
49031,16815771,16815774,3
49032,16817699,16817702,3
49033,16817995,16818000,5
49034,16818656,16818662,6
49035,16818662,16818669,7
49036,16819567,16819577,10
49037,16822149,16822161,12
49038,16822620,16822631,11
49039,16822835,16822841,6
49040,16823855,16823858,3
49041,16824014,16824019,5
49042,16824019,16824025,6
49043,16824025,16824029,4
49044,16825102,16825105,3
49045,16825419,16825426,7
49046,16825483,16825489,6
49047,16825799,16825805,6
49048,16825945,16825952,7
49049,16826358,16826362,4
49050,16827768,16827771,3
49051,16827771,16827780,9
49052,16828130,16828137,7
49053,16828511,16828521,10
49054,16828656,16828661,5
49055,16830083,16830093,10
49056,16830163,16830169,6
49057,16830688,16830695,7
49058,16830900,16830906,6
49059,16830906,16830912,6
49060,16831339,16831346,7
49061,16831426,16831429,3
49062,16831881,16831887,6
49063,16832439,16832448,9
49064,16832501,16832508,7
49065,16833184,16833189,5
49066,16833492,16833497,5
49067,16833554,16833563,9
49068,16834920,16834928,8
49069,16835105,16835109,4
49070,16835167,16835173,6
49071,16835173,16835179,6
49072,16835311,16835317,6
49073,16835336,16835342,6
49074,16835711,16835722,11
49075,16835826,16835831,5
49076,16836339,16836346,7
49077,16836686,16836693,7
49078,16836737,16836744,7
49079,16836826,16836835,9
49080,16837244,16837249,5
49081,16837321,16837324,3
49082,16837353,16837361,8
49083,16838423,16838431,8
49084,16839160,16839168,8
49085,16839168,16839177,9
49086,16840051,16840055,4
49087,16840055,16840065,10
49088,16840355,16840361,6
49089,16840915,16840919,4
49090,16841443,16841447,4
49091,16842546,16842554,8
49092,16842617,16842624,7
49093,16842813,16842816,3
49094,16843451,16843457,6
49095,16843487,16843493,6
49096,16845131,16845137,6
49097,16845301,16845308,7
49098,16845330,16845337,7
49099,16845439,16845447,8
49100,16845689,16845694,5
49101,16845777,16845786,9
49102,16845786,16845792,6
49103,16846040,16846046,6
49104,16846214,16846220,6
49105,16846469,16846475,6
49106,16846855,16846863,8
49107,16847193,16847203,10
49108,16847203,16847208,5
49109,16847357,16847361,4
49110,16848005,16848010,5
49111,16848010,16848017,7
49112,16848296,16848299,3
49113,16848670,16848678,8
49114,16850371,16850379,8
49115,16850379,16850384,5
49116,16852008,16852016,8
49117,16852610,16852619,9
49118,16852689,16852693,4
49119,16852751,16852755,4
49120,16852755,16852762,7
49121,16853293,16853298,5
49122,16853571,16853578,7
49123,16853578,16853581,3
49124,16853581,16853585,4
49125,16855293,16855297,4
49126,16855846,16855851,5
49127,16855851,16855856,5
49128,16855856,16855861,5
49129,16856543,16856553,10
49130,16857178,16857184,6
49131,16857904,16857910,6
49132,16858147,16858155,8
49133,16858814,16858817,3
49134,16859734,16859740,6
49135,16860408,16860414,6
49136,16860414,16860418,4
49137,16860418,16860423,5
49138,16860440,16860444,4
49139,16860593,16860601,8
49140,16861170,16861176,6
49141,16862135,16862143,8
49142,16863328,16863332,4
49143,16863712,16863721,9
49144,16863881,16863885,4
49145,16863885,16863893,8
49146,16865149,16865154,5
49147,16865168,16865175,7
49148,16865880,16865887,7
49149,16866066,16866072,6
49150,16866072,16866077,5
49151,16866110,16866114,4
49152,16866114,16866118,4
49153,16866514,16866522,8
49154,16866853,16866861,8
49155,16867472,16867482,10
49156,16867512,16867520,8
49157,16867632,16867639,7
49158,16867639,16867647,8
49159,16869315,16869320,5
49160,16869320,16869326,6
49161,16869326,16869330,4
49162,16869330,16869340,10
49163,16869881,16869885,4
49164,16870113,16870116,3
49165,16870116,16870124,8
49166,16872410,16872415,5
49167,16873357,16873366,9
49168,16875014,16875021,7
49169,16876396,16876405,9
49170,16877583,16877592,9
49171,16878820,16878824,4
49172,16879289,16879295,6
49173,16879682,16879688,6
49174,16879688,16879697,9
49175,16879697,16879702,5
49176,16880697,16880702,5
49177,16881027,16881036,9
49178,16881089,16881095,6
49179,16882159,16882165,6
49180,16882278,16882282,4
49181,16882282,16882285,3
49182,16882285,16882288,3
49183,16882459,16882469,10
49184,16882674,16882681,7
49185,16883229,16883234,5
49186,16883859,16883866,7
49187,16884111,16884120,9
49188,16884663,16884666,3
49189,16884976,16884983,7
49190,16886356,16886361,5
49191,16886441,16886446,5
49192,16887551,16887554,3
49193,16887792,16887798,6
49194,16887798,16887802,4
49195,16887963,16887967,4
49196,16887967,16887975,8
49197,16888802,16888806,4
49198,16889312,16889321,9
49199,16890010,16890018,8
49200,16890018,16890025,7
49201,16890156,16890160,4
49202,16890324,16890327,3
49203,16890363,16890367,4
49204,16891576,16891586,10
49205,16891605,16891608,3
49206,16891608,16891611,3
49207,16891611,16891614,3
49208,16891874,16891882,8
49209,16891922,16891928,6
49210,16891928,16891932,4
49211,16891932,16891937,5
49212,16891937,16891942,5
49213,16892461,16892469,8
49214,16892626,16892630,4
49215,16892880,16892884,4
49216,16893198,16893207,9
49217,16894121,16894128,7
49218,16894128,16894133,5
49219,16894340,16894347,7
49220,16894449,16894453,4
49221,16894645,16894652,7
49222,16894661,16894669,8
49223,16894669,16894674,5
49224,16895117,16895120,3
49225,16895608,16895618,10
49226,16895828,16895835,7
49227,16896199,16896208,9
49228,16896556,16896559,3
49229,16896559,16896565,6
49230,16896565,16896568,3
49231,16896610,16896616,6
49232,16897066,16897073,7
49233,16897169,16897174,5
49234,16898490,16898499,9
49235,16899252,16899256,4
49236,16899802,16899808,6
49237,16899808,16899818,10
49238,16901303,16901312,9
49239,16901430,16901434,4
49240,16901480,16901486,6
49241,16901486,16901493,7
49242,16901946,16901955,9
49243,16902467,16902474,7
49244,16902474,16902481,7
49245,16902481,16902488,7
49246,16902488,16902495,7
49247,16902495,16902502,7
49248,16902766,16902769,3
49249,16903608,16903618,10
49250,16903701,16903705,4
49251,16903943,16903950,7
49252,16903991,16903998,7
49253,16904058,16904065,7
49254,16904100,16904107,7
49255,16904128,16904132,4
49256,16904132,16904140,8
49257,16904655,16904660,5
49258,16904660,16904670,10
49259,16904764,16904771,7
49260,16905114,16905119,5
49261,16905636,16905642,6
49262,16906091,16906097,6
49263,16906097,16906103,6
49264,16906153,16906163,10
49265,16906541,16906549,8
49266,16906683,16906690,7
49267,16906897,16906903,6
49268,16906982,16906990,8
49269,16907152,16907162,10
49270,16907651,16907656,5
49271,16907792,16907798,6
49272,16907798,16907803,5
49273,16907803,16907808,5
49274,16907808,16907813,5
49275,16907813,16907818,5
49276,16907865,16907869,4
49277,16907886,16907896,10
49278,16907911,16907916,5
49279,16907916,16907921,5
49280,16907921,16907929,8
49281,16907929,16907934,5
49282,16908288,16908292,4
49283,16909092,16909097,5
49284,16909097,16909101,4
49285,16909117,16909121,4
49286,16909121,16909129,8
49287,16909129,16909137,8
49288,16909137,16909145,8
49289,16909371,16909374,3
49290,16909604,16909613,9
49291,16909795,16909804,9
49292,16909804,16909813,9
49293,16910302,16910307,5
49294,16910680,16910683,3
49295,16910838,16910842,4
49296,16912009,16912017,8
49297,16912091,16912096,5
49298,16912684,16912689,5
49299,16913265,16913275,10
49300,16915451,16915457,6
49301,16915536,16915543,7
49302,16915621,16915625,4
49303,16915952,16915958,6
49304,16915969,16915978,9
49305,16915978,16915987,9
49306,16918552,16918564,12
49307,16918873,16918885,12
49308,16919058,16919063,5
49309,16919109,16919114,5
49310,16919224,16919232,8
49311,16919390,16919397,7
49312,16919550,16919556,6
49313,16920183,16920186,3
49314,16920851,16920857,6
49315,16920857,16920862,5
49316,16920946,16920953,7
49317,16921391,16921400,9
49318,16922857,16922865,8
49319,16922865,16922875,10
49320,16923879,16923887,8
49321,16924180,16924185,5
49322,16924480,16924489,9
49323,16924534,16924540,6
49324,16925769,16925774,5
49325,16925774,16925784,10
49326,16926178,16926187,9
49327,16926234,16926242,8
49328,16926242,16926245,3
49329,16926462,16926469,7
49330,16927552,16927557,5
49331,16928773,16928778,5
49332,16928778,16928784,6
49333,16928784,16928789,5
49334,16929063,16929071,8
49335,16929214,16929223,9
49336,16929833,16929839,6
49337,16929839,16929842,3
49338,16930142,16930145,3
49339,16932232,16932240,8
49340,16933164,16933170,6
49341,16933170,16933179,9
49342,16933292,16933299,7
49343,16933495,16933504,9
49344,16934580,16934589,9
49345,16934589,16934598,9
49346,16935001,16935006,5
49347,16935006,16935015,9
49348,16935015,16935021,6
49349,16935021,16935024,3
49350,16935336,16935347,11
49351,16935693,16935702,9
49352,16936284,16936345,61
49353,16936345,16936381,36
49354,16936766,16936772,6
49355,16936791,16936796,5
49356,16936905,16936909,4
49357,16937244,16937253,9
49358,16937758,16937762,4
49359,16937977,16937983,6
49360,16938842,16938848,6
49361,16939211,16939214,3
49362,16939372,16939381,9
49363,16939549,16939556,7
49364,16939768,16939771,3
49365,16940297,16940302,5
49366,16940320,16940327,7
49367,16941741,16941751,10
49368,16941751,16941757,6
49369,16942321,16942324,3
49370,16942465,16942468,3
49371,16942510,16942519,9
49372,16942586,16942596,10
49373,16942707,16942714,7
49374,16942741,16942747,6
49375,16942747,16942750,3
49376,16943356,16943365,9
49377,16944552,16944557,5
49378,16946259,16946263,4
49379,16947266,16947276,10
49380,16947276,16947286,10
49381,16947904,16947907,3
49382,16948335,16948340,5
49383,16948380,16948385,5
49384,16948657,16948665,8
49385,16949215,16949224,9
49386,16949300,16949307,7
49387,16949560,16949569,9
49388,16951390,16951396,6
49389,16951894,16951900,6
49390,16953180,16953189,9
49391,16953284,16953288,4
49392,16953425,16953429,4
49393,16953571,16953574,3
49394,16954627,16954633,6
49395,16955103,16955111,8
49396,16955327,16955335,8
49397,16955785,16955789,4
49398,16956614,16956618,4
49399,16956701,16956708,7
49400,16958146,16958155,9
49401,16958281,16958286,5
49402,16958766,16958773,7
49403,16959010,16959019,9
49404,16959019,16959027,8
49405,16959126,16959133,7
49406,16960347,16960352,5
49407,16960459,16960467,8
49408,16960467,16960474,7
49409,16960474,16960483,9
49410,16960828,16960831,3
49411,16960897,16960903,6
49412,16961313,16961317,4
49413,16961350,16961354,4
49414,16961951,16961956,5
49415,16961956,16961959,3
49416,16962019,16962025,6
49417,16962182,16962191,9
49418,16962401,16962405,4
49419,16962714,16962722,8
49420,16962809,16962818,9
49421,16963222,16963225,3
49422,16963510,16963515,5
49423,16963515,16963520,5
49424,16963520,16963525,5
49425,16963525,16963529,4
49426,16964163,16964169,6
49427,16964169,16964175,6
49428,16964937,16964945,8
49429,16965851,16965856,5
49430,16967285,16967289,4
49431,16967435,16967444,9
49432,16967444,16967451,7
49433,16967555,16967558,3
49434,16968863,16968866,3
49435,16969206,16969216,10
49436,16969371,16969377,6
49437,16969739,16969744,5
49438,16970592,16970596,4
49439,16970813,16970819,6
49440,16970819,16970825,6
49441,16970825,16970831,6
49442,16972968,16972974,6
49443,16973148,16973156,8
49444,16973470,16973474,4
49445,16973575,16973579,4
49446,16974434,16974439,5
49447,16975029,16975038,9
49448,16976497,16976503,6
49449,16977123,16977129,6
49450,16978973,16978980,7
49451,16978980,16978987,7
49452,16979073,16979081,8
49453,16979374,16979379,5
49454,16979379,16979384,5
49455,16979836,16979842,6
49456,16980039,16980043,4
49457,16980160,16980165,5
49458,16980503,16980508,5
49459,16981668,16981677,9
49460,16983691,16983696,5
49461,16983696,16983699,3
49462,16983699,16983704,5
49463,16983704,16983709,5
49464,16984150,16984160,10
49465,16984170,16984179,9
49466,16984585,16984594,9
49467,16984967,16984971,4
49468,16984971,16984977,6
49469,16986856,16986859,3
49470,16988577,16988584,7
49471,16988778,16988784,6
49472,16989060,16989068,8
49473,16989394,16989400,6
49474,16989974,16989980,6
49475,16989980,16989990,10
49476,16990207,16990216,9
49477,16991563,16991567,4
49478,16992154,16992159,5
49479,16992539,16992547,8
49480,16992617,16992622,5
49481,16992622,16992630,8
49482,16993481,16993490,9
49483,16994590,16994597,7
49484,16994748,16994751,3
49485,16994998,16995004,6
49486,16995931,16995936,5
49487,16997986,16997993,7
49488,16997993,16998000,7
49489,16999068,16999074,6
49490,17000475,17000478,3
49491,17000503,17000509,6
49492,17000761,17000766,5
49493,17001418,17001425,7
49494,17001425,17001432,7
49495,17001555,17001558,3
49496,17001558,17001561,3
49497,17001597,17001600,3
49498,17001600,17001606,6
49499,17002366,17002372,6
49500,17004030,17004035,5
49501,17004393,17004400,7
49502,17005811,17005817,6
49503,17005953,17005957,4
49504,17008167,17008174,7
49505,17009826,17009833,7
49506,17011076,17011081,5
49507,17012020,17012026,6
49508,17012381,17012390,9
49509,17012767,17012770,3
49510,17013883,17013889,6
49511,17015674,17015681,7
49512,17015901,17015906,5
49513,17015926,17015931,5
49514,17015940,17015946,6
49515,17016687,17016690,3
49516,17018006,17018015,9
49517,17018303,17018313,10
49518,17019491,17019496,5
49519,17021213,17021217,4
49520,17022479,17022485,6
49521,17022485,17022491,6
49522,17022491,17022497,6
49523,17022659,17022665,6
49524,17022665,17022668,3
49525,17022668,17022677,9
49526,17022677,17022683,6
49527,17022698,17022701,3
49528,17023131,17023138,7
49529,17023212,17023220,8
49530,17023220,17023226,6
49531,17023259,17023264,5
49532,17023279,17023288,9
49533,17023633,17023636,3
49534,17027537,17027546,9
49535,17027745,17027755,10
49536,17028052,17028058,6
49537,17028548,17028556,8
49538,17028568,17028574,6
49539,17028776,17028781,5
49540,17029016,17029024,8
49541,17029024,17029032,8
49542,17029262,17029267,5
49543,17029316,17029323,7
49544,17029323,17029330,7
49545,17031590,17031597,7
49546,17032359,17032366,7
49547,17032366,17032373,7
49548,17032398,17032401,3
49549,17033917,17033920,3
49550,17034939,17034945,6
49551,17034963,17034969,6
49552,17035146,17035149,3
49553,17035741,17035746,5
49554,17036103,17036109,6
49555,17036121,17036127,6
49556,17037855,17037860,5
49557,17038323,17038328,5
49558,17038681,17038690,9
49559,17038808,17038814,6
49560,17040769,17040776,7
49561,17040950,17040955,5
49562,17040955,17040962,7
49563,17041468,17041473,5
49564,17042778,17042785,7
49565,17043112,17043116,4
49566,17043116,17043120,4
49567,17043120,17043128,8
49568,17043533,17043541,8
49569,17044091,17044094,3
49570,17044940,17044945,5
49571,17044945,17044948,3
49572,17047726,17047731,5
49573,17047731,17047735,4
49574,17049355,17049361,6
49575,17049361,17049366,5
49576,17049584,17049589,5
49577,17050454,17050463,9
49578,17050975,17050982,7
49579,17051954,17051962,8
49580,17052241,17052249,8
49581,17052249,17052257,8
49582,17052283,17052289,6
49583,17052289,17052296,7
49584,17052296,17052303,7
49585,17052303,17052310,7
49586,17052967,17052973,6
49587,17053307,17053310,3
49588,17054410,17054419,9
49589,17056740,17056743,3
49590,17057353,17057361,8
49591,17058033,17058123,90
49592,17058123,17058134,11
49593,17058134,17058150,16
49594,17059711,17059719,8
49595,17060118,17060121,3
49596,17060832,17060838,6
49597,17061151,17061156,5
49598,17061156,17061163,7
49599,17061661,17061665,4
49600,17062266,17062275,9
49601,17063239,17063247,8
49602,17063660,17063669,9
49603,17063704,17063710,6
49604,17064189,17064192,3
49605,17065072,17065078,6
49606,17065785,17065788,3
49607,17068007,17068012,5
49608,17068044,17068053,9
49609,17068173,17068181,8
49610,17069258,17069261,3
49611,17069261,17069269,8
49612,17069678,17069683,5
49613,17069683,17069688,5
49614,17069717,17069723,6
49615,17069933,17069943,10
49616,17070100,17070110,10
49617,17070397,17070406,9
49618,17070787,17070792,5
49619,17071161,17071170,9
49620,17071477,17071480,3
49621,17071594,17071599,5
49622,17071702,17071705,3
49623,17071705,17071717,12
49624,17072483,17072489,6
49625,17072516,17072522,6
49626,17073020,17073026,6
49627,17073026,17073032,6
49628,17073032,17073038,6
49629,17073038,17073044,6
49630,17073292,17073298,6
49631,17073370,17073373,3
49632,17073547,17073553,6
49633,17073727,17073734,7
49634,17074546,17074553,7
49635,17075453,17075461,8
49636,17075634,17075641,7
49637,17076650,17076654,4
49638,17077808,17077811,3
49639,17078227,17078230,3
49640,17078248,17078254,6
49641,17078857,17078863,6
49642,17079262,17079267,5
49643,17079267,17079277,10
49644,17080624,17080630,6
49645,17080697,17080705,8
49646,17080826,17080831,5
49647,17082399,17082406,7
49648,17082675,17082680,5
49649,17083650,17083655,5
49650,17083768,17083780,12
49651,17086807,17086812,5
49652,17086812,17086819,7
49653,17086819,17086823,4
49654,17086922,17086925,3
49655,17086954,17086963,9
49656,17087238,17087242,4
49657,17087356,17087362,6
49658,17087412,17087419,7
49659,17087521,17087524,3
49660,17088386,17088391,5
49661,17088406,17088412,6
49662,17088928,17088934,6
49663,17089006,17089012,6
49664,17089556,17089564,8
49665,17089564,17089569,5
49666,17091135,17091142,7
49667,17092600,17092603,3
49668,17092856,17092860,4
49669,17092860,17092865,5
49670,17092865,17092873,8
49671,17094517,17094523,6
49672,17094605,17094610,5
49673,17094629,17094633,4
49674,17094853,17094859,6
49675,17094859,17094865,6
49676,17094940,17094946,6
49677,17094946,17094952,6
49678,17095203,17095208,5
49679,17095316,17095325,9
49680,17095532,17095538,6
49681,17096258,17096261,3
49682,17096452,17096459,7
49683,17096684,17096687,3
49684,17098613,17098621,8
49685,17098892,17098899,7
49686,17098899,17098907,8
49687,17098907,17098911,4
49688,17099153,17099158,5
49689,17099158,17099166,8
49690,17099398,17099402,4
49691,17099414,17099422,8
49692,17099973,17099976,3
49693,17100197,17100204,7
49694,17100627,17100634,7
49695,17100804,17100812,8
49696,17101246,17101255,9
49697,17101309,17101319,10
49698,17102983,17102989,6
49699,17103007,17103010,3
49700,17103010,17103022,12
49701,17103577,17103580,3
49702,17103580,17103586,6
49703,17103673,17103676,3
49704,17103746,17103759,13
49705,17104166,17104173,7
49706,17104990,17104995,5
49707,17105539,17105542,3
49708,17106146,17106152,6
49709,17106529,17106533,4
49710,17106580,17106588,8
49711,17106588,17106594,6
49712,17107212,17107218,6
49713,17107218,17107221,3
49714,17107316,17107320,4
49715,17107320,17107328,8
49716,17107426,17107432,6
49717,17107432,17107438,6
49718,17107438,17107444,6
49719,17108520,17108526,6
49720,17108567,17108572,5
49721,17109161,17109166,5
49722,17110678,17110684,6
49723,17110684,17110688,4
49724,17110737,17110742,5
49725,17110742,17110747,5
49726,17110885,17110891,6
49727,17111261,17111269,8
49728,17112025,17112032,7
49729,17113815,17113840,25
49730,17113840,17113845,5
49731,17113845,17113881,36
49732,17113881,17113898,17
49733,17113898,17114133,235
49734,17114133,17114173,40
49735,17114173,17114176,3
49736,17114176,17114262,86
49737,17114262,17114273,11
49738,17114309,17114334,25
49739,17114334,17114509,175
49740,17114509,17114516,7
49741,17114516,17114676,160
49742,17114676,17114753,77
49743,17114753,17114819,66
49744,17114819,17114823,4
49745,17114823,17114882,59
49746,17114882,17114969,87
49747,17114969,17114980,11
49748,17114980,17115008,28
49749,17115008,17115048,40
49750,17115048,17115078,30
49751,17115078,17115170,92
49752,17115170,17115179,9
49753,17115179,17115310,131
49754,17115310,17115325,15
49755,17115325,17115343,18
49756,17115343,17115386,43
49757,17115386,17115395,9
49758,17115395,17115409,14
49759,17115409,17115420,11
49760,17115420,17115452,32
49761,17115452,17115488,36
49762,17115488,17115537,49
49763,17115537,17115542,5
49764,17115542,17115553,11
49765,17115553,17115604,51
49766,17115604,17115615,11
49767,17115615,17115684,69
49768,17115684,17115704,20
49769,17115704,17115712,8
49770,17115712,17115763,51
49771,17115763,17115824,61
49772,17115824,17115898,74
49773,17115898,17115920,22
49774,17115920,17115966,46
49775,17115966,17115986,20
49776,17115986,17116001,15
49777,17116001,17116064,63
49778,17116064,17116132,68
49779,17116132,17116170,38
49780,17116244,17116282,38
49781,17116282,17116370,88
49782,17116370,17116425,55
49783,17116425,17116433,8
49784,17116433,17116580,147
49785,17116580,17116610,30
49786,17116610,17116623,13
49787,17116623,17116763,140
49788,17116763,17117021,258
49789,17117021,17117119,98
49790,17117119,17117124,5
49791,17117124,17117194,70
49792,17117194,17117206,12
49793,17117206,17117254,48
49794,17117254,17117266,12
49795,17117266,17117284,18
49796,17117284,17117347,63
49797,17117347,17117414,67
49798,17117414,17117468,54
49799,17117468,17117474,6
49800,17117474,17117523,49
49801,17117523,17117639,116
49802,17117639,17117730,91
49803,17117730,17117751,21
49804,17117751,17117895,144
49805,17117895,17118006,111
49806,17118006,17118024,18
49807,17118024,17118116,92
49808,17118116,17118127,11
49809,17118127,17118159,32
49810,17118159,17118168,9
49811,17118168,17118178,10
49812,17118178,17118222,44
49813,17118222,17118250,28
49814,17118250,17118258,8
49815,17118258,17118261,3
49816,17118261,17118268,7
49817,17118268,17118272,4
49818,17118361,17118372,11
49819,17118372,17118379,7
49820,17118379,17118383,4
49821,17118383,17118464,81
49822,17118464,17118472,8
49823,17118472,17118475,3
49824,17118475,17118482,7
49825,17118482,17118486,4
49826,17118486,17118566,80
49827,17118566,17118574,8
49828,17118574,17118577,3
49829,17118577,17118584,7
49830,17118584,17118588,4
49831,17118588,17118668,80
49832,17118668,17118676,8
49833,17118676,17118679,3
49834,17118679,17118686,7
49835,17118686,17118690,4
49836,17118690,17118968,278
49837,17118968,17118993,25
49838,17118993,17118998,5
49839,17118998,17119034,36
49840,17119034,17119051,17
49841,17119051,17119286,235
49842,17119286,17119326,40
49843,17119326,17119329,3
49844,17119684,17119692,8
49845,17119692,17119700,8
49846,17121375,17121384,9
49847,17122534,17122537,3
49848,17122678,17122684,6
49849,17122684,17122690,6
49850,17122950,17122958,8
49851,17122958,17122961,3
49852,17123006,17123009,3
49853,17123009,17123015,6
49854,17123015,17123018,3
49855,17123018,17123021,3
49856,17123021,17123024,3
49857,17123024,17123027,3
49858,17123027,17123030,3
49859,17123030,17123033,3
49860,17123033,17123036,3
49861,17123036,17123039,3
49862,17123039,17123042,3
49863,17123259,17123263,4
49864,17123955,17123960,5
49865,17123960,17123968,8
49866,17123968,17123973,5
49867,17124329,17124333,4
49868,17125230,17125235,5
49869,17126010,17126015,5
49870,17126457,17126460,3
49871,17126460,17126465,5
49872,17126465,17126472,7
49873,17126490,17126496,6
49874,17126919,17126928,9
49875,17127304,17127311,7
49876,17128589,17128594,5
49877,17129180,17129187,7
49878,17129683,17129687,4
49879,17129687,17129693,6
49880,17130534,17130537,3
49881,17130555,17130558,3
49882,17130574,17130577,3
49883,17130795,17130800,5
49884,17131551,17131556,5
49885,17131817,17131824,7
49886,17132063,17132070,7
49887,17132591,17132599,8
49888,17133051,17133057,6
49889,17133518,17133523,5
49890,17134622,17134626,4
49891,17135075,17135079,4
49892,17135996,17136007,11
49893,17136659,17136666,7
49894,17136800,17136807,7
49895,17137192,17137196,4
49896,17137196,17137205,9
49897,17137562,17137567,5
49898,17137766,17137775,9
49899,17138059,17138063,4
49900,17138364,17138369,5
49901,17138369,17138378,9
49902,17138487,17138492,5
49903,17138492,17138500,8
49904,17138795,17138802,7
49905,17139401,17139406,5
49906,17140094,17140097,3
49907,17140576,17140580,4
49908,17140580,17140583,3
49909,17141407,17141412,5
49910,17141498,17141502,4
49911,17141748,17141752,4
49912,17141941,17141949,8
49913,17142002,17142008,6
49914,17142409,17142415,6
49915,17142831,17142834,3
49916,17142962,17142968,6
49917,17142994,17143004,10
49918,17143224,17143231,7
49919,17143231,17143235,4
49920,17143690,17143693,3
49921,17143989,17143999,10
49922,17144161,17144171,10
49923,17144171,17144177,6
49924,17144656,17144665,9
49925,17144888,17144895,7
49926,17144895,17144899,4
49927,17145111,17145114,3
49928,17145320,17145349,29
49929,17145349,17145355,6
49930,17145439,17145461,22
49931,17145666,17145695,29
49932,17145695,17145701,6
49933,17145785,17145807,22
49934,17145900,17145909,9
49935,17146823,17146830,7
49936,17147271,17147276,5
49937,17147557,17147565,8
49938,17148223,17148228,5
49939,17149275,17149278,3
49940,17151306,17151315,9
49941,17151732,17151735,3
49942,17151883,17151886,3
49943,17152168,17152171,3
49944,17152350,17152359,9
49945,17152359,17152366,7
49946,17152499,17152509,10
49947,17152628,17152637,9
49948,17152936,17152943,7
49949,17153060,17153065,5
49950,17153218,17153226,8
49951,17153956,17153960,4
49952,17154568,17154576,8
49953,17154852,17154864,12
49954,17155176,17155179,3
49955,17155629,17155632,3
49956,17155632,17155637,5
49957,17155833,17155840,7
49958,17156678,17156682,4
49959,17157773,17157781,8
49960,17159633,17159639,6
49961,17159967,17159976,9
49962,17160267,17160278,11
49963,17160278,17160281,3
49964,17160627,17160633,6
49965,17160763,17160769,6
49966,17160789,17160792,3
49967,17160792,17160795,3
49968,17160795,17160798,3
49969,17161028,17161038,10
49970,17161198,17161207,9
49971,17161207,17161216,9
49972,17161261,17161265,4
49973,17161871,17161876,5
49974,17162511,17162514,3
49975,17162652,17162658,6
49976,17163280,17163286,6
49977,17164213,17164222,9
49978,17165292,17165300,8
49979,17166536,17166540,4
49980,17166540,17166545,5
49981,17167025,17167033,8
49982,17167176,17167181,5
49983,17168200,17168203,3
49984,17169080,17169086,6
49985,17169763,17169766,3
49986,17170243,17170246,3
49987,17172829,17172834,5
49988,17172927,17172932,5
49989,17172954,17172958,4
49990,17172958,17172963,5
49991,17172963,17172966,3
49992,17172966,17172970,4
49993,17172970,17172974,4
49994,17172974,17172982,8
49995,17176070,17176079,9
49996,17176154,17176162,8
49997,17177079,17177083,4
49998,17177677,17177683,6
49999,17177683,17177691,8
50000,17177734,17177737,3
50001,17177737,17177740,3
50002,17179638,17179643,5
50003,17179643,17179648,5
50004,17179810,17179813,3
50005,17179813,17179816,3
50006,17180211,17180214,3
50007,17181767,17181774,7
50008,17183445,17183449,4
50009,17184464,17184470,6
50010,17184974,17184977,3
50011,17185176,17185180,4
50012,17185292,17185299,7
50013,17185299,17185306,7
50014,17186315,17186322,7
50015,17187399,17187408,9
50016,17187539,17187548,9
50017,17187548,17187554,6
50018,17187890,17187894,4
50019,17188358,17188365,7
50020,17188599,17188602,3
50021,17188664,17188672,8
50022,17188741,17188748,7
50023,17188840,17188849,9
50024,17189042,17189048,6
50025,17189048,17189051,3
50026,17189936,17189939,3
50027,17191002,17191009,7
50028,17191143,17191151,8
50029,17191384,17191392,8
50030,17191728,17191736,8
50031,17192357,17192364,7
50032,17192472,17192483,11
50033,17192556,17192562,6
50034,17193588,17193593,5
50035,17194772,17194779,7
50036,17194880,17194889,9
50037,17195093,17195107,14
50038,17195263,17195420,157
50039,17195420,17195432,12
50040,17195432,17195439,7
50041,17195439,17195446,7
50042,17195446,17195455,9
50043,17195455,17195546,91
50044,17195546,17195566,20
50045,17195629,17195774,145
50046,17195774,17195850,76
50047,17195850,17195936,86
50048,17195936,17195998,62
50049,17195998,17196018,20
50050,17196018,17196082,64
50051,17196082,17196104,22
50052,17196104,17196301,197
50053,17196301,17196376,75
50054,17196376,17196398,22
50055,17196398,17196402,4
50056,17196402,17196449,47
50057,17196449,17196483,34
50058,17196483,17196486,3
50059,17196486,17196713,227
50060,17196713,17196732,19
50061,17196732,17196790,58
50062,17196790,17196815,25
50063,17196815,17196860,45
50064,17196860,17197055,195
50065,17197055,17197060,5
50066,17197060,17197194,134
50067,17197194,17197414,220
50068,17197414,17197452,38
50069,17197452,17197629,177
50070,17197629,17197963,334
50071,17197963,17197969,6
50072,17197969,17197980,11
50073,17197980,17198038,58
50074,17198038,17198197,159
50075,17198197,17198289,92
50076,17198289,17198307,18
50077,17198307,17198397,90
50078,17198397,17198527,130
50079,17198527,17198550,23
50080,17198550,17198553,3
50081,17198553,17198568,15
50082,17198568,17198640,72
50083,17198640,17198654,14
50084,17198654,17198729,75
50085,17198729,17198808,79
50086,17198808,17198895,87
50087,17198895,17199094,199
50088,17199094,17199115,21
50089,17199115,17199220,105
50090,17199220,17199267,47
50091,17199267,17199292,25
50092,17199292,17199413,121
50093,17199413,17199589,176
50094,17199589,17199628,39
50095,17199628,17199721,93
50096,17199721,17199872,151
50097,17199872,17199897,25
50098,17199897,17199987,90
50099,17199987,17200016,29
50100,17200016,17200173,157
50101,17200173,17200185,12
50102,17200185,17200192,7
50103,17200192,17200199,7
50104,17200199,17200208,9
50105,17201175,17201183,8
50106,17201183,17201189,6
50107,17201734,17201741,7
50108,17201774,17201782,8
50109,17201839,17201843,4
50110,17201896,17201902,6
50111,17202049,17202058,9
50112,17202068,17202077,9
50113,17202141,17202148,7
50114,17202184,17202189,5
50115,17202189,17202199,10
50116,17202199,17202205,6
50117,17202205,17202208,3
50118,17202208,17202212,4
50119,17202212,17202221,9
50120,17202382,17202389,7
50121,17203141,17203150,9
50122,17203315,17203321,6
50123,17203369,17203375,6
50124,17205334,17205342,8
50125,17205357,17205365,8
50126,17205695,17205700,5
50127,17205908,17205916,8
50128,17207463,17207470,7
50129,17207470,17207476,6
50130,17207819,17207823,4
50131,17208406,17208414,8
50132,17208879,17208888,9
50133,17208888,17208897,9
50134,17208897,17208906,9
50135,17208906,17208915,9
50136,17209603,17209607,4
50137,17210899,17210905,6
50138,17212365,17212371,6
50139,17212393,17212401,8
50140,17212401,17212404,3
50141,17212486,17212492,6
50142,17212525,17212534,9
50143,17212561,17212567,6
50144,17212637,17212642,5
50145,17212642,17212645,3
50146,17212856,17212864,8
50147,17212864,17212867,3
50148,17213217,17213224,7
50149,17213441,17213446,5
50150,17213503,17213510,7
50151,17214001,17214007,6
50152,17214787,17214796,9
50153,17215040,17215045,5
50154,17215080,17215088,8
50155,17215425,17215430,5
50156,17216126,17216131,5
50157,17216562,17216571,9
50158,17216571,17216579,8
50159,17216579,17216584,5
50160,17216656,17216661,5
50161,17217313,17217323,10
50162,17217882,17217885,3
50163,17217907,17217910,3
50164,17218431,17218434,3
50165,17219029,17219038,9
50166,17219646,17219651,5
50167,17220914,17220924,10
50168,17223093,17223097,4
50169,17223116,17223121,5
50170,17223526,17223535,9
50171,17224179,17224186,7
50172,17224186,17224191,5
50173,17224470,17224477,7
50174,17224546,17224550,4
50175,17224574,17224578,4
50176,17224578,17224586,8
50177,17224623,17224629,6
50178,17224629,17224635,6
50179,17225468,17225472,4
50180,17225472,17225476,4
50181,17226358,17226367,9
50182,17226563,17226574,11
50183,17226820,17226826,6
50184,17227405,17227414,9
50185,17227987,17227994,7
50186,17228830,17228840,10
50187,17228919,17228928,9
50188,17230061,17230068,7
50189,17230295,17230301,6
50190,17231018,17231025,7
50191,17231025,17231031,6
50192,17231031,17231043,12
50193,17231157,17231162,5
50194,17232046,17232059,13
50195,17232412,17232415,3
50196,17233676,17233689,13
50197,17233912,17233918,6
50198,17235227,17235237,10
50199,17235385,17235391,6
50200,17235456,17235462,6
50201,17236484,17236487,3
50202,17236849,17236857,8
50203,17236857,17236861,4
50204,17237741,17237744,3
50205,17238120,17238124,4
50206,17238142,17238148,6
50207,17238148,17238152,4
50208,17238609,17238614,5
50209,17238981,17238985,4
50210,17239234,17239241,7
50211,17239241,17239251,10
50212,17239251,17239254,3
50213,17239548,17239551,3
50214,17239809,17239815,6
50215,17242945,17242954,9
50216,17243422,17243430,8
50217,17243430,17243437,7
50218,17243559,17243562,3
50219,17243562,17243566,4
50220,17245109,17245114,5
50221,17245492,17245495,3
50222,17246232,17246238,6
50223,17246323,17246331,8
50224,17246331,17246338,7
50225,17247583,17247589,6
50226,17247691,17247697,6
50227,17249741,17249747,6
50228,17250074,17250086,12
50229,17250404,17250409,5
50230,17250817,17250823,6
50231,17250973,17250982,9
50232,17251188,17251192,4
50233,17252032,17252041,9
50234,17252678,17252681,3
50235,17253151,17253159,8
50236,17253159,17253166,7
50237,17253770,17253774,4
50238,17254009,17254012,3
50239,17254012,17254019,7
50240,17254613,17254617,4
50241,17255926,17255936,10
50242,17255958,17255965,7
50243,17255965,17255972,7
50244,17255972,17255975,3
50245,17255994,17255998,4
50246,17256552,17256555,3
50247,17256884,17256888,4
50248,17257078,17257083,5
50249,17257151,17257155,4
50250,17257814,17257817,3
50251,17258043,17258048,5
50252,17259567,17259575,8
50253,17259672,17259677,5
50254,17262370,17262411,41
50255,17263110,17263114,4
50256,17263223,17263228,5
50257,17263599,17263604,5
50258,17263626,17263629,3
50259,17263629,17263635,6
50260,17264902,17264905,3
50261,17266570,17266577,7
50262,17266915,17266924,9
50263,17266924,17266930,6
50264,17267913,17267919,6
50265,17269006,17269013,7
50266,17269013,17269016,3
50267,17269016,17269026,10
50268,17269505,17269510,5
50269,17269639,17269643,4
50270,17269643,17269650,7
50271,17270363,17270371,8
50272,17270371,17270374,3
50273,17271042,17271046,4
50274,17271104,17271108,4
50275,17271254,17271260,6
50276,17271755,17271764,9
50277,17274008,17274016,8
50278,17274016,17274020,4
50279,17274123,17274127,4
50280,17274262,17274267,5
50281,17274267,17274272,5
50282,17274377,17274381,4
50283,17275209,17275217,8
50284,17275217,17275224,7
50285,17275898,17275901,3
50286,17276632,17276637,5
50287,17277695,17277704,9
50288,17278413,17278421,8
50289,17278742,17278747,5
50290,17278786,17278789,3
50291,17278977,17278983,6
50292,17279794,17279797,3
50293,17280211,17280217,6
50294,17280393,17280398,5
50295,17281063,17281069,6
50296,17282062,17282065,3
50297,17282080,17282083,3
50298,17282409,17282414,5
50299,17282921,17282929,8
50300,17282945,17282954,9
50301,17282954,17282965,11
50302,17283020,17283029,9
50303,17283609,17283618,9
50304,17283618,17283634,16
50305,17283838,17283841,3
50306,17284062,17284066,4
50307,17284670,17284673,3
50308,17285075,17285083,8
50309,17285262,17285267,5
50310,17285311,17285316,5
50311,17285364,17285370,6
50312,17285531,17285534,3
50313,17286987,17286996,9
50314,17286996,17287001,5
50315,17287001,17287005,4
50316,17287005,17287011,6
50317,17287026,17287034,8
50318,17287101,17287113,12
50319,17287738,17287742,4
50320,17288127,17288132,5
50321,17288395,17288401,6
50322,17288401,17288404,3
50323,17288464,17288473,9
50324,17288626,17288634,8
50325,17288670,17288679,9
50326,17289006,17289010,4
50327,17289279,17289283,4
50328,17289881,17289886,5
50329,17290440,17290448,8
50330,17290536,17290541,5
50331,17290611,17290616,5
50332,17290706,17290715,9
50333,17290757,17290763,6
50334,17292222,17292230,8
50335,17292934,17292942,8
50336,17294388,17294392,4
50337,17294594,17294603,9
50338,17294603,17294612,9
50339,17294612,17294615,3
50340,17294615,17294624,9
50341,17294747,17294750,3
50342,17296278,17296287,9
50343,17297560,17297568,8
50344,17298581,17298586,5
50345,17299108,17299111,3
50346,17299161,17299166,5
50347,17299632,17299640,8
50348,17300080,17300083,3
50349,17300320,17300327,7
50350,17300611,17300618,7
50351,17302805,17302811,6
50352,17302811,17302817,6
50353,17302817,17302822,5
50354,17302913,17302917,4
50355,17304134,17304140,6
50356,17304303,17304308,5
50357,17304553,17304558,5
50358,17304707,17304710,3
50359,17306138,17306143,5
50360,17306798,17306806,8
50361,17307061,17307067,6
50362,17307067,17307072,5
50363,17307345,17307351,6
50364,17308581,17308586,5
50365,17308601,17308611,10
50366,17308611,17308616,5
50367,17308616,17308621,5
50368,17308621,17308626,5
50369,17308626,17308631,5
50370,17308631,17308636,5
50371,17308840,17308845,5
50372,17308845,17308851,6
50373,17309190,17309200,10
50374,17309748,17309757,9
50375,17309945,17309950,5
50376,17310013,17310020,7
50377,17310391,17310397,6
50378,17311038,17311044,6
50379,17311207,17311214,7
50380,17311909,17311912,3
50381,17311912,17311917,5
50382,17311992,17311995,3
50383,17311995,17312004,9
50384,17312426,17312436,10
50385,17312603,17312607,4
50386,17313003,17313009,6
50387,17315048,17315055,7
50388,17315637,17315644,7
50389,17315901,17315904,3
50390,17316087,17316093,6
50391,17316093,17316097,4
50392,17316634,17316643,9
50393,17317480,17317483,3
50394,17318881,17318885,4
50395,17319943,17319950,7
50396,17319950,17319954,4
50397,17320852,17320858,6
50398,17321560,17321567,7
50399,17321567,17321574,7
50400,17321628,17321637,9
50401,17322105,17322113,8
50402,17322456,17322462,6
50403,17322822,17322826,4
50404,17323267,17323270,3
50405,17323488,17323493,5
50406,17324638,17324647,9
50407,17324917,17324926,9
50408,17324926,17324934,8
50409,17325201,17325207,6
50410,17325207,17325213,6
50411,17325308,17325315,7
50412,17325315,17325322,7
50413,17326390,17326398,8
50414,17326398,17326401,3
50415,17326401,17326409,8
50416,17326409,17326417,8
50417,17326417,17326425,8
50418,17327044,17327050,6
50419,17327182,17327186,4
50420,17327428,17327435,7
50421,17327745,17327748,3
50422,17327748,17327751,3
50423,17327751,17327754,3
50424,17327754,17327759,5
50425,17327759,17327762,3
50426,17327762,17327765,3
50427,17327795,17327800,5
50428,17328419,17328423,4
50429,17328501,17328506,5
50430,17328858,17328864,6
50431,17330229,17330236,7
50432,17330236,17330244,8
50433,17330244,17330252,8
50434,17330529,17330536,7
50435,17330753,17330759,6
50436,17330759,17330765,6
50437,17330765,17330771,6
50438,17330771,17330777,6
50439,17330791,17330797,6
50440,17330812,17330817,5
50441,17330991,17330994,3
50442,17330994,17330997,3
50443,17330997,17331000,3
50444,17331038,17331043,5
50445,17331043,17331048,5
50446,17331048,17331058,10
50447,17331552,17331555,3
50448,17331555,17331564,9
50449,17331676,17331685,9
50450,17331753,17331757,4
50451,17331911,17331915,4
50452,17332194,17332200,6
50453,17332200,17332206,6
50454,17332206,17332214,8
50455,17332513,17332522,9
50456,17332806,17332816,10
50457,17334411,17334414,3
50458,17334491,17334494,3
50459,17334851,17334857,6
50460,17335808,17335811,3
50461,17335877,17335885,8
50462,17336168,17336172,4
50463,17336172,17336175,3
50464,17336772,17336776,4
50465,17336836,17336841,5
50466,17336887,17336896,9
50467,17336896,17336899,3
50468,17336947,17336950,3
50469,17336999,17337005,6
50470,17337005,17337012,7
50471,17337972,17337979,7
50472,17339108,17339118,10
50473,17339118,17339126,8
50474,17340596,17340601,5
50475,17340698,17340701,3
50476,17341324,17341331,7
50477,17341561,17341566,5
50478,17341566,17341571,5
50479,17342361,17342369,8
50480,17344134,17344137,3
50481,17344205,17344209,4
50482,17345105,17345114,9
50483,17346839,17346842,3
50484,17346842,17346845,3
50485,17346845,17346850,5
50486,17346922,17346927,5
50487,17347042,17347049,7
50488,17347772,17347776,4
50489,17348122,17348125,3
50490,17348531,17348537,6
50491,17348609,17348613,4
50492,17348975,17348980,5
50493,17348980,17348985,5
50494,17349847,17349850,3
50495,17350936,17350941,5
50496,17350941,17350947,6
50497,17351070,17351076,6
50498,17351975,17351980,5
50499,17352317,17352323,6
50500,17353116,17353122,6
50501,17353147,17353154,7
50502,17354156,17354163,7
50503,17354163,17354170,7
50504,17354255,17354258,3
50505,17354739,17354748,9
50506,17354762,17354770,8
50507,17354770,17354778,8
50508,17354778,17354782,4
50509,17354782,17354785,3
50510,17354785,17354793,8
50511,17354845,17354849,4
50512,17354849,17354858,9
50513,17355356,17355360,4
50514,17355360,17355369,9
50515,17355473,17355479,6
50516,17356130,17356137,7
50517,17356329,17356336,7
50518,17356751,17356759,8
50519,17358313,17358322,9
50520,17358322,17358331,9
50521,17358349,17358352,3
50522,17358352,17358355,3
50523,17358425,17358430,5
50524,17359022,17359032,10
50525,17359319,17359324,5
50526,17359603,17359609,6
50527,17359683,17359691,8
50528,17360114,17360118,4
50529,17361542,17361549,7
50530,17361874,17361880,6
50531,17361880,17361886,6
50532,17361886,17361892,6
50533,17361892,17361898,6
50534,17361898,17361906,8
50535,17362672,17362677,5
50536,17362988,17362991,3
50537,17363288,17363291,3
50538,17363771,17363777,6
50539,17363777,17363782,5
50540,17363846,17363854,8
50541,17363962,17363967,5
50542,17364378,17364383,5
50543,17364383,17364387,4
50544,17364387,17364391,4
50545,17365012,17365020,8
50546,17365043,17365050,7
50547,17365316,17365322,6
50548,17365322,17365328,6
50549,17365328,17365334,6
50550,17365760,17365769,9
50551,17365836,17365839,3
50552,17366018,17366021,3
50553,17366021,17366030,9
50554,17366127,17366132,5
50555,17366132,17366135,3
50556,17366135,17366138,3
50557,17366138,17366149,11
50558,17366221,17366228,7
50559,17366278,17366285,7
50560,17366285,17366292,7
50561,17366292,17366301,9
50562,17366301,17366308,7
50563,17366913,17366918,5
50564,17366918,17366923,5
50565,17366923,17366928,5
50566,17366928,17366933,5
50567,17366948,17366953,5
50568,17366953,17366958,5
50569,17366958,17366963,5
50570,17369203,17369207,4
50571,17369743,17369749,6
50572,17369767,17369773,6
50573,17369773,17369783,10
50574,17369783,17369789,6
50575,17369897,17369901,4
50576,17370878,17370884,6
50577,17370884,17370890,6
50578,17370890,17370896,6
50579,17370896,17370907,11
50580,17370907,17370915,8
50581,17371089,17371092,3
50582,17371116,17371121,5
50583,17371856,17371863,7
50584,17371942,17371947,5
50585,17372363,17372372,9
50586,17372675,17372681,6
50587,17372868,17372875,7
50588,17373649,17373656,7
50589,17373964,17373970,6
50590,17374253,17374259,6
50591,17376196,17376201,5
50592,17377594,17377601,7
50593,17377726,17377734,8
50594,17378028,17378038,10
50595,17378038,17378045,7
50596,17378045,17378051,6
50597,17378208,17378212,4
50598,17378530,17378540,10
50599,17378608,17378611,3
50600,17378917,17378925,8
50601,17378976,17378980,4
50602,17379742,17379753,11
50603,17379787,17379796,9
50604,17380074,17380078,4
50605,17380511,17380515,4
50606,17380817,17380828,11
50607,17381196,17381204,8
50608,17381204,17381212,8
50609,17381212,17381220,8
50610,17381220,17381224,4
50611,17381981,17381989,8
50612,17382158,17382166,8
50613,17382454,17382460,6
50614,17382460,17382466,6
50615,17383667,17383675,8
50616,17383732,17383738,6
50617,17383844,17383850,6
50618,17385795,17385798,3
50619,17386805,17386809,4
50620,17387249,17387257,8
50621,17387476,17387481,5
50622,17387822,17387825,3
50623,17387825,17387833,8
50624,17387833,17387836,3
50625,17388013,17388018,5
50626,17388058,17388067,9
50627,17388616,17388622,6
50628,17389403,17389406,3
50629,17390535,17390539,4
50630,17392775,17392782,7
50631,17393280,17393288,8
50632,17393460,17393466,6
50633,17393833,17393842,9
50634,17393842,17393851,9
50635,17393927,17393932,5
50636,17394137,17394143,6
50637,17394802,17394806,4
50638,17394978,17394985,7
50639,17395152,17395160,8
50640,17395160,17395166,6
50641,17395166,17395172,6
50642,17395172,17395178,6
50643,17395178,17395184,6
50644,17395299,17395305,6
50645,17395305,17395311,6
50646,17395693,17395701,8
50647,17395701,17395709,8
50648,17395709,17395717,8
50649,17395717,17395725,8
50650,17395725,17395729,4
50651,17395729,17395737,8
50652,17395737,17395745,8
50653,17396811,17396821,10
50654,17396821,17396825,4
50655,17398896,17398901,5
50656,17398946,17398952,6
50657,17400434,17400441,7
50658,17400441,17400444,3
50659,17401472,17401478,6
50660,17401649,17401658,9
50661,17402392,17402397,5
50662,17402557,17402561,4
50663,17402561,17402564,3
50664,17404491,17404498,7
50665,17404614,17404622,8
50666,17404798,17404804,6
50667,17404804,17404810,6
50668,17404810,17404818,8
50669,17405129,17405134,5
50670,17405147,17405157,10
50671,17406030,17406036,6
50672,17406036,17406042,6
50673,17408114,17408120,6
50674,17408464,17408469,5
50675,17408469,17408474,5
50676,17408474,17408483,9
50677,17408786,17408791,5
50678,17409024,17409028,4
50679,17409028,17409034,6
50680,17410071,17410076,5
50681,17410741,17410746,5
50682,17411645,17411654,9
50683,17411654,17411658,4
50684,17411815,17411821,6
50685,17411999,17412008,9
50686,17412008,17412015,7
50687,17412015,17412018,3
50688,17412384,17412388,4
50689,17414151,17414160,9
50690,17414819,17414826,7
50691,17415639,17415644,5
50692,17415644,17415649,5
50693,17415649,17415654,5
50694,17415654,17415659,5
50695,17415659,17415664,5
50696,17416171,17416174,3
50697,17416255,17416259,4
50698,17416815,17416820,5
50699,17418703,17418711,8
50700,17418950,17418953,3
50701,17419595,17419601,6
50702,17421219,17421228,9
50703,17421448,17421454,6
50704,17422718,17422724,6
50705,17422921,17422927,6
50706,17423564,17423569,5
50707,17423623,17423627,4
50708,17424160,17424168,8
50709,17424370,17424374,4
50710,17425264,17425268,4
50711,17427374,17427378,4
50712,17428790,17428796,6
50713,17429187,17429196,9
50714,17430014,17430025,11
50715,17430079,17430084,5
50716,17430084,17430087,3
50717,17431401,17431411,10
50718,17431439,17431442,3
50719,17431442,17431458,16
50720,17431458,17431494,36
50721,17431494,17431548,54
50722,17431548,17431567,19
50723,17431567,17431589,22
50724,17431589,17431617,28
50725,17432476,17432479,3
50726,17433072,17433081,9
50727,17435622,17435629,7
50728,17435817,17435820,3
50729,17436544,17436550,6
50730,17436886,17436894,8
50731,17439633,17439644,11
50732,17439644,17439650,6
50733,17441067,17441076,9
50734,17441831,17441836,5
50735,17442111,17442120,9
50736,17442345,17442352,7
50737,17442376,17442382,6
50738,17442631,17442634,3
50739,17442634,17442639,5
50740,17444117,17444124,7
50741,17445324,17445330,6
50742,17446568,17446573,5
50743,17446666,17446672,6
50744,17446995,17447003,8
50745,17447256,17447264,8
50746,17448142,17448148,6
50747,17448606,17448614,8
50748,17450448,17450456,8
50749,17450586,17450596,10
50750,17450618,17450622,4
50751,17450739,17450745,6
50752,17451202,17451207,5
50753,17451286,17451293,7
50754,17451293,17451301,8
50755,17451608,17451612,4
50756,17453857,17453865,8
50757,17453865,17453870,5
50758,17454020,17454029,9
50759,17456266,17456270,4
50760,17457740,17457746,6
50761,17458606,17458612,6
50762,17458612,17458616,4
50763,17459354,17459362,8
50764,17459528,17459531,3
50765,17459699,17459710,11
50766,17460052,17460059,7
50767,17460483,17460489,6
50768,17460511,17460519,8
50769,17460652,17460655,3
50770,17460655,17460658,3
50771,17460658,17460667,9
50772,17460667,17460670,3
50773,17460899,17460904,5
50774,17462328,17462332,4
50775,17462623,17462631,8
50776,17463007,17463011,4
50777,17463207,17463217,10
50778,17463217,17463222,5
50779,17464275,17464278,3
50780,17465825,17465831,6
50781,17465831,17465837,6
50782,17465837,17465843,6
50783,17465843,17465849,6
50784,17465849,17465855,6
50785,17466488,17466491,3
50786,17469052,17469055,3
50787,17469404,17469408,4
50788,17471004,17471009,5
50789,17471778,17471784,6
50790,17472060,17472066,6
50791,17472486,17472492,6
50792,17472781,17472787,6
50793,17473049,17473052,3
50794,17473078,17473084,6
50795,17473883,17473886,3
50796,17473886,17473889,3
50797,17474427,17474431,4
50798,17474866,17474871,5
50799,17474871,17474876,5
50800,17475129,17475139,10
50801,17475139,17475144,5
50802,17475430,17475436,6
50803,17475719,17475723,4
50804,17475723,17475727,4
50805,17475727,17475732,5
50806,17476130,17476133,3
50807,17476232,17476240,8
50808,17476499,17476503,4
50809,17476599,17476605,6
50810,17476620,17476623,3
50811,17476623,17476626,3
50812,17476626,17476632,6
50813,17476632,17476638,6
50814,17476638,17476641,3
50815,17476641,17476644,3
50816,17476644,17476647,3
50817,17476647,17476650,3
50818,17476650,17476653,3
50819,17476653,17476659,6
50820,17476659,17476662,3
50821,17478132,17478141,9
50822,17478620,17478623,3
50823,17479244,17479250,6
50824,17479250,17479256,6
50825,17479256,17479262,6
50826,17479274,17479286,12
50827,17479607,17479616,9
50828,17480972,17480977,5
50829,17481749,17481752,3
50830,17481963,17481969,6
50831,17481969,17481975,6
50832,17482207,17482216,9
50833,17483720,17483726,6
50834,17483726,17483730,4
50835,17483826,17483833,7
50836,17483898,17483901,3
50837,17484142,17484148,6
50838,17484185,17484192,7
50839,17484319,17484323,4
50840,17484530,17484534,4
50841,17485649,17485657,8
50842,17485881,17485885,4
50843,17485885,17485890,5
50844,17485930,17485940,10
50845,17486643,17486652,9
50846,17486652,17486655,3
50847,17486655,17486658,3
50848,17486865,17486871,6
50849,17487671,17487681,10
50850,17488437,17488440,3
50851,17488682,17488685,3
50852,17488731,17488738,7
50853,17488738,17488746,8
50854,17488978,17488984,6
50855,17489002,17489010,8
50856,17489010,17489016,6
50857,17489221,17489228,7
50858,17489626,17489633,7
50859,17489799,17489806,7
50860,17490549,17490556,7
50861,17490570,17490577,7
50862,17490613,17490618,5
50863,17490618,17490622,4
50864,17491597,17491605,8
50865,17492241,17492244,3
50866,17492320,17492330,10
50867,17492330,17492339,9
50868,17492722,17492725,3
50869,17492810,17492813,3
50870,17492813,17492819,6
50871,17492988,17492996,8
50872,17492996,17493004,8
50873,17493035,17493039,4
50874,17493039,17493047,8
50875,17493047,17493051,4
50876,17493051,17493059,8
50877,17493059,17493063,4
50878,17493063,17493071,8
50879,17493071,17493075,4
50880,17493147,17493150,3
50881,17493327,17493333,6
50882,17493565,17493569,4
50883,17495270,17495276,6
50884,17495804,17495811,7
50885,17496616,17496623,7
50886,17496674,17496684,10
50887,17498777,17498781,4
50888,17498781,17498784,3
50889,17499116,17499120,4
50890,17499746,17499752,6
50891,17500465,17500471,6
50892,17500797,17500804,7
50893,17501158,17501164,6
50894,17504169,17504176,7
50895,17504176,17504184,8
50896,17504775,17504779,4
50897,17504779,17504783,4
50898,17504783,17504789,6
50899,17504789,17504797,8
50900,17504797,17504801,4
50901,17505214,17505225,11
50902,17506054,17506057,3
50903,17506057,17506063,6
50904,17506319,17506327,8
50905,17507515,17507523,8
50906,17507749,17507757,8
50907,17508131,17508136,5
50908,17508284,17508294,10
50909,17508375,17508382,7
50910,17508382,17508389,7
50911,17508513,17508517,4
50912,17509016,17509024,8
50913,17509358,17509367,9
50914,17509755,17509763,8
50915,17510028,17510037,9
50916,17510131,17510137,6
50917,17510154,17510160,6
50918,17510335,17510341,6
50919,17510456,17510462,6
50920,17510871,17510877,6
50921,17511510,17511513,3
50922,17511847,17511854,7
50923,17512100,17512107,7
50924,17512519,17512527,8
50925,17513346,17513351,5
50926,17513776,17513784,8
50927,17513825,17513829,4
50928,17514336,17514344,8
50929,17514344,17514348,4
50930,17514348,17514356,8
50931,17514372,17514380,8
50932,17514380,17514388,8
50933,17516959,17516968,9
50934,17517178,17517181,3
50935,17518096,17518102,6
50936,17518102,17518109,7
50937,17518109,17518117,8
50938,17518142,17518146,4
50939,17518673,17518676,3
50940,17518676,17518683,7
50941,17519335,17519344,9
50942,17519739,17519747,8
50943,17519747,17519751,4
50944,17519826,17519832,6
50945,17519832,17519840,8
50946,17520255,17520264,9
50947,17520264,17520273,9
50948,17520488,17520494,6
50949,17520679,17520685,6
50950,17522326,17522335,9
50951,17522570,17522582,12
50952,17522821,17522828,7
50953,17523171,17523179,8
50954,17525514,17525520,6
50955,17526306,17526314,8
50956,17528241,17528251,10
50957,17528251,17528258,7
50958,17529512,17529521,9
50959,17529991,17529997,6
50960,17530436,17530442,6
50961,17531440,17531444,4
50962,17531762,17531765,3
50963,17531773,17531779,6
50964,17531779,17531786,7
50965,17533872,17533875,3
50966,17534101,17534110,9
50967,17534155,17534158,3
50968,17534158,17534166,8
50969,17534212,17534218,6
50970,17534218,17534224,6
50971,17534288,17534299,11
50972,17534707,17534714,7
50973,17535259,17535262,3
50974,17535262,17535266,4
50975,17535662,17535668,6
50976,17535668,17535674,6
50977,17535774,17535777,3
50978,17535956,17535966,10
50979,17537196,17537200,4
50980,17538381,17538389,8
50981,17538936,17538939,3
50982,17538939,17538946,7
50983,17539085,17539088,3
50984,17539088,17539094,6
50985,17540294,17540302,8
50986,17541374,17541382,8
50987,17541510,17541520,10
50988,17541690,17541696,6
50989,17541876,17541885,9
50990,17542939,17542947,8
50991,17542947,17542951,4
50992,17543002,17543006,4
50993,17543093,17543105,12
50994,17543105,17543108,3
50995,17543192,17543197,5
50996,17543459,17543462,3
50997,17543691,17543697,6
50998,17543717,17543723,6
50999,17543723,17543735,12
51000,17543735,17543741,6
51001,17543741,17543747,6
51002,17543747,17543753,6
51003,17543753,17543759,6
51004,17543759,17543763,4
51005,17543917,17543923,6
51006,17543923,17543929,6
51007,17543929,17543935,6
51008,17543935,17543941,6
51009,17543941,17543947,6
51010,17543947,17543953,6
51011,17543953,17543959,6
51012,17543959,17543965,6
51013,17544652,17544657,5
51014,17546096,17546099,3
51015,17546672,17546678,6
51016,17547892,17547896,4
51017,17548871,17548874,3
51018,17549326,17549332,6
51019,17549596,17549605,9
51020,17550478,17550485,7
51021,17551311,17551321,10
51022,17552058,17552067,9
51023,17553074,17553079,5
51024,17555280,17555291,11
51025,17555322,17555325,3
51026,17555979,17555988,9
51027,17556365,17556374,9
51028,17557137,17557145,8
51029,17557284,17557307,23
51030,17557307,17557329,22
51031,17558446,17558453,7
51032,17558568,17558574,6
51033,17558574,17558578,4
51034,17558956,17558964,8
51035,17559603,17559606,3
51036,17559770,17559773,3
51037,17559773,17559777,4
51038,17560546,17560553,7
51039,17562121,17562124,3
51040,17563646,17563650,4
51041,17563851,17563858,7
51042,17564434,17564440,6
51043,17564456,17564465,9
51044,17565033,17565042,9
51045,17566188,17566198,10
51046,17566198,17566206,8
51047,17567133,17567141,8
51048,17567141,17567149,8
51049,17567247,17567257,10
51050,17568054,17568060,6
51051,17568060,17568068,8
51052,17568304,17568310,6
51053,17568732,17568741,9
51054,17568874,17568882,8
51055,17569751,17569755,4
51056,17569755,17569759,4
51057,17569791,17569795,4
51058,17571027,17571030,3
51059,17571390,17571396,6
51060,17571568,17571572,4
51061,17572097,17572103,6
51062,17572502,17572505,3
51063,17573615,17573624,9
51064,17573785,17573791,6
51065,17574966,17574969,3
51066,17575000,17575009,9
51067,17576336,17576345,9
51068,17576370,17576374,4
51069,17576703,17576710,7
51070,17577196,17577204,8
51071,17577637,17577640,3
51072,17577640,17577646,6
51073,17578515,17578524,9
51074,17578592,17578598,6
51075,17578598,17578604,6
51076,17578604,17578613,9
51077,17578613,17578619,6
51078,17578632,17578637,5
51079,17579351,17579354,3
51080,17579354,17579359,5
51081,17581212,17581219,7
51082,17581451,17581457,6
51083,17582974,17582978,4
51084,17583031,17583034,3
51085,17583706,17583712,6
51086,17583929,17583934,5
51087,17583980,17583988,8
51088,17583988,17583991,3
51089,17584227,17584231,4
51090,17584769,17584773,4
51091,17585334,17585337,3
51092,17586783,17586792,9
51093,17586792,17586801,9
51094,17586991,17586994,3
51095,17589192,17589199,7
51096,17589199,17589206,7
51097,17589438,17589441,3
51098,17589441,17589446,5
51099,17589460,17589468,8
51100,17589487,17589490,3
51101,17591182,17591187,5
51102,17591832,17591835,3
51103,17591835,17591838,3
51104,17592167,17592173,6
51105,17592209,17592213,4
51106,17592213,17592217,4
51107,17592726,17592736,10
51108,17592876,17592885,9
51109,17592885,17592896,11
51110,17592896,17592911,15
51111,17593248,17593257,9
51112,17593257,17593261,4
51113,17594917,17594920,3
51114,17595120,17595126,6
51115,17595126,17595131,5
51116,17595505,17595509,4
51117,17596447,17596450,3
51118,17596550,17596556,6
51119,17597144,17597149,5
51120,17597149,17597156,7
51121,17597183,17597189,6
51122,17597189,17597195,6
51123,17597195,17597201,6
51124,17597201,17597207,6
51125,17598166,17598169,3
51126,17598169,17598177,8
51127,17598276,17598281,5
51128,17598439,17598445,6
51129,17598445,17598451,6
51130,17599567,17599577,10
51131,17599916,17599920,4
51132,17601439,17601447,8
51133,17602134,17602142,8
51134,17602310,17602316,6
51135,17602663,17602670,7
51136,17602700,17602706,6
51137,17602940,17602946,6
51138,17603066,17603075,9
51139,17603743,17603752,9
51140,17604159,17604165,6
51141,17604262,17604270,8
51142,17604553,17604586,33
51143,17605236,17605242,6
51144,17605818,17605823,5
51145,17605931,17605936,5
51146,17606166,17606170,4
51147,17606206,17606215,9
51148,17607970,17607978,8
51149,17608068,17608071,3
51150,17608071,17608079,8
51151,17609561,17609569,8
51152,17610860,17610868,8
51153,17611231,17611237,6
51154,17613643,17613646,3
51155,17615028,17615033,5
51156,17615065,17615072,7
51157,17615087,17615097,10
51158,17615713,17615720,7
51159,17617262,17617268,6
51160,17617679,17617688,9
51161,17618147,17618157,10
51162,17618157,17618161,4
51163,17618232,17618235,3
51164,17618953,17618962,9
51165,17619868,17619876,8
51166,17619876,17619880,4
51167,17619911,17619918,7
51168,17620455,17620461,6
51169,17620517,17620524,7
51170,17620938,17620942,4
51171,17621462,17621468,6
51172,17622116,17622122,6
51173,17623173,17623185,12
51174,17623185,17623191,6
51175,17623395,17623399,4
51176,17623838,17623844,6
51177,17626049,17626057,8
51178,17626240,17626249,9
51179,17627111,17627117,6
51180,17629109,17629121,12
51181,17630167,17630171,4
51182,17630554,17630560,6
51183,17630904,17630914,10
51184,17631537,17631545,8
51185,17632252,17632262,10
51186,17633089,17633096,7
51187,17633313,17633318,5
51188,17633512,17633519,7
51189,17633519,17633527,8
51190,17633637,17633646,9
51191,17633863,17633866,3
51192,17634029,17634038,9
51193,17634139,17634145,6
51194,17634613,17634622,9
51195,17636157,17636165,8
51196,17636561,17636565,4
51197,17637115,17637124,9
51198,17637985,17637991,6
51199,17638216,17638222,6
51200,17638408,17638411,3
51201,17638705,17638711,6
51202,17638774,17638783,9
51203,17639203,17639208,5
51204,17639378,17639387,9
51205,17641362,17641366,4
51206,17641366,17641370,4
51207,17642127,17642130,3
51208,17642417,17642423,6
51209,17643299,17643302,3
51210,17643459,17643468,9
51211,17643468,17643476,8
51212,17643641,17643644,3
51213,17644636,17644641,5
51214,17644657,17644662,5
51215,17644849,17644858,9
51216,17644979,17644989,10
51217,17644989,17644997,8
51218,17644997,17645003,6
51219,17645233,17645238,5
51220,17645238,17645242,4
51221,17645242,17645248,6
51222,17645248,17645257,9
51223,17645257,17645261,4
51224,17645789,17645792,3
51225,17645792,17645800,8
51226,17645814,17645820,6
51227,17645820,17645826,6
51228,17645826,17645832,6
51229,17645832,17645839,7
51230,17645955,17645958,3
51231,17646130,17646138,8
51232,17646190,17646196,6
51233,17646196,17646200,4
51234,17646243,17646249,6
51235,17646275,17646279,4
51236,17646308,17646311,3
51237,17646311,17646320,9
51238,17647568,17647571,3
51239,17647583,17647587,4
51240,17647686,17647694,8
51241,17647768,17647775,7
51242,17648282,17648290,8
51243,17648425,17648432,7
51244,17648810,17648813,3
51245,17649118,17649123,5
51246,17649123,17649132,9
51247,17649252,17649255,3
51248,17649478,17649481,3
51249,17649541,17649547,6
51250,17649976,17649979,3
51251,17650091,17650098,7
51252,17650098,17650102,4
51253,17651439,17651445,6
51254,17651761,17651769,8
51255,17652622,17652626,4
51256,17652678,17652684,6
51257,17652947,17652953,6
51258,17652953,17652956,3
51259,17653267,17653271,4
51260,17653271,17653280,9
51261,17654087,17654095,8
51262,17654227,17654233,6
51263,17654942,17654951,9
51264,17654951,17654956,5
51265,17655784,17655793,9
51266,17656007,17656010,3
51267,17656010,17656015,5
51268,17656120,17656124,4
51269,17656186,17656193,7
51270,17656394,17656400,6
51271,17656535,17656543,8
51272,17657906,17657909,3
51273,17658876,17658881,5
51274,17659063,17659069,6
51275,17659069,17659077,8
51276,17661411,17661420,9
51277,17661924,17661933,9
51278,17662331,17662334,3
51279,17662986,17662994,8
51280,17663322,17663326,4
51281,17663427,17663436,9
51282,17663570,17663574,4
51283,17663820,17663828,8
51284,17663943,17663948,5
51285,17664014,17664018,4
51286,17664018,17664021,3
51287,17664083,17664090,7
51288,17664128,17664132,4
51289,17664290,17664299,9
51290,17664381,17664387,6
51291,17664765,17664768,3
51292,17664897,17664906,9
51293,17665544,17665553,9
51294,17665883,17665890,7
51295,17666307,17666310,3
51296,17666324,17666331,7
51297,17666499,17666510,11
51298,17666954,17666957,3
51299,17666957,17666963,6
51300,17667153,17667161,8
51301,17668368,17668376,8
51302,17669481,17669484,3
51303,17669646,17669650,4
51304,17669680,17669687,7
51305,17669947,17669953,6
51306,17670522,17670526,4
51307,17671164,17671172,8
51308,17671237,17671247,10
51309,17671339,17671346,7
51310,17671830,17671836,6
51311,17671836,17671840,4
51312,17671840,17671844,4
51313,17671978,17671983,5
51314,17672616,17672625,9
51315,17672906,17672912,6
51316,17672926,17672934,8
51317,17673123,17673131,8
51318,17673131,17673135,4
51319,17673538,17673543,5
51320,17673603,17673609,6
51321,17673825,17673831,6
51322,17673861,17673870,9
51323,17673870,17673879,9
51324,17673879,17673885,6
51325,17674399,17674407,8
51326,17674791,17674795,4
51327,17674861,17674869,8
51328,17675758,17675767,9
51329,17676167,17676173,6
51330,17676272,17676275,3
51331,17676288,17676299,11
51332,17676606,17676616,10
51333,17676802,17676812,10
51334,17678181,17678184,3
51335,17678331,17678340,9
51336,17678783,17678787,4
51337,17678787,17678790,3
51338,17678937,17678942,5
51339,17678942,17678947,5
51340,17679994,17680001,7
51341,17680301,17680305,4
51342,17680361,17680367,6
51343,17680550,17680554,4
51344,17681136,17681141,5
51345,17681141,17681146,5
51346,17681457,17681465,8
51347,17681990,17681998,8
51348,17682742,17682749,7
51349,17682749,17682755,6
51350,17682755,17682759,4
51351,17682759,17682762,3
51352,17682762,17682769,7
51353,17683483,17683492,9
51354,17683742,17683748,6
51355,17683953,17683957,4
51356,17684093,17684098,5
51357,17685000,17685004,4
51358,17685515,17685518,3
51359,17686209,17686216,7
51360,17686344,17686355,11
51361,17686355,17686362,7
51362,17686362,17686369,7
51363,17686369,17686374,5
51364,17686374,17686382,8
51365,17686466,17686473,7
51366,17686954,17686959,5
51367,17687509,17687518,9
51368,17687661,17687669,8
51369,17687918,17687928,10
51370,17688687,17688690,3
51371,17688748,17688752,4
51372,17688797,17688806,9
51373,17688806,17688811,5
51374,17688996,17689001,5
51375,17689156,17689164,8
51376,17689608,17689614,6
51377,17689635,17689644,9
51378,17689653,17689659,6
51379,17689659,17689665,6
51380,17689724,17689730,6
51381,17690543,17690546,3
51382,17694034,17694045,11
51383,17695246,17695256,10
51384,17695469,17695474,5
51385,17695764,17695772,8
51386,17696082,17696086,4
51387,17696132,17696136,4
51388,17696403,17696412,9
51389,17696720,17696728,8
51390,17696821,17696825,4
51391,17696943,17696950,7
51392,17696950,17696955,5
51393,17697298,17697303,5
51394,17697789,17697798,9
51395,17698300,17698310,10
51396,17698448,17698453,5
51397,17698453,17698458,5
51398,17699240,17699245,5
51399,17699245,17699250,5
51400,17699250,17699255,5
51401,17699939,17699945,6
51402,17700007,17700012,5
51403,17701396,17701403,7
51404,17701449,17701457,8
51405,17701520,17701527,7
51406,17702100,17702105,5
51407,17703049,17703057,8
51408,17703338,17703345,7
51409,17703371,17703381,10
51410,17703531,17703537,6
51411,17703537,17703546,9
51412,17703546,17703551,5
51413,17703630,17703639,9
51414,17704045,17704051,6
51415,17704301,17704307,6
51416,17704666,17704669,3
51417,17704810,17704816,6
51418,17705008,17705016,8
51419,17705233,17705242,9
51420,17705389,17705398,9
51421,17705719,17705723,4
51422,17706682,17706687,5
51423,17706783,17706791,8
51424,17706791,17706798,7
51425,17707419,17707424,5
51426,17708625,17708633,8
51427,17708908,17708913,5
51428,17708950,17708953,3
51429,17709164,17709170,6
51430,17710110,17710115,5
51431,17711101,17711109,8
51432,17711373,17711379,6
51433,17712052,17712058,6
51434,17712076,17712082,6
51435,17712082,17712088,6
51436,17713004,17713010,6
51437,17714366,17714369,3
51438,17714600,17714603,3
51439,17714603,17714609,6
51440,17714714,17714722,8
51441,17714722,17714725,3
51442,17715494,17715502,8
51443,17715502,17715505,3
51444,17715505,17715514,9
51445,17715980,17715985,5
51446,17716825,17716828,3
51447,17717638,17717645,7
51448,17717645,17717648,3
51449,17717861,17717869,8
51450,17720099,17720106,7
51451,17720712,17720721,9
51452,17720721,17720725,4
51453,17720735,17720741,6
51454,17721530,17721536,6
51455,17722079,17722084,5
51456,17722084,17722089,5
51457,17722443,17722451,8
51458,17722637,17722644,7
51459,17723122,17723127,5
51460,17723127,17723132,5
51461,17725544,17725547,3
51462,17725700,17725709,9
51463,17726955,17726964,9
51464,17727119,17727124,5
51465,17727533,17727540,7
51466,17727695,17727702,7
51467,17727714,17727717,3
51468,17727717,17727721,4
51469,17728049,17728058,9
51470,17728058,17728067,9
51471,17729099,17729102,3
51472,17729544,17729551,7
51473,17729607,17729613,6
51474,17730889,17730895,6
51475,17731087,17731092,5
51476,17731217,17731223,6
51477,17731265,17731272,7
51478,17731482,17731486,4
51479,17731486,17731490,4
51480,17731490,17731498,8
51481,17732088,17732094,6
51482,17733651,17733661,10
51483,17733736,17733740,4
51484,17733740,17733750,10
51485,17733945,17733950,5
51486,17734432,17734439,7
51487,17735118,17735121,3
51488,17735150,17735160,10
51489,17735160,17735168,8
51490,17735572,17735580,8
51491,17735580,17735584,4
51492,17735584,17735592,8
51493,17736288,17736296,8
51494,17736296,17736300,4
51495,17736426,17736434,8
51496,17737121,17737124,3
51497,17737798,17737806,8
51498,17737926,17737933,7
51499,17737971,17737978,7
51500,17738321,17738329,8
51501,17738408,17738413,5
51502,17738413,17738417,4
51503,17739684,17739690,6
51504,17739690,17739693,3
51505,17739693,17739696,3
51506,17740032,17740035,3
51507,17740894,17740901,7
51508,17740901,17740908,7
51509,17741160,17741165,5
51510,17741237,17741242,5
51511,17741671,17741679,8
51512,17742230,17742234,4
51513,17742286,17742294,8
51514,17742294,17742299,5
51515,17742393,17742401,8
51516,17742649,17742653,4
51517,17742691,17742698,7
51518,17743797,17743803,6
51519,17743890,17743898,8
51520,17744044,17744054,10
51521,17744054,17744058,4
51522,17744415,17744425,10
51523,17745015,17745024,9
51524,17745024,17745027,3
51525,17745358,17745367,9
51526,17745581,17745584,3
51527,17746189,17746197,8
51528,17746197,17746203,6
51529,17746405,17746410,5
51530,17748393,17748400,7
51531,17748803,17748811,8
51532,17749543,17749552,9
51533,17751882,17751889,7
51534,17752018,17752027,9
51535,17752234,17752242,8
51536,17752442,17752448,6
51537,17753154,17753160,6
51538,17753160,17753166,6
51539,17753166,17753172,6
51540,17753573,17753580,7
51541,17753908,17753913,5
51542,17754530,17754536,6
51543,17754536,17754541,5
51544,17754567,17754574,7
51545,17754631,17754639,8
51546,17755536,17755540,4
51547,17755540,17755544,4
51548,17755734,17755740,6
51549,17755740,17755746,6
51550,17755746,17755754,8
51551,17755844,17755850,6
51552,17755850,17755856,6
51553,17755856,17755862,6
51554,17755862,17755868,6
51555,17755868,17755874,6
51556,17755874,17755881,7
51557,17755881,17755888,7
51558,17756048,17756053,5
51559,17756957,17756963,6
51560,17757094,17757098,4
51561,17757138,17757146,8
51562,17757206,17757214,8
51563,17757369,17757374,5
51564,17758011,17758017,6
51565,17758835,17758844,9
51566,17758844,17758847,3
51567,17758930,17758935,5
51568,17759602,17759608,6
51569,17759608,17759614,6
51570,17759614,17759620,6
51571,17759853,17759856,3
51572,17760883,17760893,10
51573,17761640,17761648,8
51574,17761648,17761651,3
51575,17761732,17761738,6
51576,17762480,17762483,3
51577,17763033,17763042,9
51578,17763729,17763736,7
51579,17764164,17764170,6
51580,17765626,17765632,6
51581,17768288,17768295,7
51582,17769547,17769550,3
51583,17769889,17769897,8
51584,17769934,17769940,6
51585,17770146,17770154,8
51586,17770154,17770163,9
51587,17770190,17770197,7
51588,17770823,17770830,7
51589,17770902,17770906,4
51590,17770920,17770930,10
51591,17771192,17771196,4
51592,17771214,17771218,4
51593,17771218,17771227,9
51594,17771227,17771232,5
51595,17771858,17771861,3
51596,17772334,17772339,5
51597,17772339,17772349,10
51598,17772361,17772370,9
51599,17772370,17772377,7
51600,17772517,17772523,6
51601,17775151,17775160,9
51602,17775174,17775179,5
51603,17775179,17775182,3
51604,17775506,17775511,5
51605,17775511,17775516,5
51606,17775516,17775521,5
51607,17776289,17776293,4
51608,17776817,17776822,5
51609,17777392,17777398,6
51610,17777660,17777666,6
51611,17777853,17777862,9
51612,17778913,17778922,9
51613,17779179,17779187,8
51614,17779910,17779915,5
51615,17780656,17780659,3
51616,17780659,17780662,3
51617,17780662,17780665,3
51618,17780665,17780668,3
51619,17780862,17780867,5
51620,17780894,17780897,3
51621,17781041,17781049,8
51622,17781102,17781109,7
51623,17781349,17781352,3
51624,17781425,17781434,9
51625,17782686,17782690,4
51626,17782725,17782729,4
51627,17784400,17784403,3
51628,17784709,17784716,7
51629,17784716,17784723,7
51630,17784723,17784730,7
51631,17784730,17784737,7
51632,17784796,17784801,5
51633,17785908,17785912,4
51634,17786028,17786038,10
51635,17786038,17786047,9
51636,17786146,17786151,5
51637,17786213,17786218,5
51638,17786558,17786564,6
51639,17787626,17787636,10
51640,17787766,17787773,7
51641,17788675,17788683,8
51642,17791494,17791498,4
51643,17791498,17791503,5
51644,17792175,17792180,5
51645,17792180,17792185,5
51646,17792261,17792264,3
51647,17792282,17792287,5
51648,17793070,17793115,45
51649,17793429,17793482,53
51650,17793482,17793509,27
51651,17793509,17793571,62
51652,17793964,17794061,97
51653,17794061,17794165,104
51654,17794165,17794168,3
51655,17794168,17794173,5
51656,17794173,17794212,39
51657,17794384,17794559,175
51658,17794559,17794601,42
51659,17794601,17794697,96
51660,17794732,17794761,29
51661,17794761,17794766,5
51662,17794766,17794801,35
51663,17794801,17794808,7
51664,17794808,17794814,6
51665,17794814,17794870,56
51666,17794870,17794875,5
51667,17794875,17794940,65
51668,17794940,17794958,18
51669,17794958,17794976,18
51670,17794976,17795042,66
51671,17795626,17795726,100
51672,17795726,17795770,44
51673,17795770,17795826,56
51674,17795826,17795945,119
51675,17795945,17795948,3
51676,17795948,17795951,3
51677,17795951,17795954,3
51678,17795954,17796035,81
51679,17796035,17796080,45
51680,17796774,17796784,10
51681,17796935,17796945,10
51682,17797240,17797243,3
51683,17797243,17797247,4
51684,17797278,17797286,8
51685,17799121,17799127,6
51686,17799175,17799178,3
51687,17799330,17799337,7
51688,17800444,17800455,11
51689,17801094,17801102,8
51690,17802004,17802013,9
51691,17802013,17802019,6
51692,17802605,17802613,8
51693,17803123,17803129,6
51694,17803161,17803166,5
51695,17803184,17803190,6
51696,17803850,17803860,10
51697,17804619,17804622,3
51698,17804773,17804781,8
51699,17804781,17804789,8
51700,17804789,17804797,8
51701,17804797,17804805,8
51702,17805660,17805665,5
51703,17805892,17805897,5
51704,17805967,17805971,4
51705,17805971,17805979,8
51706,17806320,17806330,10
51707,17806440,17806448,8
51708,17806448,17806454,6
51709,17806454,17806460,6
51710,17806460,17806468,8
51711,17806703,17806710,7
51712,17807312,17807318,6
51713,17807456,17807464,8
51714,17807514,17807519,5
51715,17807519,17807529,10
51716,17808052,17808055,3
51717,17808527,17808534,7
51718,17808582,17808585,3
51719,17809334,17809340,6
51720,17809340,17809346,6
51721,17810101,17810106,5
51722,17810106,17810112,6
51723,17810236,17810239,3
51724,17810288,17810296,8
51725,17811285,17811293,8
51726,17811293,17811301,8
51727,17811693,17811703,10
51728,17812100,17812110,10
51729,17812905,17812915,10
51730,17813073,17813076,3
51731,17813076,17813079,3
51732,17813079,17813082,3
51733,17813082,17813088,6
51734,17813470,17813482,12
51735,17813482,17813489,7
51736,17813676,17813679,3
51737,17813679,17813682,3
51738,17813682,17813691,9
51739,17813691,17813694,3
51740,17813808,17813817,9
51741,17814072,17814075,3
51742,17814075,17814078,3
51743,17814296,17814304,8
51744,17814304,17814317,13
51745,17814438,17814442,4
51746,17814961,17814964,3
51747,17814964,17814972,8
51748,17814972,17814977,5
51749,17815423,17815431,8
51750,17815431,17815439,8
51751,17815439,17815447,8
51752,17815447,17815455,8
51753,17815455,17815463,8
51754,17815463,17815471,8
51755,17815471,17815479,8
51756,17816063,17816067,4
51757,17816672,17816677,5
51758,17817071,17817077,6
51759,17817429,17817434,5
51760,17818022,17818027,5
51761,17818048,17818059,11
51762,17818331,17818337,6
51763,17818434,17818438,4
51764,17819114,17819122,8
51765,17819529,17819535,6
51766,17819535,17819541,6
51767,17819564,17819570,6
51768,17819670,17819678,8
51769,17819678,17819688,10
51770,17821017,17821026,9
51771,17821026,17821031,5
51772,17821408,17821411,3
51773,17822387,17822392,5
51774,17822392,17822397,5
51775,17822570,17822574,4
51776,17822574,17822578,4
51777,17822578,17822585,7
51778,17822585,17822589,4
51779,17822663,17822670,7
51780,17822740,17822747,7
51781,17823775,17823782,7
51782,17824601,17824607,6
51783,17824607,17824610,3
51784,17826011,17826014,3
51785,17826044,17826051,7
51786,17826051,17826060,9
51787,17826085,17826089,4
51788,17826089,17826096,7
51789,17826394,17826400,6
51790,17826400,17826409,9
51791,17826730,17826736,6
51792,17827356,17827361,5
51793,17827380,17827385,5
51794,17827385,17827391,6
51795,17827403,17827409,6
51796,17827454,17827458,4
51797,17827561,17827570,9
51798,17827884,17827891,7
51799,17828229,17828236,7
51800,17828257,17828262,5
51801,17828988,17828993,5
51802,17830362,17830370,8
51803,17830897,17830903,6
51804,17831355,17831364,9
51805,17832026,17832032,6
51806,17832230,17832238,8
51807,17832238,17832247,9
51808,17833594,17833597,3
51809,17834428,17834431,3
51810,17835510,17835520,10
51811,17835590,17835605,15
51812,17835616,17835626,10
51813,17835696,17835711,15
51814,17837764,17837769,5
51815,17837902,17837909,7
51816,17838098,17838108,10
51817,17838395,17838403,8
51818,17838403,17838407,4
51819,17838407,17838411,4
51820,17838411,17838419,8
51821,17838419,17838423,4
51822,17838423,17838427,4
51823,17838427,17838435,8
51824,17838435,17838439,4
51825,17838439,17838443,4
51826,17838996,17839003,7
51827,17839143,17839150,7
51828,17839241,17839245,4
51829,17839295,17839302,7
51830,17839324,17839328,4
51831,17839743,17839751,8
51832,17839751,17839754,3
51833,17839754,17839757,3
51834,17839757,17839760,3
51835,17840076,17840081,5
51836,17841454,17841458,4
51837,17841485,17841491,6
51838,17842160,17842167,7
51839,17842985,17842993,8
51840,17843412,17843417,5
51841,17843434,17843437,3
51842,17843458,17843466,8
51843,17843615,17843618,3
51844,17843796,17843799,3
51845,17843942,17843946,4
51846,17844000,17844009,9
51847,17844129,17844132,3
51848,17845131,17845137,6
51849,17845137,17845143,6
51850,17845143,17845149,6
51851,17846235,17846241,6
51852,17846489,17846496,7
51853,17846610,17846616,6
51854,17846616,17846622,6
51855,17846622,17846628,6
51856,17846657,17846667,10
51857,17847631,17847634,3
51858,17848263,17848269,6
51859,17848378,17848383,5
51860,17849014,17849020,6
51861,17849272,17849280,8
51862,17849490,17849493,3
51863,17849526,17849529,3
51864,17849607,17849610,3
51865,17849716,17849721,5
51866,17849741,17849750,9
51867,17850440,17850449,9
51868,17851618,17851626,8
51869,17852364,17852372,8
51870,17852497,17852501,4
51871,17852718,17852722,4
51872,17852765,17852769,4
51873,17852843,17852847,4
51874,17852993,17853002,9
51875,17853271,17853280,9
51876,17853349,17853354,5
51877,17853997,17854009,12
51878,17854263,17854269,6
51879,17854449,17854454,5
51880,17855605,17855613,8
51881,17855906,17855911,5
51882,17856278,17856284,6
51883,17856816,17856823,7
51884,17856823,17856831,8
51885,17857501,17857507,6
51886,17857717,17857725,8
51887,17858320,17858328,8
51888,17860426,17860432,6
51889,17860533,17860540,7
51890,17860540,17860544,4
51891,17860544,17860550,6
51892,17861649,17861652,3
51893,17861840,17861846,6
51894,17862309,17862318,9
51895,17862318,17862324,6
51896,17863818,17863824,6
51897,17863990,17864002,12
51898,17864260,17864267,7
51899,17864408,17864413,5
51900,17865508,17865515,7
51901,17867330,17867333,3
51902,17867390,17867400,10
51903,17867908,17867916,8
51904,17867981,17867990,9
51905,17868582,17868588,6
51906,17868588,17868596,8
51907,17868833,17868839,6
51908,17868881,17868887,6
51909,17869399,17869404,5
51910,17869928,17869934,6
51911,17870184,17870193,9
51912,17870193,17870203,10
51913,17870457,17870461,4
51914,17870461,17870472,11
51915,17870991,17870999,8
51916,17872267,17872271,4
51917,17872271,17872275,4
51918,17872525,17872533,8
51919,17872579,17872588,9
51920,17873216,17873223,7
51921,17873223,17873229,6
51922,17873423,17873430,7
51923,17873430,17873440,10
51924,17873702,17873707,5
51925,17874207,17874210,3
51926,17874439,17874442,3
51927,17874442,17874445,3
51928,17874445,17874448,3
51929,17874448,17874454,6
51930,17874576,17874579,3
51931,17874579,17874584,5
51932,17874611,17874617,6
51933,17874692,17874695,3
51934,17874695,17874701,6
51935,17874753,17874756,3
51936,17875242,17875250,8
51937,17875262,17875271,9
51938,17876320,17876330,10
51939,17876330,17876335,5
51940,17876335,17876340,5
51941,17876340,17876345,5
51942,17876913,17876919,6
51943,17877357,17877362,5
51944,17877400,17877408,8
51945,17877481,17877484,3
51946,17877632,17877638,6
51947,17878978,17878984,6
51948,17878984,17878990,6
51949,17879816,17879822,6
51950,17879875,17879882,7
51951,17879882,17879889,7
51952,17881464,17881472,8
51953,17882467,17882474,7
51954,17884035,17884041,6
51955,17884053,17884059,6
51956,17884355,17884362,7
51957,17884586,17884597,11
51958,17885969,17885973,4
51959,17887201,17887204,3
51960,17887204,17887210,6
51961,17887292,17887297,5
51962,17888338,17888342,4
51963,17888499,17888550,51
51964,17888550,17888592,42
51965,17888592,17888682,90
51966,17888682,17888747,65
51967,17888747,17888752,5
51968,17888752,17888770,18
51969,17888770,17888794,24
51970,17888794,17888895,101
51971,17888895,17888899,4
51972,17888899,17888949,50
51973,17888949,17889001,52
51974,17889001,17889055,54
51975,17889055,17889109,54
51976,17889109,17889286,177
51977,17889286,17889315,29
51978,17889315,17889318,3
51979,17889318,17889321,3
51980,17889321,17889337,16
51981,17889337,17889479,142
51982,17889479,17889614,135
51983,17889614,17889712,98
51984,17889712,17889748,36
51985,17889748,17889781,33
51986,17889781,17889876,95
51987,17889876,17889904,28
51988,17889904,17889941,37
51989,17889941,17889948,7
51990,17889948,17889955,7
51991,17889955,17889986,31
51992,17889986,17890050,64
51993,17890050,17890083,33
51994,17890083,17890114,31
51995,17890114,17890155,41
51996,17890155,17890302,147
51997,17890302,17890307,5
51998,17890307,17890348,41
51999,17890348,17890435,87
52000,17890435,17890531,96
52001,17890531,17890546,15
52002,17890546,17890600,54
52003,17890600,17890662,62
52004,17890662,17890677,15
52005,17890677,17890707,30
52006,17890707,17890930,223
52007,17890930,17891046,116
52008,17891046,17891133,87
52009,17891133,17891189,56
52010,17891189,17891330,141
52011,17891330,17891343,13
52012,17891343,17891438,95
52013,17891438,17891508,70
52014,17891508,17891572,64
52015,17891572,17891601,29
52016,17891601,17891614,13
52017,17891614,17891619,5
52018,17891619,17891680,61
52019,17891680,17891692,12
52020,17891692,17891874,182
52021,17891874,17891883,9
52022,17891883,17892127,244
52023,17892127,17892221,94
52024,17892221,17892225,4
52025,17892225,17892267,42
52026,17892267,17892383,116
52027,17892383,17892418,35
52028,17892418,17892450,32
52029,17892450,17892640,190
52030,17892640,17892727,87
52031,17892727,17892735,8
52032,17892735,17892741,6
52033,17892741,17892751,10
52034,17892751,17892756,5
52035,17892756,17892769,13
52036,17892769,17892772,3
52037,17892772,17892929,157
52038,17892929,17893027,98
52039,17893027,17893039,12
52040,17893039,17893045,6
52041,17893045,17893053,8
52042,17893053,17893059,6
52043,17893059,17893100,41
52044,17893100,17893281,181
52045,17893767,17893803,36
52046,17893803,17893872,69
52047,17893872,17893924,52
52048,17893924,17893954,30
52049,17893954,17893978,24
52050,17893978,17894012,34
52051,17894012,17894101,89
52052,17894101,17894105,4
52053,17894105,17894109,4
52054,17894109,17894163,54
52055,17894163,17894169,6
52056,17894169,17894219,50
52057,17894219,17894257,38
52058,17894257,17894269,12
52059,17894269,17894400,131
52060,17894424,17894603,179
52061,17894603,17894692,89
52062,17894692,17894717,25
52063,17894717,17894788,71
52064,17894788,17894793,5
52065,17894793,17894830,37
52066,17894830,17894991,161
52067,17894991,17895093,102
52068,17895093,17895122,29
52069,17895122,17895252,130
52070,17895252,17895306,54
52071,17895306,17895327,21
52072,17895327,17895341,14
52073,17895341,17895355,14
52074,17895355,17895389,34
52075,17895389,17895447,58
52076,17895447,17895566,119
52077,17895742,17895821,79
52078,17895821,17895861,40
52079,17895861,17895869,8
52080,17896082,17896118,36
52081,17896118,17896187,69
52082,17896187,17896239,52
52083,17896239,17896269,30
52084,17896269,17896293,24
52085,17896293,17896327,34
52086,17896419,17896513,94
52087,17896513,17896549,36
52088,17896549,17896586,37
52089,17896586,17896601,15
52090,17896601,17896839,238
52091,17897186,17897215,29
52092,17897215,17897248,33
52093,17897248,17897301,53
52094,17897301,17897350,49
52095,17897350,17897374,24
52096,17897374,17897381,7
52097,17897381,17897408,27
52098,17897408,17897474,66
52099,17897474,17897692,218
52100,17897692,17897760,68
52101,17897760,17897766,6
52102,17897766,17897780,14
52103,17897780,17897813,33
52104,17897813,17897892,79
52105,17897892,17897903,11
52106,17897903,17897921,18
52107,17897921,17897978,57
52108,17897978,17898001,23
52109,17898001,17898054,53
52110,17898054,17898063,9
52111,17898063,17898092,29
52112,17898092,17898095,3
52113,17898095,17898181,86
52114,17898181,17898187,6
52115,17898187,17898191,4
52116,17898191,17898196,5
52117,17898196,17898242,46
52118,17898242,17898256,14
52119,17898256,17898298,42
52120,17898298,17898305,7
52121,17898305,17898421,116
52122,17898421,17898425,4
52123,17898425,17898431,6
52124,17898431,17898440,9
52125,17898440,17898455,15
52126,17898455,17898468,13
52127,17898468,17898521,53
52128,17898654,17898705,51
52129,17898705,17898747,42
52130,17898747,17898837,90
52131,17898837,17898902,65
52132,17898902,17898907,5
52133,17898907,17898925,18
52134,17898925,17898949,24
52135,17898949,17899050,101
52136,17899050,17899054,4
52137,17899054,17899104,50
52138,17899104,17899156,52
52139,17899156,17899210,54
52140,17899210,17899264,54
52141,17899264,17899441,177
52142,17899441,17899470,29
52143,17899470,17899473,3
52144,17899473,17899476,3
52145,17899476,17899492,16
52146,17899492,17899634,142
52147,17899634,17899769,135
52148,17899769,17899867,98
52149,17899867,17899903,36
52150,17899903,17899936,33
52151,17899936,17900031,95
52152,17900031,17900059,28
52153,17900059,17900096,37
52154,17900096,17900103,7
52155,17900103,17900110,7
52156,17900110,17900141,31
52157,17900141,17900205,64
52158,17900205,17900238,33
52159,17900238,17900269,31
52160,17900269,17900310,41
52161,17900310,17900457,147
52162,17900457,17900462,5
52163,17900462,17900503,41
52164,17900503,17900590,87
52165,17900590,17900686,96
52166,17900686,17900701,15
52167,17900701,17900755,54
52168,17900755,17900817,62
52169,17900817,17900832,15
52170,17900832,17900862,30
52171,17900862,17901085,223
52172,17901085,17901201,116
52173,17901201,17901288,87
52174,17901288,17901344,56
52175,17901344,17901485,141
52176,17901485,17901498,13
52177,17901498,17901593,95
52178,17901593,17901663,70
52179,17901663,17901727,64
52180,17901727,17901756,29
52181,17901756,17901769,13
52182,17901769,17901774,5
52183,17901774,17901835,61
52184,17901835,17901847,12
52185,17901847,17902029,182
52186,17902029,17902038,9
52187,17902038,17902282,244
52188,17902282,17902376,94
52189,17902376,17902380,4
52190,17902380,17902422,42
52191,17902422,17902538,116
52192,17902538,17902573,35
52193,17902573,17902605,32
52194,17902605,17902795,190
52195,17902795,17902882,87
52196,17902882,17902890,8
52197,17902890,17902896,6
52198,17902896,17902906,10
52199,17902906,17902911,5
52200,17902911,17902924,13
52201,17902924,17902927,3
52202,17902927,17903084,157
52203,17903084,17903182,98
52204,17903182,17903194,12
52205,17903194,17903200,6
52206,17903200,17903208,8
52207,17903208,17903214,6
52208,17903214,17903255,41
52209,17903255,17903436,181
52210,17903839,17903933,94
52211,17903933,17903969,36
52212,17903969,17904006,37
52213,17904006,17904021,15
52214,17904021,17904259,238
52215,17904608,17904637,29
52216,17904637,17904670,33
52217,17904670,17904723,53
52218,17904723,17904772,49
52219,17904772,17904796,24
52220,17904796,17904803,7
52221,17904803,17904830,27
52222,17904830,17904896,66
52223,17904896,17905114,218
52224,17905114,17905182,68
52225,17905182,17905188,6
52226,17905188,17905202,14
52227,17905202,17905235,33
52228,17905235,17905314,79
52229,17905314,17905325,11
52230,17905325,17905343,18
52231,17905343,17905400,57
52232,17905400,17905423,23
52233,17905423,17905476,53
52234,17905476,17905485,9
52235,17905485,17905514,29
52236,17905514,17905517,3
52237,17905517,17905603,86
52238,17905603,17905609,6
52239,17905609,17905613,4
52240,17905613,17905618,5
52241,17905618,17905664,46
52242,17905664,17905678,14
52243,17905678,17905720,42
52244,17905720,17905727,7
52245,17905727,17905843,116
52246,17905843,17905847,4
52247,17905847,17905853,6
52248,17905853,17905862,9
52249,17905862,17905877,15
52250,17905877,17905890,13
52251,17905890,17905943,53
52252,17906233,17906237,4
52253,17906237,17906240,3
52254,17906653,17906657,4
52255,17906912,17906916,4
52256,17907147,17907150,3
52257,17907150,17907155,5
52258,17908086,17908089,3
52259,17908089,17908093,4
52260,17908243,17908248,5
52261,17908248,17908257,9
52262,17908471,17908474,3
52263,17909271,17909276,5
52264,17909369,17909373,4
52265,17909373,17909378,5
52266,17909814,17909822,8
52267,17909954,17909963,9
52268,17909963,17909967,4
52269,17910398,17910406,8
52270,17910917,17910922,5
52271,17911245,17911249,4
52272,17911618,17911624,6
52273,17912156,17912162,6
52274,17913437,17913442,5
52275,17913442,17913446,4
52276,17914643,17914646,3
52277,17914676,17914680,4
52278,17914721,17914729,8
52279,17915841,17915845,4
52280,17916454,17916466,12
52281,17917371,17917381,10
52282,17917381,17917385,4
52283,17917486,17917498,12
52284,17917498,17917504,6
52285,17917504,17917510,6
52286,17917510,17917516,6
52287,17917516,17917522,6
52288,17918217,17918222,5
52289,17918488,17918495,7
52290,17918495,17918502,7
52291,17919130,17919138,8
52292,17919181,17919184,3
52293,17919414,17919418,4
52294,17919607,17919616,9
52295,17919616,17919624,8
52296,17919812,17919818,6
52297,17920381,17920385,4
52298,17921080,17921085,5
52299,17921522,17921531,9
52300,17921885,17921888,3
52301,17921924,17921927,3
52302,17921927,17921933,6
52303,17922577,17922586,9
52304,17922964,17922970,6
52305,17923088,17923096,8
52306,17923096,17923102,6
52307,17923435,17923444,9
52308,17924502,17924509,7
52309,17925479,17925484,5
52310,17925484,17925489,5
52311,17925489,17925494,5
52312,17927469,17927473,4
52313,17927738,17927744,6
52314,17929217,17929225,8
52315,17930454,17930459,5
52316,17930459,17930467,8
52317,17930517,17930524,7
52318,17930651,17930666,15
52319,17930827,17930832,5
52320,17930901,17930911,10
52321,17930911,17930921,10
52322,17930921,17930926,5
52323,17930926,17930931,5
52324,17931093,17931102,9
52325,17931621,17931625,4
52326,17931753,17931759,6
52327,17931815,17931822,7
52328,17932184,17932187,3
52329,17932669,17932676,7
52330,17932755,17932760,5
52331,17932789,17932796,7
52332,17932807,17932813,6
52333,17932813,17932818,5
52334,17932978,17932987,9
52335,17932987,17932996,9
52336,17932996,17933005,9
52337,17933068,17933076,8
52338,17933535,17933542,7
52339,17933597,17933601,4
52340,17933722,17933726,4
52341,17934259,17934263,4
52342,17934263,17934267,4
52343,17934267,17934275,8
52344,17934275,17934285,10
52345,17934814,17934819,5
52346,17934819,17934824,5
52347,17934824,17934829,5
52348,17935800,17935808,8
52349,17935823,17935830,7
52350,17935830,17935837,7
52351,17935837,17935844,7
52352,17935844,17935849,5
52353,17935873,17935877,4
52354,17936371,17936376,5
52355,17936376,17936381,5
52356,17937223,17937227,4
52357,17938607,17938616,9
52358,17938989,17938995,6
52359,17941135,17941138,3
52360,17941352,17941356,4
52361,17942016,17942024,8
52362,17942210,17942217,7
52363,17942322,17942326,4
52364,17942341,17942347,6
52365,17942707,17942713,6
52366,17942847,17942862,15
52367,17943085,17943095,10
52368,17943095,17943104,9
52369,17943119,17943126,7
52370,17943581,17943587,6
52371,17943599,17943605,6
52372,17944397,17944400,3
52373,17944400,17944406,6
52374,17945634,17945641,7
52375,17945691,17945695,4
52376,17946504,17946516,12
52377,17947862,17947870,8
52378,17947894,17947902,8
52379,17947902,17947908,6
52380,17948641,17948646,5
52381,17948657,17948662,5
52382,17948896,17948904,8
52383,17948904,17948910,6
52384,17948910,17948917,7
52385,17948917,17948926,9
52386,17950076,17950081,5
52387,17950201,17950205,4
52388,17950221,17950225,4
52389,17950258,17950265,7
52390,17950482,17950485,3
52391,17950555,17950565,10
52392,17950694,17950700,6
52393,17950892,17950899,7
52394,17951073,17951077,4
52395,17951077,17951085,8
52396,17951249,17951256,7
52397,17951675,17951678,3
52398,17952477,17952482,5
52399,17953949,17953954,5
52400,17956956,17956965,9
52401,17957123,17957128,5
52402,17957342,17957348,6
52403,17957592,17957598,6
52404,17957900,17957907,7
52405,17957907,17957910,3
52406,17957910,17957917,7
52407,17959184,17959194,10
52408,17960580,17960589,9
52409,17960743,17960751,8
52410,17960884,17960890,6
52411,17964889,17964899,10
52412,17964899,17964903,4
52413,17965312,17965319,7
52414,17965544,17965547,3
52415,17965547,17965552,5
52416,17966600,17966604,4
52417,17967120,17967126,6
52418,17967126,17967132,6
52419,17968920,17968927,7
52420,17969229,17969236,7
52421,17969583,17969587,4
52422,17970805,17970814,9
52423,17971512,17971521,9
52424,17972702,17972714,12
52425,17972882,17972886,4
52426,17972886,17972892,6
52427,17972892,17972896,4
52428,17974814,17974820,6
52429,17975669,17975678,9
52430,17975826,17975830,4
52431,17976188,17976196,8
52432,17976644,17976650,6
52433,17976694,17976698,4
52434,17977075,17977081,6
52435,17977152,17977159,7
52436,17977642,17977649,7
52437,17979150,17979162,12
52438,17980737,17980742,5
52439,17980879,17980883,4
52440,17980883,17980887,4
52441,17980887,17980891,4
52442,17980891,17980895,4
52443,17980895,17980899,4
52444,17982999,17983008,9
52445,17985040,17985047,7
52446,17987332,17987339,7
52447,17987369,17987373,4
52448,17990084,17990092,8
52449,17990589,17990593,4
52450,17990982,17990989,7
52451,17992518,17992524,6
52452,17992729,17992736,7
52453,17992899,17992908,9
52454,17992980,17992987,7
52455,17993138,17993142,4
52456,17993309,17993315,6
52457,17993315,17993321,6
52458,17993339,17993345,6
52459,17993345,17993350,5
52460,17993959,17993962,3
52461,17994278,17994281,3
52462,17994364,17994367,3
52463,17995715,17995719,4
52464,17996874,17996879,5
52465,17997457,17997463,6
52466,18000031,18000037,6
52467,18000277,18000284,7
52468,18000284,18000290,6
52469,18004119,18004124,5
52470,18005359,18005365,6
52471,18005377,18005384,7
52472,18006032,18006040,8
52473,18006109,18006119,10
52474,18006212,18006215,3
52475,18006878,18006884,6
52476,18006908,18006915,7
52477,18007046,18007049,3
52478,18007331,18007340,9
52479,18007340,18007346,6
52480,18007346,18007352,6
52481,18007352,18007358,6
52482,18007358,18007364,6
52483,18007969,18007978,9
52484,18011066,18011073,7
52485,18011073,18011077,4
52486,18011555,18011560,5
52487,18011779,18011786,7
52488,18013395,18013401,6
52489,18013401,18013409,8
52490,18013430,18013439,9
52491,18014129,18014137,8
52492,18014137,18014142,5
52493,18014142,18014146,4
52494,18014146,18014155,9
52495,18014155,18014161,6
52496,18014493,18014501,8
52497,18015041,18015044,3
52498,18015044,18015052,8
52499,18016505,18016508,3
52500,18016508,18016516,8
52501,18016634,18016641,7
52502,18017347,18017351,4
52503,18017361,18017364,3
52504,18017479,18017482,3
52505,18017482,18017486,4
52506,18017738,18017741,3
52507,18017825,18017835,10
52508,18020755,18020758,3
52509,18020778,18020786,8
52510,18022034,18022043,9
52511,18022043,18022047,4
52512,18022430,18022436,6
52513,18022498,18022505,7
52514,18022947,18022951,4
52515,18023631,18023643,12
52516,18023682,18023693,11
52517,18024543,18024546,3
52518,18025034,18025042,8
52519,18025182,18025190,8
52520,18025287,18025295,8
52521,18025470,18025477,7
52522,18025668,18025677,9
52523,18025695,18025704,9
52524,18026549,18026556,7
52525,18027896,18027901,5
52526,18028178,18028187,9
52527,18028878,18028885,7
52528,18030050,18030055,5
52529,18030612,18030618,6
52530,18030618,18030624,6
52531,18030624,18030630,6
52532,18030654,18030660,6
52533,18031420,18031431,11
52534,18031705,18031710,5
52535,18032401,18032409,8
52536,18035302,18035307,5
52537,18035479,18035482,3
52538,18035482,18035485,3
52539,18037347,18037354,7
52540,18038312,18038318,6
52541,18038776,18038781,5
52542,18039369,18039374,5
52543,18039976,18039983,7
52544,18039995,18040002,7
52545,18040120,18040124,4
52546,18042013,18042022,9
52547,18042032,18042041,9
52548,18042041,18042047,6
52549,18042047,18042054,7
52550,18043332,18043340,8
52551,18044020,18044026,6
52552,18044679,18044687,8
52553,18044951,18044954,3
52554,18045210,18045214,4
52555,18045595,18045600,5
52556,18045600,18045608,8
52557,18046183,18046192,9
52558,18047041,18047045,4
52559,18047231,18047237,6
52560,18047423,18047429,6
52561,18047593,18047597,4
52562,18047597,18047601,4
52563,18047755,18047764,9
52564,18048129,18048134,5
52565,18048254,18048260,6
52566,18048431,18048438,7
52567,18048593,18048599,6
52568,18054912,18054920,8
52569,18055254,18055259,5
52570,18055387,18055394,7
52571,18055545,18055548,3
52572,18057229,18057238,9
52573,18057894,18057898,4
52574,18058947,18058955,8
52575,18058955,18058964,9
52576,18059570,18059574,4
52577,18059691,18059695,4
52578,18059863,18059872,9
52579,18059951,18059957,6
52580,18060033,18060038,5
52581,18060118,18060122,4
52582,18060166,18060172,6
52583,18060172,18060178,6
52584,18060178,18060184,6
52585,18060184,18060190,6
52586,18060190,18060195,5
52587,18060195,18060201,6
52588,18060340,18060350,10
52589,18060376,18060381,5
52590,18060381,18060387,6
52591,18060767,18060772,5
52592,18060911,18060920,9
52593,18061109,18061112,3
52594,18062223,18062232,9
52595,18063323,18063329,6
52596,18063329,18063335,6
52597,18063335,18063341,6
52598,18063500,18063507,7
52599,18063507,18063512,5
52600,18064694,18064706,12
52601,18065108,18065111,3
52602,18065326,18065331,5
52603,18066180,18066189,9
52604,18066443,18066450,7
52605,18066672,18066681,9
52606,18066710,18066718,8
52607,18066737,18066741,4
52608,18067024,18067031,7
52609,18067091,18067097,6
52610,18067473,18067478,5
52611,18067562,18067572,10
52612,18067765,18067771,6
52613,18067771,18067775,4
52614,18067838,18067845,7
52615,18067943,18067949,6
52616,18068103,18068106,3
52617,18069296,18069304,8
52618,18069455,18069459,4
52619,18069581,18069584,3
52620,18069811,18069817,6
52621,18069916,18069919,3
52622,18069977,18069985,8
52623,18070000,18070009,9
52624,18070681,18070686,5
52625,18070756,18070759,3
52626,18070759,18070767,8
52627,18070891,18070900,9
52628,18071399,18071403,4
52629,18071717,18071720,3
52630,18072313,18072317,4
52631,18072468,18072473,5
52632,18072473,18072480,7
52633,18072713,18072719,6
52634,18072849,18072853,4
52635,18073024,18073027,3
52636,18073048,18073058,10
52637,18073226,18073230,4
52638,18073623,18073627,4
52639,18073831,18073841,10
52640,18073853,18073861,8
52641,18074886,18074890,4
52642,18074952,18074958,6
52643,18075350,18075356,6
52644,18075692,18075696,4
52645,18075989,18075995,6
52646,18076417,18076422,5
52647,18077217,18077225,8
52648,18077555,18077559,4
52649,18077559,18077563,4
52650,18077998,18078003,5
52651,18079118,18079125,7
52652,18079168,18079173,5
52653,18079173,18079177,4
52654,18079677,18079685,8
52655,18079775,18079779,4
52656,18080575,18080578,3
52657,18080850,18080854,4
52658,18080957,18080961,4
52659,18080961,18080964,3
52660,18080964,18080973,9
52661,18081037,18081046,9
52662,18081055,18081058,3
52663,18081301,18081313,12
52664,18081780,18081786,6
52665,18081786,18081792,6
52666,18082337,18082342,5
52667,18082885,18082892,7
52668,18082994,18083000,6
52669,18083000,18083006,6
52670,18083006,18083012,6
52671,18083462,18083466,4
52672,18083577,18083585,8
52673,18083585,18083593,8
52674,18083593,18083599,6
52675,18083599,18083607,8
52676,18083678,18083685,7
52677,18083765,18083769,4
52678,18083834,18083838,4
52679,18084223,18084228,5
52680,18084327,18084330,3
52681,18084403,18084406,3
52682,18084423,18084430,7
52683,18084745,18084749,4
52684,18085066,18085074,8
52685,18085074,18085082,8
52686,18086172,18086175,3
52687,18086193,18086199,6
52688,18087203,18087207,4
52689,18087251,18087257,6
52690,18088005,18088010,5
52691,18088161,18088171,10
52692,18088845,18088848,3
52693,18089190,18089196,6
52694,18089196,18089204,8
52695,18089789,18089796,7
52696,18090107,18090116,9
52697,18090338,18090341,3
52698,18090521,18090530,9
52699,18090556,18090577,21
52700,18091413,18091424,11
52701,18091771,18091777,6
52702,18092401,18092409,8
52703,18093341,18093344,3
52704,18093658,18093665,7
52705,18093710,18093713,3
52706,18095942,18095948,6
52707,18096194,18096203,9
52708,18096843,18096846,3
52709,18098053,18098062,9
52710,18098077,18098083,6
52711,18098413,18098419,6
52712,18099537,18099545,8
52713,18100116,18100119,3
52714,18100119,18100125,6
52715,18100159,18100166,7
52716,18100403,18100408,5
52717,18101101,18101108,7
52718,18101108,18101116,8
52719,18101116,18101128,12
52720,18102977,18102981,4
52721,18103672,18103679,7
52722,18104923,18104932,9
52723,18104991,18105000,9
52724,18105296,18105302,6
52725,18105433,18105442,9
52726,18105442,18105450,8
52727,18105450,18105456,6
52728,18105518,18105521,3
52729,18105719,18105725,6
52730,18106225,18106229,4
52731,18106565,18106574,9
52732,18106574,18106582,8
52733,18106921,18106928,7
52734,18107531,18107539,8
52735,18107549,18107553,4
52736,18107553,18107557,4
52737,18107557,18107561,4
52738,18107561,18107569,8
52739,18107645,18107651,6
52740,18108166,18108171,5
52741,18108245,18108251,6
52742,18108699,18108710,11
52743,18108918,18108927,9
52744,18108927,18108933,6
52745,18109299,18109311,12
52746,18109421,18109425,4
52747,18109425,18109435,10
52748,18110344,18110355,11
52749,18110771,18110775,4
52750,18110916,18110922,6
52751,18111049,18111054,5
52752,18111054,18111060,6
52753,18111060,18111065,5
52754,18111083,18111093,10
52755,18112286,18112292,6
52756,18112292,18112298,6
52757,18112494,18112500,6
52758,18112500,18112507,7
52759,18112642,18112649,7
52760,18112791,18112795,4
52761,18112795,18112800,5
52762,18112833,18112839,6
52763,18112918,18112923,5
52764,18113012,18113016,4
52765,18113115,18113119,4
52766,18113212,18113219,7
52767,18113303,18113306,3
52768,18113647,18113652,5
52769,18115092,18115099,7
52770,18115254,18115259,5
52771,18115259,18115262,3
52772,18115262,18115266,4
52773,18115894,18115898,4
52774,18116653,18116659,6
52775,18116766,18116769,3
52776,18116846,18116852,6
52777,18116852,18116858,6
52778,18116858,18116868,10
52779,18116868,18116873,5
52780,18117165,18117171,6
52781,18117171,18117177,6
52782,18117177,18117183,6
52783,18117183,18117189,6
52784,18117189,18117195,6
52785,18117652,18117657,5
52786,18118621,18118624,3
52787,18119876,18119884,8
52788,18120384,18120390,6
52789,18120435,18120439,4
52790,18122416,18122422,6
52791,18122580,18122585,5
52792,18122585,18122590,5
52793,18123716,18123719,3
52794,18124026,18124032,6
52795,18124032,18124037,5
52796,18125397,18125405,8
52797,18125607,18125612,5
52798,18126567,18126575,8
52799,18126722,18126730,8
52800,18128154,18128157,3
52801,18129027,18129032,5
52802,18129136,18129143,7
52803,18129683,18129689,6
52804,18131653,18131668,15
52805,18131750,18131766,16
52806,18132709,18132716,7
52807,18133085,18133089,4
52808,18135377,18135380,3
52809,18135787,18135795,8
52810,18135954,18135960,6
52811,18135960,18135967,7
52812,18135967,18135973,6
52813,18136109,18136117,8
52814,18136174,18136179,5
52815,18136391,18136395,4
52816,18136465,18136468,3
52817,18138152,18138158,6
52818,18138433,18138441,8
52819,18138644,18138655,11
52820,18138746,18138754,8
52821,18138877,18138884,7
52822,18140208,18140215,7
52823,18142404,18142410,6
52824,18142410,18142416,6
52825,18142416,18142422,6
52826,18142422,18142428,6
52827,18142428,18142434,6
52828,18142434,18142440,6
52829,18142440,18142446,6
52830,18142446,18142452,6
52831,18142452,18142458,6
52832,18142458,18142464,6
52833,18142653,18142656,3
52834,18143016,18143020,4
52835,18143314,18143322,8
52836,18143784,18143793,9
52837,18146561,18146565,4
52838,18147127,18147135,8
52839,18148015,18148020,5
52840,18148181,18148186,5
52841,18148665,18148670,5
52842,18148670,18148675,5
52843,18148675,18148680,5
52844,18149106,18149112,6
52845,18149220,18149230,10
52846,18150041,18150051,10
52847,18150672,18150675,3
52848,18151474,18151477,3
52849,18152556,18152560,4
52850,18152824,18152835,11
52851,18152835,18152841,6
52852,18153193,18153197,4
52853,18153197,18153204,7
52854,18153633,18153641,8
52855,18154127,18154133,6
52856,18154510,18154513,3
52857,18156738,18156741,3
52858,18156755,18156762,7
52859,18158530,18158536,6
52860,18159912,18159921,9
52861,18160664,18160671,7
52862,18160682,18160686,4
52863,18161258,18161267,9
52864,18162123,18162131,8
52865,18162131,18162139,8
52866,18162286,18162291,5
52867,18162291,18162296,5
52868,18162296,18162301,5
52869,18162301,18162311,10
52870,18162311,18162316,5
52871,18162316,18162321,5
52872,18165495,18165502,7
52873,18165975,18165978,3
52874,18166369,18166375,6
52875,18166893,18166896,3
52876,18167699,18167703,4
52877,18169763,18169768,5
52878,18170041,18170048,7
52879,18170048,18170053,5
52880,18170173,18170180,7
52881,18170239,18170245,6
52882,18170435,18170442,7
52883,18170472,18170475,3
52884,18170489,18170497,8
52885,18171283,18171288,5
52886,18172190,18172204,14
52887,18172618,18172622,4
52888,18172940,18172947,7
52889,18173576,18173586,10
52890,18174012,18174020,8
52891,18174069,18174072,3
52892,18174491,18174494,3
52893,18175209,18175213,4
52894,18175293,18175296,3
52895,18176727,18176732,5
52896,18176732,18176735,3
52897,18176735,18176740,5
52898,18176801,18176804,3
52899,18176834,18176840,6
52900,18178211,18178215,4
52901,18179201,18179205,4
52902,18179288,18179292,4
52903,18179421,18179427,6
52904,18180556,18180559,3
52905,18181652,18181659,7
52906,18181659,18181663,4
52907,18181828,18181833,5
52908,18182272,18182279,7
52909,18182698,18182706,8
52910,18184887,18184892,5
52911,18184892,18184897,5
52912,18184897,18184902,5
52913,18184916,18184921,5
52914,18185319,18185328,9
52915,18185591,18185596,5
52916,18185920,18185923,3
52917,18187325,18187331,6
52918,18190782,18190785,3
52919,18190926,18190936,10
52920,18191710,18191717,7
52921,18191717,18191721,4
52922,18192244,18192251,7
52923,18192868,18192877,9
52924,18194435,18194441,6
52925,18195265,18195276,11
52926,18195721,18195727,6
52927,18196690,18196695,5
52928,18196695,18196701,6
52929,18196758,18196763,5
52930,18198756,18198762,6
52931,18198944,18198950,6
52932,18198961,18198965,4
52933,18198988,18198994,6
52934,18200918,18200923,5
52935,18201066,18201070,4
52936,18201087,18201091,4
52937,18201344,18201351,7
52938,18201351,18201356,5
52939,18201502,18201511,9
52940,18201511,18201514,3
52941,18201514,18201519,5
52942,18201999,18202002,3
52943,18202946,18202953,7
52944,18202953,18202958,5
52945,18203302,18203307,5
52946,18203348,18203356,8
52947,18203368,18203377,9
52948,18203571,18203577,6
52949,18203787,18203793,6
52950,18204170,18204176,6
52951,18204176,18204186,10
52952,18204570,18204576,6
52953,18204592,18204595,3
52954,18205005,18205009,4
52955,18205056,18205062,6
52956,18205062,18205067,5
52957,18205704,18205711,7
52958,18206235,18206243,8
52959,18207911,18207917,6
52960,18208422,18208427,5
52961,18208427,18208432,5
52962,18208447,18208452,5
52963,18208491,18208494,3
52964,18208680,18208685,5
52965,18208967,18208974,7
52966,18208974,18208986,12
52967,18208986,18209000,14
52968,18209477,18209484,7
52969,18209674,18209680,6
52970,18209704,18209710,6
52971,18209850,18209855,5
52972,18210255,18210261,6
52973,18210261,18210267,6
52974,18210645,18210648,3
52975,18211187,18211190,3
52976,18211276,18211282,6
52977,18211621,18211625,4
52978,18212048,18212054,6
52979,18212472,18212478,6
52980,18213747,18213754,7
52981,18213809,18213817,8
52982,18213817,18213826,9
52983,18213855,18213862,7
52984,18214107,18214115,8
52985,18214622,18214630,8
52986,18215722,18215728,6
52987,18215728,18215739,11
52988,18217284,18217290,6
52989,18217766,18217771,5
52990,18218132,18218138,6
52991,18218540,18218543,3
52992,18219109,18219112,3
52993,18220663,18220668,5
52994,18222030,18222035,5
52995,18222215,18222218,3
52996,18222848,18222860,12
52997,18222860,18222866,6
52998,18224607,18224616,9
52999,18226242,18226251,9
53000,18226632,18226639,7
53001,18226673,18226680,7
53002,18227784,18227796,12
53003,18227796,18227802,6
53004,18228783,18228791,8
53005,18229671,18229678,7
53006,18230185,18230191,6
53007,18230536,18230539,3
53008,18232414,18232417,3
53009,18232506,18232511,5
53010,18232511,18232516,5
53011,18232516,18232521,5
53012,18232521,18232526,5
53013,18232526,18232531,5
53014,18232531,18232536,5
53015,18232536,18232541,5
53016,18232541,18232546,5
53017,18232546,18232551,5
53018,18232551,18232556,5
53019,18232556,18232561,5
53020,18232561,18232566,5
53021,18232566,18232576,10
53022,18232576,18232586,10
53023,18232667,18232673,6
53024,18232673,18232676,3
53025,18232818,18232824,6
53026,18233296,18233301,5
53027,18233839,18233845,6
53028,18236149,18236160,11
53029,18236618,18236623,5
53030,18236623,18236629,6
53031,18236639,18236644,5
53032,18236644,18236650,6
53033,18239085,18239091,6
53034,18239779,18239784,5
53035,18241040,18241045,5
53036,18242038,18242042,4
53037,18242488,18242497,9
53038,18242657,18242664,7
53039,18242836,18242842,6
53040,18242877,18242880,3
53041,18242880,18242886,6
53042,18242886,18242892,6
53043,18242999,18243005,6
53044,18243105,18243112,7
53045,18243340,18243346,6
53046,18243756,18243763,7
53047,18243763,18243769,6
53048,18243769,18243775,6
53049,18244228,18244231,3
53050,18244992,18244999,7
53051,18244999,18245004,5
53052,18245004,18245009,5
53053,18245593,18245601,8
53054,18245601,18245606,5
53055,18245606,18245609,3
53056,18246694,18246703,9
53057,18246703,18246710,7
53058,18246764,18246772,8
53059,18246953,18246959,6
53060,18248162,18248170,8
53061,18248413,18248418,5
53062,18248418,18248423,5
53063,18248423,18248428,5
53064,18248428,18248433,5
53065,18248738,18248741,3
53066,18249623,18249626,3
53067,18251303,18251308,5
53068,18251308,18251316,8
53069,18252608,18252617,9
53070,18252617,18252623,6
53071,18252623,18252626,3
53072,18252626,18252629,3
53073,18252629,18252635,6
53074,18252635,18252638,3
53075,18252638,18252641,3
53076,18252641,18252647,6
53077,18253226,18253234,8
53078,18254113,18254116,3
53079,18254480,18254488,8
53080,18254981,18254989,8
53081,18255471,18255482,11
53082,18255579,18255589,10
53083,18255589,18255593,4
53084,18255593,18255597,4
53085,18255597,18255601,4
53086,18255601,18255605,4
53087,18255605,18255609,4
53088,18255755,18255764,9
53089,18257900,18257906,6
53090,18257906,18257912,6
53091,18257912,18257918,6
53092,18257918,18257924,6
53093,18259557,18259562,5
53094,18259562,18259569,7
53095,18259669,18259672,3
53096,18259859,18259866,7
53097,18260345,18260352,7
53098,18260352,18260359,7
53099,18260473,18260479,6
53100,18261286,18261292,6
53101,18261292,18261298,6
53102,18261353,18261357,4
53103,18261911,18261914,3
53104,18263355,18263363,8
53105,18263813,18263816,3
53106,18263964,18263972,8
53107,18263972,18263977,5
53108,18263993,18263998,5
53109,18264191,18264197,6
53110,18264197,18264203,6
53111,18264203,18264209,6
53112,18264209,18264214,5
53113,18264214,18264222,8
53114,18264617,18264620,3
53115,18265063,18265069,6
53116,18265956,18265965,9
53117,18266759,18266765,6
53118,18266765,18266771,6
53119,18266799,18266808,9
53120,18266808,18266815,7
53121,18267070,18267076,6
53122,18267147,18267154,7
53123,18267251,18267257,6
53124,18267554,18267559,5
53125,18267813,18267819,6
53126,18268934,18268940,6
53127,18269097,18269101,4
53128,18269132,18269138,6
53129,18269220,18269226,6
53130,18269226,18269232,6
53131,18269232,18269238,6
53132,18269401,18269406,5
53133,18269406,18269411,5
53134,18269411,18269416,5
53135,18269590,18269597,7
53136,18271070,18271075,5
53137,18271075,18271080,5
53138,18271080,18271085,5
53139,18271085,18271090,5
53140,18271090,18271096,6
53141,18271096,18271102,6
53142,18271119,18271129,10
53143,18271234,18271242,8
53144,18271242,18271247,5
53145,18271658,18271663,5
53146,18271858,18271864,6
53147,18272295,18272301,6
53148,18272316,18272319,3
53149,18272319,18272322,3
53150,18272322,18272328,6
53151,18273344,18273352,8
53152,18274510,18274515,5
53153,18275376,18275382,6
53154,18275495,18275504,9
53155,18275783,18275787,4
53156,18276611,18276614,3
53157,18277331,18277339,8
53158,18277339,18277347,8
53159,18277843,18277850,7
53160,18277850,18277856,6
53161,18278383,18278388,5
53162,18278683,18278686,3
53163,18278686,18278693,7
53164,18280524,18280530,6
53165,18280560,18280563,3
53166,18280817,18280827,10
53167,18280848,18280856,8
53168,18280881,18280886,5
53169,18280886,18280890,4
53170,18281548,18281556,8
53171,18282253,18282257,4
53172,18282257,18282266,9
53173,18282460,18282469,9
53174,18282494,18282501,7
53175,18282878,18282884,6
53176,18283141,18283144,3
53177,18284390,18284398,8
53178,18284398,18284405,7
53179,18284405,18284408,3
53180,18284724,18284729,5
53181,18284897,18284903,6
53182,18284903,18284909,6
53183,18285165,18285172,7
53184,18287004,18287009,5
53185,18287666,18287670,4
53186,18287988,18287993,5
53187,18288003,18288008,5
53188,18288045,18288051,6
53189,18288051,18288057,6
53190,18288057,18288063,6
53191,18288754,18288762,8
53192,18289096,18289108,12
53193,18289220,18289228,8
53194,18289324,18289329,5
53195,18289329,18289339,10
53196,18289514,18289520,6
53197,18289543,18289552,9
53198,18289866,18289872,6
53199,18290012,18290022,10
53200,18290022,18290029,7
53201,18290029,18290036,7
53202,18290036,18290043,7
53203,18290043,18290050,7
53204,18290050,18290057,7
53205,18290057,18290064,7
53206,18290064,18290071,7
53207,18290335,18290343,8
53208,18291559,18291566,7
53209,18291692,18291698,6
53210,18292577,18292583,6
53211,18292583,18292589,6
53212,18292631,18292637,6
53213,18292637,18292643,6
53214,18292673,18292682,9
53215,18292988,18292991,3
53216,18293094,18293099,5
53217,18293152,18293159,7
53218,18293159,18293165,6
53219,18293484,18293493,9
53220,18293493,18293502,9
53221,18293653,18293659,6
53222,18293659,18293665,6
53223,18294216,18294222,6
53224,18294490,18294495,5
53225,18294495,18294505,10
53226,18294515,18294520,5
53227,18294520,18294525,5
53228,18295487,18295493,6
53229,18295597,18295607,10
53230,18298372,18298377,5
53231,18298628,18298637,9
53232,18298941,18298951,10
53233,18299131,18299134,3
53234,18299214,18299220,6
53235,18299220,18299223,3
53236,18299647,18299654,7
53237,18300221,18300226,5
53238,18301192,18301198,6
53239,18301380,18301384,4
53240,18301401,18301405,4
53241,18302049,18302054,5
53242,18302202,18302212,10
53243,18302212,18302221,9
53244,18302980,18302990,10
53245,18303384,18303388,4
53246,18303433,18303437,4
53247,18303559,18303565,6
53248,18304314,18304318,4
53249,18304625,18304633,8
53250,18304765,18304768,3
53251,18304768,18304771,3
53252,18304771,18304777,6
53253,18304918,18304924,6
53254,18305637,18305643,6
53255,18306732,18306743,11
53256,18306743,18306753,10
53257,18306875,18306883,8
53258,18306883,18306894,11
53259,18306894,18306902,8
53260,18306922,18306930,8
53261,18306930,18306941,11
53262,18306941,18306949,8
53263,18306949,18306953,4
53264,18307259,18307268,9
53265,18307283,18307286,3
53266,18307346,18307353,7
53267,18307421,18307427,6
53268,18308046,18308052,6
53269,18308064,18308067,3
53270,18308911,18308914,3
53271,18309067,18309075,8
53272,18309075,18309081,6
53273,18309191,18309198,7
53274,18309393,18309398,5
53275,18309398,18309404,6
53276,18310694,18310702,8
53277,18311022,18311026,4
53278,18311026,18311032,6
53279,18311067,18311076,9
53280,18311373,18311385,12
53281,18311385,18311391,6
53282,18311391,18311401,10
53283,18311401,18311407,6
53284,18311813,18311824,11
53285,18311887,18311893,6
53286,18313135,18313140,5
53287,18314372,18314378,6
53288,18314487,18314494,7
53289,18314528,18314531,3
53290,18315408,18315412,4
53291,18315434,18315440,6
53292,18315440,18315443,3
53293,18315520,18315528,8
53294,18315528,18315534,6
53295,18315591,18315594,3
53296,18315594,18315601,7
53297,18315737,18315742,5
53298,18315742,18315749,7
53299,18315807,18315813,6
53300,18315837,18315845,8
53301,18316157,18316164,7
53302,18316164,18316170,6
53303,18316668,18316672,4
53304,18317035,18317042,7
53305,18317094,18317098,4
53306,18317604,18317609,5
53307,18317609,18317619,10
53308,18318374,18318383,9
53309,18320586,18320589,3
53310,18322672,18322679,7
53311,18324305,18324308,3
53312,18324446,18324452,6
53313,18324597,18324601,4
53314,18324601,18324605,4
53315,18324781,18324785,4
53316,18325163,18325170,7
53317,18325170,18325178,8
53318,18325200,18325207,7
53319,18325441,18325450,9
53320,18325969,18325976,7
53321,18325976,18325983,7
53322,18326631,18326635,4
53323,18326737,18326743,6
53324,18326743,18326751,8
53325,18328588,18328595,7
53326,18329229,18329235,6
53327,18329572,18329575,3
53328,18329575,18329583,8
53329,18330209,18330218,9
53330,18331518,18331523,5
53331,18331523,18331528,5
53332,18331528,18331533,5
53333,18331533,18331538,5
53334,18332739,18332743,4
53335,18332834,18332840,6
53336,18332840,18332848,8
53337,18333872,18333877,5
53338,18334075,18334081,6
53339,18335173,18335180,7
53340,18336435,18336441,6
53341,18336473,18336479,6
53342,18337535,18337543,8
53343,18337947,18337953,6
53344,18337965,18337971,6
53345,18337971,18337977,6
53346,18337977,18337983,6
53347,18338058,18338063,5
53348,18338323,18338328,5
53349,18339311,18339319,8
53350,18339657,18339663,6
53351,18341828,18341835,7
53352,18341835,18341841,6
53353,18342126,18342134,8
53354,18342595,18342598,3
53355,18342973,18342983,10
53356,18343146,18343152,6
53357,18343152,18343163,11
53358,18343471,18343479,8
53359,18343479,18343487,8
53360,18343685,18343693,8
53361,18343693,18343701,8
53362,18343789,18343793,4
53363,18344183,18344187,4
53364,18344249,18344255,6
53365,18344255,18344262,7
53366,18344262,18344269,7
53367,18344278,18344284,6
53368,18345083,18345092,9
53369,18345486,18345494,8
53370,18346084,18346087,3
53371,18346535,18346543,8
53372,18347932,18347939,7
53373,18347939,18347945,6
53374,18348302,18348306,4
53375,18348598,18348605,7
53376,18348910,18348913,3
53377,18349685,18349688,3
53378,18349688,18349699,11
53379,18350506,18350518,12
53380,18352808,18352813,5
53381,18352813,18352818,5
53382,18352832,18352837,5
53383,18353405,18353410,5
53384,18353410,18353416,6
53385,18353665,18353674,9
53386,18353904,18353913,9
53387,18353913,18353921,8
53388,18353921,18353925,4
53389,18354137,18354141,4
53390,18354141,18354151,10
53391,18355484,18355488,4
53392,18355488,18355493,5
53393,18355942,18355952,10
53394,18356036,18356039,3
53395,18356039,18356042,3
53396,18356175,18356183,8
53397,18359146,18359158,12
53398,18359158,18359162,4
53399,18359817,18359824,7
53400,18360200,18360209,9
53401,18360307,18360317,10
53402,18361568,18361573,5
53403,18361592,18361598,6
53404,18362810,18362821,11
53405,18364730,18364733,3
53406,18366001,18366007,6
53407,18366007,18366013,6
53408,18366013,18366020,7
53409,18368757,18368763,6
53410,18368931,18368941,10
53411,18369258,18369265,7
53412,18370977,18370985,8
53413,18371931,18371937,6
53414,18371961,18371972,11
53415,18372113,18372122,9
53416,18372566,18372572,6
53417,18373695,18373699,4
53418,18374480,18374488,8
53419,18375333,18375343,10
53420,18375563,18375573,10
53421,18375573,18375582,9
53422,18376200,18376204,4
53423,18376866,18376874,8
53424,18377887,18377891,4
53425,18378065,18378069,4
53426,18378069,18378076,7
53427,18378444,18378454,10
53428,18378537,18378541,4
53429,18378541,18378549,8
53430,18380052,18380062,10
53431,18380091,18380097,6
53432,18380357,18380367,10
53433,18380790,18380795,5
53434,18380795,18380799,4
53435,18381929,18381937,8
53436,18382254,18382260,6
53437,18382394,18382397,3
53438,18382551,18382560,9
53439,18382560,18382570,10
53440,18383014,18383019,5
53441,18384456,18384460,4
53442,18384613,18384622,9
53443,18384913,18384922,9
53444,18386350,18386355,5
53445,18386926,18386932,6
53446,18387152,18387156,4
53447,18387156,18387164,8
53448,18387480,18387486,6
53449,18387486,18387490,4
53450,18387490,18387502,12
53451,18387557,18387564,7
53452,18387947,18387950,3
53453,18388740,18388748,8
53454,18389343,18389348,5
53455,18389604,18389607,3
53456,18390947,18390952,5
53457,18391134,18391143,9
53458,18392014,18392017,3
53459,18393081,18393086,5
53460,18393240,18393244,4
53461,18393278,18393287,9
53462,18393287,18393295,8
53463,18393776,18393785,9
53464,18393915,18393920,5
53465,18394480,18394483,3
53466,18394886,18394895,9
53467,18394954,18394961,7
53468,18395267,18395272,5
53469,18395629,18395636,7
53470,18395636,18395640,4
53471,18395712,18395719,7
53472,18395923,18395927,4
53473,18396839,18396844,5
53474,18396844,18396853,9
53475,18397550,18397556,6
53476,18397873,18397880,7
53477,18398556,18398561,5
53478,18398561,18398565,4
53479,18399336,18399344,8
53480,18399344,18399352,8
53481,18399564,18399568,4
53482,18399990,18399997,7
53483,18401113,18401119,6
53484,18401547,18401554,7
53485,18402383,18402389,6
53486,18403408,18403415,7
53487,18403415,18403419,4
53488,18403419,18403425,6
53489,18403437,18403444,7
53490,18403596,18403602,6
53491,18403632,18403636,4
53492,18404121,18404124,3
53493,18404416,18404420,4
53494,18404928,18404936,8
53495,18405198,18405204,6
53496,18406073,18406079,6
53497,18406079,18406085,6
53498,18406085,18406091,6
53499,18406091,18406095,4
53500,18406095,18406100,5
53501,18407037,18407046,9
53502,18407379,18407387,8
53503,18407562,18407566,4
53504,18408196,18408200,4
53505,18408801,18408807,6
53506,18408995,18409002,7
53507,18409016,18409022,6
53508,18409081,18409090,9
53509,18410133,18410139,6
53510,18410139,18410145,6
53511,18411666,18411670,4
53512,18412130,18412138,8
53513,18413113,18413119,6
53514,18413119,18413125,6
53515,18413143,18413149,6
53516,18413258,18413264,6
53517,18413324,18413333,9
53518,18413436,18413446,10
53519,18413446,18413451,5
53520,18414443,18414446,3
53521,18414446,18414454,8
53522,18414964,18414970,6
53523,18415887,18415893,6
53524,18416071,18416078,7
53525,18416078,18416086,8
53526,18416086,18416090,4
53527,18416415,18416421,6
53528,18417762,18417767,5
53529,18418078,18418084,6
53530,18418084,18418090,6
53531,18418376,18418384,8
53532,18418972,18418980,8
53533,18419014,18419021,7
53534,18419595,18419598,3
53535,18420434,18420440,6
53536,18420440,18420446,6
53537,18421483,18421492,9
53538,18421931,18421936,5
53539,18422109,18422114,5
53540,18423283,18423291,8
53541,18423778,18423785,7
53542,18424122,18424126,4
53543,18424564,18424573,9
53544,18424573,18424582,9
53545,18424932,18424941,9
53546,18425031,18425040,9
53547,18425555,18425559,4
53548,18427092,18427095,3
53549,18427095,18427102,7
53550,18427102,18427109,7
53551,18427109,18427114,5
53552,18427114,18427119,5
53553,18427119,18427124,5
53554,18427124,18427129,5
53555,18427465,18427468,3
53556,18428321,18428332,11
53557,18428811,18428818,7
53558,18429295,18429303,8
53559,18429580,18429664,84
53560,18429664,18429752,88
53561,18429752,18429822,70
53562,18429822,18429888,66
53563,18429888,18430107,219
53564,18430155,18430285,130
53565,18430285,18430294,9
53566,18430294,18430312,18
53567,18430312,18430351,39
53568,18430351,18430412,61
53569,18430412,18430428,16
53570,18430510,18430522,12
53571,18430522,18430608,86
53572,18430608,18430614,6
53573,18430614,18430738,124
53574,18430738,18430759,21
53575,18430759,18430849,90
53576,18430849,18430894,45
53577,18430894,18430985,91
53578,18430985,18431095,110
53579,18431095,18431124,29
53580,18431124,18431131,7
53581,18431131,18431223,92
53582,18431223,18431388,165
53583,18431388,18431436,48
53584,18431436,18431453,17
53585,18431453,18431478,25
53586,18431478,18431505,27
53587,18431505,18431557,52
53588,18431557,18431648,91
53589,18431648,18431664,16
53590,18431664,18431745,81
53591,18431745,18431883,138
53592,18431883,18431887,4
53593,18431887,18431894,7
53594,18431894,18431912,18
53595,18431912,18431978,66
53596,18431978,18431997,19
53597,18431997,18432147,150
53598,18432147,18432272,125
53599,18432272,18432347,75
53600,18432347,18432489,142
53601,18432489,18432540,51
53602,18432540,18432545,5
53603,18432545,18432561,16
53604,18432561,18432581,20
53605,18432581,18432630,49
53606,18432630,18432861,231
53607,18432861,18432948,87
53608,18432948,18432987,39
53609,18432987,18433056,69
53610,18433056,18433068,12
53611,18433068,18433092,24
53612,18433092,18433101,9
53613,18433101,18433134,33
53614,18433134,18433212,78
53615,18433212,18433452,240
53616,18433452,18433472,20
53617,18433472,18433620,148
53618,18433620,18433665,45
53619,18433665,18433677,12
53620,18433677,18433780,103
53621,18433780,18433787,7
53622,18433787,18433844,57
53623,18433844,18433854,10
53624,18433854,18433866,12
53625,18433866,18433908,42
53626,18433908,18433950,42
53627,18433950,18433960,10
53628,18433960,18433990,30
53629,18433990,18434004,14
53630,18434004,18434096,92
53631,18434096,18434100,4
53632,18434100,18434190,90
53633,18434190,18434303,113
53634,18434303,18434340,37
53635,18434340,18434376,36
53636,18434376,18434503,127
53637,18434503,18434587,84
53638,18434587,18434675,88
53639,18434675,18434745,70
53640,18434946,18434952,6
53641,18435259,18435267,8
53642,18435280,18435287,7
53643,18435555,18435559,4
53644,18436145,18436150,5
53645,18436211,18436217,6
53646,18436882,18436890,8
53647,18437021,18437028,7
53648,18437227,18437233,6
53649,18437414,18437424,10
53650,18437448,18437453,5
53651,18438583,18438589,6
53652,18438713,18438720,7
53653,18438777,18438782,5
53654,18439056,18439063,7
53655,18439171,18439177,6
53656,18439307,18439317,10
53657,18439405,18439408,3
53658,18439549,18439556,7
53659,18439827,18439832,5
53660,18440430,18440437,7
53661,18440437,18440445,8
53662,18440445,18440453,8
53663,18441290,18441296,6
53664,18441776,18441783,7
53665,18442924,18442929,5
53666,18443848,18443855,7
53667,18443855,18443862,7
53668,18444566,18444569,3
53669,18444569,18444578,9
53670,18444578,18444581,3
53671,18445472,18445481,9
53672,18445530,18445533,3
53673,18445533,18445539,6
53674,18446013,18446019,6
53675,18446019,18446022,3
53676,18446475,18446485,10
53677,18446793,18446796,3
53678,18446796,18446799,3
53679,18447009,18447018,9
53680,18448246,18448249,3
53681,18448410,18448418,8
53682,18448971,18448980,9
53683,18449599,18449604,5
53684,18449662,18449668,6
53685,18449861,18449867,6
53686,18450155,18450158,3
53687,18450242,18450246,4
53688,18450246,18450252,6
53689,18450252,18450258,6
53690,18451786,18451789,3
53691,18451789,18451794,5
53692,18451815,18451824,9
53693,18452253,18452256,3
53694,18452442,18452451,9
53695,18452489,18452493,4
53696,18453812,18453817,5
53697,18454487,18454495,8
53698,18454771,18454777,6
53699,18454777,18454783,6
53700,18455894,18455902,8
53701,18456514,18456518,4
53702,18456518,18456522,4
53703,18456522,18456526,4
53704,18458131,18458138,7
53705,18458138,18458145,7
53706,18458267,18458270,3
53707,18458812,18458821,9
53708,18458935,18458941,6
53709,18458941,18458950,9
53710,18458996,18459005,9
53711,18459212,18459217,5
53712,18459308,18459320,12
53713,18459368,18459404,36
53714,18459404,18459440,36
53715,18460084,18460087,3
53716,18460097,18460100,3
53717,18461146,18461150,4
53718,18462100,18462104,4
53719,18462104,18462107,3
53720,18462161,18462164,3
53721,18462711,18462719,8
53722,18462729,18462737,8
53723,18463352,18463357,5
53724,18463477,18463482,5
53725,18466279,18466287,8
53726,18466287,18466296,9
53727,18466296,18466299,3
53728,18466865,18466870,5
53729,18467832,18467838,6
53730,18468647,18468653,6
53731,18469220,18469227,7
53732,18469244,18469248,4
53733,18469323,18469328,5
53734,18469542,18469545,3
53735,18469545,18469553,8
53736,18469897,18469903,6
53737,18470178,18470183,5
53738,18470237,18470240,3
53739,18470354,18470357,3
53740,18471378,18471382,4
53741,18472043,18472047,4
53742,18472047,18472050,3
53743,18473124,18473129,5
53744,18474268,18474275,7
53745,18475099,18475103,4
53746,18475962,18475970,8
53747,18476155,18476163,8
53748,18476228,18476236,8
53749,18476728,18476734,6
53750,18477001,18477004,3
53751,18477796,18477799,3
53752,18477799,18477805,6
53753,18477881,18477885,4
53754,18477885,18477893,8
53755,18477893,18477897,4
53756,18478437,18478441,4
53757,18478571,18478575,4
53758,18478829,18478838,9
53759,18480161,18480170,9
53760,18480464,18480471,7
53761,18480595,18480604,9
53762,18480822,18480829,7
53763,18480916,18480923,7
53764,18481046,18481051,5
53765,18481074,18481077,3
53766,18481205,18481211,6
53767,18481369,18481376,7
53768,18481486,18481490,4
53769,18482340,18482343,3
53770,18482812,18482821,9
53771,18482931,18482935,4
53772,18483020,18483025,5
53773,18483025,18483028,3
53774,18484478,18484482,4
53775,18484545,18484552,7
53776,18484572,18484576,4
53777,18484975,18484982,7
53778,18485100,18485107,7
53779,18485218,18485222,4
53780,18485418,18485425,7
53781,18485621,18485626,5
53782,18486187,18486195,8
53783,18486365,18486373,8
53784,18486475,18486486,11
53785,18488188,18488192,4
53786,18488237,18488242,5
53787,18488609,18488612,3
53788,18489369,18489373,4
53789,18489373,18489381,8
53790,18489803,18489807,4
53791,18489902,18489905,3
53792,18490172,18490178,6
53793,18491832,18491838,6
53794,18491838,18491846,8
53795,18492215,18492220,5
53796,18492220,18492225,5
53797,18492236,18492241,5
53798,18492241,18492246,5
53799,18492266,18492274,8
53800,18492467,18492474,7
53801,18492708,18492716,8
53802,18492716,18492724,8
53803,18492918,18492921,3
53804,18493070,18493076,6
53805,18493095,18493101,6
53806,18493101,18493108,7
53807,18493580,18493586,6
53808,18493788,18493796,8
53809,18493796,18493803,7
53810,18494902,18494907,5
53811,18495432,18495437,5
53812,18495437,18495442,5
53813,18495468,18495473,5
53814,18495799,18495807,8
53815,18495844,18495847,3
53816,18496996,18497002,6
53817,18497562,18497565,3
53818,18497565,18497574,9
53819,18497574,18497577,3
53820,18498092,18498095,3
53821,18498124,18498128,4
53822,18499090,18499093,3
53823,18499450,18499456,6
53824,18499617,18499624,7
53825,18500529,18500532,3
53826,18500810,18500819,9
53827,18501673,18501677,4
53828,18503219,18503225,6
53829,18503225,18503229,4
53830,18503559,18503563,4
53831,18503926,18503930,4
53832,18504347,18504355,8
53833,18504988,18504998,10
53834,18505008,18505013,5
53835,18505013,18505023,10
53836,18505023,18505028,5
53837,18505028,18505033,5
53838,18505033,18505038,5
53839,18505038,18505043,5
53840,18505062,18505067,5
53841,18505067,18505072,5
53842,18505072,18505080,8
53843,18505080,18505085,5
53844,18505085,18505090,5
53845,18505090,18505100,10
53846,18505115,18505120,5
53847,18506283,18506286,3
53848,18506347,18506355,8
53849,18508150,18508155,5
53850,18508720,18508725,5
53851,18508725,18508731,6
53852,18508731,18508737,6
53853,18509241,18509250,9
53854,18509312,18509316,4
53855,18509746,18509750,4
53856,18509750,18509755,5
53857,18509755,18509759,4
53858,18509780,18509786,6
53859,18509910,18509915,5
53860,18510377,18510387,10
53861,18510621,18510626,5
53862,18510626,18510631,5
53863,18511357,18511365,8
53864,18511455,18511461,6
53865,18511461,18511467,6
53866,18512271,18512281,10
53867,18512322,18512330,8
53868,18512330,18512339,9
53869,18512682,18512693,11
53870,18512693,18512702,9
53871,18512763,18512769,6
53872,18513039,18513042,3
53873,18513412,18513416,4
53874,18513567,18513572,5
53875,18513963,18513972,9
53876,18514163,18514166,3
53877,18514178,18514181,3
53878,18515042,18515045,3
53879,18515089,18515097,8
53880,18515097,18515101,4
53881,18516571,18516577,6
53882,18517809,18517813,4
53883,18518055,18518058,3
53884,18518311,18518320,9
53885,18518943,18518952,9
53886,18519238,18519247,9
53887,18519340,18519347,7
53888,18521396,18521408,12
53889,18521408,18521413,5
53890,18521657,18521662,5
53891,18521662,18521666,4
53892,18521968,18521972,4
53893,18521972,18521975,3
53894,18522262,18522268,6
53895,18522268,18522274,6
53896,18522303,18522311,8
53897,18523776,18523782,6
53898,18524061,18524065,4
53899,18524356,18524360,4
53900,18524587,18524598,11
53901,18524875,18524884,9
53902,18526387,18526391,4
53903,18527290,18527293,3
53904,18527840,18527849,9
53905,18527849,18527854,5
53906,18528657,18528665,8
53907,18528676,18528682,6
53908,18529046,18529049,3
53909,18529049,18529056,7
53910,18529056,18529064,8
53911,18530011,18530014,3
53912,18530014,18530021,7
53913,18530480,18530487,7
53914,18530946,18530956,10
53915,18530956,18530961,5
53916,18531073,18531082,9
53917,18531556,18531562,6
53918,18531562,18531570,8
53919,18531570,18531574,4
53920,18531726,18531729,3
53921,18532351,18532357,6
53922,18533920,18533923,3
53923,18534020,18534023,3
53924,18534086,18534090,4
53925,18537383,18537386,3
53926,18537386,18537389,3
53927,18537389,18537392,3
53928,18538454,18538461,7
53929,18539353,18539357,4
53930,18539400,18539403,3
53931,18539403,18539412,9
53932,18539412,18539418,6
53933,18539418,18539421,3
53934,18539421,18539430,9
53935,18539439,18539444,5
53936,18539696,18539705,9
53937,18539904,18539908,4
53938,18540200,18540207,7
53939,18540774,18540779,5
53940,18540779,18540782,3
53941,18541252,18541257,5
53942,18542327,18542332,5
53943,18542332,18542336,4
53944,18542336,18542340,4
53945,18542340,18542344,4
53946,18542880,18542886,6
53947,18542886,18542892,6
53948,18542892,18542898,6
53949,18544300,18544306,6
53950,18544306,18544312,6
53951,18544312,18544318,6
53952,18544318,18544327,9
53953,18547170,18547179,9
53954,18547179,18547182,3
53955,18547546,18547550,4
53956,18547550,18547554,4
53957,18547634,18547640,6
53958,18547640,18547643,3
53959,18547663,18547666,3
53960,18547773,18547778,5
53961,18549322,18549325,3
53962,18549855,18549861,6
53963,18549861,18549867,6
53964,18549891,18549900,9
53965,18551101,18551111,10
53966,18551630,18551633,3
53967,18551681,18551687,6
53968,18551687,18551692,5
53969,18551814,18551823,9
53970,18552026,18552030,4
53971,18552030,18552033,3
53972,18552055,18552062,7
53973,18552086,18552092,6
53974,18552092,18552098,6
53975,18552388,18552398,10
53976,18552398,18552403,5
53977,18552403,18552408,5
53978,18552537,18552540,3
53979,18552951,18552955,4
53980,18553320,18553330,10
53981,18553330,18553337,7
53982,18553703,18553712,9
53983,18553727,18553733,6
53984,18553733,18553736,3
53985,18553736,18553739,3
53986,18553739,18553742,3
53987,18553742,18553745,3
53988,18553763,18553770,7
53989,18553770,18553773,3
53990,18554158,18554164,6
53991,18554781,18554785,4
53992,18555525,18555614,89
53993,18555614,18555668,54
53994,18555668,18555726,58
53995,18555726,18555965,239
53996,18555965,18556051,86
53997,18556051,18556107,56
53998,18556180,18556205,25
53999,18556205,18556217,12
54000,18556217,18556236,19
54001,18556236,18556287,51
54002,18556287,18556323,36
54003,18556323,18556377,54
54004,18556377,18556405,28
54005,18556405,18556414,9
54006,18556414,18556421,7
54007,18556421,18556442,21
54008,18556442,18556562,120
54009,18556562,18556595,33
54010,18556595,18556601,6
54011,18556601,18556613,12
54012,18556613,18556655,42
54013,18556923,18556931,8
54014,18557421,18557427,6
54015,18557427,18557433,6
54016,18557433,18557436,3
54017,18557518,18557523,5
54018,18557523,18557528,5
54019,18558429,18558434,5
54020,18558434,18558439,5
54021,18558439,18558444,5
54022,18558444,18558449,5
54023,18558449,18558454,5
54024,18558751,18558758,7
54025,18559327,18559333,6
54026,18559433,18559439,6
54027,18559719,18559727,8
54028,18560056,18560066,10
54029,18560066,18560071,5
54030,18560071,18560076,5
54031,18560076,18560087,11
54032,18560087,18560092,5
54033,18560092,18560097,5
54034,18560097,18560102,5
54035,18560102,18560107,5
54036,18560107,18560112,5
54037,18560112,18560117,5
54038,18560117,18560122,5
54039,18560178,18560183,5
54040,18560823,18560826,3
54041,18561340,18561346,6
54042,18562278,18562286,8
54043,18562447,18562457,10
54044,18562780,18562786,6
54045,18562786,18562789,3
54046,18564574,18564579,5
54047,18565251,18565259,8
54048,18566694,18566697,3
54049,18567567,18567573,6
54050,18569705,18569714,9
54051,18569714,18569718,4
54052,18571897,18571901,4
54053,18571901,18571904,3
54054,18572124,18572127,3
54055,18572127,18572135,8
54056,18572135,18572139,4
54057,18572139,18572146,7
54058,18572156,18572164,8
54059,18572164,18572171,7
54060,18572171,18572174,3
54061,18572204,18572212,8
54062,18573120,18573127,7
54063,18573376,18573382,6
54064,18573382,18573388,6
54065,18573436,18573442,6
54066,18573442,18573448,6
54067,18573489,18573495,6
54068,18573647,18573650,3
54069,18575004,18575009,5
54070,18576458,18576463,5
54071,18576463,18576468,5
54072,18576506,18576514,8
54073,18576514,18576524,10
54074,18576524,18576533,9
54075,18576533,18576538,5
54076,18577608,18577613,5
54077,18577776,18577779,3
54078,18578782,18578785,3
54079,18579959,18579968,9
54080,18581014,18581020,6
54081,18583818,18583824,6
54082,18586471,18586474,3
54083,18586653,18586661,8
54084,18586792,18586803,11
54085,18587969,18587972,3
54086,18588027,18588035,8
54087,18588035,18588040,5
54088,18588480,18588488,8
54089,18588794,18588804,10
54090,18590993,18590999,6
54091,18591541,18591545,4
54092,18592010,18592013,3
54093,18593879,18593886,7
54094,18593886,18593893,7
54095,18595212,18595215,3
54096,18596533,18596536,3
54097,18597944,18597952,8
54098,18597952,18597961,9
54099,18598161,18598166,5
54100,18598946,18598949,3
54101,18599921,18599927,6
54102,18599927,18599933,6
54103,18599959,18599964,5
54104,18600410,18600416,6
54105,18600571,18600575,4
54106,18600989,18600992,3
54107,18602228,18602235,7
54108,18602651,18602660,9
54109,18603019,18603023,4
54110,18604591,18604603,12
54111,18604603,18604612,9
54112,18604696,18604702,6
54113,18605061,18605067,6
54114,18605161,18605170,9
54115,18605802,18605807,5
54116,18605821,18605829,8
54117,18605829,18605835,6
54118,18606037,18606043,6
54119,18606043,18606049,6
54120,18606049,18606052,3
54121,18606052,18606055,3
54122,18606424,18606433,9
54123,18606775,18606788,13
54124,18606841,18606854,13
54125,18606854,18606874,20
54126,18606874,18606887,13
54127,18606887,18606898,11
54128,18606898,18606911,13
54129,18606911,18606934,23
54130,18606968,18606991,23
54131,18606991,18607004,13
54132,18607004,18607027,23
54133,18607027,18607040,13
54134,18607040,18607063,23
54135,18607063,18607076,13
54136,18607076,18607099,23
54137,18607099,18607112,13
54138,18607228,18607241,13
54139,18607261,18607274,13
54140,18607274,18607285,11
54141,18607400,18607423,23
54142,18607423,18607436,13
54143,18607472,18607492,20
54144,18607577,18607600,23
54145,18607600,18607613,13
54146,18607823,18607846,23
54147,18607895,18607901,6
54148,18608470,18608479,9
54149,18609436,18609445,9
54150,18609445,18609449,4
54151,18610192,18610198,6
54152,18610198,18610204,6
54153,18610204,18610210,6
54154,18610234,18610240,6
54155,18610240,18610246,6
54156,18610246,18610252,6
54157,18610252,18610258,6
54158,18610858,18610866,8
54159,18610890,18610894,4
54160,18611013,18611021,8
54161,18611936,18611948,12
54162,18611972,18611984,12
54163,18612176,18612184,8
54164,18613104,18613113,9
54165,18613683,18613686,3
54166,18613686,18613689,3
54167,18613874,18613878,4
54168,18615497,18615506,9
54169,18615657,18615664,7
54170,18616191,18616196,5
54171,18616588,18616596,8
54172,18617176,18617179,3
54173,18618956,18618964,8
54174,18618964,18618972,8
54175,18618972,18618980,8
54176,18618980,18618988,8
54177,18619851,18619857,6
54178,18619857,18619861,4
54179,18619943,18619959,16
54180,18619959,18619965,6
54181,18620222,18620228,6
54182,18622610,18622617,7
54183,18622617,18622624,7
54184,18623082,18623086,4
54185,18623086,18623095,9
54186,18623110,18623115,5
54187,18623345,18623351,6
54188,18623996,18624002,6
54189,18624279,18624287,8
54190,18624317,18624324,7
54191,18626124,18626129,5
54192,18626129,18626132,3
54193,18626132,18626135,3
54194,18626135,18626138,3
54195,18626748,18626753,5
54196,18626753,18626759,6
54197,18627113,18627116,3
54198,18627796,18627803,7
54199,18628125,18628131,6
54200,18628131,18628137,6
54201,18628519,18628525,6
54202,18629107,18629113,6
54203,18629565,18629574,9
54204,18629574,18629580,6
54205,18629621,18629627,6
54206,18629852,18629857,5
54207,18629857,18629862,5
54208,18630153,18630158,5
54209,18630158,18630163,5
54210,18630163,18630168,5
54211,18630168,18630173,5
54212,18630173,18630178,5
54213,18630574,18630578,4
54214,18630808,18630813,5
54215,18630923,18630929,6
54216,18630929,18630935,6
54217,18630935,18630941,6
54218,18631121,18631128,7
54219,18631194,18631201,7
54220,18632062,18632067,5
54221,18632067,18632076,9
54222,18632093,18632096,3
54223,18632410,18632414,4
54224,18632910,18632914,4
54225,18633174,18633180,6
54226,18633180,18633184,4
54227,18633184,18633189,5
54228,18633718,18633724,6
54229,18633738,18633744,6
54230,18633744,18633750,6
54231,18633750,18633756,6
54232,18633819,18633824,5
54233,18634209,18634213,4
54234,18634213,18634219,6
54235,18634219,18634226,7
54236,18634247,18634254,7
54237,18634254,18634260,6
54238,18634452,18634459,7
54239,18634459,18634462,3
54240,18634568,18634576,8
54241,18634630,18634634,4
54242,18634857,18634866,9
54243,18634866,18634871,5
54244,18638059,18638065,6
54245,18638469,18638475,6
54246,18639566,18639575,9
54247,18640127,18640135,8
54248,18640453,18640465,12
54249,18640836,18640842,6
54250,18642077,18642081,4
54251,18642153,18642157,4
54252,18642580,18642583,3
54253,18642628,18642633,5
54254,18642933,18642937,4
54255,18642948,18642954,6
54256,18642975,18642982,7
54257,18643019,18643022,3
54258,18643556,18643562,6
54259,18643562,18643568,6
54260,18644709,18644719,10
54261,18644971,18644979,8
54262,18645662,18645665,3
54263,18646177,18646180,3
54264,18647267,18647273,6
54265,18648095,18648109,14
54266,18648109,18648112,3
54267,18648130,18648139,9
54268,18648139,18648156,17
54269,18648156,18648165,9
54270,18649161,18649165,4
54271,18649200,18649207,7
54272,18649380,18649384,4
54273,18649384,18649388,4
54274,18649388,18649392,4
54275,18649392,18649400,8
54276,18649912,18649918,6
54277,18650171,18650179,8
54278,18650237,18650240,3
54279,18652208,18652214,6
54280,18652527,18652536,9
54281,18652837,18652843,6
54282,18652930,18652941,11
54283,18652963,18652969,6
54284,18653088,18653094,6
54285,18653107,18653116,9
54286,18653801,18653807,6
54287,18653807,18653814,7
54288,18654322,18654327,5
54289,18654469,18654475,6
54290,18654614,18654617,3
54291,18655239,18655245,6
54292,18656186,18656192,6
54293,18656359,18656368,9
54294,18656368,18656374,6
54295,18656374,18656382,8
54296,18656768,18656775,7
54297,18656979,18656985,6
54298,18658105,18658108,3
54299,18658540,18658543,3
54300,18659482,18659491,9
54301,18661028,18661032,4
54302,18661943,18661948,5
54303,18662314,18662321,7
54304,18662674,18662678,4
54305,18662678,18662681,3
54306,18662681,18662687,6
54307,18663029,18663035,6
54308,18663350,18663359,9
54309,18663800,18663806,6
54310,18663806,18663812,6
54311,18663812,18663820,8
54312,18663820,18663828,8
54313,18663918,18663926,8
54314,18663942,18663950,8
54315,18663950,18663958,8
54316,18664132,18664137,5
54317,18664915,18664920,5
54318,18664920,18664926,6
54319,18665137,18665142,5
54320,18665519,18665523,4
54321,18665572,18665575,3
54322,18666272,18666279,7
54323,18666956,18666959,3
54324,18667984,18667990,6
54325,18668203,18668212,9
54326,18668611,18668620,9
54327,18668853,18668856,3
54328,18669071,18669077,6
54329,18669816,18669826,10
54330,18669826,18669831,5
54331,18670090,18670094,4
54332,18670362,18670370,8
54333,18670418,18670422,4
54334,18671447,18671453,6
54335,18672636,18672643,7
54336,18672675,18672683,8
54337,18672868,18672874,6
54338,18672874,18672880,6
54339,18672898,18672910,12
54340,18672910,18672922,12
54341,18673069,18673076,7
54342,18673338,18673341,3
54343,18673341,18673344,3
54344,18673366,18673372,6
54345,18673479,18673484,5
54346,18673962,18673967,5
54347,18673967,18673977,10
54348,18673977,18673982,5
54349,18673982,18673987,5
54350,18674427,18674430,3
54351,18675778,18675783,5
54352,18676693,18676699,6
54353,18676856,18676862,6
54354,18676862,18676870,8
54355,18676903,18676910,7
54356,18677292,18677298,6
54357,18677298,18677303,5
54358,18677326,18677334,8
54359,18677334,18677340,6
54360,18677340,18677344,4
54361,18677344,18677351,7
54362,18677813,18677816,3
54363,18677816,18677819,3
54364,18678303,18678309,6
54365,18678827,18678835,8
54366,18678858,18678862,4
54367,18679080,18679083,3
54368,18679083,18679091,8
54369,18679242,18679248,6
54370,18679515,18679520,5
54371,18679666,18679670,4
54372,18679670,18679674,4
54373,18679674,18679678,4
54374,18679678,18679682,4
54375,18679682,18679686,4
54376,18679686,18679690,4
54377,18679690,18679698,8
54378,18679809,18679814,5
54379,18679960,18679967,7
54380,18680170,18680173,3
54381,18680216,18680221,5
54382,18680242,18680248,6
54383,18680430,18680436,6
54384,18680726,18680731,5
54385,18680915,18680921,6
54386,18681337,18681343,6
54387,18681343,18681349,6
54388,18681349,18681355,6
54389,18681388,18681395,7
54390,18681735,18681740,5
54391,18681740,18681745,5
54392,18681745,18681750,5
54393,18681750,18681760,10
54394,18681760,18681765,5
54395,18681891,18681899,8
54396,18681911,18681918,7
54397,18682151,18682160,9
54398,18682285,18682292,7
54399,18682643,18682647,4
54400,18683512,18683517,5
54401,18683826,18683831,5
54402,18683831,18683836,5
54403,18684591,18684597,6
54404,18684597,18684605,8
54405,18684605,18684613,8
54406,18684613,18684621,8
54407,18684621,18684627,6
54408,18684756,18684763,7
54409,18684763,18684769,6
54410,18685375,18685382,7
54411,18686285,18686290,5
54412,18687790,18687793,3
54413,18690225,18690229,4
54414,18690229,18690232,3
54415,18691006,18691012,6
54416,18691051,18691057,6
54417,18691562,18691567,5
54418,18691567,18691575,8
54419,18691775,18691782,7
54420,18691782,18691789,7
54421,18691789,18691796,7
54422,18691796,18691803,7
54423,18692819,18692829,10
54424,18693858,18693865,7
54425,18694164,18694174,10
54426,18694174,18694179,5
54427,18694230,18694240,10
54428,18694485,18694490,5
54429,18694490,18694495,5
54430,18694947,18694953,6
54431,18694953,18694959,6
54432,18695299,18695306,7
54433,18695327,18695334,7
54434,18695495,18695504,9
54435,18695504,18695510,6
54436,18696046,18696053,7
54437,18696219,18696227,8
54438,18696227,18696231,4
54439,18696253,18696258,5
54440,18697058,18697062,4
54441,18698241,18698247,6
54442,18698829,18698834,5
54443,18698876,18698879,3
54444,18699041,18699052,11
54445,18699969,18699977,8
54446,18700458,18700462,4
54447,18701243,18701247,4
54448,18701383,18701393,10
54449,18701393,18701398,5
54450,18701398,18701402,4
54451,18701451,18701456,5
54452,18701662,18701670,8
54453,18702009,18702012,3
54454,18702012,18702015,3
54455,18702015,18702021,6
54456,18702021,18702024,3
54457,18702024,18702027,3
54458,18702027,18702033,6
54459,18702033,18702036,3
54460,18702036,18702039,3
54461,18702039,18702042,3
54462,18702042,18702048,6
54463,18702048,18702051,3
54464,18702051,18702054,3
54465,18702106,18702112,6
54466,18702337,18702340,3
54467,18702662,18702672,10
54468,18702711,18702715,4
54469,18702964,18702970,6
54470,18703052,18703058,6
54471,18703374,18703379,5
54472,18703379,18703386,7
54473,18703960,18703967,7
54474,18704009,18704016,7
54475,18704145,18704148,3
54476,18704493,18704498,5
54477,18704810,18704816,6
54478,18704816,18704822,6
54479,18704822,18704828,6
54480,18704852,18704858,6
54481,18705090,18705098,8
54482,18706602,18706611,9
54483,18706640,18706643,3
54484,18706680,18706683,3
54485,18706693,18706698,5
54486,18706698,18706703,5
54487,18707051,18707057,6
54488,18707502,18707507,5
54489,18707944,18707948,4
54490,18708870,18708875,5
54491,18708875,18708889,14
54492,18708889,18708918,29
54493,18709339,18709347,8
54494,18709516,18709521,5
54495,18709743,18709747,4
54496,18710994,18710998,4
54497,18711248,18711257,9
54498,18711443,18711449,6
54499,18711537,18711546,9
54500,18711791,18711795,4
54501,18713567,18713575,8
54502,18713819,18713822,3
54503,18713822,18713828,6
54504,18713828,18713831,3
54505,18714817,18714820,3
54506,18717143,18717148,5
54507,18717677,18717683,6
54508,18717953,18717961,8
54509,18718248,18718253,5
54510,18718253,18718256,3
54511,18718438,18718448,10
54512,18718448,18718456,8
54513,18718456,18718464,8
54514,18718464,18718472,8
54515,18718472,18718480,8
54516,18718601,18718608,7
54517,18720904,18720910,6
54518,18721173,18721180,7
54519,18722929,18722932,3
54520,18723117,18723120,3
54521,18723230,18723236,6
54522,18723236,18723242,6
54523,18723242,18723248,6
54524,18723423,18723427,4
54525,18723678,18723687,9
54526,18724637,18724643,6
54527,18725105,18725108,3
54528,18725262,18725268,6
54529,18725268,18725274,6
54530,18725304,18725310,6
54531,18725310,18725316,6
54532,18726084,18726090,6
54533,18726754,18726762,8
54534,18726843,18726852,9
54535,18727097,18727100,3
54536,18728037,18728043,6
54537,18728043,18728049,6
54538,18728049,18728055,6
54539,18730030,18730034,4
54540,18730240,18730244,4
54541,18730275,18730282,7
54542,18731185,18731192,7
54543,18731663,18731671,8
54544,18731804,18731809,5
54545,18731920,18731925,5
54546,18732029,18732035,6
54547,18732035,18732044,9
54548,18732138,18732142,4
54549,18733168,18733173,5
54550,18736053,18736060,7
54551,18736060,18736066,6
54552,18736757,18736766,9
54553,18737823,18737833,10
54554,18737833,18737840,7
54555,18738375,18738379,4
54556,18738589,18738592,3
54557,18738602,18738610,8
54558,18738822,18738830,8
54559,18738830,18738835,5
54560,18739096,18739102,6
54561,18739102,18739108,6
54562,18739108,18739120,12
54563,18739537,18739542,5
54564,18739824,18739834,10
54565,18740086,18740092,6
54566,18740509,18740517,8
54567,18740517,18740525,8
54568,18740525,18740533,8
54569,18740533,18740541,8
54570,18740541,18740548,7
54571,18741934,18741941,7
54572,18741941,18741947,6
54573,18742441,18742446,5
54574,18742446,18742452,6
54575,18742452,18742458,6
54576,18742458,18742464,6
54577,18742464,18742470,6
54578,18742492,18742496,4
54579,18743807,18743811,4
54580,18743811,18743815,4
54581,18743815,18743823,8
54582,18743823,18743827,4
54583,18743827,18743831,4
54584,18743831,18743835,4
54585,18743916,18743921,5
54586,18744102,18744114,12
54587,18744212,18744216,4
54588,18744752,18744762,10
54589,18745693,18745701,8
54590,18745949,18745953,4
54591,18745953,18745957,4
54592,18745957,18745965,8
54593,18746339,18746348,9
54594,18746348,18746357,9
54595,18746462,18746469,7
54596,18746469,18746475,6
54597,18747620,18747623,3
54598,18747964,18747971,7
54599,18748200,18748203,3
54600,18748934,18748943,9
54601,18749329,18749333,4
54602,18749333,18749337,4
54603,18749337,18749341,4
54604,18749690,18749695,5
54605,18750673,18750676,3
54606,18751669,18751673,4
54607,18751673,18751683,10
54608,18751882,18751889,7
54609,18752590,18752598,8
54610,18753367,18753373,6
54611,18753373,18753379,6
54612,18753379,18753385,6
54613,18753399,18753405,6
54614,18753773,18753779,6
54615,18754000,18754009,9
54616,18754551,18754665,114
54617,18754665,18754685,20
54618,18754820,18754931,111
54619,18755278,18755314,36
54620,18755314,18755344,30
54621,18755344,18755361,17
54622,18755361,18755408,47
54623,18755408,18755434,26
54624,18755434,18755614,180
54625,18755614,18755655,41
54626,18755655,18755661,6
54627,18755707,18755723,16
54628,18755723,18755961,238
54629,18755961,18756159,198
54630,18756229,18756242,13
54631,18756242,18756341,99
54632,18756559,18756575,16
54633,18756575,18756616,41
54634,18756616,18756662,46
54635,18756662,18756718,56
54636,18756718,18756735,17
54637,18756735,18756795,60
54638,18756795,18756813,18
54639,18756813,18756900,87
54640,18756900,18756924,24
54641,18756924,18756940,16
54642,18756940,18756945,5
54643,18757193,18757266,73
54644,18757266,18757337,71
54645,18757337,18757340,3
54646,18757340,18757376,36
54647,18757376,18757420,44
54648,18757420,18757445,25
54649,18757445,18757744,299
54650,18757744,18757858,114
54651,18757858,18757878,20
54652,18758715,18758718,3
54653,18758736,18758742,6
54654,18758754,18758760,6
54655,18758859,18758865,6
54656,18759514,18759521,7
54657,18760518,18760527,9
54658,18761642,18761647,5
54659,18761728,18761731,3
54660,18762383,18762388,5
54661,18762816,18762821,5
54662,18763308,18763315,7
54663,18763850,18763853,3
54664,18765015,18765020,5
54665,18765020,18765034,14
54666,18765034,18765063,29
54667,18765229,18765236,7
54668,18765236,18765243,7
54669,18765775,18765783,8
54670,18766047,18766053,6
54671,18766301,18766310,9
54672,18766310,18766313,3
54673,18766665,18766672,7
54674,18766758,18766761,3
54675,18767026,18767034,8
54676,18767480,18767484,4
54677,18767524,18767527,3
54678,18767527,18767534,7
54679,18767534,18767543,9
54680,18767760,18767764,4
54681,18768081,18768085,4
54682,18768376,18768386,10
54683,18768452,18768458,6
54684,18768458,18768464,6
54685,18768464,18768476,12
54686,18768579,18768589,10
54687,18768661,18768664,3
54688,18769318,18769321,3
54689,18769971,18769977,6
54690,18770118,18770125,7
54691,18772715,18772721,6
54692,18772721,18772727,6
54693,18773922,18773928,6
54694,18774454,18774460,6
54695,18774608,18774615,7
54696,18774680,18774689,9
54697,18774746,18774755,9
54698,18775681,18775685,4
54699,18775773,18775778,5
54700,18775997,18776001,4
54701,18776400,18776405,5
54702,18776418,18776424,6
54703,18776718,18776726,8
54704,18776880,18776886,6
54705,18777863,18777870,7
54706,18777870,18777876,6
54707,18778176,18778182,6
54708,18778182,18778186,4
54709,18778295,18778299,4
54710,18780548,18780551,3
54711,18780593,18780599,6
54712,18780779,18780790,11
54713,18780880,18780892,12
54714,18780964,18780985,21
54715,18780985,18780992,7
54716,18780992,18781024,32
54717,18781024,18781050,26
54718,18781501,18781504,3
54719,18781642,18781646,4
54720,18781646,18781650,4
54721,18781711,18781714,3
54722,18781714,18781723,9
54723,18781989,18781995,6
54724,18781995,18782089,94
54725,18782089,18782139,50
54726,18782139,18782198,59
54727,18782198,18782222,24
54728,18782317,18782337,20
54729,18782487,18782645,158
54730,18782645,18782739,94
54731,18782739,18782783,44
54732,18782783,18782920,137
54733,18782920,18782946,26
54734,18782946,18782951,5
54735,18783040,18783067,27
54736,18783067,18783072,5
54737,18783314,18783366,52
54738,18784518,18784525,7
54739,18785417,18785423,6
54740,18785769,18785777,8
54741,18785803,18785815,12
54742,18785887,18785908,21
54743,18785908,18785915,7
54744,18785915,18785947,32
54745,18785947,18785973,26
54746,18786350,18786354,4
54747,18786674,18786680,6
54748,18786680,18786774,94
54749,18786774,18786824,50
54750,18786824,18786883,59
54751,18786883,18786907,24
54752,18787002,18787022,20
54753,18787172,18787330,158
54754,18787330,18787424,94
54755,18787424,18787468,44
54756,18787468,18787605,137
54757,18787605,18787631,26
54758,18787631,18787636,5
54759,18787725,18787752,27
54760,18787752,18787757,5
54761,18787999,18788051,52
54762,18789574,18789580,6
54763,18789580,18789588,8
54764,18790437,18790441,4
54765,18791798,18791806,8
54766,18792275,18792280,5
54767,18792716,18792721,5
54768,18792961,18792967,6
54769,18792967,18792977,10
54770,18792991,18792995,4
54771,18792995,18793001,6
54772,18793303,18793309,6
54773,18794165,18794174,9
54774,18794174,18794179,5
54775,18794566,18794577,11
54776,18795624,18795633,9
54777,18797067,18797072,5
54778,18797240,18797246,6
54779,18797275,18797286,11
54780,18797917,18797926,9
54781,18797926,18797932,6
54782,18798250,18798254,4
54783,18798306,18798309,3
54784,18798703,18798710,7
54785,18798829,18798833,4
54786,18798843,18798847,4
54787,18799126,18799136,10
54788,18799378,18799383,5
54789,18799416,18799419,3
54790,18799447,18799456,9
54791,18799679,18799683,4
54792,18799799,18799808,9
54793,18800415,18800422,7
54794,18800422,18800429,7
54795,18800429,18800437,8
54796,18800964,18800969,5
54797,18800969,18800972,3
54798,18801585,18801592,7
54799,18801615,18801622,7
54800,18801622,18801629,7
54801,18801852,18801858,6
54802,18801956,18801967,11
54803,18802421,18802426,5
54804,18802426,18802434,8
54805,18802819,18802828,9
54806,18803025,18803035,10
54807,18803035,18803043,8
54808,18803043,18803046,3
54809,18803830,18803835,5
54810,18804221,18804228,7
54811,18804228,18804235,7
54812,18804249,18804256,7
54813,18804654,18804658,4
54814,18804945,18804950,5
54815,18804979,18804983,4
54816,18805085,18805088,3
54817,18807620,18807625,5
54818,18809210,18809217,7
54819,18809674,18809683,9
54820,18810007,18810013,6
54821,18810450,18810454,4
54822,18810465,18810468,3
54823,18810607,18810611,4
54824,18810751,18810754,3
54825,18810800,18810805,5
54826,18811011,18811016,5
54827,18811016,18811020,4
54828,18811263,18811267,4
54829,18811267,18811272,5
54830,18811963,18811969,6
54831,18812388,18812393,5
54832,18812564,18812570,6
54833,18812570,18812586,16
54834,18812616,18812629,13
54835,18812994,18813000,6
54836,18814763,18814768,5
54837,18815468,18815474,6
54838,18815724,18815730,6
54839,18816087,18816095,8
54840,18816769,18816777,8
54841,18816908,18816914,6
54842,18818333,18818338,5
54843,18819968,18819975,7
54844,18820121,18820126,5
54845,18821398,18821405,7
54846,18821561,18821568,7
54847,18821591,18821596,5
54848,18822162,18822168,6
54849,18822611,18822621,10
54850,18823140,18823145,5
54851,18823145,18823149,4
54852,18823379,18823386,7
54853,18823386,18823393,7
54854,18823552,18823559,7
54855,18823559,18823567,8
54856,18823839,18823848,9
54857,18823884,18823891,7
54858,18823891,18823897,6
54859,18824113,18824117,4
54860,18824176,18824184,8
54861,18824961,18824969,8
54862,18825018,18825027,9
54863,18825517,18825525,8
54864,18825525,18825529,4
54865,18825796,18825799,3
54866,18825904,18825913,9
54867,18826201,18826213,12
54868,18826931,18826936,5
54869,18826936,18826939,3
54870,18827172,18827178,6
54871,18827421,18827427,6
54872,18828025,18828029,4
54873,18828169,18828172,3
54874,18828641,18828649,8
54875,18829348,18829353,5
54876,18829533,18829536,3
54877,18829569,18829577,8
54878,18829696,18829700,4
54879,18829700,18829704,4
54880,18829967,18829974,7
54881,18830599,18830605,6
54882,18831245,18831253,8
54883,18832324,18832333,9
54884,18832559,18832564,5
54885,18834348,18834354,6
54886,18834354,18834362,8
54887,18834362,18834365,3
54888,18834399,18834407,8
54889,18834407,18834412,5
54890,18834412,18834417,5
54891,18834635,18834640,5
54892,18834896,18834903,7
54893,18835082,18835086,4
54894,18836910,18836920,10
54895,18837392,18837395,3
54896,18837984,18837991,7
54897,18838469,18838478,9
54898,18838578,18838587,9
54899,18838768,18838775,7
54900,18838775,18838782,7
54901,18839523,18839530,7
54902,18839747,18839755,8
54903,18839997,18840008,11
54904,18840142,18840148,6
54905,18840215,18840224,9
54906,18840741,18840749,8
54907,18840749,18840758,9
54908,18840758,18840767,9
54909,18842232,18842241,9
54910,18842277,18842283,6
54911,18842545,18842550,5
54912,18843245,18843261,16
54913,18843261,18843267,6
54914,18843980,18843984,4
54915,18844645,18844648,3
54916,18844746,18844753,7
54917,18845413,18845416,3
54918,18846556,18846563,7
54919,18846872,18846879,7
54920,18847810,18847814,4
54921,18847855,18847858,3
54922,18848706,18848711,5
54923,18849099,18849109,10
54924,18849161,18849169,8
54925,18849169,18849174,5
54926,18849654,18849660,6
54927,18849813,18849816,3
54928,18850931,18850934,3
54929,18851101,18851106,5
54930,18852497,18852503,6
54931,18853718,18853723,5
54932,18854551,18854558,7
54933,18855090,18855098,8
54934,18855464,18855471,7
54935,18856322,18856328,6
54936,18856502,18856506,4
54937,18856583,18856589,6
54938,18856612,18856620,8
54939,18856620,18856626,6
54940,18856697,18856700,3
54941,18856900,18856905,5
54942,18857048,18857051,3
54943,18857106,18857109,3
54944,18857562,18857569,7
54945,18857636,18857641,5
54946,18858186,18858194,8
54947,18858559,18858565,6
54948,18859269,18859275,6
54949,18859744,18859753,9
54950,18859857,18859864,7
54951,18859893,18859896,3
54952,18860844,18860852,8
54953,18862045,18862053,8
54954,18862085,18862094,9
54955,18863054,18863063,9
54956,18863286,18863292,6
54957,18863523,18863531,8
54958,18863973,18863978,5
54959,18864440,18864451,11
54960,18866845,18866853,8
54961,18866877,18866886,9
54962,18866886,18866896,10
54963,18867508,18867513,5
54964,18867537,18867542,5
54965,18867899,18867903,4
54966,18868275,18868280,5
54967,18868479,18868485,6
54968,18868485,18868491,6
54969,18868491,18868497,6
54970,18868783,18868790,7
54971,18869623,18869626,3
54972,18870149,18870157,8
54973,18870697,18870705,8
54974,18871023,18871029,6
54975,18871029,18871037,8
54976,18871037,18871044,7
54977,18871857,18871868,11
54978,18872783,18872788,5
54979,18872824,18872827,3
54980,18872969,18872978,9
54981,18874158,18874164,6
54982,18875082,18875087,5
54983,18875224,18875233,9
54984,18875354,18875360,6
54985,18876260,18876265,5
54986,18876796,18876802,6
54987,18877713,18877719,6
54988,18877805,18877813,8
54989,18879204,18879207,3
54990,18879348,18879355,7
54991,18879568,18879571,3
54992,18880018,18880022,4
54993,18880885,18880890,5
54994,18880988,18880995,7
54995,18880995,18881000,5
54996,18881000,18881008,8
54997,18881028,18881033,5
54998,18881185,18881191,6
54999,18881191,18881197,6
55000,18881197,18881203,6
55001,18881203,18881209,6
55002,18881209,18881215,6
55003,18881991,18882000,9
55004,18882204,18882210,6
55005,18887762,18887770,8
55006,18890145,18890150,5
55007,18890683,18890688,5
55008,18891078,18891083,5
55009,18891195,18891201,6
55010,18891201,18891206,5
55011,18891325,18891329,4
55012,18892475,18892484,9
55013,18892599,18892602,3
55014,18892602,18892605,3
55015,18892783,18892791,8
55016,18892791,18892795,4
55017,18892857,18892860,3
55018,18893059,18893064,5
55019,18893181,18893184,3
55020,18893205,18893208,3
55021,18893677,18893684,7
55022,18895446,18895454,8
55023,18895454,18895460,6
55024,18896203,18896209,6
55025,18896209,18896215,6
55026,18896215,18896241,26
55027,18896241,18896247,6
55028,18896247,18896273,26
55029,18896273,18896279,6
55030,18896279,18896293,14
55031,18896357,18896363,6
55032,18896363,18896369,6
55033,18896369,18896375,6
55034,18896375,18896381,6
55035,18896381,18896387,6
55036,18896387,18896393,6
55037,18896393,18896399,6
55038,18896399,18896405,6
55039,18896405,18896411,6
55040,18896411,18896417,6
55041,18896417,18896423,6
55042,18896423,18896429,6
55043,18896543,18896550,7
55044,18896567,18896572,5
55045,18896701,18896705,4
55046,18896773,18896779,6
55047,18896797,18896803,6
55048,18896803,18896809,6
55049,18896809,18896815,6
55050,18897932,18897935,3
55051,18897960,18897967,7
55052,18898920,18898923,3
55053,18899443,18899447,4
55054,18899447,18899450,3
55055,18899450,18899458,8
55056,18899528,18899532,4
55057,18899596,18899605,9
55058,18899605,18899609,4
55059,18899609,18899619,10
55060,18899619,18899625,6
55061,18899639,18899644,5
55062,18901407,18901413,6
55063,18901429,18901432,3
55064,18901432,18901435,3
55065,18902230,18902235,5
55066,18903013,18903018,5
55067,18903200,18903207,7
55068,18904061,18904070,9
55069,18905050,18905056,6
55070,18906107,18906111,4
55071,18906795,18906798,3
55072,18907759,18907763,4
55073,18907987,18907993,6
55074,18907993,18907998,5
55075,18908947,18908950,3
55076,18909020,18909024,4
55077,18909215,18909222,7
55078,18909222,18909229,7
55079,18910388,18910391,3
55080,18910546,18910552,6
55081,18910871,18910876,5
55082,18912079,18912083,4
55083,18913019,18913028,9
55084,18913028,18913034,6
55085,18913034,18913040,6
55086,18913040,18913048,8
55087,18913419,18913424,5
55088,18914292,18914301,9
55089,18914390,18914395,5
55090,18915550,18915554,4
55091,18915676,18915680,4
55092,18916683,18916689,6
55093,18918413,18918421,8
55094,18919360,18919363,3
55095,18919363,18919372,9
55096,18919372,18919378,6
55097,18919378,18919381,3
55098,18919394,18919397,3
55099,18919397,18919400,3
55100,18919430,18919433,3
55101,18919433,18919436,3
55102,18919436,18919439,3
55103,18919439,18919442,3
55104,18919442,18919445,3
55105,18919494,18919498,4
55106,18919498,18919507,9
55107,18920032,18920038,6
55108,18920315,18920324,9
55109,18920646,18920649,3
55110,18920886,18920892,6
55111,18921379,18921388,9
55112,18922333,18922339,6
55113,18922429,18922437,8
55114,18922437,18922441,4
55115,18924419,18924423,4
55116,18924640,18924646,6
55117,18925207,18925213,6
55118,18925876,18925880,4
55119,18927341,18927346,5
55120,18928214,18928221,7
55121,18929525,18929529,4
55122,18931117,18931125,8
55123,18931125,18931130,5
55124,18931334,18931341,7
55125,18932180,18932188,8
55126,18932568,18932572,4
55127,18932572,18932576,4
55128,18932576,18932580,4
55129,18932580,18932584,4
55130,18934253,18934261,8
55131,18934282,18934288,6
55132,18934938,18934944,6
55133,18936368,18936373,5
55134,18937439,18937449,10
55135,18937867,18937873,6
55136,18938224,18938230,6
55137,18938287,18938294,7
55138,18938431,18938435,4
55139,18938435,18938440,5
55140,18938723,18938732,9
55141,18938732,18938739,7
55142,18939063,18939067,4
55143,18939395,18939401,6
55144,18939457,18939467,10
55145,18939467,18939472,5
55146,18939472,18939477,5
55147,18939583,18939586,3
55148,18939871,18939883,12
55149,18939883,18939893,10
55150,18942347,18942352,5
55151,18942352,18942358,6
55152,18942791,18942796,5
55153,18943508,18943516,8
55154,18948071,18948076,5
55155,18948160,18948169,9
55156,18950241,18950244,3
55157,18951344,18951353,9
55158,18951700,18951703,3
55159,18951869,18951875,6
55160,18954551,18954557,6
55161,18954623,18954627,4
55162,18955008,18955011,3
55163,18955542,18955549,7
55164,18955584,18955587,3
55165,18955756,18955761,5
55166,18955761,18955771,10
55167,18955828,18955835,7
55168,18957175,18957371,196
55169,18957371,18957444,73
55170,18957444,18957478,34
55171,18957478,18957493,15
55172,18957493,18957577,84
55173,18957577,18957631,54
55174,18957631,18957659,28
55175,18957659,18957700,41
55176,18957700,18957808,108
55177,18957808,18957865,57
55178,18957865,18958004,139
55179,18958004,18958031,27
55180,18958088,18958099,11
55181,18958099,18958112,13
55182,18958112,18958162,50
55183,18958371,18958469,98
55184,18958469,18958578,109
55185,18958578,18958601,23
55186,18958601,18958713,112
55187,18958713,18958757,44
55188,18958757,18958802,45
55189,18958802,18958926,124
55190,18958926,18958942,16
55191,18958942,18958995,53
55192,18958995,18959107,112
55193,18959107,18959113,6
55194,18959113,18959129,16
55195,18959129,18959227,98
55196,18959227,18959322,95
55197,18959322,18959461,139
55198,18959461,18959488,27
55199,18959488,18959674,186
55200,18959674,18959832,158
55201,18959832,18959881,49
55202,18959881,18959949,68
55203,18959949,18960033,84
55204,18960033,18960235,202
55205,18960235,18960328,93
55206,18960328,18960333,5
55207,18960333,18960411,78
55208,18960411,18960442,31
55209,18960442,18960454,12
55210,18960454,18960551,97
55211,18960551,18960660,109
55212,18960660,18960784,124
55213,18960784,18960812,28
55214,18960812,18960828,16
55215,18960828,18960849,21
55216,18960849,18960907,58
55217,18960907,18960967,60
55218,18960967,18960989,22
55219,18960989,18961006,17
55220,18961006,18961216,210
55221,18961216,18961283,67
55222,18961283,18961293,10
55223,18961293,18961374,81
55224,18961374,18961397,23
55225,18961397,18961427,30
55226,18961427,18961513,86
55227,18961513,18961778,265
55228,18961778,18961857,79
55229,18961857,18961866,9
55230,18961866,18962211,345
55231,18962211,18962320,109
55232,18962320,18962338,18
55233,18962338,18962350,12
55234,18962350,18962388,38
55235,18962388,18962441,53
55236,18962441,18962551,110
55237,18962551,18962619,68
55238,18962619,18962734,115
55239,18962734,18962753,19
55240,18962753,18962955,202
55241,18962955,18963042,87
55242,18963042,18963102,60
55243,18963102,18963236,134
55244,18963236,18963239,3
55245,18963239,18963335,96
55246,18963335,18963467,132
55247,18963467,18963510,43
55248,18963510,18963642,132
55249,18963642,18963669,27
55250,18963669,18963714,45
55251,18963714,18964026,312
55252,18964026,18964151,125
55253,18964151,18964169,18
55254,18964169,18964281,112
55255,18964281,18964294,13
55256,18964294,18964314,20
55257,18964314,18964538,224
55258,18964538,18964570,32
55259,18964570,18964719,149
55260,18964719,18964729,10
55261,18964729,18964732,3
55262,18964732,18964781,49
55263,18964781,18964856,75
55264,18964856,18964955,99
55265,18964955,18965020,65
55266,18965020,18965116,96
55267,18965116,18965214,98
55268,18965214,18965278,64
55269,18965278,18965290,12
55270,18965290,18965352,62
55271,18965352,18965548,196
55272,18965548,18965621,73
55273,18965621,18965655,34
55274,18965655,18965670,15
55275,18966245,18966251,6
55276,18966634,18966643,9
55277,18966824,18966828,4
55278,18966828,18966832,4
55279,18966832,18966838,6
55280,18967290,18967300,10
55281,18967448,18967454,6
55282,18967454,18967460,6
55283,18967829,18967837,8
55284,18967950,18967956,6
55285,18967956,18967962,6
55286,18967962,18967969,7
55287,18968366,18968376,10
55288,18968435,18968442,7
55289,18969602,18969608,6
55290,18969608,18969614,6
55291,18970036,18970040,4
55292,18972191,18972195,4
55293,18972195,18972199,4
55294,18973724,18973729,5
55295,18973934,18973937,3
55296,18973937,18973940,3
55297,18974372,18974379,7
55298,18975406,18975409,3
55299,18975429,18975437,8
55300,18975748,18975754,6
55301,18975897,18975902,5
55302,18975914,18975920,6
55303,18976142,18976145,3
55304,18976225,18976232,7
55305,18976244,18976247,3
55306,18976929,18976937,8
55307,18977367,18977371,4
55308,18978472,18978475,3
55309,18981334,18981340,6
55310,18981807,18981813,6
55311,18983300,18983307,7
55312,18985614,18985619,5
55313,18985647,18985653,6
55314,18985653,18985660,7
55315,18985710,18985718,8
55316,18985777,18985785,8
55317,18985945,18985950,5
55318,18987059,18987065,6
55319,18987769,18987776,7
55320,18987776,18987780,4
55321,18988147,18988151,4
55322,18988290,18988297,7
55323,18988319,18988322,3
55324,18988322,18988325,3
55325,18988325,18988333,8
55326,18988333,18988337,4
55327,18990056,18990062,6
55328,18990088,18990093,5
55329,18991544,18991551,7
55330,18991852,18991858,6
55331,18991858,18991868,10
55332,18991979,18991986,7
55333,18991986,18991991,5
55334,18991991,18991996,5
55335,18991996,18992005,9
55336,18992566,18992573,7
55337,18992573,18992578,5
55338,18992949,18992957,8
55339,18993113,18993122,9
55340,18993401,18993405,4
55341,18993405,18993410,5
55342,18994206,18994214,8
55343,18994214,18994218,4
55344,18994486,18994489,3
55345,18994489,18994492,3
55346,18994492,18994498,6
55347,18994498,18994504,6
55348,18994504,18994507,3
55349,18994507,18994510,3
55350,18994510,18994516,6
55351,18994516,18994519,3
55352,18994519,18994522,3
55353,18994522,18994525,3
55354,18994525,18994528,3
55355,18994528,18994531,3
55356,18994531,18994534,3
55357,18994570,18994578,8
55358,18996731,18996736,5
55359,18997418,18997424,6
55360,18997526,18997529,3
55361,18997529,18997532,3
55362,18997532,18997535,3
55363,18999175,18999178,3
55364,18999452,18999458,6
55365,18999542,18999545,3
55366,18999545,18999548,3
55367,19000071,19000074,3
55368,19000103,19000110,7
55369,19000775,19000785,10
55370,19000818,19000821,3
55371,19002044,19002052,8
55372,19002447,19002454,7
55373,19002892,19002895,3
55374,19003053,19003058,5
55375,19004659,19004662,3
55376,19005300,19005305,5
55377,19007891,19007899,8
55378,19009270,19009276,6
55379,19009667,19009670,3
55380,19009698,19009707,9
55381,19009788,19009792,4
55382,19009936,19009943,7
55383,19010209,19010213,4
55384,19010460,19010466,6
55385,19010972,19010975,3
55386,19012325,19012333,8
55387,19013196,19013200,4
55388,19013593,19013599,6
55389,19014369,19014375,6
55390,19016833,19016841,8
55391,19016863,19016869,6
55392,19018991,19018996,5
55393,19019148,19019154,6
55394,19021002,19021010,8
55395,19021316,19021324,8
55396,19023088,19023094,6
55397,19025337,19025343,6
55398,19025824,19025833,9
55399,19026277,19026284,7
55400,19026284,19026291,7
55401,19026291,19026298,7
55402,19026298,19026305,7
55403,19026682,19026687,5
55404,19026687,19026696,9
55405,19026817,19026824,7
55406,19028058,19028065,7
55407,19028129,19028133,4
55408,19028133,19028139,6
55409,19028139,19028145,6
55410,19028169,19028175,6
55411,19028204,19028208,4
55412,19028372,19028378,6
55413,19028378,19028384,6
55414,19028840,19028851,11
55415,19029135,19029138,3
55416,19029219,19029230,11
55417,19029382,19029385,3
55418,19030817,19030824,7
55419,19030824,19030829,5
55420,19032726,19032740,14
55421,19033597,19033600,3
55422,19033836,19033840,4
55423,19035075,19035078,3
55424,19035193,19035199,6
55425,19035346,19035350,4
55426,19035833,19035840,7
55427,19036789,19036795,6
55428,19036795,19036801,6
55429,19036801,19036807,6
55430,19036807,19036813,6
55431,19037048,19037055,7
55432,19040616,19040621,5
55433,19040747,19040752,5
55434,19041069,19041074,5
55435,19041109,19041117,8
55436,19041273,19041280,7
55437,19041280,19041287,7
55438,19041443,19041447,4
55439,19041689,19041693,4
55440,19041732,19041736,4
55441,19041736,19041744,8
55442,19041759,19041767,8
55443,19041767,19041771,4
55444,19041965,19041974,9
55445,19043369,19043374,5
55446,19044450,19044456,6
55447,19044456,19044462,6
55448,19044462,19044468,6
55449,19044468,19044474,6
55450,19046503,19046507,4
55451,19046936,19046947,11
55452,19047407,19047412,5
55453,19047412,19047417,5
55454,19047417,19047424,7
55455,19047424,19047429,5
55456,19047865,19047871,6
55457,19048949,19048956,7
55458,19050160,19050165,5
55459,19050780,19050789,9
55460,19051034,19051041,7
55461,19052295,19052300,5
55462,19052511,19052519,8
55463,19052899,19052902,3
55464,19053342,19053349,7
55465,19053904,19053912,8
55466,19053928,19053935,7
55467,19054968,19054977,9
55468,19055757,19055765,8
55469,19057601,19057609,8
55470,19058062,19058072,10
55471,19058072,19058076,4
55472,19058407,19058412,5
55473,19059730,19059735,5
55474,19059780,19059786,6
55475,19059786,19059792,6
55476,19059903,19059910,7
55477,19059934,19059942,8
55478,19059942,19059950,8
55479,19060672,19060692,20
55480,19060692,19060750,58
55481,19060750,19060762,12
55482,19060816,19060871,55
55483,19060871,19060906,35
55484,19060906,19061007,101
55485,19061007,19061015,8
55486,19061015,19061058,43
55487,19061058,19061070,12
55488,19061070,19061213,143
55489,19061213,19061228,15
55490,19061228,19061307,79
55491,19061307,19061350,43
55492,19061350,19061389,39
55493,19061389,19061491,102
55494,19061491,19061574,83
55495,19061574,19061605,31
55496,19061605,19061623,18
55497,19061623,19061655,32
55498,19061655,19061685,30
55499,19061685,19061762,77
55500,19061762,19061765,3
55501,19061765,19061851,86
55502,19061851,19061872,21
55503,19061872,19061939,67
55504,19061939,19061965,26
55505,19061965,19062012,47
55506,19062012,19062018,6
55507,19062018,19062063,45
55508,19062238,19062329,91
55509,19062329,19062385,56
55510,19062385,19062393,8
55511,19062393,19062403,10
55512,19062403,19062509,106
55513,19062509,19062552,43
55514,19062552,19062604,52
55515,19062604,19062645,41
55516,19062645,19062650,5
55517,19062650,19062653,3
55518,19062653,19062718,65
55519,19062718,19062730,12
55520,19062730,19062773,43
55521,19062773,19062848,75
55522,19062848,19062889,41
55523,19062889,19062930,41
55524,19062930,19062940,10
55525,19062940,19063016,76
55526,19063016,19063065,49
55527,19063065,19063072,7
55528,19063072,19063110,38
55529,19063110,19063113,3
55530,19063113,19063178,65
55531,19063178,19063195,17
55532,19063195,19063265,70
55533,19063265,19063291,26
55534,19063291,19063300,9
55535,19063300,19063320,20
55536,19063320,19063396,76
55537,19063396,19063413,17
55538,19063413,19063437,24
55539,19063437,19063501,64
55540,19063501,19063841,340
55541,19063841,19063845,4
55542,19063845,19063872,27
55543,19063872,19063880,8
55544,19063880,19064187,307
55545,19064187,19064229,42
55546,19064229,19064382,153
55547,19064382,19064438,56
55548,19064438,19064442,4
55549,19064442,19064453,11
55550,19064453,19064493,40
55551,19064493,19064499,6
55552,19064499,19064507,8
55553,19064507,19064554,47
55554,19064554,19064625,71
55555,19064625,19064653,28
55556,19064653,19064870,217
55557,19064870,19064877,7
55558,19064877,19064975,98
55559,19065958,19065961,3
55560,19066036,19066043,7
55561,19066771,19066777,6
55562,19066777,19066780,3
55563,19067225,19067234,9
55564,19067588,19067593,5
55565,19067930,19067934,4
55566,19067934,19067943,9
55567,19069012,19069019,7
55568,19069149,19069158,9
55569,19070225,19070231,6
55570,19070698,19070706,8
55571,19071551,19071556,5
55572,19071967,19071972,5
55573,19071972,19071980,8
55574,19072199,19072205,6
55575,19072893,19072897,4
55576,19072897,19072901,4
55577,19073440,19073443,3
55578,19073748,19073755,7
55579,19073854,19073859,5
55580,19073883,19073887,4
55581,19074120,19074127,7
55582,19074346,19074352,6
55583,19074352,19074358,6
55584,19074358,19074365,7
55585,19074539,19074544,5
55586,19074631,19074640,9
55587,19074640,19074648,8
55588,19075090,19075097,7
55589,19076056,19076065,9
55590,19076536,19076543,7
55591,19076586,19076593,7
55592,19077283,19077293,10
55593,19077643,19077646,3
55594,19078160,19078168,8
55595,19078265,19078273,8
55596,19078916,19078922,6
55597,19079412,19079416,4
55598,19080225,19080229,4
55599,19080547,19080550,3
55600,19080550,19080558,8
55601,19080625,19080631,6
55602,19080879,19080884,5
55603,19081004,19081007,3
55604,19081419,19081428,9
55605,19081503,19081507,4
55606,19082085,19082091,6
55607,19082103,19082110,7
55608,19082596,19082604,8
55609,19082604,19082611,7
55610,19083137,19083146,9
55611,19083146,19083149,3
55612,19083149,19083158,9
55613,19083922,19083932,10
55614,19086275,19086279,4
55615,19087104,19087109,5
55616,19091602,19091613,11
55617,19091613,19091619,6
55618,19092597,19092600,3
55619,19092879,19092883,4
55620,19094114,19094117,3
55621,19094117,19094123,6
55622,19094123,19094129,6
55623,19094129,19094135,6
55624,19094135,19094141,6
55625,19094141,19094147,6
55626,19094718,19094722,4
55627,19094748,19094752,4
55628,19094752,19094758,6
55629,19094758,19094764,6
55630,19095460,19095468,8
55631,19095468,19095476,8
55632,19095755,19095758,3
55633,19095928,19095932,4
55634,19097282,19097288,6
55635,19097288,19097294,6
55636,19098297,19098300,3
55637,19099357,19099361,4
55638,19099361,19099368,7
55639,19099546,19099555,9
55640,19101433,19101439,6
55641,19101695,19101699,4
55642,19101852,19101859,7
55643,19101930,19101935,5
55644,19103175,19103180,5
55645,19104539,19104548,9
55646,19105769,19105774,5
55647,19105915,19105922,7
55648,19107772,19107780,8
55649,19108811,19108818,7
55650,19108818,19108824,6
55651,19108994,19108999,5
55652,19109030,19109033,3
55653,19110869,19110877,8
55654,19111208,19111216,8
55655,19111216,19111224,8
55656,19111414,19111418,4
55657,19112418,19112422,4
55658,19113480,19113489,9
55659,19113814,19113817,3
55660,19113817,19113823,6
55661,19113823,19113829,6
55662,19115874,19115877,3
55663,19115877,19115880,3
55664,19117834,19117842,8
55665,19118404,19118412,8
55666,19118575,19118583,8
55667,19119291,19119299,8
55668,19119299,19119307,8
55669,19119612,19119617,5
55670,19119745,19119749,4
55671,19119749,19119757,8
55672,19119767,19119771,4
55673,19119771,19119777,6
55674,19122047,19122057,10
55675,19122276,19122284,8
55676,19122315,19122323,8
55677,19122339,19122345,6
55678,19122740,19122747,7
55679,19124430,19124439,9
55680,19125048,19125055,7
55681,19125659,19125668,9
55682,19125817,19125820,3
55683,19126006,19126013,7
55684,19129358,19129362,4
55685,19129362,19129367,5
55686,19129367,19129372,5
55687,19129706,19129711,5
55688,19130006,19130010,4
55689,19131261,19131267,6
55690,19131633,19131641,8
55691,19131697,19131701,4
55692,19131701,19131709,8
55693,19132003,19132006,3
55694,19132725,19132733,8
55695,19132774,19132783,9
55696,19132783,19132789,6
55697,19133205,19133208,3
55698,19133208,19133211,3
55699,19133569,19133574,5
55700,19133729,19133735,6
55701,19134511,19134514,3
55702,19135281,19135286,5
55703,19135563,19135567,4
55704,19136722,19136732,10
55705,19136732,19136829,97
55706,19136829,19136839,10
55707,19136839,19136848,9
55708,19136848,19136903,55
55709,19137426,19137660,234
55710,19137660,19137731,71
55711,19137731,19137876,145
55712,19137876,19137889,13
55713,19137889,19138091,202
55714,19138091,19138183,92
55715,19138183,19138209,26
55716,19138209,19138225,16
55717,19138411,19138416,5
55718,19138416,19138423,7
55719,19138423,19138472,49
55720,19138472,19138545,73
55721,19138545,19138656,111
55722,19138656,19138732,76
55723,19138732,19138768,36
55724,19138768,19138777,9
55725,19138777,19138816,39
55726,19138816,19138924,108
55727,19138924,19138935,11
55728,19138935,19138949,14
55729,19138949,19139194,245
55730,19139194,19139230,36
55731,19139230,19139292,62
55732,19139292,19139356,64
55733,19139356,19139364,8
55734,19139364,19139418,54
55735,19139418,19139450,32
55736,19139450,19139751,301
55737,19139751,19139841,90
55738,19139841,19139853,12
55739,19139853,19139972,119
55740,19139972,19140003,31
55741,19140003,19140018,15
55742,19140018,19140042,24
55743,19140042,19140060,18
55744,19140060,19140090,30
55745,19140090,19140108,18
55746,19140108,19140202,94
55747,19140202,19140220,18
55748,19140220,19140240,20
55749,19140240,19140243,3
55750,19140243,19140345,102
55751,19140345,19140516,171
55752,19140516,19140577,61
55753,19140577,19140585,8
55754,19140585,19140588,3
55755,19140588,19140672,84
55756,19140672,19140750,78
55757,19140750,19140766,16
55758,19140766,19140834,68
55759,19140834,19140837,3
55760,19140837,19140882,45
55761,19140882,19140915,33
55762,19140915,19140930,15
55763,19140930,19140976,46
55764,19140976,19141022,46
55765,19141022,19141074,52
55766,19141074,19141245,171
55767,19141245,19141260,15
55768,19141260,19141290,30
55769,19141290,19141381,91
55770,19141381,19141416,35
55771,19141416,19141515,99
55772,19141515,19141742,227
55773,19141940,19141968,28
55774,19141968,19142046,78
55775,19142046,19142305,259
55776,19142305,19142331,26
55777,19142331,19142487,156
55778,19142487,19142490,3
55779,19142624,19142689,65
55780,19142689,19142705,16
55781,19142705,19142762,57
55782,19142762,19142766,4
55783,19142766,19142787,21
55784,19142787,19142985,198
55785,19142985,19143103,118
55786,19143103,19143113,10
55787,19143113,19143210,97
55788,19143210,19143220,10
55789,19143220,19143229,9
55790,19143229,19143284,55
55791,19143488,19143495,7
55792,19143528,19143536,8
55793,19143610,19143617,7
55794,19143617,19143622,5
55795,19144362,19144365,3
55796,19144510,19144519,9
55797,19144881,19144887,6
55798,19145241,19145248,7
55799,19145913,19145920,7
55800,19145982,19145989,7
55801,19147375,19147384,9
55802,19147676,19147682,6
55803,19147682,19147685,3
55804,19147729,19147736,7
55805,19147757,19147763,6
55806,19148224,19148233,9
55807,19149995,19149999,4
55808,19150163,19150167,4
55809,19150382,19150390,8
55810,19150390,19150398,8
55811,19151251,19151256,5
55812,19151270,19151280,10
55813,19151897,19151907,10
55814,19152214,19152222,8
55815,19152749,19152753,4
55816,19152764,19152773,9
55817,19152982,19152986,4
55818,19154018,19154025,7
55819,19154127,19154135,8
55820,19154135,19154141,6
55821,19154141,19154147,6
55822,19154248,19154256,8
55823,19154359,19154362,3
55824,19154805,19154815,10
55825,19154889,19154899,10
55826,19156404,19156411,7
55827,19156457,19156464,7
55828,19156644,19156650,6
55829,19157502,19157508,6
55830,19157778,19157781,3
55831,19158011,19158015,4
55832,19158832,19158839,7
55833,19159340,19159346,6
55834,19159607,19159613,6
55835,19159896,19159902,6
55836,19160430,19160433,3
55837,19160433,19160440,7
55838,19160440,19160447,7
55839,19160628,19160632,4
55840,19161105,19161109,4
55841,19162443,19162447,4
55842,19162824,19162827,3
55843,19163334,19163345,11
55844,19163749,19163756,7
55845,19163769,19163777,8
55846,19163999,19164003,4
55847,19164050,19164054,4
55848,19164054,19164062,8
55849,19164062,19164066,4
55850,19164164,19164170,6
55851,19164305,19164311,6
55852,19164352,19164361,9
55853,19164385,19164394,9
55854,19164394,19164397,3
55855,19164397,19164406,9
55856,19164546,19164549,3
55857,19166037,19166044,7
55858,19166176,19166179,3
55859,19167647,19167651,4
55860,19167651,19167655,4
55861,19168867,19168873,6
55862,19168977,19168987,10
55863,19169521,19169526,5
55864,19170043,19170046,3
55865,19170379,19170388,9
55866,19170388,19170393,5
55867,19170680,19170686,6
55868,19170819,19170824,5
55869,19170958,19170962,4
55870,19170962,19170965,3
55871,19171125,19171135,10
55872,19172216,19172224,8
55873,19173535,19173542,7
55874,19174655,19174661,6
55875,19175106,19175112,6
55876,19175733,19175740,7
55877,19177144,19177150,6
55878,19179091,19179097,6
55879,19181269,19181272,3
55880,19181325,19181333,8
55881,19182521,19182528,7
55882,19183188,19183195,7
55883,19183256,19183260,4
55884,19183590,19183599,9
55885,19183760,19183765,5
55886,19183765,19183770,5
55887,19183770,19183775,5
55888,19183775,19183782,7
55889,19183800,19183807,7
55890,19184380,19184387,7
55891,19184436,19184444,8
55892,19184630,19184639,9
55893,19184716,19184720,4
55894,19184785,19184788,3
55895,19184803,19184808,5
55896,19184808,19184813,5
55897,19184813,19184818,5
55898,19185668,19185671,3
55899,19186232,19186237,5
55900,19186878,19186884,6
55901,19187531,19187538,7
55902,19187538,19187542,4
55903,19188322,19188325,3
55904,19188411,19188415,4
55905,19188415,19188421,6
55906,19188421,19188426,5
55907,19188449,19188454,5
55908,19188780,19188786,6
55909,19189583,19189588,5
55910,19190353,19190371,18
55911,19190371,19190389,18
55912,19191204,19191209,5
55913,19191403,19191407,4
55914,19191613,19191616,3
55915,19191823,19191827,4
55916,19192343,19192349,6
55917,19192941,19192950,9
55918,19194207,19194215,8
55919,19194215,19194220,5
55920,19194589,19194598,9
55921,19196050,19196053,3
55922,19196331,19196336,5
55923,19196513,19196517,4
55924,19197167,19197174,7
55925,19197789,19197793,4
55926,19198072,19198075,3
55927,19198166,19198175,9
55928,19198479,19198484,5
55929,19198484,19198491,7
55930,19198528,19198533,5
55931,19198562,19198568,6
55932,19198586,19198595,9
55933,19198676,19198682,6
55934,19199152,19199161,9
55935,19201266,19201269,3
55936,19202073,19202076,3
55937,19202318,19202322,4
55938,19203399,19203402,3
55939,19203848,19203856,8
55940,19204000,19204011,11
55941,19204011,19204018,7
55942,19204672,19204675,3
55943,19205326,19205329,3
55944,19205851,19205856,5
55945,19206148,19206155,7
55946,19206210,19206218,8
55947,19206250,19206256,6
55948,19206312,19206320,8
55949,19206355,19206361,6
55950,19206534,19206537,3
55951,19206891,19206894,3
55952,19206940,19206949,9
55953,19207164,19207168,4
55954,19209145,19209149,4
55955,19209149,19209157,8
55956,19210065,19210072,7
55957,19210587,19210594,7
55958,19210775,19210782,7
55959,19210782,19210789,7
55960,19210789,19210792,3
55961,19212074,19212081,7
55962,19212081,19212085,4
55963,19212770,19212778,8
55964,19212802,19212809,7
55965,19213124,19213130,6
55966,19213440,19213449,9
55967,19213563,19213566,3
55968,19214510,19214518,8
55969,19215576,19215582,6
55970,19215805,19215808,3
55971,19216207,19216213,6
55972,19216425,19216435,10
55973,19216518,19216522,4
55974,19216923,19216931,8
55975,19217312,19217316,4
55976,19217533,19217538,5
55977,19217781,19217789,8
55978,19218031,19218035,4
55979,19218141,19218144,3
55980,19218168,19218174,6
55981,19218980,19218991,11
55982,19219888,19219895,7
55983,19220673,19220681,8
55984,19220681,19220689,8
55985,19220723,19220731,8
55986,19220801,19220809,8
55987,19221296,19221302,6
55988,19221302,19221310,8
55989,19221982,19221989,7
55990,19222132,19222137,5
55991,19222137,19222142,5
55992,19222142,19222147,5
55993,19222147,19222152,5
55994,19222152,19222162,10
55995,19222205,19222212,7
55996,19222238,19222243,5
55997,19222243,19222247,4
55998,19222270,19222277,7
55999,19223056,19223059,3
56000,19223487,19223491,4
56001,19223897,19223904,7
56002,19223904,19223912,8
56003,19224605,19224610,5
56004,19226108,19226115,7
56005,19226115,19226120,5
56006,19226120,19226125,5
56007,19226541,19226547,6
56008,19226547,19226553,6
56009,19226588,19226592,4
56010,19226592,19226600,8
56011,19226654,19226658,4
56012,19227677,19227685,8
56013,19227685,19227692,7
56014,19228179,19228187,8
56015,19228187,19228191,4
56016,19228231,19228240,9
56017,19229531,19229537,6
56018,19229537,19229542,5
56019,19230720,19230727,7
56020,19230931,19230938,7
56021,19230938,19230946,8
56022,19230946,19230950,4
56023,19231033,19231038,5
56024,19231211,19231215,4
56025,19231476,19231483,7
56026,19232050,19232058,8
56027,19232193,19232202,9
56028,19232356,19232365,9
56029,19233839,19233843,4
56030,19234419,19234428,9
56031,19234875,19234883,8
56032,19235552,19235562,10
56033,19236357,19236362,5
56034,19236386,19236394,8
56035,19236425,19236428,3
56036,19237280,19237289,9
56037,19237515,19237519,4
56038,19239024,19239032,8
56039,19239136,19239139,3
56040,19239236,19239241,5
56041,19239281,19239288,7
56042,19239628,19239633,5
56043,19239726,19239733,7
56044,19239733,19239738,5
56045,19240375,19240383,8
56046,19240383,19240389,6
56047,19240389,19240395,6
56048,19240395,19240401,6
56049,19240425,19240433,8
56050,19240433,19240441,8
56051,19240441,19240446,5
56052,19240446,19240452,6
56053,19240520,19240530,10
56054,19240530,19240535,5
56055,19240535,19240540,5
56056,19241287,19241292,5
56057,19241730,19241735,5
56058,19241898,19241906,8
56059,19241906,19241911,5
56060,19242348,19242352,4
56061,19244014,19244023,9
56062,19244494,19244502,8
56063,19244512,19244517,5
56064,19244517,19244524,7
56065,19244524,19244527,3
56066,19244951,19244954,3
56067,19244954,19244960,6
56068,19245216,19245221,5
56069,19245346,19245349,3
56070,19245439,19245442,3
56071,19245853,19245861,8
56072,19246159,19246168,9
56073,19246470,19246476,6
56074,19246534,19246540,6
56075,19246670,19246676,6
56076,19246676,19246680,4
56077,19247120,19247124,4
56078,19247211,19247220,9
56079,19247295,19247303,8
56080,19247303,19247308,5
56081,19247680,19247688,8
56082,19248391,19248396,5
56083,19248506,19248511,5
56084,19249178,19249184,6
56085,19250259,19250264,5
56086,19250408,19250413,5
56087,19250625,19250630,5
56088,19250752,19250759,7
56089,19250987,19250994,7
56090,19251319,19251324,5
56091,19251515,19251524,9
56092,19251769,19251776,7
56093,19252597,19252602,5
56094,19253032,19253039,7
56095,19254249,19254252,3
56096,19254252,19254261,9
56097,19255020,19255026,6
56098,19256268,19256277,9
56099,19256679,19256687,8
56100,19256907,19256912,5
56101,19258183,19258187,4
56102,19258395,19258404,9
56103,19258963,19258971,8
56104,19259229,19259233,4
56105,19259600,19259610,10
56106,19259905,19259912,7
56107,19260058,19260062,4
56108,19261072,19261080,8
56109,19264033,19264039,6
56110,19264787,19264795,8
56111,19264874,19264883,9
56112,19266265,19266271,6
56113,19266341,19266351,10
56114,19267261,19267269,8
56115,19268471,19268476,5
56116,19268852,19268861,9
56117,19268861,19268867,6
56118,19269902,19269909,7
56119,19270085,19270088,3
56120,19270431,19270438,7
56121,19270561,19270564,3
56122,19271076,19271079,3
56123,19271079,19271087,8
56124,19271254,19271258,4
56125,19272422,19272425,3
56126,19272546,19272550,4
56127,19272550,19272553,3
56128,19272587,19272596,9
56129,19273596,19273605,9
56130,19275475,19275479,4
56131,19276785,19276788,3
56132,19278319,19278326,7
56133,19278542,19278547,5
56134,19278643,19278650,7
56135,19278724,19278731,7
56136,19278731,19278736,5
56137,19278736,19278743,7
56138,19280466,19280471,5
56139,19280934,19280940,6
56140,19281683,19281689,6
56141,19281903,19281910,7
56142,19282047,19282053,6
56143,19282839,19282846,7
56144,19282982,19282990,8
56145,19283378,19283381,3
56146,19284542,19284551,9
56147,19284630,19284638,8
56148,19284722,19284725,3
56149,19284792,19284800,8
56150,19285173,19285181,8
56151,19285181,19285187,6
56152,19285326,19285333,7
56153,19285545,19285553,8
56154,19285553,19285557,4
56155,19285710,19285721,11
56156,19285721,19285724,3
56157,19285724,19285727,3
56158,19285849,19285858,9
56159,19285858,19285862,4
56160,19285862,19285871,9
56161,19286277,19286281,4
56162,19286328,19286338,10
56163,19286897,19286904,7
56164,19286981,19286986,5
56165,19286986,19286995,9
56166,19287482,19287487,5
56167,19287747,19287753,6
56168,19287833,19287840,7
56169,19287960,19287964,4
56170,19287964,19287968,4
56171,19287968,19287972,4
56172,19287972,19287976,4
56173,19287976,19287980,4
56174,19287980,19287988,8
56175,19287988,19287992,4
56176,19287992,19287996,4
56177,19287996,19288000,4
56178,19288000,19288008,8
56179,19288008,19288013,5
56180,19288169,19288173,4
56181,19289643,19289646,3
56182,19289646,19289652,6
56183,19290099,19290103,4
56184,19290131,19290137,6
56185,19290151,19290157,6
56186,19290671,19290678,7
56187,19290678,19290686,8
56188,19290686,19290697,11
56189,19291046,19291049,3
56190,19291059,19291064,5
56191,19291153,19291162,9
56192,19291162,19291165,3
56193,19291850,19291856,6
56194,19291856,19291860,4
56195,19292187,19292193,6
56196,19292193,19292196,3
56197,19293063,19293070,7
56198,19293210,19293216,6
56199,19293216,19293225,9
56200,19293225,19293233,8
56201,19293233,19293237,4
56202,19294188,19294195,7
56203,19294239,19294245,6
56204,19294362,19294365,3
56205,19294365,19294369,4
56206,19294580,19294584,4
56207,19294584,19294592,8
56208,19295026,19295036,10
56209,19295326,19295329,3
56210,19295578,19295583,5
56211,19295660,19295670,10
56212,19295731,19295737,6
56213,19295800,19295805,5
56214,19295850,19295853,3
56215,19296213,19296218,5
56216,19297322,19297330,8
56217,19298101,19298107,6
56218,19298263,19298269,6
56219,19298377,19298384,7
56220,19298918,19298926,8
56221,19299199,19299206,7
56222,19299740,19299744,4
56223,19299919,19299929,10
56224,19300098,19300107,9
56225,19300776,19300782,6
56226,19300964,19300971,7
56227,19300971,19300977,6
56228,19300977,19300985,8
56229,19301138,19301143,5
56230,19301270,19301277,7
56231,19301510,19301514,4
56232,19301578,19301586,8
56233,19301708,19301715,7
56234,19301726,19301729,3
56235,19302048,19302052,4
56236,19302917,19302923,6
56237,19304051,19304055,4
56238,19304512,19304517,5
56239,19304692,19304695,3
56240,19304695,19304701,6
56241,19304701,19304704,3
56242,19304704,19304707,3
56243,19305795,19305800,5
56244,19305902,19305909,7
56245,19306385,19306390,5
56246,19306546,19306553,7
56247,19306756,19306759,3
56248,19306821,19306824,3
56249,19306963,19306967,4
56250,19306967,19306974,7
56251,19306974,19306978,4
56252,19306978,19306982,4
56253,19306982,19306986,4
56254,19308494,19308499,5
56255,19308657,19308663,6
56256,19308830,19308837,7
56257,19309170,19309178,8
56258,19309415,19309423,8
56259,19309423,19309429,6
56260,19309537,19309545,8
56261,19309896,19309908,12
56262,19309918,19309928,10
56263,19311260,19311267,7
56264,19311850,19311856,6
56265,19311901,19311910,9
56266,19312359,19312365,6
56267,19313104,19313107,3
56268,19313455,19313461,6
56269,19313461,19313469,8
56270,19313697,19313702,5
56271,19313884,19313893,9
56272,19314475,19314485,10
56273,19314762,19314770,8
56274,19314903,19314910,7
56275,19315786,19315790,4
56276,19316513,19316518,5
56277,19316622,19316628,6
56278,19316875,19316883,8
56279,19316925,19316934,9
56280,19317897,19317908,11
56281,19317908,19317913,5
56282,19318715,19318718,3
56283,19320649,19320656,7
56284,19320933,19320941,8
56285,19321071,19321079,8
56286,19321141,19321146,5
56287,19321711,19321719,8
56288,19321719,19321722,3
56289,19321832,19321838,6
56290,19322472,19322482,10
56291,19322668,19322673,5
56292,19324368,19324377,9
56293,19324377,19324380,3
56294,19324380,19324383,3
56295,19324383,19324389,6
56296,19324389,19324395,6
56297,19324637,19324646,9
56298,19325516,19325519,3
56299,19325561,19325570,9
56300,19326393,19326398,5
56301,19326678,19326686,8
56302,19327464,19327470,6
56303,19327832,19327841,9
56304,19328152,19328156,4
56305,19328296,19328306,10
56306,19328827,19328838,11
56307,19328838,19328842,4
56308,19330719,19330725,6
56309,19331119,19331126,7
56310,19331204,19331215,11
56311,19331306,19331309,3
56312,19331977,19331987,10
56313,19332071,19332074,3
56314,19332087,19332091,4
56315,19332235,19332243,8
56316,19332408,19332415,7
56317,19333361,19333367,6
56318,19333418,19333428,10
56319,19334115,19334125,10
56320,19334167,19334171,4
56321,19334171,19334181,10
56322,19334440,19334449,9
56323,19334449,19334452,3
56324,19334452,19334462,10
56325,19334704,19334710,6
56326,19335713,19335717,4
56327,19335755,19335761,6
56328,19335761,19335765,4
56329,19336060,19336068,8
56330,19336810,19336818,8
56331,19337423,19337432,9
56332,19337848,19337853,5
56333,19337853,19337859,6
56334,19337859,19337865,6
56335,19337865,19337871,6
56336,19337871,19337877,6
56337,19338179,19338188,9
56338,19338324,19338332,8
56339,19338332,19338339,7
56340,19338785,19338795,10
56341,19338806,19338813,7
56342,19339798,19339802,4
56343,19340190,19340193,3
56344,19340193,19340202,9
56345,19340357,19340360,3
56346,19340360,19340364,4
56347,19340421,19340433,12
56348,19340433,19340439,6
56349,19340439,19340445,6
56350,19340445,19340451,6
56351,19340451,19340457,6
56352,19340457,19340463,6
56353,19340463,19340469,6
56354,19340469,19340473,4
56355,19340707,19340715,8
56356,19340850,19340859,9
56357,19341109,19341115,6
56358,19342147,19342155,8
56359,19342232,19342239,7
56360,19343164,19343169,5
56361,19343264,19343271,7
56362,19343368,19343373,5
56363,19343373,19343377,4
56364,19343377,19343381,4
56365,19343463,19343468,5
56366,19343468,19343472,4
56367,19343472,19343482,10
56368,19343618,19343622,4
56369,19343823,19343829,6
56370,19343857,19343865,8
56371,19343875,19343882,7
56372,19343896,19343903,7
56373,19344071,19344080,9
56374,19344517,19344526,9
56375,19345322,19345327,5
56376,19345795,19345804,9
56377,19345891,19345894,3
56378,19347363,19347372,9
56379,19347548,19347554,6
56380,19347554,19347562,8
56381,19347999,19348009,10
56382,19348149,19348155,6
56383,19348185,19348191,6
56384,19348191,19348203,12
56385,19348203,19348209,6
56386,19348209,19348215,6
56387,19349848,19349854,6
56388,19350158,19350165,7
56389,19350548,19350552,4
56390,19350629,19350633,4
56391,19350699,19350702,3
56392,19350702,19350705,3
56393,19350705,19350711,6
56394,19351047,19351053,6
56395,19351053,19351067,14
56396,19351067,19351081,14
56397,19352348,19352417,69
56398,19352901,19352906,5
56399,19352906,19352915,9
56400,19355500,19355507,7
56401,19356696,19356703,7
56402,19356862,19356866,4
56403,19357730,19357884,154
56404,19357884,19358040,156
56405,19358040,19358081,41
56406,19358081,19358101,20
56407,19358101,19358112,11
56408,19358112,19358124,12
56409,19358124,19358212,88
56410,19358212,19358223,11
56411,19358223,19358261,38
56412,19358261,19358366,105
56413,19358366,19358394,28
56414,19358766,19358771,5
56415,19359417,19359424,7
56416,19359524,19359530,6
56417,19360204,19360208,4
56418,19360208,19360211,3
56419,19360875,19360881,6
56420,19361376,19361384,8
56421,19361550,19361557,7
56422,19362190,19362193,3
56423,19362193,19362198,5
56424,19363490,19363496,6
56425,19363496,19363505,9
56426,19363505,19363511,6
56427,19366641,19366645,4
56428,19366645,19366651,6
56429,19367867,19367872,5
56430,19367872,19367882,10
56431,19368160,19368166,6
56432,19368187,19368194,7
56433,19368403,19368409,6
56434,19368409,19368415,6
56435,19368433,19368439,6
56436,19368534,19368538,4
56437,19368642,19368647,5
56438,19368779,19368783,4
56439,19369026,19369032,6
56440,19369361,19369370,9
56441,19370320,19370389,69
56442,19370749,19370757,8
56443,19370893,19370897,4
56444,19370897,19370919,22
56445,19370919,19370928,9
56446,19370928,19370932,4
56447,19370932,19370954,22
56448,19371008,19371012,4
56449,19371147,19371150,3
56450,19371637,19371641,4
56451,19372553,19372558,5
56452,19372882,19372890,8
56453,19373763,19373770,7
56454,19373789,19373792,3
56455,19374089,19374096,7
56456,19374596,19374606,10
56457,19374906,19374911,5
56458,19375092,19375098,6
56459,19375709,19375715,6
56460,19375715,19375721,6
56461,19375721,19375733,12
56462,19375733,19375739,6
56463,19375739,19375745,6
56464,19375745,19375751,6
56465,19375763,19375769,6
56466,19377198,19377202,4
56467,19378161,19378165,4
56468,19378165,19378169,4
56469,19378169,19378173,4
56470,19378173,19378178,5
56471,19378190,19378196,6
56472,19378206,19378216,10
56473,19378216,19378226,10
56474,19379337,19379344,7
56475,19379502,19379509,7
56476,19379885,19379891,6
56477,19380254,19380344,90
56478,19380344,19380355,11
56479,19380355,19380371,16
56480,19380545,19380552,7
56481,19380552,19380561,9
56482,19380561,19380569,8
56483,19381121,19381128,7
56484,19381128,19381134,6
56485,19381134,19381143,9
56486,19381143,19381146,3
56487,19382142,19382146,4
56488,19383744,19383750,6
56489,19383750,19383756,6
56490,19383756,19383762,6
56491,19383762,19383768,6
56492,19383768,19383774,6
56493,19383774,19383780,6
56494,19383967,19383975,8
56495,19384132,19384140,8
56496,19384140,19384147,7
56497,19384147,19384155,8
56498,19384572,19384580,8
56499,19385238,19385241,3
56500,19385604,19385616,12
56501,19385936,19385939,3
56502,19386188,19386192,4
56503,19386854,19386862,8
56504,19387338,19387343,5
56505,19387668,19387678,10
56506,19388776,19388783,7
56507,19388783,19388789,6
56508,19388991,19388998,7
56509,19389606,19389612,6
56510,19389612,19389615,3
56511,19389615,19389621,6
56512,19391141,19391148,7
56513,19391282,19391288,6
56514,19391701,19391708,7
56515,19391722,19391729,7
56516,19391924,19391927,3
56517,19392176,19392179,3
56518,19392947,19392954,7
56519,19394124,19394131,7
56520,19394911,19394916,5
56521,19394999,19395003,4
56522,19395225,19395229,4
56523,19395401,19395407,6
56524,19395407,19395413,6
56525,19395436,19395443,7
56526,19395443,19395451,8
56527,19395451,19395459,8
56528,19395694,19395697,3
56529,19395845,19395855,10
56530,19395901,19395906,5
56531,19398633,19398636,3
56532,19399395,19399399,4
56533,19399561,19399564,3
56534,19399584,19399590,6
56535,19399966,19399973,7
56536,19400220,19400224,4
56537,19400224,19400230,6
56538,19400952,19400959,7
56539,19400959,19400968,9
56540,19400968,19400975,7
56541,19401772,19401778,6
56542,19402156,19402163,7
56543,19402765,19402772,7
56544,19403321,19403326,5
56545,19403326,19403331,5
56546,19404403,19404406,3
56547,19404406,19404414,8
56548,19405032,19405039,7
56549,19405039,19405047,8
56550,19405580,19405588,8
56551,19405588,19405597,9
56552,19405607,19405611,4
56553,19406564,19406572,8
56554,19406767,19406775,8
56555,19408156,19408160,4
56556,19408160,19408164,4
56557,19409980,19409988,8
56558,19411035,19411040,5
56559,19411806,19411812,6
56560,19413153,19413161,8
56561,19413161,19413169,8
56562,19413169,19413177,8
56563,19413177,19413185,8
56564,19413185,19413193,8
56565,19413193,19413201,8
56566,19413354,19413360,6
56567,19413588,19413595,7
56568,19413808,19413817,9
56569,19416272,19416278,6
56570,19416278,19416284,6
56571,19416301,19416307,6
56572,19416319,19416325,6
56573,19416325,19416328,3
56574,19416328,19416331,3
56575,19416331,19416334,3
56576,19416334,19416337,3
56577,19416337,19416340,3
56578,19416340,19416343,3
56579,19416343,19416346,3
56580,19420335,19420339,4
56581,19420339,19420344,5
56582,19420749,19420753,4
56583,19420753,19420760,7
56584,19421172,19421179,7
56585,19422560,19422568,8
56586,19422954,19422963,9
56587,19424186,19424189,3
56588,19424253,19424261,8
56589,19425140,19425144,4
56590,19425144,19425148,4
56591,19425148,19425158,10
56592,19425485,19425491,6
56593,19425816,19425821,5
56594,19426075,19426082,7
56595,19426082,19426089,7
56596,19426089,19426097,8
56597,19426145,19426154,9
56598,19426154,19426158,4
56599,19426348,19426354,6
56600,19427554,19427562,8
56601,19427562,19427569,7
56602,19427569,19427576,7
56603,19427576,19427583,7
56604,19427975,19427980,5
56605,19430127,19430131,4
56606,19430771,19430779,8
56607,19431034,19431037,3
56608,19431525,19431530,5
56609,19431530,19431539,9
56610,19431921,19431924,3
56611,19431924,19431927,3
56612,19432083,19432089,6
56613,19432089,19432094,5
56614,19432094,19432101,7
56615,19432101,19432106,5
56616,19432106,19432111,5
56617,19432111,19432116,5
56618,19432116,19432126,10
56619,19432758,19432764,6
56620,19432764,19432773,9
56621,19432773,19432781,8
56622,19432855,19432863,8
56623,19432863,19432871,8
56624,19432871,19432879,8
56625,19432879,19432884,5
56626,19433798,19433805,7
56627,19436199,19436205,6
56628,19437381,19437445,64
56629,19437445,19437457,12
56630,19437457,19437462,5
56631,19437462,19437517,55
56632,19437517,19437523,6
56633,19437523,19437557,34
56634,19437557,19437579,22
56635,19437579,19437595,16
56636,19437595,19437622,27
56637,19437622,19437640,18
56638,19437640,19437676,36
56639,19437676,19437720,44
56640,19437720,19437890,170
56641,19438242,19438252,10
56642,19438453,19438456,3
56643,19439293,19439296,3
56644,19439296,19439303,7
56645,19439991,19440008,17
56646,19440008,19440021,13
56647,19440021,19440029,8
56648,19440122,19440140,18
56649,19440140,19440162,22
56650,19440595,19440608,13
56651,19440728,19440735,7
56652,19440974,19440982,8
56653,19441049,19441053,4
56654,19441099,19441104,5
56655,19441199,19441225,26
56656,19441286,19441296,10
56657,19441485,19441502,17
56658,19442147,19442153,6
56659,19442631,19442641,10
56660,19442641,19442644,3
56661,19442644,19442655,11
56662,19442655,19442681,26
56663,19443004,19443010,6
56664,19443022,19443043,21
56665,19443043,19443067,24
56666,19443067,19443079,12
56667,19443621,19443662,41
56668,19443801,19443840,39
56669,19443840,19443879,39
56670,19443917,19443956,39
56671,19444064,19444076,12
56672,19444115,19444122,7
56673,19444266,19444330,64
56674,19444330,19444342,12
56675,19444342,19444347,5
56676,19444347,19444402,55
56677,19444402,19444408,6
56678,19444408,19444442,34
56679,19444442,19444464,22
56680,19444464,19444480,16
56681,19444480,19444507,27
56682,19444507,19444525,18
56683,19444525,19444561,36
56684,19444561,19444605,44
56685,19444605,19444775,170
56686,19444925,19444929,4
56687,19445106,19445115,9
56688,19445725,19445735,10
56689,19445735,19445743,8
56690,19446456,19446464,8
56691,19446483,19446488,5
56692,19447783,19447789,6
56693,19450698,19450708,10
56694,19452177,19452187,10
56695,19452204,19452213,9
56696,19452811,19452823,12
56697,19452823,19452829,6
56698,19452829,19452835,6
56699,19452835,19452841,6
56700,19452841,19452847,6
56701,19452847,19452853,6
56702,19452853,19452859,6
56703,19452859,19452865,6
56704,19452865,19452871,6
56705,19452871,19452877,6
56706,19452877,19452883,6
56707,19452883,19452889,6
56708,19452889,19452895,6
56709,19452895,19452901,6
56710,19452901,19452907,6
56711,19452907,19452913,6
56712,19452913,19452919,6
56713,19452919,19452925,6
56714,19452925,19452931,6
56715,19452931,19452937,6
56716,19452937,19452943,6
56717,19452943,19452949,6
56718,19452949,19452955,6
56719,19452955,19452961,6
56720,19452961,19452967,6
56721,19452967,19452973,6
56722,19452973,19452979,6
56723,19452979,19452985,6
56724,19452985,19452991,6
56725,19452991,19452997,6
56726,19452997,19453003,6
56727,19453003,19453009,6
56728,19453009,19453015,6
56729,19453015,19453021,6
56730,19453021,19453027,6
56731,19453027,19453033,6
56732,19453033,19453039,6
56733,19453039,19453045,6
56734,19453045,19453051,6
56735,19453051,19453057,6
56736,19454594,19454602,8
56737,19454969,19454975,6
56738,19454975,19454979,4
56739,19455050,19455053,3
56740,19455195,19455201,6
56741,19455201,19455205,4
56742,19455622,19455630,8
56743,19455630,19455638,8
56744,19455802,19455805,3
56745,19455862,19455866,4
56746,19456464,19456472,8
56747,19456472,19456480,8
56748,19456480,19456488,8
56749,19456488,19456492,4
56750,19457030,19457040,10
56751,19457819,19457822,3
56752,19457822,19457825,3
56753,19457825,19457831,6
56754,19457831,19457837,6
56755,19457837,19457843,6
56756,19457843,19457849,6
56757,19457849,19457852,3
56758,19457852,19457855,3
56759,19457937,19457947,10
56760,19457947,19457957,10
56761,19458630,19458636,6
56762,19460050,19460056,6
56763,19460973,19460981,8
56764,19461427,19461436,9
56765,19462199,19462208,9
56766,19462208,19462217,9
56767,19462226,19462235,9
56768,19462246,19462249,3
56769,19464668,19464671,3
56770,19464710,19464713,3
56771,19464780,19464785,5
56772,19466163,19466172,9
56773,19466325,19466335,10
56774,19467381,19467388,7
56775,19467496,19467501,5
56776,19467973,19467980,7
56777,19468392,19468395,3
56778,19469297,19469303,6
56779,19469591,19469596,5
56780,19469648,19469653,5
56781,19469653,19469658,5
56782,19469697,19469703,6
56783,19469713,19469716,3
56784,19469751,19469757,6
56785,19469779,19469786,7
56786,19471448,19471454,6
56787,19472047,19472054,7
56788,19472195,19472198,3
56789,19472198,19472214,16
56790,19472214,19472250,36
56791,19472250,19472304,54
56792,19472345,19472373,28
56793,19472562,19472610,48
56794,19472610,19472673,63
56795,19472673,19472679,6
56796,19475324,19475330,6
56797,19475383,19475393,10
56798,19475910,19475914,4
56799,19476004,19476009,5
56800,19476227,19476236,9
56801,19477983,19477988,5
56802,19478046,19478049,3
56803,19478140,19478144,4
56804,19479188,19479193,5
56805,19479193,19479197,4
56806,19480484,19480492,8
56807,19484209,19484214,5
56808,19484214,19484219,5
56809,19484219,19484224,5
56810,19484239,19484244,5
56811,19484419,19484428,9
56812,19485702,19485712,10
56813,19486027,19486034,7
56814,19486264,19486267,3
56815,19487801,19487804,3
56816,19487849,19487858,9
56817,19488692,19488700,8
56818,19488700,19488703,3
56819,19488804,19488811,7
56820,19488811,19488820,9
56821,19489047,19489051,4
56822,19489573,19489583,10
56823,19489961,19489970,9
56824,19490000,19490008,8
56825,19490008,19490016,8
56826,19490079,19490083,4
56827,19491127,19491132,5
56828,19492040,19492050,10
56829,19493931,19493934,3
56830,19494527,19494534,7
56831,19495021,19495026,5
56832,19495585,19495595,10
56833,19497977,19497981,4
56834,19498201,19498206,5
56835,19498206,19498211,5
56836,19498241,19498246,5
56837,19498681,19498689,8
56838,19498843,19498849,6
56839,19498849,19498855,6
56840,19498855,19498861,6
56841,19500481,19500489,8
56842,19500869,19500881,12
56843,19500881,19500884,3
56844,19501216,19501220,4
56845,19501220,19501223,3
56846,19501635,19501644,9
56847,19501874,19501885,11
56848,19502066,19502072,6
56849,19502110,19502116,6
56850,19502116,19502119,3
56851,19502354,19502364,10
56852,19503600,19503609,9
56853,19503669,19503676,7
56854,19503939,19503943,4
56855,19504869,19504875,6
56856,19504939,19504950,11
56857,19505313,19505320,7
56858,19505392,19505403,11
56859,19505861,19505871,10
56860,19505871,19505881,10
56861,19505881,19505886,5
56862,19507504,19507512,8
56863,19508001,19508005,4
56864,19508835,19508839,4
56865,19509001,19509005,4
56866,19509005,19509015,10
56867,19509088,19509092,4
56868,19509672,19509678,6
56869,19509678,19509682,4
56870,19512809,19512815,6
56871,19514215,19514219,4
56872,19514582,19514591,9
56873,19514633,19514639,6
56874,19514639,19514645,6
56875,19514659,19514663,4
56876,19516211,19516217,6
56877,19516217,19516223,6
56878,19516308,19516314,6
56879,19516509,19516517,8
56880,19516572,19516582,10
56881,19516719,19516725,6
56882,19517327,19517336,9
56883,19517558,19517566,8
56884,19517607,19517616,9
56885,19517970,19517974,4
56886,19520001,19520010,9
56887,19521282,19521289,7
56888,19522256,19522261,5
56889,19522677,19522683,6
56890,19523612,19523619,7
56891,19524148,19524154,6
56892,19524532,19524538,6
56893,19525296,19525301,5
56894,19525376,19525385,9
56895,19525605,19525609,4
56896,19526366,19526374,8
56897,19526396,19526400,4
56898,19527115,19527124,9
56899,19527124,19527127,3
56900,19527702,19527706,4
56901,19528057,19528062,5
56902,19528114,19528120,6
56903,19528120,19528127,7
56904,19528417,19528422,5
56905,19528694,19528697,3
56906,19528769,19528774,5
56907,19529795,19529805,10
56908,19529818,19529822,4
56909,19529871,19529879,8
56910,19530830,19530836,6
56911,19531758,19531763,5
56912,19531763,19531767,4
56913,19532419,19532424,5
56914,19532424,19532429,5
56915,19532429,19532434,5
56916,19532763,19532769,6
56917,19532899,19532904,5
56918,19532904,19532909,5
56919,19532909,19532915,6
56920,19532915,19532921,6
56921,19532921,19532927,6
56922,19532927,19532933,6
56923,19533201,19533204,3
56924,19533787,19533791,4
56925,19533802,19533809,7
56926,19533953,19533959,6
56927,19534184,19534190,6
56928,19534273,19534278,5
56929,19534670,19534673,3
56930,19534833,19534840,7
56931,19534840,19534847,7
56932,19534942,19534945,3
56933,19535195,19535202,7
56934,19535202,19535209,7
56935,19535223,19535230,7
56936,19535230,19535236,6
56937,19535535,19535538,3
56938,19535743,19535748,5
56939,19535867,19535876,9
56940,19535970,19535976,6
56941,19536460,19536467,7
56942,19536467,19536470,3
56943,19536470,19536474,4
56944,19537830,19537836,6
56945,19537979,19537983,4
56946,19538292,19538299,7
56947,19538649,19538658,9
56948,19538753,19538761,8
56949,19539510,19539515,5
56950,19539515,19539525,10
56951,19539525,19539530,5
56952,19540007,19540010,3
56953,19540284,19540293,9
56954,19540997,19541003,6
56955,19541003,19541007,4
56956,19541733,19541736,3
56957,19541781,19541790,9
56958,19542156,19542161,5
56959,19542161,19542166,5
56960,19542166,19542171,5
56961,19542295,19542298,3
56962,19543107,19543116,9
56963,19543178,19543181,3
56964,19543706,19543711,5
56965,19543732,19543740,8
56966,19543869,19543877,8
56967,19543877,19543883,6
56968,19545019,19545023,4
56969,19545117,19545121,4
56970,19545303,19545308,5
56971,19545308,19545318,10
56972,19545318,19545324,6
56973,19545324,19545330,6
56974,19545350,19545359,9
56975,19545617,19545620,3
56976,19547672,19547678,6
56977,19549317,19549320,3
56978,19549831,19549835,4
56979,19549835,19549842,7
56980,19551976,19551986,10
56981,19552261,19552266,5
56982,19552266,19552271,5
56983,19552441,19552450,9
56984,19553186,19553190,4
56985,19553190,19553198,8
56986,19553198,19553202,4
56987,19553202,19553210,8
56988,19553210,19553214,4
56989,19553214,19553218,4
56990,19553218,19553222,4
56991,19553766,19553774,8
56992,19554212,19554215,3
56993,19554283,19554288,5
56994,19554713,19554719,6
56995,19554719,19554725,6
56996,19554725,19554729,4
56997,19554729,19554733,4
56998,19554733,19554737,4
56999,19554737,19554749,12
57000,19554749,19554753,4
57001,19554753,19554759,6
57002,19555008,19555016,8
57003,19555639,19555647,8
57004,19555671,19555680,9
57005,19555680,19555686,6
57006,19555697,19555704,7
57007,19556073,19556079,6
57008,19556707,19556713,6
57009,19557659,19557668,9
57010,19558007,19558015,8
57011,19558179,19558187,8
57012,19558187,19558194,7
57013,19558852,19558860,8
57014,19559084,19559089,5
57015,19559223,19559228,5
57016,19559514,19559522,8
57017,19559562,19559565,3
57018,19559730,19559734,4
57019,19559734,19559738,4
57020,19559987,19559994,7
57021,19560082,19560092,10
57022,19560218,19560221,3
57023,19561081,19561084,3
57024,19561123,19561128,5
57025,19562736,19562744,8
57026,19562744,19562750,6
57027,19562877,19562880,3
57028,19562880,19562886,6
57029,19563781,19563785,4
57030,19564654,19564658,4
57031,19564703,19564710,7
57032,19564953,19564964,11
57033,19565228,19565233,5
57034,19566802,19566808,6
57035,19567016,19567024,8
57036,19568597,19568601,4
57037,19568925,19568936,11
57038,19569033,19569042,9
57039,19569131,19569140,9
57040,19569505,19569508,3
57041,19570038,19570043,5
57042,19570976,19570980,4
57043,19571168,19571172,4
57044,19571316,19571323,7
57045,19571750,19571757,7
57046,19571757,19571762,5
57047,19573470,19573477,7
57048,19573477,19573486,9
57049,19573922,19573928,6
57050,19574299,19574302,3
57051,19574714,19574721,7
57052,19575089,19575097,8
57053,19575534,19575539,5
57054,19575851,19575857,6
57055,19575918,19575926,8
57056,19575926,19575929,3
57057,19576784,19576793,9
57058,19577039,19577048,9
57059,19577084,19577087,3
57060,19577329,19577338,9
57061,19577874,19577882,8
57062,19578754,19578764,10
57063,19579152,19579159,7
57064,19580273,19580284,11
57065,19580627,19580630,3
57066,19581013,19581017,4
57067,19581367,19581374,7
57068,19581586,19581596,10
57069,19582104,19582108,4
57070,19582576,19582585,9
57071,19583518,19583526,8
57072,19583640,19583643,3
57073,19583853,19583858,5
57074,19583858,19583866,8
57075,19584911,19584920,9
57076,19585049,19585052,3
57077,19585083,19585086,3
57078,19585236,19585240,4
57079,19585313,19585322,9
57080,19585322,19585326,4
57081,19585520,19585529,9
57082,19586428,19586432,4
57083,19586446,19586450,4
57084,19587085,19587093,8
57085,19587281,19587287,6
57086,19587585,19587591,6
57087,19587656,19587664,8
57088,19588236,19588245,9
57089,19588624,19588630,6
57090,19589112,19589116,4
57091,19589148,19589156,8
57092,19589237,19589246,9
57093,19589311,19589317,6
57094,19590100,19590105,5
57095,19590436,19590441,5
57096,19590441,19590452,11
57097,19590452,19590460,8
57098,19590595,19590603,8
57099,19591511,19591517,6
57100,19591772,19591781,9
57101,19592122,19592131,9
57102,19592381,19592391,10
57103,19592846,19592853,7
57104,19592865,19592873,8
57105,19593088,19593092,4
57106,19593956,19593965,9
57107,19594566,19594572,6
57108,19594572,19594578,6
57109,19594578,19594584,6
57110,19594584,19594589,5
57111,19597698,19597703,5
57112,19597760,19597766,6
57113,19597766,19597772,6
57114,19597948,19597957,9
57115,19598361,19598364,3
57116,19598364,19598372,8
57117,19599041,19599049,8
57118,19599158,19599164,6
57119,19599271,19599280,9
57120,19599402,19599408,6
57121,19599603,19599613,10
57122,19600884,19600887,3
57123,19601359,19601366,7
57124,19601366,19601373,7
57125,19601789,19601796,7
57126,19601927,19601935,8
57127,19602778,19602782,4
57128,19603154,19603157,3
57129,19603219,19603228,9
57130,19603370,19603377,7
57131,19603519,19603522,3
57132,19603752,19603759,7
57133,19603965,19603972,7
57134,19604097,19604105,8
57135,19604291,19604299,8
57136,19604345,19604348,3
57137,19604430,19604434,4
57138,19604714,19604723,9
57139,19605444,19605451,7
57140,19606301,19606309,8
57141,19606309,19606314,5
57142,19607558,19607562,4
57143,19607655,19607661,6
57144,19607661,19607665,4
57145,19607665,19607671,6
57146,19607692,19607701,9
57147,19607739,19607744,5
57148,19607744,19607749,5
57149,19607749,19607754,5
57150,19607754,19607759,5
57151,19607985,19607991,6
57152,19608017,19608020,3
57153,19608077,19608087,10
57154,19608101,19608111,10
57155,19608111,19608118,7
57156,19608589,19608593,4
57157,19609816,19609821,5
57158,19610527,19610536,9
57159,19610672,19610679,7
57160,19610995,19611000,5
57161,19611258,19611264,6
57162,19611264,19611272,8
57163,19611340,19611343,3
57164,19612225,19612228,3
57165,19613645,19613652,7
57166,19614223,19614228,5
57167,19614938,19614946,8
57168,19615313,19615319,6
57169,19615920,19615925,5
57170,19616148,19616155,7
57171,19616468,19616478,10
57172,19616712,19616721,9
57173,19617491,19617496,5
57174,19617673,19617680,7
57175,19618543,19618550,7
57176,19618758,19618764,6
57177,19619409,19619418,9
57178,19619626,19619635,9
57179,19619996,19620001,5
57180,19620360,19620366,6
57181,19620612,19620618,6
57182,19620758,19620763,5
57183,19620801,19620807,6
57184,19620845,19620853,8
57185,19621551,19621557,6
57186,19621557,19621563,6
57187,19621741,19621744,3
57188,19622026,19622034,8
57189,19622116,19622122,6
57190,19623379,19623383,4
57191,19624056,19624062,6
57192,19624748,19624752,4
57193,19624752,19624756,4
57194,19624981,19624991,10
57195,19625172,19625180,8
57196,19625642,19625648,6
57197,19627050,19627057,7
57198,19628586,19628590,4
57199,19629097,19629106,9
57200,19629660,19629665,5
57201,19630612,19630620,8
57202,19632159,19632166,7
57203,19634346,19634353,7
57204,19634353,19634363,10
57205,19635891,19635894,3
57206,19635973,19635982,9
57207,19636012,19636018,6
57208,19636378,19636384,6
57209,19636384,19636390,6
57210,19636390,19636396,6
57211,19636487,19636496,9
57212,19636519,19636524,5
57213,19637083,19637089,6
57214,19637704,19637710,6
57215,19637710,19637716,6
57216,19637780,19637784,4
57217,19637867,19637877,10
57218,19638442,19638451,9
57219,19640527,19640530,3
57220,19640736,19640741,5
57221,19641400,19641412,12
57222,19641507,19641513,6
57223,19641513,19641516,3
57224,19641516,19641521,5
57225,19641521,19641527,6
57226,19641527,19641531,4
57227,19641859,19641868,9
57228,19642334,19642337,3
57229,19642337,19642340,3
57230,19642369,19642376,7
57231,19643711,19643719,8
57232,19644762,19644767,5
57233,19645017,19645022,5
57234,19646042,19646049,7
57235,19646748,19646755,7
57236,19647010,19647017,7
57237,19647276,19647281,5
57238,19648441,19648447,6
57239,19648843,19648851,8
57240,19649278,19649284,6
57241,19649655,19649659,4
57242,19650191,19650195,4
57243,19650562,19650571,9
57244,19650931,19650934,3
57245,19651242,19651246,4
57246,19651691,19651694,3
57247,19652763,19652766,3
57248,19653884,19653889,5
57249,19654531,19654535,4
57250,19654558,19654562,4
57251,19656967,19656973,6
57252,19657099,19657102,3
57253,19657262,19657268,6
57254,19657268,19657274,6
57255,19657583,19657589,6
57256,19657688,19657691,3
57257,19657691,19657694,3
57258,19657892,19657898,6
57259,19658027,19658033,6
57260,19658033,19658041,8
57261,19658041,19658051,10
57262,19658117,19658123,6
57263,19658123,19658131,8
57264,19658131,19658141,10
57265,19658432,19658438,6
57266,19659007,19659011,4
57267,19659023,19659032,9
57268,19659256,19659264,8
57269,19659531,19659540,9
57270,19660876,19660879,3
57271,19660879,19660882,3
57272,19660882,19660888,6
57273,19660945,19660948,3
57274,19662023,19662034,11
57275,19662074,19662082,8
57276,19662226,19662231,5
57277,19662231,19662235,4
57278,19662774,19662778,4
57279,19665915,19665921,6
57280,19665921,19665926,5
57281,19666819,19666823,4
57282,19668521,19668532,11
57283,19669289,19669297,8
57284,19669541,19669549,8
57285,19669928,19669933,5
57286,19669933,19669938,5
57287,19671033,19671039,6
57288,19671039,19671045,6
57289,19671045,19671051,6
57290,19671571,19671574,3
57291,19671834,19671837,3
57292,19672414,19672420,6
57293,19672461,19672468,7
57294,19673312,19673319,7
57295,19673614,19673623,9
57296,19673931,19673939,8
57297,19674391,19674402,11
57298,19676342,19676349,7
57299,19676453,19676461,8
57300,19676491,19676499,8
57301,19678139,19678145,6
57302,19678145,19678152,7
57303,19678191,19678200,9
57304,19678304,19678308,4
57305,19678674,19678681,7
57306,19678704,19678708,4
57307,19679133,19679136,3
57308,19679283,19679287,4
57309,19680639,19680649,10
57310,19681070,19681079,9
57311,19681317,19681328,11
57312,19682318,19682322,4
57313,19682322,19682328,6
57314,19682718,19682724,6
57315,19682891,19682898,7
57316,19683466,19683475,9
57317,19683539,19683546,7
57318,19683746,19683754,8
57319,19684792,19684795,3
57320,19685455,19685458,3
57321,19685952,19685955,3
57322,19686363,19686372,9
57323,19686372,19686379,7
57324,19686420,19686426,6
57325,19686460,19686467,7
57326,19687432,19687438,6
57327,19687958,19687961,3
57328,19687961,19687964,3
57329,19688119,19688123,4
57330,19688123,19688128,5
57331,19688696,19688700,4
57332,19688700,19688707,7
57333,19689142,19689149,7
57334,19689365,19689373,8
57335,19690243,19690247,4
57336,19691903,19691909,6
57337,19692259,19692264,5
57338,19692264,19692270,6
57339,19692636,19692645,9
57340,19692960,19692968,8
57341,19692968,19692978,10
57342,19692978,19692983,5
57343,19692998,19693003,5
57344,19693003,19693012,9
57345,19693012,19693022,10
57346,19693821,19693826,5
57347,19693838,19693845,7
57348,19693958,19693963,5
57349,19695305,19695313,8
57350,19696085,19696090,5
57351,19696263,19696279,16
57352,19696308,19696341,33
57353,19696802,19696827,25
57354,19696827,19696868,41
57355,19696969,19696978,9
57356,19697031,19697037,6
57357,19698088,19698091,3
57358,19698365,19698369,4
57359,19699434,19699441,7
57360,19699582,19699589,7
57361,19699897,19699904,7
57362,19700104,19700113,9
57363,19700676,19700683,7
57364,19701605,19701611,6
57365,19702207,19702212,5
57366,19702390,19702394,4
57367,19702394,19702403,9
57368,19703067,19703073,6
57369,19703950,19703953,3
57370,19704175,19704181,6
57371,19704370,19704376,6
57372,19704572,19704575,3
57373,19704855,19704863,8
57374,19704863,19704870,7
57375,19704870,19704873,3
57376,19707294,19707301,7
57377,19707477,19707482,5
57378,19707660,19707667,7
57379,19708490,19708499,9
57380,19709230,19709235,5
57381,19709235,19709238,3
57382,19709238,19709247,9
57383,19709833,19709841,8
57384,19709963,19709966,3
57385,19709997,19710007,10
57386,19710024,19710030,6
57387,19710056,19710061,5
57388,19710622,19710647,25
57389,19710792,19710800,8
57390,19710858,19710861,3
57391,19711077,19711084,7
57392,19711201,19711212,11
57393,19711354,19711387,33
57394,19712055,19712066,11
57395,19713241,19713247,6
57396,19713494,19713503,9
57397,19713529,19713535,6
57398,19713535,19713541,6
57399,19713593,19713599,6
57400,19713644,19713649,5
57401,19713649,19713655,6
57402,19713655,19713661,6
57403,19713811,19713817,6
57404,19715170,19715176,6
57405,19715472,19715479,7
57406,19715479,19715486,7
57407,19715486,19715493,7
57408,19715493,19715501,8
57409,19715501,19715505,4
57410,19715505,19715509,4
57411,19715782,19715789,7
57412,19715789,19715796,7
57413,19715827,19715835,8
57414,19716375,19716381,6
57415,19716608,19716617,9
57416,19716680,19716690,10
57417,19716719,19716725,6
57418,19716830,19716834,4
57419,19716834,19716839,5
57420,19716869,19716874,5
57421,19717110,19717116,6
57422,19717116,19717128,12
57423,19717128,19717134,6
57424,19717134,19717140,6
57425,19717140,19717146,6
57426,19717160,19717166,6
57427,19717186,19717192,6
57428,19717443,19717451,8
57429,19717470,19717476,6
57430,19717835,19717840,5
57431,19718226,19718233,7
57432,19719138,19719145,7
57433,19719237,19719243,6
57434,19719243,19719249,6
57435,19719514,19719520,6
57436,19720985,19720989,4
57437,19721395,19721400,5
57438,19721557,19721563,6
57439,19721563,19721572,9
57440,19721572,19721579,7
57441,19722217,19722222,5
57442,19722299,19722309,10
57443,19724262,19724269,7
57444,19724269,19724275,6
57445,19724275,19724285,10
57446,19724325,19724328,3
57447,19724328,19724331,3
57448,19724365,19724372,7
57449,19724783,19724786,3
57450,19725599,19725608,9
57451,19726332,19726340,8
57452,19726588,19726594,6
57453,19726917,19726924,7
57454,19727240,19727247,7
57455,19727247,19727254,7
57456,19727298,19727305,7
57457,19727305,19727312,7
57458,19727312,19727319,7
57459,19727335,19727342,7
57460,19727630,19727634,4
57461,19727813,19727818,5
57462,19728463,19728471,8
57463,19728537,19728544,7
57464,19729025,19729034,9
57465,19729034,19729041,7
57466,19729041,19729048,7
57467,19729048,19729055,7
57468,19729834,19729838,4
57469,19730138,19730141,3
57470,19730185,19730189,4
57471,19731252,19731255,3
57472,19731398,19731405,7
57473,19734677,19734683,6
57474,19734683,19734690,7
57475,19735360,19735369,9
57476,19735940,19735947,7
57477,19736582,19736591,9
57478,19736624,19736634,10
57479,19736693,19736703,10
57480,19738258,19738262,4
57481,19738355,19738361,6
57482,19738790,19738793,3
57483,19738905,19738912,7
57484,19739408,19739417,9
57485,19739788,19739796,8
57486,19740588,19740593,5
57487,19740593,19740599,6
57488,19740639,19740646,7
57489,19740646,19740653,7
57490,19740734,19740737,3
57491,19741286,19741290,4
57492,19741336,19741341,5
57493,19741413,19741417,4
57494,19742204,19742209,5
57495,19742437,19742446,9
57496,19742446,19742449,3
57497,19742449,19742452,3
57498,19742588,19742600,12
57499,19742600,19742612,12
57500,19742831,19742840,9
57501,19742878,19742886,8
57502,19742886,19742889,3
57503,19743328,19743334,6
57504,19743334,19743342,8
57505,19743342,19743347,5
57506,19743347,19743358,11
57507,19743358,19743363,5
57508,19743363,19743368,5
57509,19743368,19743373,5
57510,19743373,19743378,5
57511,19743378,19743383,5
57512,19743383,19743388,5
57513,19743691,19743699,8
57514,19743779,19743784,5
57515,19743784,19743789,5
57516,19744192,19744201,9
57517,19744527,19744530,3
57518,19745728,19745733,5
57519,19745788,19745796,8
57520,19746321,19746324,3
57521,19746471,19746479,8
57522,19746479,19746487,8
57523,19747596,19747603,7
57524,19747711,19747716,5
57525,19748139,19748145,6
57526,19748346,19748351,5
57527,19748720,19748727,7
57528,19749154,19749158,4
57529,19750270,19750275,5
57530,19750338,19750347,9
57531,19750658,19750665,7
57532,19750665,19750674,9
57533,19750859,19750867,8
57534,19751743,19751748,5
57535,19751984,19751996,12
57536,19752038,19752045,7
57537,19752109,19752117,8
57538,19752799,19752806,7
57539,19753608,19753616,8
57540,19753957,19753961,4
57541,19753999,19754007,8
57542,19754543,19754553,10
57543,19754765,19754773,8
57544,19754773,19754777,4
57545,19754777,19754781,4
57546,19755083,19755088,5
57547,19755088,19755093,5
57548,19755093,19755098,5
57549,19755098,19755103,5
57550,19755103,19755108,5
57551,19755108,19755113,5
57552,19755113,19755118,5
57553,19755118,19755123,5
57554,19755123,19755130,7
57555,19755534,19755542,8
57556,19755542,19755546,4
57557,19755760,19755763,3
57558,19755952,19755955,3
57559,19756702,19756705,3
57560,19757222,19757228,6
57561,19758024,19758030,6
57562,19758062,19758066,4
57563,19758066,19758070,4
57564,19758084,19758090,6
57565,19758727,19758733,6
57566,19758790,19758793,3
57567,19758793,19758796,3
57568,19758902,19758908,6
57569,19758968,19758975,7
57570,19759046,19759050,4
57571,19759320,19759324,4
57572,19759652,19759661,9
57573,19759789,19759796,7
57574,19759971,19759980,9
57575,19759980,19759989,9
57576,19760918,19760928,10
57577,19761468,19761471,3
57578,19761681,19761692,11
57579,19761692,19761699,7
57580,19762331,19762335,4
57581,19762335,19762339,4
57582,19764612,19764615,3
57583,19764751,19764761,10
57584,19765978,19765984,6
57585,19766280,19766287,7
57586,19766379,19766382,3
57587,19766871,19766878,7
57588,19767031,19767037,6
57589,19767286,19767293,7
57590,19768470,19768475,5
57591,19769076,19769084,8
57592,19769124,19769129,5
57593,19769237,19769245,8
57594,19769266,19769272,6
57595,19769272,19769275,3
57596,19769275,19769278,3
57597,19769476,19769480,4
57598,19769480,19769485,5
57599,19769721,19769728,7
57600,19770667,19770674,7
57601,19770674,19770681,7
57602,19771536,19771547,11
57603,19771754,19771762,8
57604,19772273,19772279,6
57605,19772279,19772282,3
57606,19772282,19772285,3
57607,19773039,19773050,11
57608,19773217,19773223,6
57609,19774049,19774056,7
57610,19774322,19774328,6
57611,19774350,19774358,8
57612,19774358,19774366,8
57613,19775198,19775206,8
57614,19775503,19775509,6
57615,19777027,19777032,5
57616,19777032,19777036,4
57617,19777036,19777039,3
57618,19777039,19777044,5
57619,19777044,19777047,3
57620,19777754,19777760,6
57621,19778004,19778007,3
57622,19778842,19778847,5
57623,19779201,19779204,3
57624,19779204,19779207,3
57625,19779648,19779654,6
57626,19779654,19779663,9
57627,19779768,19779774,6
57628,19780977,19780980,3
57629,19781682,19781685,3
57630,19782807,19782814,7
57631,19782814,19782820,6
57632,19783115,19783120,5
57633,19783120,19783125,5
57634,19783279,19783284,5
57635,19784202,19784206,4
57636,19784419,19784427,8
57637,19784562,19784571,9
57638,19784614,19784622,8
57639,19785122,19785131,9
57640,19785769,19785774,5
57641,19786377,19786383,6
57642,19786801,19786807,6
57643,19786807,19786814,7
57644,19787797,19787806,9
57645,19787949,19787955,6
57646,19787997,19788002,5
57647,19788408,19788414,6
57648,19788414,19788418,4
57649,19788418,19788422,4
57650,19788422,19788428,6
57651,19788458,19788462,4
57652,19788587,19788593,6
57653,19789427,19789430,3
57654,19789671,19789677,6
57655,19791001,19791007,6
57656,19791634,19791637,3
57657,19794067,19794072,5
57658,19794101,19794107,6
57659,19794174,19794181,7
57660,19795326,19795330,4
57661,19795462,19795467,5
57662,19795613,19795617,4
57663,19795617,19795623,6
57664,19796683,19796689,6
57665,19797409,19797418,9
57666,19797418,19797472,54
57667,19797472,19797624,152
57668,19797624,19797647,23
57669,19797647,19797789,142
57670,19797902,19797990,88
57671,19797990,19798000,10
57672,19798076,19798114,38
57673,19798114,19798231,117
57674,19798231,19798248,17
57675,19798512,19798580,68
57676,19798580,19798625,45
57677,19798625,19798648,23
57678,19798648,19798659,11
57679,19798659,19798666,7
57680,19798666,19798834,168
57681,19798834,19798865,31
57682,19798865,19798887,22
57683,19798887,19799113,226
57684,19799113,19799122,9
57685,19799122,19799139,17
57686,19799139,19799255,116
57687,19799255,19799288,33
57688,19799288,19799418,130
57689,19799418,19799490,72
57690,19799490,19799501,11
57691,19799725,19799825,100
57692,19799825,19799886,61
57693,19799886,19799995,109
57694,19800142,19800199,57
57695,19800199,19800209,10
57696,19800209,19800307,98
57697,19800307,19800444,137
57698,19800444,19800511,67
57699,19800511,19800537,26
57700,19800537,19800574,37
57701,19800574,19800628,54
57702,19800694,19800741,47
57703,19800741,19800780,39
57704,19800780,19800797,17
57705,19800797,19800930,133
57706,19800930,19800991,61
57707,19800991,19801087,96
57708,19801087,19801167,80
57709,19801167,19801213,46
57710,19801213,19801272,59
57711,19801272,19801333,61
57712,19801333,19801481,148
57713,19801497,19801556,59
57714,19801556,19801616,60
57715,19801616,19801666,50
57716,19801666,19801703,37
57717,19801703,19801774,71
57718,19801915,19801929,14
57719,19801929,19801974,45
57720,19801974,19802035,61
57721,19802035,19802074,39
57722,19802074,19802173,99
57723,19802173,19802253,80
57724,19802253,19802270,17
57725,19802270,19802285,15
57726,19802285,19802320,35
57727,19802320,19802460,140
57728,19802460,19802495,35
57729,19802495,19802509,14
57730,19802509,19802558,49
57731,19802558,19802624,66
57732,19802624,19802633,9
57733,19802633,19802725,92
57734,19802725,19802750,25
57735,19802750,19802786,36
57736,19802786,19802859,73
57737,19802859,19802876,17
57738,19802876,19802899,23
57739,19803047,19803075,28
57740,19803075,19803078,3
57741,19803078,19803138,60
57742,19803138,19803150,12
57743,19803150,19803179,29
57744,19803179,19803277,98
57745,19803305,19803577,272
57746,19803711,19803745,34
57747,19803745,19803748,3
57748,19804258,19804267,9
57749,19804267,19804321,54
57750,19804321,19804473,152
57751,19804473,19804496,23
57752,19804496,19804638,142
57753,19805887,19805897,10
57754,19805976,19805986,10
57755,19806396,19806404,8
57756,19807361,19807365,4
57757,19807677,19807681,4
57758,19808849,19808852,3
57759,19809137,19809140,3
57760,19809140,19809148,8
57761,19809196,19809200,4
57762,19810007,19810013,6
57763,19810137,19810141,4
57764,19810141,19810147,6
57765,19810288,19810297,9
57766,19810500,19810503,3
57767,19810503,19810507,4
57768,19811039,19811043,4
57769,19812047,19812052,5
57770,19812542,19812549,7
57771,19812803,19812833,30
57772,19812833,19812841,8
57773,19813004,19813007,3
57774,19813183,19813207,24
57775,19813235,19813243,8
57776,19813243,19813247,4
57777,19813688,19813697,9
57778,19814139,19814143,4
57779,19814567,19814571,4
57780,19815867,19815872,5
57781,19815886,19815893,7
57782,19816140,19816170,30
57783,19816170,19816175,5
57784,19816175,19816178,3
57785,19816341,19816344,3
57786,19816520,19816544,24
57787,19819674,19819678,4
57788,19820375,19820382,7
57789,19820924,19820931,7
57790,19821960,19821963,3
57791,19822102,19822106,4
57792,19822122,19822127,5
57793,19822127,19822133,6
57794,19822293,19822297,4
57795,19823579,19823588,9
57796,19824055,19824060,5
57797,19824133,19824138,5
57798,19824449,19824458,9
57799,19825324,19825327,3
57800,19825526,19825533,7
57801,19826915,19826922,7
57802,19827170,19827174,4
57803,19828293,19828299,6
57804,19828299,19828305,6
57805,19830048,19830054,6
57806,19830081,19830086,5
57807,19831446,19831453,7
57808,19831524,19831528,4
57809,19831528,19831534,6
57810,19831809,19831816,7
57811,19831837,19831846,9
57812,19832298,19832302,4
57813,19833168,19833174,6
57814,19833877,19833885,8
57815,19834649,19834655,6
57816,19836314,19836317,3
57817,19837088,19837091,3
57818,19837240,19837248,8
57819,19837248,19837255,7
57820,19837255,19837262,7
57821,19837500,19837503,3
57822,19838415,19838421,6
57823,19838421,19838428,7
57824,19838428,19838435,7
57825,19838839,19838842,3
57826,19838894,19838897,3
57827,19838911,19838917,6
57828,19839753,19839758,5
57829,19840619,19840624,5
57830,19842823,19842831,8
57831,19842831,19842837,6
57832,19846106,19846114,8
57833,19846678,19846683,5
57834,19846683,19846691,8
57835,19847655,19847658,3
57836,19848333,19848339,6
57837,19848590,19848597,7
57838,19848730,19848737,7
57839,19848737,19848740,3
57840,19848789,19848795,6
57841,19848795,19848806,11
57842,19849889,19849894,5
57843,19852080,19852090,10
57844,19852090,19852098,8
57845,19852596,19852604,8
57846,19853142,19853146,4
57847,19853466,19853475,9
57848,19853553,19853563,10
57849,19853728,19853733,5
57850,19854070,19854080,10
57851,19854241,19854244,3
57852,19855670,19855678,8
57853,19855678,19855681,3
57854,19856499,19856503,4
57855,19857352,19857358,6
57856,19857534,19857538,4
57857,19858348,19858351,3
57858,19858567,19858574,7
57859,19859202,19859210,8
57860,19859955,19859958,3
57861,19860290,19860299,9
57862,19860803,19860813,10
57863,19860870,19860875,5
57864,19860929,19860938,9
57865,19865017,19865021,4
57866,19865469,19865476,7
57867,19865557,19865566,9
57868,19865566,19865576,10
57869,19865823,19865831,8
57870,19866246,19866251,5
57871,19866297,19866303,6
57872,19868853,19868861,8
57873,19869824,19869830,6
57874,19869870,19869876,6
57875,19872964,19872980,16
57876,19872980,19872986,6
57877,19873531,19873538,7
57878,19873800,19873808,8
57879,19873821,19873829,8
57880,19874513,19874518,5
57881,19874617,19874621,4
57882,19876022,19876025,3
57883,19876025,19876034,9
57884,19876052,19876055,3
57885,19877080,19877083,3
57886,19879798,19879807,9
57887,19879823,19879826,3
57888,19880231,19880234,3
57889,19881475,19881482,7
57890,19881482,19881488,6
57891,19881488,19881497,9
57892,19881648,19881657,9
57893,19881657,19881666,9
57894,19882643,19882651,8
57895,19883347,19883355,8
57896,19883355,19883361,6
57897,19883361,19883364,3
57898,19883415,19883418,3
57899,19883812,19883819,7
57900,19883972,19883978,6
57901,19885342,19885348,6
57902,19885441,19885451,10
57903,19885799,19885808,9
57904,19886396,19886399,3
57905,19886399,19886405,6
57906,19886405,19886417,12
57907,19886417,19886423,6
57908,19886423,19886429,6
57909,19886429,19886435,6
57910,19886659,19886664,5
57911,19888708,19888715,7
57912,19888780,19888787,7
57913,19888947,19888954,7
57914,19889180,19889185,5
57915,19890691,19890696,5
57916,19890913,19890918,5
57917,19891485,19891490,5
57918,19891490,19891495,5
57919,19891609,19891617,8
57920,19891617,19891624,7
57921,19891624,19891634,10
57922,19891634,19891637,3
57923,19891892,19891901,9
57924,19892387,19892395,8
57925,19894306,19894312,6
57926,19894312,19894318,6
57927,19894504,19894510,6
57928,19894548,19894552,4
57929,19894583,19894587,4
57930,19894587,19894591,4
57931,19894762,19894769,7
57932,19894769,19894774,5
57933,19895412,19895424,12
57934,19895424,19895430,6
57935,19896517,19896525,8
57936,19900333,19900341,8
57937,19900441,19900448,7
57938,19901559,19901564,5
57939,19901771,19901776,5
57940,19901776,19901783,7
57941,19902240,19902246,6
57942,19903161,19903164,3
57943,19904171,19904175,4
57944,19904288,19904291,3
57945,19904512,19904515,3
57946,19904515,19904518,3
57947,19905061,19905067,6
57948,19905797,19905802,5
57949,19906155,19906159,4
57950,19906159,19906165,6
57951,19907696,19907734,38
57952,19907734,19907748,14
57953,19907844,19907908,64
57954,19907908,19908048,140
57955,19908048,19908113,65
57956,19908113,19908155,42
57957,19908155,19908232,77
57958,19908232,19908257,25
57959,19908257,19908292,35
57960,19908292,19908314,22
57961,19908314,19908355,41
57962,19908355,19908396,41
57963,19908396,19908411,15
57964,19908411,19908445,34
57965,19908445,19908486,41
57966,19908486,19908544,58
57967,19908544,19908610,66
57968,19908610,19908706,96
57969,19908706,19908731,25
57970,19908731,19908794,63
57971,19908794,19908812,18
57972,19908812,19908883,71
57973,19908883,19908921,38
57974,19908921,19908966,45
57975,19908995,19909027,32
57976,19909027,19909226,199
57977,19909226,19909238,12
57978,19909238,19909317,79
57979,19909317,19909661,344
57980,19909661,19909674,13
57981,19909674,19909717,43
57982,19909717,19909725,8
57983,19909725,19909811,86
57984,19909811,19909826,15
57985,19909826,19909907,81
57986,19909907,19909943,36
57987,19909943,19909952,9
57988,19909952,19909974,22
57989,19909974,19910048,74
57990,19910048,19910124,76
57991,19910124,19910255,131
57992,19910255,19910341,86
57993,19910341,19910344,3
57994,19910344,19910412,68
57995,19910412,19910561,149
57996,19910561,19910593,32
57997,19910593,19910743,150
57998,19910743,19910753,10
57999,19910753,19910853,100
58000,19910853,19910868,15
58001,19910868,19910985,117
58002,19910985,19911098,113
58003,19911098,19911239,141
58004,19911239,19911326,87
58005,19911326,19911351,25
58006,19911351,19911360,9
58007,19911360,19911429,69
58008,19911429,19911493,64
58009,19911493,19911506,13
58010,19911506,19911675,169
58011,19911675,19911757,82
58012,19911757,19911881,124
58013,19911881,19912051,170
58014,19912051,19912213,162
58015,19912213,19912258,45
58016,19912258,19912279,21
58017,19912279,19912285,6
58018,19912285,19912370,85
58019,19912370,19912504,134
58020,19912504,19912553,49
58021,19912553,19912626,73
58022,19912626,19912722,96
58023,19912722,19912846,124
58024,19912846,19912860,14
58025,19912860,19912898,38
58026,19912898,19912912,14
58027,19912912,19913008,96
58028,19913008,19913072,64
58029,19913072,19913212,140
58030,19913212,19913277,65
58031,19913277,19913319,42
58032,19913319,19913396,77
58033,19913396,19913421,25
58034,19913421,19913456,35
58035,19913456,19913478,22
58036,19913478,19913519,41
58037,19913519,19913560,41
58038,19913560,19913575,15
58039,19913575,19913609,34
58040,19913609,19913650,41
58041,19913650,19913708,58
58042,19913708,19913774,66
58043,19913774,19913870,96
58044,19913870,19913895,25
58045,19913895,19913958,63
58046,19913958,19913976,18
58047,19913976,19914047,71
58048,19914047,19914085,38
58049,19914085,19914159,74
58050,19914159,19914191,32
58051,19914191,19914390,199
58052,19914390,19914402,12
58053,19914402,19914481,79
58054,19914481,19914825,344
58055,19914825,19914838,13
58056,19914838,19914881,43
58057,19914881,19914889,8
58058,19914889,19914975,86
58059,19914975,19914990,15
58060,19914990,19915071,81
58061,19915107,19915116,9
58062,19915116,19915138,22
58063,19915138,19915212,74
58064,19915212,19915288,76
58065,19915288,19915419,131
58066,19915419,19915505,86
58067,19915505,19915508,3
58068,19915508,19915576,68
58069,19915576,19915725,149
58070,19915725,19915757,32
58071,19915757,19915907,150
58072,19915907,19915917,10
58073,19915917,19916017,100
58074,19916017,19916032,15
58075,19916032,19916149,117
58076,19916149,19916262,113
58077,19916262,19916403,141
58078,19916403,19916490,87
58079,19916490,19916515,25
58080,19916515,19916524,9
58081,19916524,19916593,69
58082,19916593,19916657,64
58083,19916657,19916670,13
58084,19916670,19916839,169
58085,19916839,19916921,82
58086,19916921,19917045,124
58087,19917045,19917215,170
58088,19917215,19917377,162
58089,19917377,19917422,45
58090,19917422,19917443,21
58091,19917443,19917449,6
58092,19917449,19917534,85
58093,19917534,19917668,134
58094,19917668,19917717,49
58095,19917717,19917790,73
58096,19917790,19917886,96
58097,19917886,19918010,124
58098,19918010,19918024,14
58099,19918024,19918062,38
58100,19918062,19918076,14
58101,19918376,19918441,65
58102,19918560,19918585,25
58103,19918585,19918620,35
58104,19918620,19918642,22
58105,19918642,19918683,41
58106,19918683,19918724,41
58107,19918724,19918739,15
58108,19918739,19918773,34
58109,19918773,19918814,41
58110,19918872,19918938,66
58111,19919034,19919059,25
58112,19919059,19919116,57
58113,19919116,19919134,18
58114,19919206,19919244,38
58115,19919244,19919318,74
58116,19919318,19919350,32
58117,19919350,19919549,199
58118,19919549,19919561,12
58119,19919561,19919640,79
58120,19919640,19919988,348
58121,19919988,19920001,13
58122,19920001,19920044,43
58123,19920044,19920052,8
58124,19920052,19920138,86
58125,19920138,19920153,15
58126,19920153,19920234,81
58127,19920234,19920270,36
58128,19920270,19920279,9
58129,19920279,19920301,22
58130,19920573,19920659,86
58131,19920659,19920662,3
58132,19920662,19921004,342
58133,19921004,19921054,50
58134,19921054,19921092,38
58135,19921092,19921235,143
58136,19921235,19921342,107
58137,19921342,19921436,94
58138,19921436,19921466,30
58139,19921466,19921511,45
58140,19921511,19921545,34
58141,19921582,19921596,14
58142,19921596,19921628,32
58143,19921628,19921645,17
58144,19921645,19921670,25
58145,19921670,19921678,8
58146,19921678,19921755,77
58147,19921755,19921774,19
58148,19921774,19921954,180
58149,19921954,19921971,17
58150,19921971,19921997,26
58151,19921997,19922061,64
58152,19922061,19922145,84
58153,19922145,19922260,115
58154,19922426,19922439,13
58155,19922439,19922661,222
58156,19922661,19922685,24
58157,19922685,19922727,42
58158,19922727,19922748,21
58159,19922748,19923075,327
58160,19923075,19923150,75
58161,19923150,19923220,70
58162,19923220,19923263,43
58163,19923263,19923350,87
58164,19923350,19923411,61
58165,19923411,19923423,12
58166,19923423,19923454,31
58167,19923454,19923484,30
58168,19923484,19923573,89
58169,19923573,19923739,166
58170,19923739,19923816,77
58171,19923816,19923826,10
58172,19923826,19923920,94
58173,19923920,19923954,34
58174,19923954,19924166,212
58175,19924166,19924249,83
58176,19924249,19924256,7
58177,19924256,19924259,3
58178,19924259,19924265,6
58179,19924265,19924274,9
58180,19924274,19924370,96
58181,19924370,19924391,21
58182,19924391,19924426,35
58183,19924426,19924791,365
58184,19924791,19925127,336
58185,19925127,19925243,116
58186,19925243,19925532,289
58187,19925532,19925567,35
58188,19925659,19925662,3
58189,19925662,19925804,142
58190,19925804,19925944,140
58191,19925944,19926015,71
58192,19926015,19926166,151
58193,19926166,19926273,107
58194,19926273,19926315,42
58195,19926315,19926332,17
58196,19926332,19926427,95
58197,19926572,19926609,37
58198,19926609,19926662,53
58199,19926662,19926668,6
58200,19926668,19926673,5
58201,19926673,19927018,345
58202,19927018,19927021,3
58203,19927021,19927067,46
58204,19927067,19927098,31
58205,19927098,19927326,228
58206,19927326,19927413,87
58207,19927413,19927423,10
58208,19927423,19927491,68
58209,19927491,19927514,23
58210,19927514,19927533,19
58211,19927533,19927687,154
58212,19927687,19927733,46
58213,19927733,19927803,70
58214,19927803,19927828,25
58215,19927828,19927885,57
58216,19927885,19927903,18
58217,19927903,19927974,71
58218,19927974,19928086,112
58219,19928086,19928118,32
58220,19928118,19928324,206
58221,19928324,19928336,12
58222,19928336,19928415,79
58223,19928722,19928735,13
58224,19928735,19928778,43
58225,19928778,19928786,8
58226,19928786,19928872,86
58227,19928872,19928887,15
58228,19928887,19928968,81
58229,19929004,19929013,9
58230,19929013,19929035,22
58231,19929035,19929109,74
58232,19929109,19929314,205
58233,19929314,19929400,86
58234,19929400,19929403,3
58235,19929403,19929471,68
58236,19929620,19929652,32
58237,19929652,19929802,150
58238,19929802,19929812,10
58239,19929812,19929912,100
58240,19929912,19929927,15
58241,19929927,19930044,117
58242,19930044,19930157,113
58243,19930157,19930298,141
58244,19930298,19930385,87
58245,19930385,19930410,25
58246,19930410,19930419,9
58247,19930419,19930488,69
58248,19930488,19930552,64
58249,19930552,19930565,13
58250,19930565,19930734,169
58251,19930734,19930816,82
58252,19930816,19931110,294
58253,19931110,19931272,162
58254,19931272,19931317,45
58255,19931317,19931338,21
58256,19931338,19931344,6
58257,19931344,19931429,85
58258,19931429,19931563,134
58259,19931563,19931612,49
58260,19931612,19931685,73
58261,19931685,19931781,96
58262,19931781,19931905,124
58263,19931905,19931919,14
58264,19931919,19931957,38
58265,19931957,19931971,14
58266,19931971,19932067,96
58267,19932067,19932131,64
58268,19932131,19932271,140
58269,19932271,19932336,65
58270,19932336,19932378,42
58271,19932378,19932455,77
58272,19932455,19932480,25
58273,19932480,19932515,35
58274,19932515,19932537,22
58275,19932537,19932578,41
58276,19932578,19932619,41
58277,19932619,19932634,15
58278,19932634,19932668,34
58279,19932668,19932709,41
58280,19932709,19932767,58
58281,19932767,19932833,66
58282,19932833,19932929,96
58283,19932929,19932954,25
58284,19932954,19933017,63
58285,19933017,19933035,18
58286,19933035,19933106,71
58287,19933106,19933144,38
58288,19933144,19933189,45
58289,19933218,19933250,32
58290,19933250,19933449,199
58291,19933449,19933461,12
58292,19933461,19933540,79
58293,19933540,19933847,307
58294,19933847,19933860,13
58295,19933860,19933903,43
58296,19933903,19933911,8
58297,19933911,19933997,86
58298,19933997,19934012,15
58299,19934012,19934093,81
58300,19934093,19934129,36
58301,19934129,19934138,9
58302,19934430,19934516,86
58303,19934516,19934519,3
58304,19934861,19934911,50
58305,19934911,19934949,38
58306,19935199,19935293,94
58307,19935293,19935323,30
58308,19935394,19935402,8
58309,19935474,19935477,3
58310,19935619,19935759,140
58311,19935759,19935830,71
58312,19935830,19935981,151
58313,19935981,19936088,107
58314,19936088,19936130,42
58315,19936130,19936147,17
58316,19936147,19936242,95
58317,19936242,19936388,146
58318,19936388,19936425,37
58319,19936425,19936478,53
58320,19936478,19936484,6
58321,19936484,19936489,5
58322,19936834,19936837,3
58323,19936837,19936883,46
58324,19936883,19936914,31
58325,19936914,19936948,34
58326,19937229,19937239,10
58327,19937239,19937307,68
58328,19937307,19937330,23
58329,19937330,19937349,19
58330,19937349,19937503,154
58331,19937503,19937549,46
58332,19937549,19937619,70
58333,19937619,19937644,25
58334,19937644,19937701,57
58335,19937701,19937719,18
58336,19937719,19937790,71
58337,19937790,19937902,112
58338,19937902,19937934,32
58339,19937934,19938140,206
58340,19938140,19938152,12
58341,19938152,19938231,79
58342,19938231,19938538,307
58343,19938538,19938551,13
58344,19938551,19938594,43
58345,19938594,19938602,8
58346,19938602,19938688,86
58347,19938688,19938703,15
58348,19938703,19938784,81
58349,19938784,19938820,36
58350,19938820,19938829,9
58351,19938829,19938851,22
58352,19938851,19938925,74
58353,19938925,19939130,205
58354,19939130,19939216,86
58355,19939216,19939219,3
58356,19939219,19939287,68
58357,19939436,19939468,32
58358,19939468,19939618,150
58359,19939618,19939628,10
58360,19939628,19939728,100
58361,19939728,19939743,15
58362,19939743,19939860,117
58363,19939860,19939973,113
58364,19939973,19940114,141
58365,19940114,19940201,87
58366,19940201,19940226,25
58367,19940226,19940235,9
58368,19940235,19940304,69
58369,19940304,19940368,64
58370,19940368,19940381,13
58371,19940381,19940550,169
58372,19940550,19940632,82
58373,19940632,19940926,294
58374,19940926,19941088,162
58375,19941088,19941133,45
58376,19941133,19941154,21
58377,19941154,19941160,6
58378,19941160,19941245,85
58379,19941245,19941379,134
58380,19941379,19941428,49
58381,19941428,19941501,73
58382,19941501,19941597,96
58383,19941597,19941721,124
58384,19941721,19941735,14
58385,19941735,19941773,38
58386,19941773,19941787,14
58387,19941787,19941883,96
58388,19941883,19941947,64
58389,19941947,19942087,140
58390,19942087,19942152,65
58391,19942152,19942194,42
58392,19942194,19942271,77
58393,19942271,19942296,25
58394,19942296,19942331,35
58395,19942331,19942353,22
58396,19942353,19942394,41
58397,19942394,19942435,41
58398,19942435,19942450,15
58399,19942450,19942484,34
58400,19942484,19942525,41
58401,19942525,19942583,58
58402,19942583,19942649,66
58403,19942649,19942745,96
58404,19942745,19942770,25
58405,19942770,19942833,63
58406,19942833,19942851,18
58407,19942851,19942922,71
58408,19943034,19943066,32
58409,19943066,19943265,199
58410,19943265,19943277,12
58411,19943277,19943356,79
58412,19943356,19943700,344
58413,19943700,19943713,13
58414,19943713,19943756,43
58415,19943756,19943764,8
58416,19943764,19943850,86
58417,19943850,19943865,15
58418,19943865,19943946,81
58419,19943946,19943982,36
58420,19943982,19943991,9
58421,19944282,19944368,86
58422,19944368,19944371,3
58423,19944371,19944713,342
58424,19944713,19944763,50
58425,19944763,19944801,38
58426,19944801,19944944,143
58427,19944944,19945051,107
58428,19945141,19945171,30
58429,19945171,19945216,45
58430,19945216,19945250,34
58431,19945468,19945608,140
58432,19945608,19945679,71
58433,19945679,19945830,151
58434,19945830,19945943,113
58435,19945943,19945985,42
58436,19945985,19946002,17
58437,19946002,19946097,95
58438,19946097,19946243,146
58439,19946243,19946280,37
58440,19946280,19946333,53
58441,19946333,19946339,6
58442,19946339,19946344,5
58443,19946344,19946689,345
58444,19946689,19946692,3
58445,19946692,19946738,46
58446,19946738,19946769,31
58447,19946769,19946803,34
58448,19947084,19947094,10
58449,19947094,19947162,68
58450,19947162,19947185,23
58451,19947185,19947204,19
58452,19947204,19947358,154
58453,19947358,19947404,46
58454,19947404,19947474,70
58455,19947474,19947499,25
58456,19947499,19947556,57
58457,19947556,19947574,18
58458,19947574,19947645,71
58459,19947645,19947683,38
58460,19947683,19947757,74
58461,19947757,19947789,32
58462,19947987,19947999,12
58463,19947999,19948078,79
58464,19948078,19948426,348
58465,19948426,19948439,13
58466,19948439,19948482,43
58467,19948482,19948490,8
58468,19948490,19948576,86
58469,19948576,19948591,15
58470,19948591,19948672,81
58471,19948672,19948708,36
58472,19948708,19948717,9
58473,19948717,19948739,22
58474,19948739,19949012,273
58475,19949012,19949098,86
58476,19949098,19949101,3
58477,19949101,19949443,342
58478,19949443,19949493,50
58479,19949493,19949531,38
58480,19949531,19949674,143
58481,19949674,19949781,107
58482,19949781,19949875,94
58483,19949875,19949905,30
58484,19949905,19949950,45
58485,19949950,19949984,34
58486,19949984,19950056,72
58487,19950056,19950059,3
58488,19950059,19950201,142
58489,19950201,19950341,140
58490,19950341,19950412,71
58491,19950412,19950563,151
58492,19950563,19950676,113
58493,19950676,19950718,42
58494,19950718,19950735,17
58495,19950735,19950830,95
58496,19950830,19950976,146
58497,19950976,19951013,37
58498,19951013,19951066,53
58499,19951066,19951072,6
58500,19951072,19951077,5
58501,19951422,19951425,3
58502,19951425,19951471,46
58503,19951471,19951502,31
58504,19951502,19951536,34
58505,19951730,19951817,87
58506,19951817,19951827,10
58507,19951827,19951895,68
58508,19951895,19951918,23
58509,19951918,19951937,19
58510,19951937,19952091,154
58511,19952091,19952137,46
58512,19952137,19952207,70
58513,19952207,19952232,25
58514,19952232,19952289,57
58515,19952289,19952307,18
58516,19952379,19952417,38
58517,19952417,19952491,74
58518,19952491,19952523,32
58519,19952523,19952722,199
58520,19952722,19952734,12
58521,19952734,19952813,79
58522,19952813,19953161,348
58523,19953161,19953174,13
58524,19953174,19953217,43
58525,19953217,19953225,8
58526,19953225,19953311,86
58527,19953311,19953326,15
58528,19953326,19953407,81
58529,19953407,19953443,36
58530,19953443,19953452,9
58531,19953452,19953474,22
58532,19953474,19953747,273
58533,19953747,19953833,86
58534,19953833,19953836,3
58535,19953836,19954178,342
58536,19954178,19954228,50
58537,19954228,19954266,38
58538,19954266,19954409,143
58539,19954409,19954516,107
58540,19954516,19954610,94
58541,19954610,19954640,30
58542,19954640,19954685,45
58543,19954685,19954719,34
58544,19954719,19954791,72
58545,19954791,19954794,3
58546,19954794,19954936,142
58547,19954936,19955076,140
58548,19955076,19955147,71
58549,19955147,19955298,151
58550,19955298,19955411,113
58551,19955411,19955453,42
58552,19955453,19955470,17
58553,19955470,19955565,95
58554,19955565,19955711,146
58555,19955711,19955748,37
58556,19955748,19955801,53
58557,19955801,19955807,6
58558,19955807,19955812,5
58559,19956157,19956160,3
58560,19956160,19956206,46
58561,19956206,19956237,31
58562,19956237,19956465,228
58563,19956465,19956552,87
58564,19956552,19956562,10
58565,19956562,19956630,68
58566,19956630,19956653,23
58567,19956653,19956672,19
58568,19956672,19956826,154
58569,19956826,19956872,46
58570,19956872,19956942,70
58571,19956942,19956967,25
58572,19956967,19957024,57
58573,19957024,19957042,18
58574,19957042,19957113,71
58575,19957113,19957151,38
58576,19957151,19957225,74
58577,19957225,19957257,32
58578,19957257,19957456,199
58579,19957456,19957468,12
58580,19957468,19957547,79
58581,19957547,19957895,348
58582,19957895,19957908,13
58583,19957908,19957951,43
58584,19957951,19957959,8
58585,19957959,19958045,86
58586,19958045,19958060,15
58587,19958060,19958141,81
58588,19958141,19958177,36
58589,19958177,19958186,9
58590,19958186,19958208,22
58591,19958479,19958565,86
58592,19958565,19958568,3
58593,19959917,19959922,5
58594,19960224,19960227,3
58595,19960803,19960811,8
58596,19960845,19960861,16
58597,19960861,19960867,6
58598,19961020,19961027,7
58599,19962405,19962410,5
58600,19962790,19962797,7
58601,19962849,19962858,9
58602,19963476,19963484,8
58603,19963865,19963872,7
58604,19963891,19963899,8
58605,19965078,19965082,4
58606,19965094,19965103,9
58607,19965368,19965374,6
58608,19965427,19965435,8
58609,19965606,19965616,10
58610,19965648,19965652,4
58611,19965795,19965798,3
58612,19966164,19966171,7
58613,19966286,19966291,5
58614,19966305,19966313,8
58615,19966413,19966416,3
58616,19966416,19966425,9
58617,19966524,19966529,5
58618,19966855,19966858,3
58619,19966967,19966974,7
58620,19967151,19967157,6
58621,19967324,19967334,10
58622,19967559,19967565,6
58623,19967565,19967571,6
58624,19967571,19967577,6
58625,19967966,19967971,5
58626,19967971,19967977,6
58627,19967977,19967984,7
58628,19968212,19968218,6
58629,19968218,19968224,6
58630,19968224,19968230,6
58631,19968540,19968548,8
58632,19968611,19968614,3
58633,19969093,19969096,3
58634,19969125,19969129,4
58635,19970666,19970672,6
58636,19970729,19970736,7
58637,19970736,19970748,12
58638,19970748,19970754,6
58639,19970754,19970760,6
58640,19970847,19970853,6
58641,19971848,19971854,6
58642,19971854,19971860,6
58643,19971860,19971866,6
58644,19971866,19971878,12
58645,19971878,19971890,12
58646,19971890,19971899,9
58647,19972511,19972518,7
58648,19973317,19973320,3
58649,19974250,19974253,3
58650,19974434,19974438,4
58651,19974878,19974884,6
58652,19975714,19975717,3
58653,19975824,19975831,7
58654,19975859,19975865,6
58655,19976014,19976022,8
58656,19976022,19976030,8
58657,19976551,19976557,6
58658,19979011,19979015,4
58659,19979798,19979804,6
58660,19979804,19979810,6
58661,19979810,19979816,6
58662,19980061,19980066,5
58663,19980066,19980071,5
58664,19983003,19983008,5
58665,19983379,19983384,5
58666,19983494,19983501,7
58667,19984503,19984506,3
58668,19984930,19984939,9
58669,19984939,19984949,10
58670,19985184,19985195,11
58671,19985667,19985673,6
58672,19985673,19985681,8
58673,19986414,19986417,3
58674,19986570,19986579,9
58675,19987265,19987269,4
58676,19987330,19987338,8
58677,19988460,19988468,8
58678,19988782,19988788,6
58679,19988919,19988929,10
58680,19989108,19989118,10
58681,19990091,19990095,4
58682,19990214,19990220,6
58683,19991390,19991393,3
58684,19991501,19991510,9
58685,19992428,19992432,4
58686,19992432,19992438,6
58687,19993378,19993384,6
58688,19994206,19994215,9
58689,19994562,19994568,6
58690,19995712,19995719,7
58691,19997641,19997648,7
58692,19998763,19998771,8
58693,19998969,19998975,6
58694,19999130,19999133,3
58695,19999412,19999421,9
58696,20000634,20000643,9
58697,20000643,20000651,8
58698,20000688,20000697,9
58699,20000697,20000700,3
58700,20001176,20001180,4
58701,20001180,20001184,4
58702,20001375,20001380,5
58703,20001801,20001810,9
58704,20001915,20001918,3
58705,20001918,20001922,4
58706,20001976,20001983,7
58707,20002179,20002187,8
58708,20003026,20003035,9
58709,20003333,20003338,5
58710,20003905,20003909,4
58711,20003909,20003918,9
58712,20005843,20005851,8
58713,20005961,20005967,6
58714,20006541,20006548,7
58715,20007674,20007683,9
58716,20008015,20008018,3
58717,20009469,20009474,5
58718,20009647,20009656,9
58719,20009656,20009659,3
58720,20010734,20010741,7
58721,20010741,20010748,7
58722,20010748,20010755,7
58723,20010893,20010900,7
58724,20011159,20011162,3
58725,20011282,20011292,10
58726,20011624,20011630,6
58727,20012941,20012950,9
58728,20013033,20013036,3
58729,20013036,20013039,3
58730,20013954,20013959,5
58731,20015366,20015372,6
58732,20015571,20015579,8
58733,20015579,20015587,8
58734,20016784,20016791,7
58735,20017559,20017562,3
58736,20017562,20017569,7
58737,20018302,20018308,6
58738,20019533,20019538,5
58739,20019990,20020000,10
58740,20020398,20020403,5
58741,20020732,20020739,7
58742,20022115,20022122,7
58743,20023035,20023040,5
58744,20024308,20024316,8
58745,20026148,20026151,3
58746,20026748,20026755,7
58747,20026821,20026830,9
58748,20027559,20027562,3
58749,20027715,20027718,3
58750,20028225,20028234,9
58751,20028486,20028495,9
58752,20029776,20029783,7
58753,20030610,20030615,5
58754,20030615,20030619,4
58755,20030772,20030780,8
58756,20030780,20030784,4
58757,20030798,20030803,5
58758,20030894,20030897,3
58759,20031767,20031773,6
58760,20031893,20031898,5
58761,20033085,20033089,4
58762,20033530,20033644,114
58763,20033644,20033664,20
58764,20033664,20033798,134
58765,20033798,20033910,112
58766,20033910,20034257,347
58767,20034257,20034293,36
58768,20034293,20034323,30
58769,20034323,20034340,17
58770,20034340,20034387,47
58771,20034387,20034413,26
58772,20034413,20034593,180
58773,20034593,20034634,41
58774,20034634,20034640,6
58775,20034640,20034686,46
58776,20034686,20034702,16
58777,20034702,20034940,238
58778,20034940,20035138,198
58779,20035138,20035200,62
58780,20035200,20035463,263
58781,20035463,20035479,16
58782,20035479,20035520,41
58783,20035520,20035566,46
58784,20035566,20035622,56
58785,20035622,20035639,17
58786,20035639,20035699,60
58787,20035699,20035717,18
58788,20035760,20035773,13
58789,20035773,20035872,99
58790,20035872,20036129,257
58791,20036129,20036202,73
58792,20036202,20036273,71
58793,20036273,20036276,3
58794,20036276,20036312,36
58795,20036312,20036356,44
58796,20036356,20036381,25
58797,20036381,20036680,299
58798,20036680,20036794,114
58799,20036794,20036814,20
58800,20037033,20037039,6
58801,20037621,20037625,4
58802,20038634,20038641,7
58803,20043005,20043010,5
58804,20043010,20043015,5
58805,20043015,20043025,10
58806,20043286,20043295,9
58807,20045170,20045176,6
58808,20047290,20047293,3
58809,20047870,20047878,8
58810,20048971,20048979,8
58811,20049389,20049396,7
58812,20050970,20050976,6
58813,20051102,20051105,3
58814,20051105,20051113,8
58815,20051968,20051974,6
58816,20053130,20053133,3
58817,20054366,20054370,4
58818,20054370,20054377,7
58819,20055496,20055501,5
58820,20055501,20055507,6
58821,20056651,20056656,5
58822,20056923,20056936,13
58823,20058763,20058771,8
58824,20058771,20058775,4
58825,20058775,20058779,4
58826,20058779,20058783,4
58827,20058783,20058787,4
58828,20059183,20059190,7
58829,20059809,20059815,6
58830,20061651,20061658,7
58831,20061777,20061784,7
58832,20062270,20062277,7
58833,20062311,20062319,8
58834,20062561,20062567,6
58835,20062610,20062613,3
58836,20062613,20062618,5
58837,20063339,20063348,9
58838,20063505,20063514,9
58839,20064000,20064005,5
58840,20064005,20064010,5
58841,20064010,20064019,9
58842,20065459,20065468,9
58843,20065468,20065474,6
58844,20065474,20065477,3
58845,20065525,20065528,3
58846,20067951,20067959,8
58847,20068829,20068832,3
58848,20068960,20068966,6
58849,20069008,20069014,6
58850,20069014,20069021,7
58851,20071000,20071003,3
58852,20071410,20071418,8
58853,20071418,20071427,9
58854,20071427,20071436,9
58855,20071436,20071445,9
58856,20071445,20071454,9
58857,20071695,20071700,5
58858,20071752,20071761,9
58859,20071761,20071766,5
58860,20071790,20071796,6
58861,20071876,20071879,3
58862,20071879,20071884,5
58863,20073514,20073520,6
58864,20073823,20073826,3
58865,20076128,20076137,9
58866,20076317,20076326,9
58867,20077399,20077407,8
58868,20077802,20077811,9
58869,20077811,20077820,9
58870,20077820,20077829,9
58871,20079330,20079334,4
58872,20079741,20079744,3
58873,20079808,20079815,7
58874,20080705,20080713,8
58875,20081088,20081094,6
58876,20081288,20081295,7
58877,20081408,20081414,6
58878,20081726,20081732,6
58879,20082125,20082129,4
58880,20083477,20083484,7
58881,20084650,20084655,5
58882,20084858,20084866,8
58883,20085149,20085160,11
58884,20085180,20085186,6
58885,20085186,20085190,4
58886,20085190,20085194,4
58887,20087052,20087059,7
58888,20087213,20087218,5
58889,20088000,20088008,8
58890,20089008,20089016,8
58891,20089230,20089236,6
58892,20089236,20089242,6
58893,20091631,20091634,3
58894,20091688,20091694,6
58895,20091694,20091700,6
58896,20091700,20091706,6
58897,20091706,20091715,9
58898,20091715,20091724,9
58899,20091874,20091880,6
58900,20092341,20092346,5
58901,20092515,20092522,7
58902,20092884,20092887,3
58903,20093862,20093868,6
58904,20094216,20094219,3
58905,20094230,20094234,4
58906,20094681,20094684,3
58907,20095587,20095596,9
58908,20095689,20095700,11
58909,20095700,20095703,3
58910,20096293,20096302,9
58911,20096636,20096644,8
58912,20096743,20096754,11
58913,20096912,20096925,13
58914,20097146,20097153,7
58915,20097216,20097221,5
58916,20097770,20097777,7
58917,20097823,20097827,4
58918,20097827,20097836,9
58919,20098711,20098715,4
58920,20099996,20100001,5
58921,20100172,20100182,10
58922,20100296,20100301,5
58923,20101123,20101127,4
58924,20101150,20101160,10
58925,20101172,20101180,8
58926,20101180,20101188,8
58927,20101398,20101401,3
58928,20101983,20101993,10
58929,20102212,20102217,5
58930,20102217,20102225,8
58931,20102225,20102234,9
58932,20102301,20102307,6
58933,20102338,20102346,8
58934,20102444,20102450,6
58935,20102450,20102468,18
58936,20102577,20102593,16
58937,20102593,20102598,5
58938,20102723,20102737,14
58939,20105524,20105530,6
58940,20105808,20105816,8
58941,20107241,20107246,5
58942,20109067,20109074,7
58943,20110067,20110072,5
58944,20110757,20110760,3
58945,20111155,20111162,7
58946,20111380,20111388,8
58947,20111487,20111498,11
58948,20111655,20111668,13
58949,20111942,20111947,5
58950,20112832,20112838,6
58951,20113004,20113009,5
58952,20113569,20113575,6
58953,20114034,20114040,6
58954,20114606,20114614,8
58955,20115489,20115495,6
58956,20115783,20115790,7
58957,20115914,20115920,6
58958,20115920,20115926,6
58959,20116234,20116243,9
58960,20116696,20116700,4
58961,20118155,20118163,8
58962,20118163,20118171,8
58963,20118402,20118410,8
58964,20118800,20118805,5
58965,20120144,20120153,9
58966,20121727,20121730,3
58967,20122118,20122125,7
58968,20123447,20123454,7
58969,20123515,20123519,4
58970,20124046,20124053,7
58971,20124263,20124269,6
58972,20124348,20124353,5
58973,20124503,20124510,7
58974,20125018,20125023,5
58975,20125352,20125355,3
58976,20125427,20125433,6
58977,20125604,20125611,7
58978,20126250,20126259,9
58979,20127144,20127149,5
58980,20128498,20128505,7
58981,20128505,20128512,7
58982,20128512,20128519,7
58983,20128667,20128675,8
58984,20128702,20128705,3
58985,20128705,20128712,7
58986,20129907,20129915,8
58987,20130924,20130930,6
58988,20130955,20130961,6
58989,20131033,20131040,7
58990,20131040,20131047,7
58991,20131047,20131054,7
58992,20131355,20131360,5
58993,20132352,20132358,6
58994,20132358,20132366,8
58995,20132376,20132381,5
58996,20132491,20132494,3
58997,20132494,20132502,8
58998,20132502,20132510,8
58999,20132870,20132877,7
59000,20133273,20133280,7
59001,20134085,20134091,6
59002,20134524,20134529,5
59003,20134529,20134534,5
59004,20134611,20134614,3
59005,20134926,20134932,6
59006,20134942,20134953,11
59007,20139661,20139665,4
59008,20139905,20139915,10
59009,20140062,20140067,5
59010,20140147,20140155,8
59011,20140155,20140158,3
59012,20140158,20140165,7
59013,20140205,20140211,6
59014,20140211,20140218,7
59015,20140299,20140314,15
59016,20140395,20140411,16
59017,20140570,20140577,7
59018,20141513,20141517,4
59019,20142429,20142434,5
59020,20142742,20142750,8
59021,20142750,20142753,3
59022,20143032,20143038,6
59023,20143112,20143116,4
59024,20143539,20143546,7
59025,20143715,20143721,6
59026,20143835,20143844,9
59027,20143911,20143919,8
59028,20144484,20144493,9
59029,20145244,20145248,4
59030,20145248,20145254,6
59031,20145319,20145322,3
59032,20145633,20145637,4
59033,20145637,20145642,5
59034,20145934,20145939,5
59035,20145950,20145958,8
59036,20145958,20145962,4
59037,20146104,20146114,10
59038,20146114,20146118,4
59039,20146174,20146181,7
59040,20146437,20146442,5
59041,20146619,20146631,12
59042,20147122,20147127,5
59043,20148368,20148372,4
59044,20148814,20148817,3
59045,20149106,20149115,9
59046,20149263,20149270,7
59047,20149327,20149330,3
59048,20149767,20149773,6
59049,20150184,20150191,7
59050,20150513,20150518,5
59051,20151242,20151245,3
59052,20151358,20151367,9
59053,20151948,20151951,3
59054,20154322,20154328,6
59055,20154874,20154877,3
59056,20154877,20154885,8
59057,20155628,20155636,8
59058,20155740,20155744,4
59059,20156858,20156862,4
59060,20158198,20158207,9
59061,20158277,20158282,5
59062,20158282,20158290,8
59063,20158290,20158300,10
59064,20158925,20158928,3
59065,20159880,20159890,10
59066,20159890,20159894,4
59067,20160398,20160406,8
59068,20160406,20160413,7
59069,20160413,20160419,6
59070,20160419,20160426,7
59071,20160426,20160434,8
59072,20160434,20160442,8
59073,20160755,20160760,5
59074,20161275,20161281,6
59075,20161281,20161287,6
59076,20161287,20161293,6
59077,20161293,20161299,6
59078,20161299,20161305,6
59079,20161305,20161308,3
59080,20161434,20161441,7
59081,20162421,20162426,5
59082,20162774,20162781,7
59083,20162795,20162800,5
59084,20163448,20163500,52
59085,20163500,20163525,25
59086,20163525,20163529,4
59087,20163529,20163660,131
59088,20163700,20163752,52
59089,20163752,20163777,25
59090,20163777,20163781,4
59091,20163781,20163912,131
59092,20163912,20163950,38
59093,20163950,20164006,56
59094,20164006,20164031,25
59095,20164031,20164035,4
59096,20164035,20164166,131
59097,20164204,20164260,56
59098,20164260,20164285,25
59099,20164285,20164289,4
59100,20164289,20164421,132
59101,20164421,20164459,38
59102,20164459,20164515,56
59103,20164515,20164540,25
59104,20164540,20164544,4
59105,20164544,20164676,132
59106,20164676,20164714,38
59107,20164714,20164770,56
59108,20164770,20164795,25
59109,20164795,20164799,4
59110,20164799,20164930,131
59111,20164930,20164968,38
59112,20164968,20165024,56
59113,20165049,20165053,4
59114,20165852,20165860,8
59115,20165860,20165868,8
59116,20165927,20165935,8
59117,20165935,20165939,4
59118,20166269,20166277,8
59119,20166729,20166734,5
59120,20168270,20168278,8
59121,20168278,20168288,10
59122,20168288,20168294,6
59123,20168294,20168300,6
59124,20169608,20169613,5
59125,20169613,20169619,6
59126,20169933,20169940,7
59127,20169993,20170001,8
59128,20170001,20170007,6
59129,20170775,20170781,6
59130,20170781,20170787,6
59131,20171382,20171389,7
59132,20171389,20171396,7
59133,20171396,20171403,7
59134,20171403,20171410,7
59135,20171533,20171598,65
59136,20171598,20171681,83
59137,20171681,20171768,87
59138,20171768,20171822,54
59139,20171822,20171828,6
59140,20172019,20172029,10
59141,20172029,20172070,41
59142,20172070,20172106,36
59143,20172106,20172124,18
59144,20172124,20172127,3
59145,20172127,20172133,6
59146,20172133,20172350,217
59147,20172350,20172362,12
59148,20172911,20172914,3
59149,20173811,20173818,7
59150,20173818,20173823,5
59151,20174006,20174011,5
59152,20174615,20174626,11
59153,20174626,20174658,32
59154,20174658,20174717,59
59155,20174949,20175019,70
59156,20175019,20175030,11
59157,20175030,20175041,11
59158,20175041,20175135,94
59159,20175135,20175160,25
59160,20175160,20175262,102
59161,20175262,20175270,8
59162,20175270,20175320,50
59163,20175320,20175380,60
59164,20175380,20175423,43
59165,20175423,20175434,11
59166,20175434,20175621,187
59167,20175621,20175685,64
59168,20175685,20175723,38
59169,20175723,20175768,45
59170,20175768,20175819,51
59171,20175819,20175864,45
59172,20175864,20175949,85
59173,20175949,20176093,144
59174,20176093,20176134,41
59175,20176134,20176211,77
59176,20176211,20176265,54
59177,20176265,20176280,15
59178,20176280,20176324,44
59179,20176324,20176491,167
59180,20176491,20176495,4
59181,20176495,20176500,5
59182,20176500,20176505,5
59183,20176505,20176510,5
59184,20176510,20176538,28
59185,20176641,20176655,14
59186,20176655,20176664,9
59187,20176664,20176669,5
59188,20176669,20176805,136
59189,20176805,20176865,60
59190,20176865,20176869,4
59191,20176869,20177028,159
59192,20177028,20177073,45
59193,20177073,20177086,13
59194,20177086,20177152,66
59195,20177152,20177166,14
59196,20177166,20177170,4
59197,20177170,20177176,6
59198,20177176,20177188,12
59199,20177188,20177196,8
59200,20177196,20177200,4
59201,20177200,20177217,17
59202,20177217,20177278,61
59203,20177278,20177359,81
59204,20177359,20177382,23
59205,20177382,20177396,14
59206,20177396,20177437,41
59207,20177437,20177449,12
59208,20177449,20177484,35
59209,20177484,20177488,4
59210,20177488,20177535,47
59211,20177535,20177566,31
59212,20177566,20177569,3
59213,20177569,20177664,95
59214,20177664,20177694,30
59215,20177694,20177773,79
59216,20177773,20177780,7
59217,20177780,20177809,29
59218,20177809,20177908,99
59219,20177908,20177974,66
59220,20177974,20178084,110
59221,20178084,20178088,4
59222,20178088,20178198,110
59223,20178198,20178215,17
59224,20178215,20178242,27
59225,20178242,20178483,241
59226,20178483,20178589,106
59227,20178589,20178611,22
59228,20178611,20178630,19
59229,20178630,20178656,26
59230,20178656,20178696,40
59231,20178696,20178761,65
59232,20178761,20178844,83
59233,20178844,20178931,87
59234,20178931,20178985,54
59235,20178985,20178991,6
59236,20178991,20179027,36
59237,20179027,20179182,155
59238,20179182,20179192,10
59239,20179192,20179233,41
59240,20179233,20179269,36
59241,20179269,20179287,18
59242,20179287,20179290,3
59243,20179290,20179296,6
59244,20179296,20179513,217
59245,20179513,20179525,12
59246,20179525,20179597,72
59247,20179597,20179718,121
59248,20179718,20179723,5
59249,20179723,20179755,32
59250,20179755,20179781,26
59251,20179781,20179790,9
59252,20179790,20180009,219
59253,20180009,20180018,9
59254,20180018,20180117,99
59255,20180117,20180154,37
59256,20180154,20180173,19
59257,20180173,20180197,24
59258,20180197,20180262,65
59259,20180262,20180297,35
59260,20180297,20180369,72
59261,20180369,20180563,194
59262,20180563,20180588,25
59263,20180588,20180672,84
59264,20180672,20180765,93
59265,20180765,20180871,106
59266,20180871,20181026,155
59267,20181026,20181047,21
59268,20181047,20181118,71
59269,20181118,20181150,32
59270,20181150,20181153,3
59271,20181153,20181175,22
59272,20181175,20181273,98
59273,20181273,20181303,30
59274,20181303,20181341,38
59275,20181341,20181402,61
59276,20181402,20181446,44
59277,20181446,20181592,146
59278,20181592,20181721,129
59279,20181721,20181809,88
59280,20181809,20181926,117
59281,20181995,20182020,25
59282,20182020,20182153,133
59283,20182153,20182175,22
59284,20182175,20182233,58
59285,20182233,20182243,10
59286,20182243,20182288,45
59287,20182288,20182364,76
59288,20182364,20182375,11
59289,20182375,20182407,32
59290,20182407,20182466,59
59291,20182466,20182485,19
59292,20182485,20182576,91
59293,20182576,20182618,42
59294,20182618,20182776,158
59295,20182776,20182846,70
59296,20182846,20182857,11
59297,20182857,20182868,11
59298,20182962,20182987,25
59299,20183089,20183097,8
59300,20183097,20183147,50
59301,20183147,20183207,60
59302,20183207,20183250,43
59303,20183250,20183261,11
59304,20183261,20183448,187
59305,20183448,20183512,64
59306,20183512,20183550,38
59307,20183550,20183595,45
59308,20183595,20183646,51
59309,20183646,20183691,45
59310,20183691,20183776,85
59311,20183776,20183823,47
59312,20183823,20183915,92
59313,20183915,20184013,98
59314,20184013,20184033,20
59315,20184033,20184087,54
59316,20184087,20184102,15
59317,20184102,20184146,44
59318,20184146,20184313,167
59319,20184313,20184317,4
59320,20184317,20184322,5
59321,20184322,20184327,5
59322,20184327,20184332,5
59323,20184332,20184360,28
59324,20184360,20184463,103
59325,20184463,20184477,14
59326,20184477,20184486,9
59327,20184486,20184491,5
59328,20184491,20184627,136
59329,20184627,20184687,60
59330,20184687,20184691,4
59331,20184691,20184850,159
59332,20184850,20184895,45
59333,20184895,20184908,13
59334,20184908,20184974,66
59335,20184974,20184988,14
59336,20184988,20184992,4
59337,20184992,20184998,6
59338,20184998,20185010,12
59339,20185010,20185018,8
59340,20185018,20185022,4
59341,20185022,20185039,17
59342,20185039,20185100,61
59343,20185100,20185154,54
59344,20185154,20185181,27
59345,20185181,20185204,23
59346,20185204,20185218,14
59347,20185218,20185259,41
59348,20185259,20185271,12
59349,20185271,20185306,35
59350,20185306,20185310,4
59351,20185310,20185357,47
59352,20185357,20185388,31
59353,20185388,20185391,3
59354,20185391,20185486,95
59355,20185486,20185516,30
59356,20185516,20185648,132
59357,20185648,20185655,7
59358,20185655,20185684,29
59359,20185684,20185783,99
59360,20185783,20185849,66
59361,20185849,20185959,110
59362,20185959,20185963,4
59363,20185963,20186073,110
59364,20186073,20186090,17
59365,20186090,20186117,27
59366,20186117,20186358,241
59367,20186358,20186464,106
59368,20186464,20186486,22
59369,20186486,20186505,19
59370,20186505,20186531,26
59371,20186531,20186571,40
59372,20186571,20186636,65
59373,20186636,20186719,83
59374,20186719,20186806,87
59375,20186806,20186860,54
59376,20186860,20186866,6
59377,20186866,20186902,36
59378,20186902,20187057,155
59379,20187057,20187067,10
59380,20187067,20187108,41
59381,20187108,20187144,36
59382,20187144,20187162,18
59383,20187162,20187165,3
59384,20187165,20187171,6
59385,20187171,20187388,217
59386,20187388,20187400,12
59387,20187400,20187472,72
59388,20187593,20187598,5
59389,20187598,20187630,32
59390,20187630,20187656,26
59391,20187884,20187893,9
59392,20187992,20188029,37
59393,20188029,20188048,19
59394,20188048,20188072,24
59395,20188229,20188423,194
59396,20188423,20188448,25
59397,20188448,20188532,84
59398,20188532,20188625,93
59399,20188625,20188731,106
59400,20188731,20188886,155
59401,20188886,20188907,21
59402,20188907,20188978,71
59403,20188978,20189013,35
59404,20189013,20189035,22
59405,20189035,20189133,98
59406,20189133,20189163,30
59407,20189163,20189201,38
59408,20189201,20189262,61
59409,20189262,20189306,44
59410,20189306,20189452,146
59411,20189452,20189669,217
59412,20189669,20189786,117
59413,20189786,20189907,121
59414,20189907,20189929,22
59415,20189929,20189987,58
59416,20189987,20189997,10
59417,20189997,20190042,45
59418,20190042,20190118,76
59419,20190118,20190131,13
59420,20190131,20190190,59
59421,20190190,20190209,19
59422,20190209,20190265,56
59423,20190265,20190342,77
59424,20190342,20190500,158
59425,20190500,20190570,70
59426,20190570,20190581,11
59427,20190581,20190592,11
59428,20190592,20190686,94
59429,20190686,20190711,25
59430,20190711,20190813,102
59431,20190813,20190821,8
59432,20190821,20190871,50
59433,20190871,20190931,60
59434,20190931,20190974,43
59435,20190974,20190985,11
59436,20190985,20191172,187
59437,20191172,20191236,64
59438,20191236,20191274,38
59439,20191274,20191319,45
59440,20191319,20191370,51
59441,20191370,20191415,45
59442,20191415,20191500,85
59443,20191500,20191644,144
59444,20191644,20191685,41
59445,20191685,20191762,77
59446,20191762,20191816,54
59447,20191816,20191831,15
59448,20191831,20191875,44
59449,20191875,20192042,167
59450,20192042,20192046,4
59451,20192046,20192051,5
59452,20192051,20192056,5
59453,20192056,20192061,5
59454,20192061,20192089,28
59455,20192089,20192192,103
59456,20192192,20192206,14
59457,20192206,20192215,9
59458,20192215,20192220,5
59459,20192220,20192356,136
59460,20192356,20192416,60
59461,20192416,20192420,4
59462,20192420,20192579,159
59463,20192579,20192624,45
59464,20192624,20192637,13
59465,20192637,20192703,66
59466,20192703,20192717,14
59467,20192717,20192721,4
59468,20192721,20192727,6
59469,20192727,20192739,12
59470,20192739,20192747,8
59471,20192747,20192751,4
59472,20192751,20192768,17
59473,20192768,20192829,61
59474,20192829,20192910,81
59475,20192910,20192933,23
59476,20192933,20192947,14
59477,20192947,20192988,41
59478,20192988,20193000,12
59479,20193000,20193035,35
59480,20193035,20193039,4
59481,20193039,20193086,47
59482,20193086,20193117,31
59483,20193117,20193120,3
59484,20193120,20193215,95
59485,20193215,20193245,30
59486,20193245,20193377,132
59487,20193377,20193384,7
59488,20193384,20193413,29
59489,20193413,20193512,99
59490,20193512,20193579,67
59491,20193579,20193689,110
59492,20193689,20193693,4
59493,20193693,20193803,110
59494,20193803,20193820,17
59495,20193820,20193847,27
59496,20193847,20194088,241
59497,20194088,20194194,106
59498,20194194,20194216,22
59499,20194216,20194235,19
59500,20194235,20194261,26
59501,20194261,20194301,40
59502,20194301,20194366,65
59503,20194366,20194449,83
59504,20194449,20194536,87
59505,20194536,20194590,54
59506,20194590,20194596,6
59507,20194596,20194632,36
59508,20194632,20194787,155
59509,20194787,20194797,10
59510,20194797,20194838,41
59511,20194838,20194874,36
59512,20194874,20194892,18
59513,20194892,20194895,3
59514,20194895,20194901,6
59515,20194901,20195122,221
59516,20195122,20195134,12
59517,20195134,20195206,72
59518,20195206,20195327,121
59519,20195327,20195332,5
59520,20195332,20195364,32
59521,20195364,20195390,26
59522,20195390,20195399,9
59523,20195399,20195618,219
59524,20195618,20195627,9
59525,20195627,20195726,99
59526,20195726,20195763,37
59527,20195763,20195782,19
59528,20195782,20195806,24
59529,20195806,20195871,65
59530,20195871,20195906,35
59531,20195906,20195978,72
59532,20195978,20196172,194
59533,20196172,20196197,25
59534,20196197,20196281,84
59535,20196281,20196447,166
59536,20196447,20196602,155
59537,20196602,20196623,21
59538,20196623,20196694,71
59539,20196694,20196729,35
59540,20196729,20196751,22
59541,20196751,20196849,98
59542,20196849,20196879,30
59543,20196879,20196917,38
59544,20196917,20196978,61
59545,20196978,20197022,44
59546,20197022,20197168,146
59547,20197168,20197385,217
59548,20197385,20197502,117
59549,20197502,20197623,121
59550,20197623,20197645,22
59551,20197645,20197703,58
59552,20197703,20197713,10
59553,20197713,20197758,45
59554,20197758,20197834,76
59555,20197834,20197847,13
59556,20197847,20197906,59
59557,20197906,20197925,19
59558,20197925,20197981,56
59559,20197981,20198058,77
59560,20198058,20198216,158
59561,20198216,20198286,70
59562,20198286,20198297,11
59563,20198297,20198308,11
59564,20198308,20198402,94
59565,20198402,20198427,25
59566,20198427,20198529,102
59567,20198529,20198537,8
59568,20198537,20198587,50
59569,20198587,20198647,60
59570,20198647,20198690,43
59571,20198690,20198701,11
59572,20198701,20198888,187
59573,20198888,20198952,64
59574,20198952,20198990,38
59575,20198990,20199035,45
59576,20199035,20199086,51
59577,20199086,20199131,45
59578,20199131,20199216,85
59579,20199216,20199360,144
59580,20199360,20199401,41
59581,20199401,20199478,77
59582,20199478,20199532,54
59583,20199532,20199547,15
59584,20199547,20199591,44
59585,20199591,20199758,167
59586,20199758,20199762,4
59587,20199762,20199767,5
59588,20199767,20199772,5
59589,20199772,20199777,5
59590,20199777,20199805,28
59591,20199805,20199908,103
59592,20199908,20199922,14
59593,20199922,20199931,9
59594,20199931,20199936,5
59595,20199936,20200072,136
59596,20200072,20200132,60
59597,20200132,20200136,4
59598,20200136,20200295,159
59599,20200295,20200340,45
59600,20200340,20200353,13
59601,20200353,20200419,66
59602,20200419,20200433,14
59603,20200433,20200437,4
59604,20200437,20200443,6
59605,20200443,20200455,12
59606,20200455,20200463,8
59607,20200463,20200467,4
59608,20200467,20200484,17
59609,20200484,20200545,61
59610,20200545,20200626,81
59611,20200626,20200649,23
59612,20200649,20200663,14
59613,20200663,20200704,41
59614,20200704,20200716,12
59615,20200716,20200751,35
59616,20200751,20200755,4
59617,20200755,20200802,47
59618,20200802,20200833,31
59619,20200833,20200836,3
59620,20200836,20200931,95
59621,20200931,20200961,30
59622,20200961,20201093,132
59623,20201093,20201100,7
59624,20201100,20201129,29
59625,20201129,20201228,99
59626,20201228,20201295,67
59627,20201295,20201405,110
59628,20201405,20201409,4
59629,20201409,20201519,110
59630,20201519,20201536,17
59631,20201536,20201563,27
59632,20201563,20201804,241
59633,20201804,20201910,106
59634,20201910,20201932,22
59635,20201932,20201951,19
59636,20201951,20201977,26
59637,20201977,20202017,40
59638,20202017,20202082,65
59639,20202082,20202165,83
59640,20202165,20202252,87
59641,20202252,20202306,54
59642,20202306,20202312,6
59643,20202312,20202348,36
59644,20202348,20202503,155
59645,20202503,20202513,10
59646,20202513,20202554,41
59647,20202554,20202590,36
59648,20202590,20202608,18
59649,20202608,20202611,3
59650,20202611,20202617,6
59651,20202617,20202838,221
59652,20202838,20202850,12
59653,20202850,20202922,72
59654,20202922,20203043,121
59655,20203043,20203048,5
59656,20203048,20203080,32
59657,20203080,20203106,26
59658,20203106,20203115,9
59659,20203115,20203334,219
59660,20203334,20203343,9
59661,20203343,20203442,99
59662,20203442,20203479,37
59663,20203479,20203498,19
59664,20203498,20203522,24
59665,20203522,20203587,65
59666,20203587,20203622,35
59667,20203622,20203694,72
59668,20203896,20203921,25
59669,20203921,20204005,84
59670,20204005,20204171,166
59671,20204171,20204326,155
59672,20204326,20204347,21
59673,20204347,20204418,71
59674,20204418,20204453,35
59675,20204453,20204475,22
59676,20204475,20204573,98
59677,20204573,20204603,30
59678,20204603,20204641,38
59679,20204641,20204702,61
59680,20204702,20204746,44
59681,20204746,20204892,146
59682,20205109,20205226,117
59683,20205226,20205347,121
59684,20205347,20205369,22
59685,20205369,20205427,58
59686,20205427,20205437,10
59687,20205437,20205482,45
59688,20205482,20205558,76
59689,20205558,20205571,13
59690,20205571,20205630,59
59691,20205630,20205649,19
59692,20205649,20205705,56
59693,20205705,20205782,77
59694,20205782,20205940,158
59695,20205940,20206010,70
59696,20206010,20206021,11
59697,20206021,20206032,11
59698,20206032,20206126,94
59699,20206126,20206151,25
59700,20206151,20206253,102
59701,20206253,20206261,8
59702,20206261,20206311,50
59703,20206311,20206371,60
59704,20206371,20206414,43
59705,20206414,20206425,11
59706,20206425,20206612,187
59707,20206612,20206676,64
59708,20206676,20206714,38
59709,20206714,20206759,45
59710,20206759,20206810,51
59711,20206810,20206855,45
59712,20206855,20206940,85
59713,20206940,20207084,144
59714,20207084,20207125,41
59715,20207125,20207202,77
59716,20207202,20207256,54
59717,20207256,20207271,15
59718,20207271,20207315,44
59719,20207315,20207482,167
59720,20207482,20207486,4
59721,20207486,20207491,5
59722,20207491,20207496,5
59723,20207496,20207501,5
59724,20207501,20207529,28
59725,20207529,20207632,103
59726,20207632,20207646,14
59727,20207646,20207655,9
59728,20207655,20207660,5
59729,20207796,20207856,60
59730,20207856,20207860,4
59731,20207860,20208019,159
59732,20208019,20208064,45
59733,20208064,20208077,13
59734,20208077,20208143,66
59735,20208143,20208157,14
59736,20208157,20208161,4
59737,20208161,20208167,6
59738,20208167,20208179,12
59739,20208179,20208187,8
59740,20208187,20208191,4
59741,20208191,20208208,17
59742,20208208,20208269,61
59743,20208269,20208323,54
59744,20208323,20208350,27
59745,20208350,20208373,23
59746,20208373,20208387,14
59747,20208387,20208428,41
59748,20208428,20208440,12
59749,20208440,20208475,35
59750,20208475,20208479,4
59751,20208479,20208526,47
59752,20208526,20208557,31
59753,20208557,20208560,3
59754,20208560,20208655,95
59755,20208655,20208685,30
59756,20208685,20208764,79
59757,20208764,20208771,7
59758,20208771,20208800,29
59759,20208800,20208899,99
59760,20208965,20209075,110
59761,20209075,20209079,4
59762,20209079,20209189,110
59763,20209189,20209206,17
59764,20209206,20209233,27
59765,20209233,20209474,241
59766,20209474,20209580,106
59767,20209580,20209602,22
59768,20209602,20209621,19
59769,20209621,20209647,26
59770,20209647,20209687,40
59771,20209687,20209752,65
59772,20209752,20209835,83
59773,20209835,20209922,87
59774,20209922,20209976,54
59775,20209976,20209982,6
59776,20209982,20210018,36
59777,20210018,20210173,155
59778,20210173,20210183,10
59779,20210183,20210224,41
59780,20210224,20210260,36
59781,20210260,20210278,18
59782,20210278,20210281,3
59783,20210281,20210287,6
59784,20210287,20210508,221
59785,20210508,20210520,12
59786,20210520,20210592,72
59787,20210592,20210713,121
59788,20210713,20210718,5
59789,20210718,20210750,32
59790,20210750,20210776,26
59791,20210776,20210785,9
59792,20210785,20211004,219
59793,20211004,20211013,9
59794,20211013,20211112,99
59795,20211112,20211149,37
59796,20211149,20211168,19
59797,20211168,20211192,24
59798,20211192,20211257,65
59799,20211257,20211292,35
59800,20211292,20211364,72
59801,20211364,20211558,194
59802,20211558,20211583,25
59803,20211583,20211667,84
59804,20211667,20211760,93
59805,20211760,20211866,106
59806,20211866,20212021,155
59807,20212021,20212042,21
59808,20212042,20212113,71
59809,20212113,20212145,32
59810,20212145,20212148,3
59811,20212148,20212170,22
59812,20212170,20212268,98
59813,20212268,20212298,30
59814,20212298,20212336,38
59815,20212336,20212397,61
59816,20212397,20212441,44
59817,20212441,20212587,146
59818,20212587,20212716,129
59819,20212716,20212804,88
59820,20212804,20212921,117
59821,20213042,20213064,22
59822,20213064,20213122,58
59823,20213122,20213132,10
59824,20213132,20213177,45
59825,20213177,20213253,76
59826,20213253,20213266,13
59827,20213266,20213325,59
59828,20213325,20213344,19
59829,20213477,20213607,130
59830,20213607,20213613,6
59831,20213613,20213671,58
59832,20213671,20213682,11
59833,20213682,20213693,11
59834,20213693,20213787,94
59835,20213787,20213812,25
59836,20213812,20213914,102
59837,20213914,20213922,8
59838,20213922,20213972,50
59839,20213972,20214032,60
59840,20214032,20214075,43
59841,20214075,20214086,11
59842,20214273,20214337,64
59843,20214337,20214375,38
59844,20214375,20214420,45
59845,20214420,20214471,51
59846,20214471,20214516,45
59847,20214516,20214601,85
59848,20214648,20214740,92
59849,20214838,20214858,20
59850,20214858,20214912,54
59851,20214912,20214927,15
59852,20214927,20214971,44
59853,20214971,20215138,167
59854,20215138,20215142,4
59855,20215142,20215147,5
59856,20215147,20215152,5
59857,20215152,20215157,5
59858,20215157,20215185,28
59859,20215185,20215288,103
59860,20215288,20215302,14
59861,20215302,20215311,9
59862,20215311,20215316,5
59863,20215316,20215452,136
59864,20215452,20215512,60
59865,20215512,20215516,4
59866,20215516,20215675,159
59867,20215675,20215720,45
59868,20215720,20215733,13
59869,20215733,20215799,66
59870,20215799,20215813,14
59871,20215813,20215823,10
59872,20215823,20215835,12
59873,20215835,20215843,8
59874,20215843,20215847,4
59875,20215847,20215864,17
59876,20215864,20215925,61
59877,20215925,20216006,81
59878,20216006,20216029,23
59879,20216029,20216043,14
59880,20216043,20216084,41
59881,20216084,20216096,12
59882,20216096,20216131,35
59883,20216131,20216135,4
59884,20216135,20216182,47
59885,20216182,20216213,31
59886,20216213,20216216,3
59887,20216311,20216341,30
59888,20216341,20216420,79
59889,20216420,20216427,7
59890,20216427,20216456,29
59891,20216456,20216555,99
59892,20216555,20216621,66
59893,20216621,20216731,110
59894,20216731,20216735,4
59895,20216735,20216845,110
59896,20216845,20216862,17
59897,20216862,20216889,27
59898,20216889,20217130,241
59899,20217130,20217236,106
59900,20217236,20217258,22
59901,20217258,20217277,19
59902,20217277,20217303,26
59903,20217303,20217343,40
59904,20217343,20217408,65
59905,20217408,20217491,83
59906,20217491,20217578,87
59907,20217578,20217632,54
59908,20217632,20217638,6
59909,20217638,20217674,36
59910,20217674,20217829,155
59911,20217829,20217839,10
59912,20217839,20217880,41
59913,20217880,20217916,36
59914,20217916,20217934,18
59915,20217934,20217937,3
59916,20217937,20217943,6
59917,20217943,20218160,217
59918,20218160,20218172,12
59919,20218172,20218244,72
59920,20218244,20218365,121
59921,20218365,20218370,5
59922,20218370,20218402,32
59923,20218402,20218428,26
59924,20218428,20218437,9
59925,20218437,20218656,219
59926,20218656,20218665,9
59927,20218665,20218764,99
59928,20218801,20218820,19
59929,20218820,20218844,24
59930,20218844,20218909,65
59931,20218909,20218944,35
59932,20218944,20219016,72
59933,20219210,20219235,25
59934,20219235,20219319,84
59935,20219518,20219673,155
59936,20219673,20219694,21
59937,20219694,20219765,71
59938,20219765,20219797,32
59939,20219797,20219800,3
59940,20219800,20219920,120
59941,20219920,20219950,30
59942,20219950,20219988,38
59943,20219988,20220049,61
59944,20220049,20220093,44
59945,20220093,20220239,146
59946,20220239,20220456,217
59947,20220456,20220573,117
59948,20220694,20220716,22
59949,20220716,20220774,58
59950,20220774,20220784,10
59951,20220784,20220829,45
59952,20220829,20220905,76
59953,20220916,20220948,32
59954,20220948,20221007,59
59955,20221007,20221026,19
59956,20221159,20221289,130
59957,20221289,20221295,6
59958,20221295,20221353,58
59959,20221353,20221364,11
59960,20221364,20221375,11
59961,20221375,20221469,94
59962,20221469,20221494,25
59963,20221494,20221596,102
59964,20221596,20221604,8
59965,20221604,20221654,50
59966,20221654,20221714,60
59967,20221714,20221757,43
59968,20221757,20221768,11
59969,20221768,20221955,187
59970,20221955,20222019,64
59971,20222019,20222057,38
59972,20222057,20222102,45
59973,20222102,20222153,51
59974,20222153,20222198,45
59975,20222198,20222283,85
59976,20222283,20222330,47
59977,20222330,20222422,92
59978,20222422,20222520,98
59979,20222520,20222540,20
59980,20222540,20222594,54
59981,20222594,20222609,15
59982,20222609,20222653,44
59983,20222653,20222820,167
59984,20222820,20222824,4
59985,20222824,20222829,5
59986,20222829,20222834,5
59987,20222834,20222839,5
59988,20222839,20222867,28
59989,20222867,20222970,103
59990,20222970,20222984,14
59991,20222984,20222993,9
59992,20222993,20222998,5
59993,20222998,20223134,136
59994,20223134,20223194,60
59995,20223194,20223198,4
59996,20223198,20223357,159
59997,20223357,20223402,45
59998,20223402,20223415,13
59999,20223415,20223481,66
60000,20223481,20223495,14
60001,20223495,20223499,4
60002,20223499,20223505,6
60003,20223505,20223517,12
60004,20223517,20223525,8
60005,20223525,20223529,4
60006,20223529,20223546,17
60007,20223546,20223607,61
60008,20223607,20223661,54
60009,20223661,20223688,27
60010,20223688,20223711,23
60011,20223711,20223725,14
60012,20223725,20223766,41
60013,20223766,20223778,12
60014,20223778,20223813,35
60015,20223813,20223817,4
60016,20223817,20223864,47
60017,20223864,20223895,31
60018,20223895,20223898,3
60019,20223898,20223993,95
60020,20223993,20224023,30
60021,20224023,20224155,132
60022,20224155,20224162,7
60023,20224162,20224191,29
60024,20224191,20224290,99
60025,20224290,20224356,66
60026,20224356,20224466,110
60027,20224466,20224470,4
60028,20224470,20224580,110
60029,20224580,20224597,17
60030,20224597,20224624,27
60031,20224624,20224865,241
60032,20224865,20224971,106
60033,20224971,20224993,22
60034,20224993,20225012,19
60035,20225012,20225038,26
60036,20225038,20225078,40
60037,20225078,20225143,65
60038,20225143,20225226,83
60039,20225226,20225313,87
60040,20225313,20225367,54
60041,20225367,20225373,6
60042,20225373,20225409,36
60043,20225409,20225564,155
60044,20225564,20225574,10
60045,20225574,20225615,41
60046,20225615,20225651,36
60047,20225651,20225669,18
60048,20225669,20225672,3
60049,20225672,20225678,6
60050,20225678,20225895,217
60051,20225895,20225907,12
60052,20225907,20225979,72
60053,20225979,20226100,121
60054,20226100,20226105,5
60055,20226105,20226137,32
60056,20226137,20226163,26
60057,20226163,20226172,9
60058,20226172,20226391,219
60059,20226391,20226400,9
60060,20226400,20226499,99
60061,20226499,20226536,37
60062,20226536,20226555,19
60063,20226555,20226579,24
60064,20226644,20226679,35
60065,20226679,20226751,72
60066,20226751,20226945,194
60067,20226945,20226970,25
60068,20226970,20227054,84
60069,20227054,20227147,93
60070,20227147,20227253,106
60071,20227253,20227408,155
60072,20227408,20227429,21
60073,20227429,20227500,71
60074,20227500,20227532,32
60075,20227532,20227535,3
60076,20227535,20227655,120
60077,20227655,20227685,30
60078,20227685,20227723,38
60079,20227723,20227784,61
60080,20227784,20227828,44
60081,20227973,20228190,217
60082,20228190,20228307,117
60083,20228376,20228401,25
60084,20228401,20228534,133
60085,20228534,20228556,22
60086,20228556,20228614,58
60087,20228614,20228624,10
60088,20228624,20228669,45
60089,20228669,20228745,76
60090,20228745,20228756,11
60091,20228756,20228788,32
60092,20228788,20228847,59
60093,20228847,20228866,19
60094,20228866,20228957,91
60095,20228957,20228999,42
60096,20228999,20229157,158
60097,20229157,20229227,70
60098,20229227,20229238,11
60099,20229238,20229249,11
60100,20229249,20229343,94
60101,20229343,20229368,25
60102,20229368,20229470,102
60103,20229470,20229478,8
60104,20229478,20229528,50
60105,20229528,20229588,60
60106,20229588,20229631,43
60107,20229631,20229642,11
60108,20229642,20229829,187
60109,20229829,20229893,64
60110,20229893,20229931,38
60111,20229931,20229976,45
60112,20229976,20230027,51
60113,20230027,20230072,45
60114,20230072,20230157,85
60115,20230157,20230204,47
60116,20230204,20230296,92
60117,20230296,20230394,98
60118,20230394,20230414,20
60119,20230414,20230468,54
60120,20230468,20230483,15
60121,20230483,20230527,44
60122,20230527,20230694,167
60123,20230694,20230698,4
60124,20230698,20230703,5
60125,20230703,20230708,5
60126,20230708,20230713,5
60127,20230713,20230741,28
60128,20230844,20230858,14
60129,20230858,20230867,9
60130,20230867,20230872,5
60131,20230872,20231008,136
60132,20231475,20231479,4
60133,20231479,20231483,4
60134,20231483,20231489,6
60135,20231717,20231730,13
60136,20231989,20231996,7
60137,20232146,20232152,6
60138,20232561,20232569,8
60139,20232963,20232968,5
60140,20233161,20233166,5
60141,20233231,20233235,4
60142,20233558,20233570,12
60143,20233570,20233574,4
60144,20233574,20233580,6
60145,20233580,20233588,8
60146,20233588,20233592,4
60147,20233940,20233944,4
60148,20233944,20233991,47
60149,20233991,20234022,31
60150,20234022,20234025,3
60151,20234120,20234150,30
60152,20234282,20234289,7
60153,20234289,20234318,29
60154,20234318,20234417,99
60155,20234484,20234594,110
60156,20234594,20234598,4
60157,20234703,20234720,17
60158,20234720,20234747,27
60159,20235090,20235109,19
60160,20235457,20235460,3
60161,20235756,20235763,7
60162,20235792,20235795,3
60163,20237512,20237523,11
60164,20237523,20237528,5
60165,20237655,20237658,3
60166,20237762,20237770,8
60167,20238031,20238038,7
60168,20238038,20238045,7
60169,20238083,20238093,10
60170,20238093,20238097,4
60171,20238693,20238699,6
60172,20238842,20238846,4
60173,20239276,20239282,6
60174,20239417,20239423,6
60175,20240057,20240065,8
60176,20240195,20240201,6
60177,20240331,20240338,7
60178,20240357,20240363,6
60179,20242068,20242075,7
60180,20243751,20243758,7
60181,20244009,20244014,5
60182,20244014,20244018,4
60183,20244238,20244242,4
60184,20244911,20244923,12
60185,20245008,20245014,6
60186,20245014,20245019,5
60187,20245019,20245027,8
60188,20245738,20245748,10
60189,20245748,20245758,10
60190,20246304,20246310,6
60191,20249048,20249057,9
60192,20250053,20250056,3
60193,20250488,20250493,5
60194,20250974,20250980,6
60195,20251077,20251083,6
60196,20251340,20251346,6
60197,20251447,20251454,7
60198,20251671,20251678,7
60199,20251720,20251723,3
60200,20252519,20252530,11
60201,20252530,20252533,3
60202,20253205,20253212,7
60203,20253342,20253347,5
60204,20253347,20253352,5
60205,20253618,20253622,4
60206,20253719,20253724,5
60207,20253767,20253773,6
60208,20253773,20253782,9
60209,20254266,20254274,8
60210,20254646,20254654,8
60211,20255369,20255372,3
60212,20255437,20255446,9
60213,20255473,20255480,7
60214,20255618,20255621,3
60215,20255719,20255726,7
60216,20255813,20255817,4
60217,20256071,20256076,5
60218,20256247,20256252,5
60219,20256543,20256550,7
60220,20256806,20256809,3
60221,20256914,20256917,3
60222,20257340,20257347,7
60223,20257496,20257501,5
60224,20257722,20257725,3
60225,20258854,20258863,9
60226,20258863,20258870,7
60227,20259088,20259094,6
60228,20259160,20259192,32
60229,20259192,20259199,7
60230,20259369,20259379,10
60231,20259495,20259556,61
60232,20259810,20259818,8
60233,20259860,20259865,5
60234,20259946,20259961,15
60235,20260125,20260130,5
60236,20260297,20260307,10
60237,20261442,20261449,7
60238,20261575,20261583,8
60239,20262240,20262243,3
60240,20262304,20262307,3
60241,20262385,20262388,3
60242,20262917,20262926,9
60243,20263455,20263462,7
60244,20263462,20263468,6
60245,20263468,20263474,6
60246,20263474,20263480,6
60247,20263480,20263486,6
60248,20263486,20263492,6
60249,20263568,20263571,3
60250,20264157,20264164,7
60251,20264233,20264237,4
60252,20265054,20265061,7
60253,20265369,20265375,6
60254,20265719,20265726,7
60255,20266139,20266143,4
60256,20266286,20266294,8
60257,20268556,20268565,9
60258,20269128,20269134,6
60259,20269398,20269404,6
60260,20269674,20269678,4
60261,20269678,20269684,6
60262,20270424,20270432,8
60263,20271920,20271926,6
60264,20272159,20272167,8
60265,20272167,20272175,8
60266,20272175,20272179,4
60267,20272192,20272196,4
60268,20272563,20272571,8
60269,20273036,20273042,6
60270,20273042,20273050,8
60271,20273050,20273054,4
60272,20274321,20274326,5
60273,20274827,20274833,6
60274,20276007,20276010,3
60275,20276010,20276014,4
60276,20277118,20277123,5
60277,20277898,20277904,6
60278,20278026,20278030,4
60279,20279732,20279735,3
60280,20280005,20280011,6
60281,20281550,20281558,8
60282,20281558,20281566,8
60283,20282527,20282535,8
60284,20283961,20283968,7
60285,20284205,20284212,7
60286,20284665,20284668,3
60287,20285140,20285147,7
60288,20286168,20286173,5
60289,20288638,20288644,6
60290,20288644,20288647,3
60291,20288647,20288656,9
60292,20288656,20288659,3
60293,20288659,20288668,9
60294,20288668,20288671,3
60295,20288671,20288674,3
60296,20288674,20288677,3
60297,20288677,20288680,3
60298,20289679,20289682,3
60299,20289832,20289835,3
60300,20290540,20290653,113
60301,20290653,20290681,28
60302,20290681,20290730,49
60303,20290730,20290793,63
60304,20290793,20290802,9
60305,20290802,20290846,44
60306,20290846,20290940,94
60307,20290940,20291055,115
60308,20291055,20291083,28
60309,20291083,20291143,60
60310,20291143,20291147,4
60311,20291147,20291493,346
60312,20291493,20291727,234
60313,20291727,20291774,47
60314,20291774,20291838,64
60315,20291838,20291853,15
60316,20291853,20292062,209
60317,20292062,20292074,12
60318,20292074,20292108,34
60319,20292108,20292183,75
60320,20292183,20292277,94
60321,20292277,20292285,8
60322,20292285,20292327,42
60323,20292327,20292333,6
60324,20292333,20292439,106
60325,20292439,20292452,13
60326,20292452,20292495,43
60327,20292495,20292562,67
60328,20292562,20292641,79
60329,20292641,20292702,61
60330,20292702,20292848,146
60331,20292848,20292904,56
60332,20292904,20292935,31
60333,20292935,20292998,63
60334,20292998,20293017,19
60335,20293017,20293045,28
60336,20293045,20293085,40
60337,20293085,20293138,53
60338,20293138,20293236,98
60339,20293236,20293294,58
60340,20293294,20293307,13
60341,20293307,20293315,8
60342,20293315,20293322,7
60343,20293322,20293400,78
60344,20293400,20293556,156
60345,20293556,20293685,129
60346,20293685,20293724,39
60347,20293724,20293751,27
60348,20293751,20293819,68
60349,20293819,20293919,100
60350,20293919,20293928,9
60351,20293928,20293949,21
60352,20293949,20293984,35
60353,20293984,20294069,85
60354,20294069,20294079,10
60355,20294079,20294082,3
60356,20294082,20294183,101
60357,20294183,20294190,7
60358,20294190,20294210,20
60359,20294210,20294255,45
60360,20294255,20294313,58
60361,20294313,20294319,6
60362,20294319,20294453,134
60363,20294453,20294464,11
60364,20294464,20294516,52
60365,20294516,20294601,85
60366,20294601,20294856,255
60367,20294856,20294860,4
60368,20294860,20294936,76
60369,20294936,20294939,3
60370,20294939,20294945,6
60371,20294945,20295044,99
60372,20295044,20295093,49
60373,20295093,20295096,3
60374,20295096,20295122,26
60375,20295122,20295140,18
60376,20295140,20295264,124
60377,20295264,20295324,60
60378,20295324,20295369,45
60379,20295369,20295443,74
60380,20295443,20295448,5
60381,20295448,20295477,29
60382,20295477,20295486,9
60383,20295486,20295492,6
60384,20295492,20295540,48
60385,20295540,20295546,6
60386,20295546,20295552,6
60387,20295552,20295558,6
60388,20295558,20295586,28
60389,20295586,20295603,17
60390,20295603,20295606,3
60391,20295606,20295609,3
60392,20295609,20295612,3
60393,20295612,20295630,18
60394,20295630,20295642,12
60395,20295642,20295645,3
60396,20295645,20295655,10
60397,20295655,20295674,19
60398,20295674,20295744,70
60399,20295744,20295775,31
60400,20295775,20295886,111
60401,20295886,20296266,380
60402,20296266,20296277,11
60403,20296277,20296392,115
60404,20296392,20296521,129
60405,20296521,20296618,97
60406,20296618,20296717,99
60407,20296717,20296798,81
60408,20296798,20296846,48
60409,20296846,20297016,170
60410,20297016,20297039,23
60411,20297039,20297266,227
60412,20297266,20297464,198
60413,20297464,20297505,41
60414,20297505,20297557,52
60415,20297557,20297741,184
60416,20297741,20297758,17
60417,20297758,20297765,7
60418,20297765,20297772,7
60419,20297772,20297783,11
60420,20297783,20297786,3
60421,20297786,20297801,15
60422,20297801,20297828,27
60423,20297828,20297845,17
60424,20297845,20297848,3
60425,20297848,20297866,18
60426,20297866,20297912,46
60427,20297912,20297924,12
60428,20297924,20297934,10
60429,20297934,20297956,22
60430,20297956,20297960,4
60431,20297960,20297968,8
60432,20297968,20298017,49
60433,20298017,20298091,74
60434,20298091,20298204,113
60435,20298204,20298207,3
60436,20298207,20298286,79
60437,20298286,20298292,6
60438,20298292,20298296,4
60439,20298296,20298308,12
60440,20298308,20298312,4
60441,20298312,20298316,4
60442,20298316,20298320,4
60443,20298320,20298324,4
60444,20298324,20298328,4
60445,20298328,20298332,4
60446,20298332,20298336,4
60447,20298336,20298340,4
60448,20298340,20298344,4
60449,20298344,20298356,12
60450,20298356,20298507,151
60451,20298507,20298859,352
60452,20298859,20298886,27
60453,20298886,20299182,296
60454,20299182,20299285,103
60455,20299285,20299297,12
60456,20299297,20299303,6
60457,20299303,20299309,6
60458,20299309,20299315,6
60459,20299315,20299397,82
60460,20299397,20299430,33
60461,20299430,20299537,107
60462,20299537,20299557,20
60463,20299557,20299672,115
60464,20299672,20299726,54
60465,20299726,20299943,217
60466,20299943,20300010,67
60467,20300010,20300015,5
60468,20300015,20300020,5
60469,20300020,20300047,27
60470,20300047,20300078,31
60471,20300078,20300091,13
60472,20300091,20300153,62
60473,20300153,20300183,30
60474,20300183,20300240,57
60475,20300240,20300294,54
60476,20300294,20300330,36
60477,20300330,20300361,31
60478,20300447,20300560,113
60479,20300560,20300588,28
60480,20300588,20300637,49
60481,20300637,20300700,63
60482,20300700,20300709,9
60483,20300709,20300753,44
60484,20300753,20300847,94
60485,20300847,20300962,115
60486,20300962,20300990,28
60487,20300990,20301050,60
60488,20301050,20301054,4
60489,20301054,20301400,346
60490,20301400,20301634,234
60491,20301634,20301681,47
60492,20301681,20301745,64
60493,20301745,20301760,15
60494,20301760,20301969,209
60495,20301969,20301981,12
60496,20301981,20302015,34
60497,20302015,20302090,75
60498,20302090,20302184,94
60499,20302184,20302192,8
60500,20302192,20302234,42
60501,20302234,20302240,6
60502,20302240,20302346,106
60503,20302346,20302359,13
60504,20302359,20302402,43
60505,20302402,20302469,67
60506,20302469,20302548,79
60507,20302548,20302609,61
60508,20302609,20302755,146
60509,20302755,20302811,56
60510,20302811,20302842,31
60511,20302842,20302905,63
60512,20302905,20302924,19
60513,20302924,20302952,28
60514,20302952,20302992,40
60515,20302992,20303045,53
60516,20303045,20303143,98
60517,20303143,20303201,58
60518,20303201,20303214,13
60519,20303214,20303222,8
60520,20303222,20303229,7
60521,20303229,20303307,78
60522,20303307,20303463,156
60523,20303463,20303592,129
60524,20303592,20303631,39
60525,20303631,20303658,27
60526,20303658,20303726,68
60527,20303726,20303826,100
60528,20303826,20303835,9
60529,20303835,20303856,21
60530,20303856,20303891,35
60531,20303891,20303976,85
60532,20303976,20303986,10
60533,20303986,20303989,3
60534,20303989,20304090,101
60535,20304090,20304097,7
60536,20304097,20304117,20
60537,20304117,20304162,45
60538,20304162,20304220,58
60539,20304220,20304226,6
60540,20304226,20304360,134
60541,20304360,20304371,11
60542,20304371,20304423,52
60543,20304423,20304508,85
60544,20304508,20304763,255
60545,20304763,20304767,4
60546,20304767,20304843,76
60547,20304843,20304846,3
60548,20304846,20304852,6
60549,20304852,20304951,99
60550,20304951,20305000,49
60551,20305000,20305003,3
60552,20305003,20305029,26
60553,20305029,20305047,18
60554,20305047,20305171,124
60555,20305171,20305231,60
60556,20305231,20305276,45
60557,20305276,20305350,74
60558,20305350,20305355,5
60559,20305355,20305384,29
60560,20305384,20305393,9
60561,20305393,20305399,6
60562,20305399,20305447,48
60563,20305447,20305453,6
60564,20305453,20305459,6
60565,20305459,20305465,6
60566,20305465,20305493,28
60567,20305493,20305510,17
60568,20305510,20305513,3
60569,20305513,20305516,3
60570,20305516,20305519,3
60571,20305519,20305537,18
60572,20305537,20305549,12
60573,20305549,20305552,3
60574,20305552,20305562,10
60575,20305562,20305581,19
60576,20305581,20305651,70
60577,20305651,20305682,31
60578,20305682,20305793,111
60579,20305793,20306173,380
60580,20306173,20306184,11
60581,20306184,20306299,115
60582,20306299,20306428,129
60583,20306428,20306525,97
60584,20306525,20306624,99
60585,20306624,20306705,81
60586,20306705,20306753,48
60587,20306753,20306923,170
60588,20306923,20306946,23
60589,20306946,20307173,227
60590,20307173,20307371,198
60591,20307371,20307412,41
60592,20307412,20307464,52
60593,20307464,20307648,184
60594,20307648,20307665,17
60595,20307665,20307672,7
60596,20307672,20307679,7
60597,20307679,20307690,11
60598,20307690,20307693,3
60599,20307693,20307708,15
60600,20307708,20307735,27
60601,20307735,20307752,17
60602,20307752,20307755,3
60603,20307755,20307773,18
60604,20307773,20307819,46
60605,20307819,20307831,12
60606,20307831,20307841,10
60607,20307841,20307863,22
60608,20307863,20307867,4
60609,20307867,20307875,8
60610,20307875,20307924,49
60611,20307924,20307998,74
60612,20307998,20308111,113
60613,20308111,20308114,3
60614,20308114,20308193,79
60615,20308193,20308199,6
60616,20308199,20308203,4
60617,20308203,20308215,12
60618,20308215,20308219,4
60619,20308219,20308223,4
60620,20308223,20308227,4
60621,20308227,20308231,4
60622,20308231,20308235,4
60623,20308235,20308239,4
60624,20308239,20308243,4
60625,20308243,20308247,4
60626,20308247,20308251,4
60627,20308251,20308263,12
60628,20308263,20308414,151
60629,20308414,20308766,352
60630,20308766,20308793,27
60631,20308793,20309089,296
60632,20309089,20309192,103
60633,20309192,20309204,12
60634,20309204,20309210,6
60635,20309210,20309216,6
60636,20309216,20309222,6
60637,20309222,20309304,82
60638,20309304,20309337,33
60639,20309337,20309444,107
60640,20309444,20309464,20
60641,20309464,20309579,115
60642,20309579,20309633,54
60643,20309633,20309850,217
60644,20309850,20309917,67
60645,20309917,20309922,5
60646,20309922,20309927,5
60647,20309927,20309954,27
60648,20309954,20309985,31
60649,20309985,20309998,13
60650,20309998,20310060,62
60651,20310060,20310090,30
60652,20310090,20310147,57
60653,20310147,20310201,54
60654,20310201,20310237,36
60655,20310237,20310268,31
60656,20310698,20310701,3
60657,20310874,20310879,5
60658,20311007,20311016,9
60659,20311031,20311036,5
60660,20311076,20311082,6
60661,20311082,20311090,8
60662,20311148,20311157,9
60663,20311244,20311248,4
60664,20311364,20311367,3
60665,20311468,20311473,5
60666,20312113,20312118,5
60667,20312162,20312167,5
60668,20312273,20312276,3
60669,20314264,20314273,9
60670,20314407,20314413,6
60671,20315346,20315352,6
60672,20317221,20317228,7
60673,20317815,20317822,7
60674,20318502,20318510,8
60675,20318510,20318516,6
60676,20318516,20318525,9
60677,20319196,20319203,7
60678,20320800,20320807,7
60679,20321539,20321542,3
60680,20321542,20321550,8
60681,20321550,20321554,4
60682,20323072,20323081,9
60683,20323091,20323094,3
60684,20323619,20323627,8
60685,20323627,20323637,10
60686,20323778,20323784,6
60687,20323784,20323790,6
60688,20323972,20323975,3
60689,20324379,20324385,6
60690,20324965,20324968,3
60691,20324968,20324975,7
60692,20325141,20325147,6
60693,20325275,20325281,6
60694,20325281,20325287,6
60695,20325287,20325293,6
60696,20325305,20325311,6
60697,20325613,20325621,8
60698,20325621,20325629,8
60699,20325677,20325683,6
60700,20325805,20325813,8
60701,20325829,20325837,8
60702,20325837,20325845,8
60703,20325845,20325853,8
60704,20325853,20325861,8
60705,20325913,20325916,3
60706,20326937,20326945,8
60707,20327770,20327776,6
60708,20328136,20328142,6
60709,20328282,20328285,3
60710,20328285,20328292,7
60711,20328315,20328322,7
60712,20328322,20328326,4
60713,20328668,20328672,4
60714,20329231,20329237,6
60715,20329237,20329243,6
60716,20329243,20329249,6
60717,20329249,20329255,6
60718,20329255,20329261,6
60719,20329681,20329684,3
60720,20329684,20329690,6
60721,20329690,20329693,3
60722,20330647,20330654,7
60723,20330833,20330837,4
60724,20330953,20330959,6
60725,20330959,20330965,6
60726,20330965,20330970,5
60727,20331422,20331426,4
60728,20331646,20331650,4
60729,20331689,20331697,8
60730,20331723,20331734,11
60731,20331734,20331738,4
60732,20332218,20332226,8
60733,20332226,20332232,6
60734,20332232,20332238,6
60735,20332238,20332244,6
60736,20332244,20332250,6
60737,20332441,20332447,6
60738,20332776,20332785,9
60739,20332785,20332791,6
60740,20333233,20333240,7
60741,20333240,20333246,6
60742,20333507,20333515,8
60743,20333515,20333521,6
60744,20333521,20333527,6
60745,20334552,20334558,6
60746,20335115,20335123,8
60747,20335123,20335131,8
60748,20335345,20335351,6
60749,20335750,20335756,6
60750,20335969,20335977,8
60751,20336405,20336411,6
60752,20338291,20338297,6
60753,20339248,20339251,3
60754,20339251,20339254,3
60755,20339714,20339721,7
60756,20340388,20340394,6
60757,20340591,20340600,9
60758,20340600,20340606,6
60759,20340951,20340958,7
60760,20344331,20344335,4
60761,20344347,20344353,6
60762,20344672,20344676,4
60763,20344730,20344733,3
60764,20344940,20344946,6
60765,20346563,20346567,4
60766,20347262,20347265,3
60767,20347597,20347603,6
60768,20348040,20348048,8
60769,20348090,20348100,10
60770,20348114,20348117,3
60771,20349154,20349162,8
60772,20350046,20350055,9
60773,20350834,20350839,5
60774,20351191,20351202,11
60775,20351332,20351338,6
60776,20351424,20351430,6
60777,20351430,20351436,6
60778,20352359,20352368,9
60779,20353118,20353123,5
60780,20353141,20353149,8
60781,20355213,20355218,5
60782,20358218,20358224,6
60783,20358224,20358230,6
60784,20358840,20358849,9
60785,20359543,20359556,13
60786,20359690,20359697,7
60787,20359903,20359911,8
60788,20363959,20363966,7
60789,20365160,20365169,9
60790,20365553,20365558,5
60791,20365980,20365987,7
60792,20366020,20366026,6
60793,20366222,20366225,3
60794,20366225,20366228,3
60795,20367679,20367686,7
60796,20367686,20367690,4
60797,20367690,20367694,4
60798,20369520,20369525,5
60799,20370076,20370081,5
60800,20370081,20370086,5
60801,20370693,20370700,7
60802,20370700,20370708,8
60803,20370708,20370712,4
60804,20370988,20370997,9
60805,20371699,20371708,9
60806,20373089,20373098,9
60807,20373227,20373232,5
60808,20373588,20373598,10
60809,20373598,20373604,6
60810,20373604,20373610,6
60811,20373610,20373614,4
60812,20373614,20373619,5
60813,20373619,20373626,7
60814,20373626,20373635,9
60815,20373635,20373640,5
60816,20373912,20373921,9
60817,20373921,20373927,6
60818,20374271,20374276,5
60819,20375984,20375992,8
60820,20376068,20376077,9
60821,20376136,20376141,5
60822,20376194,20376203,9
60823,20376451,20376458,7
60824,20376958,20376962,4
60825,20377069,20377075,6
60826,20377578,20377704,126
60827,20377704,20377771,67
60828,20377771,20377793,22
60829,20377793,20377849,56
60830,20377849,20377951,102
60831,20377951,20377970,19
60832,20377970,20378143,173
60833,20378143,20378177,34
60834,20378177,20378242,65
60835,20378242,20378257,15
60836,20378257,20378289,32
60837,20378289,20378324,35
60838,20378324,20378570,246
60839,20378934,20378948,14
60840,20378948,20378962,14
60841,20378962,20378972,10
60842,20379275,20379281,6
60843,20379281,20379291,10
60844,20379942,20379952,10
60845,20379952,20379956,4
60846,20379956,20379960,4
60847,20380122,20380126,4
60848,20380944,20380951,7
60849,20380951,20380958,7
60850,20380958,20380965,7
60851,20381590,20381594,4
60852,20381901,20381909,8
60853,20382563,20382570,7
60854,20383122,20383131,9
60855,20384382,20384387,5
60856,20385124,20385130,6
60857,20385645,20385651,6
60858,20385651,20385657,6
60859,20385657,20385669,12
60860,20386498,20386503,5
60861,20386838,20386845,7
60862,20388092,20388097,5
60863,20389229,20389236,7
60864,20389743,20389749,6
60865,20390857,20390861,4
60866,20391774,20391780,6
60867,20392114,20392122,8
60868,20392800,20392807,7
60869,20393522,20393525,3
60870,20393679,20393683,4
60871,20393939,20393944,5
60872,20394372,20394378,6
60873,20394378,20394386,8
60874,20394415,20394421,6
60875,20395033,20395039,6
60876,20395039,20395045,6
60877,20396013,20396018,5
60878,20396514,20396524,10
60879,20396984,20397016,32
60880,20397122,20397131,9
60881,20397909,20397920,11
60882,20401658,20401666,8
60883,20401759,20401768,9
60884,20401801,20401810,9
60885,20405987,20405994,7
60886,20406601,20406606,5
60887,20407062,20407071,9
60888,20407704,20407715,11
60889,20408929,20408935,6
60890,20410188,20410193,5
60891,20410553,20410560,7
60892,20411625,20411632,7
60893,20412119,20412125,6
60894,20412166,20412169,3
60895,20412966,20412975,9
60896,20413510,20413518,8
60897,20413518,20413526,8
60898,20413526,20413532,6
60899,20413656,20413661,5
60900,20414142,20414147,5
60901,20414173,20414179,6
60902,20415275,20415281,6
60903,20415377,20415384,7
60904,20415410,20415417,7
60905,20416369,20416376,7
60906,20416487,20416490,3
60907,20416548,20416552,4
60908,20416821,20416826,5
60909,20417124,20417129,5
60910,20417129,20417138,9
60911,20417138,20417148,10
60912,20417733,20417743,10
60913,20418608,20418612,4
60914,20418869,20418878,9
60915,20419200,20419203,3
60916,20419396,20419400,4
60917,20419432,20419438,6
60918,20419642,20419646,4
60919,20420001,20420008,7
60920,20420008,20420012,4
60921,20420012,20420017,5
60922,20420575,20420579,4
60923,20421784,20421787,3
60924,20422384,20422387,3
60925,20422519,20422528,9
60926,20422792,20422795,3
60927,20423024,20423029,5
60928,20423390,20423397,7
60929,20423889,20423898,9
60930,20424246,20424252,6
60931,20424858,20424861,3
60932,20424861,20424869,8
60933,20424968,20424975,7
60934,20425052,20425058,6
60935,20425176,20425181,5
60936,20425284,20425293,9
60937,20426916,20426921,5
60938,20427991,20427998,7
60939,20429512,20429519,7
60940,20429660,20429666,6
60941,20430131,20430138,7
60942,20431528,20431533,5
60943,20431533,20431539,6
60944,20431852,20431858,6
60945,20431858,20431867,9
60946,20431867,20431872,5
60947,20431912,20431917,5
60948,20431917,20431921,4
60949,20432223,20432226,3
60950,20432428,20432437,9
60951,20433743,20433750,7
60952,20433750,20433754,4
60953,20439365,20439398,33
60954,20439542,20439551,9
60955,20439551,20439560,9
60956,20440441,20440449,8
60957,20441853,20441862,9
60958,20441898,20441907,9
60959,20441985,20441994,9
60960,20442656,20442791,135
60961,20442791,20442912,121
60962,20442912,20442927,15
60963,20442927,20442934,7
60964,20442934,20442939,5
60965,20442939,20442983,44
60966,20443047,20443156,109
60967,20443972,20443980,8
60968,20444773,20444785,12
60969,20445134,20445139,5
60970,20446188,20446194,6
60971,20446260,20446292,32
60972,20446292,20446299,7
60973,20446455,20446465,10
60974,20446465,20446484,19
60975,20446581,20446642,61
60976,20447412,20447420,8
60977,20447420,20447429,9
60978,20447429,20447435,6
60979,20447435,20447441,6
60980,20447441,20447447,6
60981,20448864,20448869,5
60982,20448869,20448872,3
60983,20449914,20449919,5
60984,20450599,20450602,3
60985,20450602,20450605,3
60986,20451032,20451037,5
60987,20451815,20451818,3
60988,20451818,20451821,3
60989,20452208,20452212,4
60990,20452296,20452302,6
60991,20453270,20453278,8
60992,20453278,20453286,8
60993,20453872,20453878,6
60994,20455514,20455517,3
60995,20455517,20455523,6
60996,20456099,20456114,15
60997,20456201,20456216,15
60998,20456405,20456410,5
60999,20456565,20456572,7
61000,20457370,20457377,7
61001,20457497,20457501,4
61002,20457732,20457737,5
61003,20458065,20458071,6
61004,20459441,20459446,5
61005,20459446,20459452,6
61006,20460119,20460123,4
61007,20460307,20460312,5
61008,20460981,20460987,6
61009,20461170,20461203,33
61010,20463148,20463151,3
61011,20463596,20463605,9
61012,20463794,20463802,8
61013,20464001,20464007,6
61014,20464909,20465044,135
61015,20465044,20465165,121
61016,20465165,20465180,15
61017,20465180,20465187,7
61018,20465187,20465192,5
61019,20465192,20465236,44
61020,20465300,20465409,109
61021,20465566,20465569,3
61022,20465748,20465752,4
61023,20467104,20467114,10
61024,20467279,20467283,4
61025,20467283,20467287,4
61026,20468345,20468351,6
61027,20468351,20468356,5
61028,20468849,20468857,8
61029,20469533,20469541,8
61030,20471109,20471116,7
61031,20471387,20471393,6
61032,20472437,20472443,6
61033,20472443,20472452,9
61034,20472452,20472462,10
61035,20472785,20472788,3
61036,20473265,20473273,8
61037,20473859,20473865,6
61038,20473892,20473898,6
61039,20473898,20473907,9
61040,20474332,20474341,9
61041,20474633,20474640,7
61042,20475007,20475011,4
61043,20475234,20475243,9
61044,20475946,20475955,9
61045,20476188,20476194,6
61046,20476457,20476463,6
61047,20476606,20476612,6
61048,20477286,20477290,4
61049,20477765,20477774,9
61050,20478969,20478975,6
61051,20480804,20480807,3
61052,20480894,20480897,3
61053,20481232,20481238,6
61054,20481371,20481376,5
61055,20481376,20481381,5
61056,20482418,20482422,4
61057,20483046,20483057,11
61058,20483057,20483062,5
61059,20483398,20483406,8
61060,20483549,20483554,5
61061,20483554,20483561,7
61062,20487044,20487062,18
61063,20487128,20487134,6
61064,20487286,20487292,6
61065,20487292,20487298,6
61066,20487298,20487304,6
61067,20487304,20487313,9
61068,20487353,20487360,7
61069,20487383,20487389,6
61070,20487552,20487555,3
61071,20487555,20487558,3
61072,20488079,20488086,7
61073,20488279,20488286,7
61074,20488419,20488428,9
61075,20490011,20490019,8
61076,20490562,20490568,6
61077,20490592,20490598,6
61078,20490610,20490616,6
61079,20490616,20490619,3
61080,20490619,20490622,3
61081,20490644,20490651,7
61082,20490699,20490705,6
61083,20491326,20491330,4
61084,20491366,20491374,8
61085,20492125,20492128,3
61086,20492734,20492743,9
61087,20492861,20492865,4
61088,20493271,20493276,5
61089,20493276,20493284,8
61090,20493359,20493363,4
61091,20493495,20493500,5
61092,20494558,20494565,7
61093,20494887,20494896,9
61094,20494948,20494953,5
61095,20494953,20494960,7
61096,20495155,20495158,3
61097,20495434,20495441,7
61098,20495441,20495446,5
61099,20495446,20495451,5
61100,20496563,20496573,10
61101,20497033,20497043,10
61102,20497310,20497317,7
61103,20497605,20497616,11
61104,20497616,20497622,6
61105,20497880,20497885,5
61106,20499235,20499239,4
61107,20500133,20500141,8
61108,20501469,20501475,6
61109,20501809,20501814,5
61110,20501866,20501871,5
61111,20501882,20501887,5
61112,20502476,20502480,4
61113,20502918,20502923,5
61114,20503895,20503899,4
61115,20503899,20503902,3
61116,20504271,20504360,89
61117,20504360,20504414,54
61118,20504414,20504472,58
61119,20504472,20504711,239
61120,20504711,20504797,86
61121,20504797,20504853,56
61122,20504927,20504952,25
61123,20504952,20504964,12
61124,20504964,20504983,19
61125,20504983,20505034,51
61126,20505034,20505070,36
61127,20505070,20505124,54
61128,20505124,20505152,28
61129,20505152,20505161,9
61130,20505161,20505168,7
61131,20505168,20505189,21
61132,20505189,20505309,120
61133,20505309,20505342,33
61134,20505342,20505348,6
61135,20505348,20505360,12
61136,20505360,20505402,42
61137,20506052,20506055,3
61138,20506232,20506235,3
61139,20506235,20506244,9
61140,20506287,20506292,5
61141,20507939,20507945,6
61142,20509500,20509508,8
61143,20509729,20509733,4
61144,20509800,20509809,9
61145,20510662,20510667,5
61146,20511144,20511149,5
61147,20512760,20512766,6
61148,20513122,20513130,8
61149,20513130,20513137,7
61150,20513155,20513161,6
61151,20514045,20514048,3
61152,20514672,20514676,4
61153,20514941,20514949,8
61154,20515108,20515112,4
61155,20515829,20515834,5
61156,20516199,20516206,7
61157,20516206,20516213,7
61158,20516273,20516277,4
61159,20516428,20516440,12
61160,20516440,20516446,6
61161,20516446,20516452,6
61162,20516452,20516458,6
61163,20516470,20516473,3
61164,20517191,20517197,6
61165,20517355,20517362,7
61166,20517651,20517659,8
61167,20517684,20517688,4
61168,20517773,20517781,8
61169,20517921,20517932,11
61170,20517932,20517936,4
61171,20518197,20518203,6
61172,20518361,20518371,10
61173,20518445,20518451,6
61174,20518831,20518836,5
61175,20518867,20518870,3
61176,20518966,20518973,7
61177,20519218,20519221,3
61178,20520427,20520437,10
61179,20521846,20521853,7
61180,20521853,20521856,3
61181,20521856,20521862,6
61182,20522459,20522465,6
61183,20522465,20522474,9
61184,20523208,20523211,3
61185,20523371,20523379,8
61186,20523379,20523384,5
61187,20523530,20523535,5
61188,20524594,20524597,3
61189,20524958,20524964,6
61190,20525186,20525190,4
61191,20525247,20525252,5
61192,20525252,20525256,4
61193,20526015,20526026,11
61194,20526146,20526149,3
61195,20526957,20526966,9
61196,20527034,20527040,6
61197,20527040,20527056,16
61198,20527133,20527146,13
61199,20527275,20527282,7
61200,20527540,20527547,7
61201,20527717,20527727,10
61202,20527727,20527746,19
61203,20527746,20527810,64
61204,20527810,20527885,75
61205,20527885,20527889,4
61206,20528166,20528182,16
61207,20530102,20530106,4
61208,20530656,20530661,5
61209,20530773,20530778,5
61210,20531232,20531241,9
61211,20533165,20533173,8
61212,20534386,20534391,5
61213,20535857,20535860,3
61214,20536042,20536046,4
61215,20536046,20536049,3
61216,20536393,20536400,7
61217,20537708,20537713,5
61218,20537713,20537716,3
61219,20537716,20537721,5
61220,20537983,20537989,6
61221,20538268,20538273,5
61222,20538609,20538618,9
61223,20540091,20540101,10
61224,20540101,20540106,5
61225,20540106,20540116,10
61226,20540131,20540136,5
61227,20540175,20540181,6
61228,20540204,20540210,6
61229,20540726,20540731,5
61230,20541613,20541620,7
61231,20542055,20542064,9
61232,20544841,20544849,8
61233,20544979,20544984,5
61234,20546852,20546861,9
61235,20547255,20547267,12
61236,20548842,20548852,10
61237,20548864,20548873,9
61238,20552653,20552660,7
61239,20552660,20552667,7
61240,20552797,20552804,7
61241,20553500,20553505,5
61242,20555263,20555269,6
61243,20556229,20556232,3
61244,20557578,20557581,3
61245,20558772,20558779,7
61246,20559751,20559761,10
61247,20560294,20560301,7
61248,20560301,20560309,8
61249,20560828,20560833,5
61250,20562505,20562509,4
61251,20562883,20562886,3
61252,20563021,20563027,6
61253,20563791,20563799,8
61254,20565734,20565740,6
61255,20567534,20567540,6
61256,20568172,20568178,6
61257,20568346,20568350,4
61258,20569213,20569221,8
61259,20570593,20570601,8
61260,20570601,20570606,5
61261,20574015,20574019,4
61262,20574065,20574074,9
61263,20574376,20574386,10
61264,20574386,20574405,19
61265,20574405,20574469,64
61266,20574469,20574544,75
61267,20574544,20574548,4
61268,20574854,20574859,5
61269,20576119,20576125,6
61270,20576125,20576141,16
61271,20576141,20576169,28
61272,20576201,20576214,13
61273,20576437,20576440,3
61274,20576928,20576936,8
61275,20577073,20577080,7
61276,20577102,20577108,6
61277,20577247,20577251,4
61278,20577364,20577375,11
61279,20578682,20578690,8
61280,20578832,20578837,5
61281,20578907,20578915,8
61282,20579755,20579760,5
61283,20580876,20580884,8
61284,20581549,20581552,3
61285,20586407,20586410,3
61286,20586678,20586688,10
61287,20586688,20586696,8
61288,20586696,20586701,5
61289,20586701,20586706,5
61290,20586716,20586720,4
61291,20586720,20586727,7
61292,20586753,20586757,4
61293,20586757,20586760,3
61294,20587674,20587677,3
61295,20588697,20588700,3
61296,20588831,20588839,8
61297,20588839,20588847,8
61298,20588847,20588852,5
61299,20589819,20589824,5
61300,20591717,20591724,7
61301,20591783,20591791,8
61302,20591802,20591811,9
61303,20592368,20592373,5
61304,20593624,20593631,7
61305,20593804,20593809,5
61306,20594212,20594218,6
61307,20597255,20597259,4
61308,20597461,20597470,9
61309,20598335,20598345,10
61310,20599871,20599878,7
61311,20599920,20599929,9
61312,20600533,20600542,9
61313,20601035,20601039,4
61314,20601188,20601191,3
61315,20601641,20601644,3
61316,20601665,20601671,6
61317,20601671,20601677,6
61318,20601677,20601683,6
61319,20601683,20601692,9
61320,20601692,20601698,6
61321,20603162,20603166,4
61322,20603598,20603607,9
61323,20605587,20605593,6
61324,20605593,20605598,5
61325,20605598,20605604,6
61326,20605741,20605748,7
61327,20605779,20605786,7
61328,20605937,20605943,6
61329,20609293,20609299,6
61330,20609299,20609305,6
61331,20609305,20609311,6
61332,20610314,20610319,5
61333,20611345,20611352,7
61334,20612576,20612581,5
61335,20612976,20612979,3
61336,20613453,20613460,7
61337,20613550,20613556,6
61338,20613807,20613814,7
61339,20614667,20614670,3
61340,20614807,20614812,5
61341,20616769,20616778,9
61342,20616802,20616811,9
61343,20616941,20616949,8
61344,20618091,20618101,10
61345,20618553,20618556,3
61346,20618645,20618652,7
61347,20618652,20618659,7
61348,20618659,20618666,7
61349,20618666,20618672,6
61350,20619615,20619619,4
61351,20621852,20621858,6
61352,20622590,20622599,9
61353,20623112,20623115,3
61354,20623255,20623258,3
61355,20623395,20623402,7
61356,20623402,20623405,3
61357,20625562,20625568,6
61358,20625568,20625574,6
61359,20625574,20625580,6
61360,20626078,20626084,6
61361,20626360,20626367,7
61362,20626524,20626534,10
61363,20626883,20626889,6
61364,20628505,20628513,8
61365,20628638,20628646,8
61366,20630194,20630202,8
61367,20631321,20631330,9
61368,20631872,20631880,8
61369,20632170,20632175,5
61370,20632175,20632180,5
61371,20632819,20632824,5
61372,20632968,20632974,6
61373,20633118,20633124,6
61374,20633601,20633607,6
61375,20635414,20635421,7
61376,20636134,20636142,8
61377,20636282,20636288,6
61378,20636941,20636945,4
61379,20637619,20637626,7
61380,20637626,20637632,6
61381,20638759,20638764,5
61382,20639674,20639678,4
61383,20640131,20640139,8
61384,20640487,20640492,5
61385,20640572,20640578,6
61386,20641374,20641382,8
61387,20641418,20641426,8
61388,20641621,20641628,7
61389,20642927,20642937,10
61390,20643689,20643692,3
61391,20643812,20643820,8
61392,20643820,20643828,8
61393,20644146,20644152,6
61394,20645192,20645197,5
61395,20645849,20645857,8
61396,20646049,20646052,3
61397,20647305,20647311,6
61398,20647311,20647317,6
61399,20647346,20647355,9
61400,20649682,20649693,11
61401,20650197,20650205,8
61402,20650733,20650742,9
61403,20651241,20651249,8
61404,20651249,20651255,6
61405,20653129,20653132,3
61406,20654030,20654036,6
61407,20654144,20654150,6
61408,20654150,20654156,6
61409,20655018,20655024,6
61410,20658441,20658450,9
61411,20661890,20661896,6
61412,20661921,20661926,5
61413,20662445,20662453,8
61414,20663106,20663111,5
61415,20663301,20663310,9
61416,20663958,20663965,7
61417,20664594,20664603,9
61418,20664980,20664988,8
61419,20665149,20665158,9
61420,20665197,20665205,8
61421,20665205,20665213,8
61422,20666405,20666408,3
61423,20666408,20666411,3
61424,20666411,20666422,11
61425,20666469,20666472,3
61426,20667066,20667073,7
61427,20668863,20668867,4
61428,20668867,20668873,6
61429,20669585,20669642,57
61430,20669642,20669693,51
61431,20669693,20669743,50
61432,20669743,20669818,75
61433,20669818,20669864,46
61434,20669864,20669897,33
61435,20669897,20669979,82
61436,20669979,20670036,57
61437,20670036,20670087,51
61438,20670087,20670137,50
61439,20670137,20670212,75
61440,20670212,20670258,46
61441,20670258,20670291,33
61442,20670291,20670373,82
61443,20670420,20670473,53
61444,20670473,20670523,50
61445,20670644,20670677,33
61446,20670808,20670861,53
61447,20670861,20670911,50
61448,20670989,20670999,10
61449,20671243,20671247,4
61450,20671381,20671386,5
61451,20671553,20671557,4
61452,20671860,20671868,8
61453,20672161,20672172,11
61454,20672885,20672933,48
61455,20672933,20672963,30
61456,20672983,20672989,6
61457,20673015,20673058,43
61458,20673140,20673189,49
61459,20673254,20673315,61
61460,20673315,20673362,47
61461,20673362,20673372,10
61462,20673372,20673412,40
61463,20673412,20673460,48
61464,20673460,20673490,30
61465,20673490,20673516,26
61466,20673516,20673542,26
61467,20673542,20673585,43
61468,20673585,20673667,82
61469,20673667,20673716,49
61470,20673716,20673781,65
61471,20673781,20673842,61
61472,20673842,20673889,47
61473,20673889,20673899,10
61474,20673899,20673939,40
61475,20673939,20673987,48
61476,20673987,20674017,30
61477,20674017,20674043,26
61478,20674043,20674069,26
61479,20674228,20674235,7
61480,20674603,20674607,4
61481,20674682,20674692,10
61482,20674692,20674732,40
61483,20674780,20674810,30
61484,20674810,20674830,20
61485,20674830,20674836,6
61486,20674836,20674859,23
61487,20674859,20674862,3
61488,20675039,20675086,47
61489,20675086,20675096,10
61490,20675096,20675136,40
61491,20675136,20675214,78
61492,20675214,20675234,20
61493,20675234,20675240,6
61494,20675309,20675391,82
61495,20675391,20675440,49
61496,20675440,20675505,65
61497,20675505,20675566,61
61498,20675566,20675613,47
61499,20675613,20675623,10
61500,20675623,20675663,40
61501,20675663,20675711,48
61502,20675711,20675741,30
61503,20675741,20675767,26
61504,20675767,20675793,26
61505,20675793,20675836,43
61506,20675836,20675918,82
61507,20675918,20675954,36
61508,20675954,20675986,32
61509,20675986,20676018,32
61510,20676083,20676097,14
61511,20676144,20676191,47
61512,20676191,20676201,10
61513,20676241,20676319,78
61514,20676319,20676339,20
61515,20676339,20676345,6
61516,20676345,20676371,26
61517,20676414,20676496,82
61518,20676496,20676532,36
61519,20676532,20676564,32
61520,20676564,20676596,32
61521,20676661,20676675,14
61522,20676769,20676779,10
61523,20676819,20676897,78
61524,20676897,20676917,20
61525,20676917,20676923,6
61526,20676923,20676949,26
61527,20677023,20677043,20
61528,20677043,20677049,6
61529,20677049,20677072,23
61530,20677072,20677075,3
61531,20677261,20677268,7
61532,20677689,20677701,12
61533,20677726,20677732,6
61534,20678313,20678319,6
61535,20678787,20678793,6
61536,20680118,20680121,3
61537,20680607,20680615,8
61538,20680615,20680622,7
61539,20680622,20680629,7
61540,20681452,20681456,4
61541,20681456,20681461,5
61542,20681461,20681472,11
61543,20681472,20681479,7
61544,20681751,20681759,8
61545,20681909,20681915,6
61546,20682175,20682180,5
61547,20683023,20683031,8
61548,20684034,20684041,7
61549,20684303,20684311,8
61550,20685496,20685502,6
61551,20686189,20686192,3
61552,20687060,20687065,5
61553,20688198,20688208,10
61554,20688487,20688493,6
61555,20688898,20688904,6
61556,20688904,20688907,3
61557,20689349,20689357,8
61558,20690786,20690794,8
61559,20690946,20690950,4
61560,20691486,20691492,6
61561,20692540,20692547,7
61562,20692619,20692626,7
61563,20692739,20692749,10
61564,20692761,20692765,4
61565,20692830,20692836,6
61566,20692836,20692843,7
61567,20692843,20692850,7
61568,20692850,20692858,8
61569,20692878,20692885,7
61570,20692955,20692966,11
61571,20692966,20692973,7
61572,20693058,20693063,5
61573,20693307,20693312,5
61574,20693381,20693391,10
61575,20693537,20693546,9
61576,20694226,20694234,8
61577,20694684,20694691,7
61578,20695601,20695610,9
61579,20695686,20695694,8
61580,20696787,20696795,8
61581,20696845,20696852,7
61582,20696852,20696859,7
61583,20696859,20696866,7
61584,20697158,20697162,4
61585,20697855,20697860,5
61586,20697880,20697884,4
61587,20697884,20697889,5
61588,20697889,20697894,5
61589,20698319,20698327,8
61590,20698714,20698719,5
61591,20698719,20698722,3
61592,20699651,20699657,6
61593,20699684,20699692,8
61594,20699772,20699776,4
61595,20700164,20700167,3
61596,20700982,20700989,7
61597,20701008,20701011,3
61598,20702629,20702635,6
61599,20702635,20702641,6
61600,20702641,20702653,12
61601,20702653,20702659,6
61602,20702976,20702986,10
61603,20703410,20703417,7
61604,20703495,20703499,4
61605,20703637,20703647,10
61606,20703776,20703783,7
61607,20704613,20704616,3
61608,20704616,20704619,3
61609,20704619,20704622,3
61610,20704622,20704628,6
61611,20705608,20705611,3
61612,20705981,20705989,8
61613,20706373,20706378,5
61614,20707657,20707661,4
61615,20707902,20707905,3
61616,20709104,20709114,10
61617,20709645,20709653,8
61618,20709847,20709853,6
61619,20709853,20709859,6
61620,20709859,20709865,6
61621,20709907,20709913,6
61622,20709913,20709921,8
61623,20710311,20710315,4
61624,20711081,20711084,3
61625,20711621,20711624,3
61626,20711839,20711845,6
61627,20713604,20713608,4
61628,20713608,20713614,6
61629,20713614,20713620,6
61630,20713620,20713626,6
61631,20713917,20713925,8
61632,20714150,20714156,6
61633,20714156,20714166,10
61634,20714467,20714475,8
61635,20717071,20717075,4
61636,20717471,20717478,7
61637,20718772,20718781,9
61638,20719485,20719490,5
61639,20719819,20719823,4
61640,20719904,20719910,6
61641,20719910,20719915,5
61642,20720924,20720933,9
61643,20721829,20721838,9
61644,20724735,20724740,5
61645,20725366,20725369,3
61646,20725741,20725746,5
61647,20725858,20725866,8
61648,20727456,20727463,7
61649,20727481,20727487,6
61650,20728013,20728019,6
61651,20729651,20729655,4
61652,20731127,20731132,5
61653,20731132,20731138,6
61654,20733496,20733501,5
61655,20736484,20736488,4
61656,20736488,20736497,9
61657,20737079,20737087,8
61658,20737722,20737725,3
61659,20737800,20737808,8
61660,20739753,20739762,9
61661,20739847,20739856,9
61662,20740763,20740771,8
61663,20740916,20740920,4
61664,20740920,20740925,5
61665,20740936,20740944,8
61666,20742281,20742284,3
61667,20742680,20742689,9
61668,20742934,20742944,10
61669,20744067,20744071,4
61670,20745502,20745506,4
61671,20745776,20745779,3
61672,20746821,20746828,7
61673,20746864,20746868,4
61674,20746989,20746996,7
61675,20747343,20747347,4
61676,20747347,20747351,4
61677,20748319,20748326,7
61678,20748326,20748333,7
61679,20748333,20748341,8
61680,20748373,20748377,4
61681,20749657,20749664,7
61682,20750717,20750722,5
61683,20751582,20751589,7
61684,20751674,20751678,4
61685,20751678,20751683,5
61686,20751683,20751691,8
61687,20751904,20751912,8
61688,20752087,20752092,5
61689,20752671,20752676,5
61690,20753944,20753950,6
61691,20753950,20753956,6
61692,20753956,20753962,6
61693,20753962,20753968,6
61694,20753968,20753974,6
61695,20754772,20754781,9
61696,20755264,20755267,3
61697,20755282,20755290,8
61698,20755318,20755323,5
61699,20757225,20757232,7
61700,20757232,20757239,7
61701,20757239,20757245,6
61702,20758236,20758241,5
61703,20758989,20758996,7
61704,20759233,20759236,3
61705,20759275,20759281,6
61706,20760742,20760750,8
61707,20760750,20760758,8
61708,20761330,20761334,4
61709,20763473,20763478,5
61710,20763515,20763523,8
61711,20765132,20765137,5
61712,20765137,20765141,4
61713,20765258,20765265,7
61714,20765265,20765272,7
61715,20765859,20765864,5
61716,20765889,20765893,4
61717,20766078,20766083,5
61718,20766370,20766376,6
61719,20767808,20767817,9
61720,20767884,20767890,6
61721,20767901,20767909,8
61722,20768099,20768104,5
61723,20768160,20768165,5
61724,20768395,20768399,4
61725,20768411,20768416,5
61726,20768740,20768746,6
61727,20768958,20768968,10
61728,20769383,20769392,9
61729,20770382,20770389,7
61730,20770462,20770470,8
61731,20770835,20770839,4
61732,20770839,20770843,4
61733,20771682,20771688,6
61734,20771688,20771695,7
61735,20772090,20772098,8
61736,20772098,20772106,8
61737,20772311,20772320,9
61738,20772443,20772451,8
61739,20773599,20773607,8
61740,20773686,20773690,4
61741,20773808,20773813,5
61742,20773836,20773840,4
61743,20773942,20773948,6
61744,20774003,20774009,6
61745,20774316,20774320,4
61746,20774320,20774325,5
61747,20775600,20775606,6
61748,20775700,20775708,8
61749,20776406,20776420,14
61750,20777436,20777444,8
61751,20777833,20777837,4
61752,20778185,20778194,9
61753,20779077,20779087,10
61754,20779494,20779498,4
61755,20779615,20779626,11
61756,20781232,20781238,6
61757,20781441,20781448,7
61758,20781517,20781525,8
61759,20781977,20781987,10
61760,20782613,20782619,6
61761,20782850,20782856,6
61762,20782856,20782860,4
61763,20783145,20783153,8
61764,20783193,20783199,6
61765,20783199,20783205,6
61766,20784345,20784353,8
61767,20784471,20784476,5
61768,20784653,20784660,7
61769,20784660,20784663,3
61770,20784768,20784772,4
61771,20786091,20786101,10
61772,20786101,20786111,10
61773,20786111,20786119,8
61774,20786178,20786185,7
61775,20786322,20786329,7
61776,20788994,20789004,10
61777,20789004,20789009,5
61778,20789593,20789598,5
61779,20790580,20790586,6
61780,20790683,20790692,9
61781,20790692,20790697,5
61782,20792330,20792335,5
61783,20792894,20792897,3
61784,20792954,20792957,3
61785,20793678,20793684,6
61786,20793714,20793723,9
61787,20793886,20793890,4
61788,20794050,20794057,7
61789,20794057,20794064,7
61790,20794094,20794101,7
61791,20794189,20794197,8
61792,20794508,20794512,4
61793,20794642,20794649,7
61794,20795269,20795273,4
61795,20795273,20795277,4
61796,20795277,20795285,8
61797,20795285,20795293,8
61798,20795502,20795510,8
61799,20795811,20795819,8
61800,20796178,20796184,6
61801,20796243,20796249,6
61802,20796729,20796735,6
61803,20796766,20796769,3
61804,20798570,20798574,4
61805,20798980,20798985,5
61806,20800487,20800491,4
61807,20800491,20800497,6
61808,20801236,20801246,10
61809,20801246,20801252,6
61810,20801302,20801310,8
61811,20801411,20801417,6
61812,20802231,20802235,4
61813,20802445,20802453,8
61814,20802985,20802998,13
61815,20803177,20803181,4
61816,20803346,20803350,4
61817,20803479,20803485,6
61818,20803485,20803493,8
61819,20803562,20803570,8
61820,20803645,20803652,7
61821,20803652,20803660,8
61822,20803708,20803718,10
61823,20803908,20803915,7
61824,20803952,20803957,5
61825,20804731,20804737,6
61826,20804737,20804745,8
61827,20805411,20805419,8
61828,20805661,20805670,9
61829,20805670,20805675,5
61830,20805827,20805830,3
61831,20806195,20806199,4
61832,20806402,20806418,16
61833,20806418,20806424,6
61834,20807274,20807280,6
61835,20807585,20807595,10
61836,20808356,20808359,3
61837,20809397,20809401,4
61838,20809752,20809760,8
61839,20810026,20810035,9
61840,20810424,20810432,8
61841,20811763,20811771,8
61842,20811836,20811842,6
61843,20812395,20812398,3
61844,20812398,20812403,5
61845,20812736,20812744,8
61846,20813539,20813549,10
61847,20813659,20813668,9
61848,20814134,20814139,5
61849,20814151,20814154,3
61850,20818129,20818133,4
61851,20819038,20819042,4
61852,20819112,20819116,4
61853,20820714,20820718,4
61854,20820718,20820721,3
61855,20820883,20820888,5
61856,20821892,20821898,6
61857,20822718,20822722,4
61858,20823249,20823255,6
61859,20823255,20823261,6
61860,20823261,20823267,6
61861,20824887,20824890,3
61862,20824890,20824898,8
61863,20824977,20824984,7
61864,20825258,20825263,5
61865,20825263,20825270,7
61866,20825455,20825458,3
61867,20825620,20825624,4
61868,20825796,20825800,4
61869,20825907,20825912,5
61870,20827255,20827260,5
61871,20827260,20827269,9
61872,20827269,20827276,7
61873,20827397,20827401,4
61874,20827494,20827498,4
61875,20828405,20828413,8
61876,20828455,20828458,3
61877,20828567,20828576,9
61878,20828818,20828821,3
61879,20828857,20828861,4
61880,20828861,20828869,8
61881,20828897,20828901,4
61882,20829531,20829535,4
61883,20829583,20829587,4
61884,20832254,20832260,6
61885,20833570,20833578,8
61886,20834306,20834310,4
61887,20834424,20834430,6
61888,20836860,20836876,16
61889,20836876,20836957,81
61890,20836957,20837002,45
61891,20837002,20837023,21
61892,20837023,20837031,8
61893,20837031,20837054,23
61894,20837054,20837105,51
61895,20837105,20837110,5
61896,20837110,20837138,28
61897,20837138,20837199,61
61898,20837199,20837380,181
61899,20838050,20838138,88
61900,20838138,20838206,68
61901,20838206,20838219,13
61902,20838219,20838249,30
61903,20838249,20838260,11
61904,20838260,20838483,223
61905,20838483,20838513,30
61906,20838513,20838564,51
61907,20838564,20838572,8
61908,20838572,20838752,180
61909,20838752,20838771,19
61910,20838771,20838786,15
61911,20838786,20838831,45
61912,20838831,20838961,130
61913,20838961,20838990,29
61914,20838990,20839011,21
61915,20839011,20839067,56
61916,20839067,20839116,49
61917,20839116,20839122,6
61918,20839122,20839224,102
61919,20839224,20839301,77
61920,20839301,20839436,135
61921,20839436,20839447,11
61922,20839447,20839604,157
61923,20839604,20839652,48
61924,20839652,20839656,4
61925,20839656,20839700,44
61926,20839700,20839793,93
61927,20839793,20839871,78
61928,20839871,20839881,10
61929,20839881,20839920,39
61930,20839920,20839944,24
61931,20839944,20840028,84
61932,20840028,20840039,11
61933,20840039,20840050,11
61934,20840050,20840112,62
61935,20840112,20840145,33
61936,20840145,20840148,3
61937,20840148,20840199,51
61938,20840199,20840205,6
61939,20840205,20840212,7
61940,20840212,20840241,29
61941,20840241,20840256,15
61942,20840256,20840273,17
61943,20840273,20840361,88
61944,20840361,20840375,14
61945,20840375,20840388,13
61946,20840388,20840423,35
61947,20840423,20840430,7
61948,20840430,20840466,36
61949,20840466,20840538,72
61950,20840538,20840603,65
61951,20840603,20840625,22
61952,20840625,20840634,9
61953,20840634,20840757,123
61954,20840757,20840766,9
61955,20840766,20840808,42
61956,20840808,20840820,12
61957,20840820,20840841,21
61958,20840841,20840902,61
61959,20840902,20840921,19
61960,20840921,20841039,118
61961,20841039,20841069,30
61962,20841069,20841126,57
61963,20841126,20841136,10
61964,20841136,20841188,52
61965,20841188,20841207,19
61966,20841207,20841228,21
61967,20841228,20841296,68
61968,20841296,20841326,30
61969,20841326,20841334,8
61970,20841334,20841511,177
61971,20841511,20841533,22
61972,20841533,20841549,16
61973,20841549,20841557,8
61974,20841557,20841572,15
61975,20841572,20841593,21
61976,20841593,20841618,25
61977,20841618,20841669,51
61978,20841669,20841681,12
61979,20841681,20841702,21
61980,20841702,20841716,14
61981,20841716,20841726,10
61982,20841726,20841837,111
61983,20841837,20841840,3
61984,20841840,20841913,73
61985,20841913,20841923,10
61986,20841923,20841971,48
61987,20841971,20842031,60
61988,20842031,20842107,76
61989,20842107,20842132,25
61990,20842132,20842244,112
61991,20842244,20842283,39
61992,20842283,20842400,117
61993,20842400,20842431,31
61994,20842431,20842492,61
61995,20842492,20842551,59
61996,20842551,20842588,37
61997,20842588,20842668,80
61998,20842668,20842706,38
61999,20842706,20842733,27
62000,20842733,20842737,4
62001,20843004,20843025,21
62002,20843172,20843229,57
62003,20843229,20843321,92
62004,20843321,20843331,10
62005,20843331,20843377,46
62006,20843427,20843433,6
62007,20843977,20843993,16
62008,20843993,20844074,81
62009,20844074,20844119,45
62010,20844119,20844140,21
62011,20844140,20844148,8
62012,20844148,20844171,23
62013,20844171,20844222,51
62014,20844222,20844227,5
62015,20844227,20844255,28
62016,20844926,20844930,4
62017,20845431,20845437,6
62018,20845492,20845498,6
62019,20847624,20847628,4
62020,20848585,20848593,8
62021,20848860,20848868,8
62022,20849654,20849660,6
62023,20849660,20849665,5
62024,20849806,20849810,4
62025,20849944,20849950,6
62026,20852232,20852240,8
62027,20852272,20852279,7
62028,20852279,20852286,7
62029,20852286,20852291,5
62030,20852421,20852429,8
62031,20854238,20854245,7
62032,20854245,20854251,6
62033,20854362,20854369,7
62034,20854369,20854377,8
62035,20855297,20855301,4
62036,20855301,20855310,9
62037,20857619,20857625,6
62038,20858700,20858708,8
62039,20859835,20859840,5
62040,20860929,20860934,5
62041,20861286,20861290,4
62042,20861400,20861407,7
62043,20862023,20862032,9
62044,20862164,20862168,4
62045,20862451,20862456,5
62046,20862697,20862702,5
62047,20864452,20864458,6
62048,20864458,20864465,7
62049,20864465,20864478,13
62050,20864478,20864481,3
62051,20865209,20865216,7
62052,20865216,20865223,7
62053,20865595,20865599,4
62054,20865886,20865889,3
62055,20868016,20868027,11
62056,20868315,20868323,8
62057,20868532,20868542,10
62058,20869298,20869304,6
62059,20870088,20870097,9
62060,20870176,20870182,6
62061,20870556,20870561,5
62062,20870561,20870564,3
62063,20871507,20871514,7
62064,20871514,20871518,4
62065,20871944,20871952,8
62066,20871952,20871961,9
62067,20872051,20872054,3
62068,20873642,20873646,4
62069,20874069,20874072,3
62070,20874355,20874358,3
62071,20874952,20874958,6
62072,20875135,20875138,3
62073,20875183,20875192,9
62074,20875245,20875249,4
62075,20875665,20875674,9
62076,20877563,20877573,10
62077,20878893,20878899,6
62078,20879032,20879039,7
62079,20880216,20880226,10
62080,20880917,20880923,6
62081,20881957,20881960,3
62082,20882075,20882084,9
62083,20882099,20882105,6
62084,20882105,20882108,3
62085,20882252,20882256,4
62086,20882656,20882659,3
62087,20884511,20884518,7
62088,20884518,20884524,6
62089,20886234,20886243,9
62090,20888872,20888878,6
62091,20888920,20888926,6
62092,20888938,20888944,6
62093,20889084,20889090,6
62094,20889090,20889096,6
62095,20889096,20889102,6
62096,20889481,20889492,11
62097,20891731,20891740,9
62098,20891946,20891949,3
62099,20891949,20891952,3
62100,20891952,20891955,3
62101,20891955,20891958,3
62102,20891958,20891961,3
62103,20891961,20891964,3
62104,20891964,20891967,3
62105,20891967,20891970,3
62106,20891970,20891973,3
62107,20891973,20891976,3
62108,20891976,20891979,3
62109,20891979,20891985,6
62110,20894909,20894917,8
62111,20894953,20894969,16
62112,20894969,20894975,6
62113,20895107,20895111,4
62114,20895335,20895342,7
62115,20896178,20896184,6
62116,20896205,20896214,9
62117,20896794,20896800,6
62118,20896941,20896944,3
62119,20898174,20898181,7
62120,20898567,20898576,9
62121,20899306,20899314,8
62122,20901336,20901344,8
62123,20901603,20901613,10
62124,20902609,20902616,7
62125,20903423,20903426,3
62126,20903659,20903664,5
62127,20904704,20904713,9
62128,20904969,20904972,3
62129,20904972,20904975,3
62130,20904975,20904981,6
62131,20904981,20904987,6
62132,20905421,20905424,3
62133,20906103,20906109,6
62134,20909212,20909218,6
62135,20909218,20909224,6
62136,20909937,20909945,8
62137,20910025,20910031,6
62138,20910031,20910038,7
62139,20910952,20910960,8
62140,20911454,20911457,3
62141,20912678,20912681,3
62142,20912681,20912685,4
62143,20913040,20913048,8
62144,20915786,20915791,5
62145,20916111,20916118,7
62146,20916211,20916217,6
62147,20916432,20916435,3
62148,20916860,20916864,4
62149,20916864,20916867,3
62150,20918597,20918605,8
62151,20919228,20919231,3
62152,20919290,20919294,4
62153,20919294,20919303,9
62154,20920305,20920310,5
62155,20920310,20920316,6
62156,20920991,20920999,8
62157,20920999,20921007,8
62158,20921069,20921073,4
62159,20921147,20921153,6
62160,20921190,20921193,3
62161,20921620,20921623,3
62162,20922267,20922275,8
62163,20922736,20922740,4
62164,20924915,20924921,6
62165,20927146,20927154,8
62166,20927439,20927446,7
62167,20928361,20928367,6
62168,20928547,20928552,5
62169,20928966,20928976,10
62170,20928976,20928982,6
62171,20928993,20928998,5
62172,20929394,20929401,7
62173,20929542,20929556,14
62174,20929556,20929565,9
62175,20929582,20929591,9
62176,20929817,20929826,9
62177,20930536,20930541,5
62178,20930603,20930609,6
62179,20930609,20930625,16
62180,20930698,20930705,7
62181,20931088,20931092,4
62182,20931262,20931270,8
62183,20931835,20931844,9
62184,20932412,20932416,4
62185,20932416,20932419,3
62186,20932419,20932422,3
62187,20932437,20932445,8
62188,20933097,20933103,6
62189,20933571,20933575,4
62190,20933589,20933594,5
62191,20933881,20933888,7
62192,20934141,20934147,6
62193,20934786,20934793,7
62194,20935402,20935405,3
62195,20935743,20935751,8
62196,20936408,20936413,5
62197,20936501,20936507,6
62198,20936724,20936731,7
62199,20936983,20936988,5
62200,20937210,20937219,9
62201,20937498,20937508,10
62202,20937586,20937592,6
62203,20937817,20937825,8
62204,20938376,20938385,9
62205,20938750,20938759,9
62206,20938951,20938963,12
62207,20939648,20939652,4
62208,20939652,20939658,6
62209,20940131,20940137,6
62210,20940157,20940160,3
62211,20940344,20940347,3
62212,20943161,20943171,10
62213,20943952,20943958,6
62214,20945486,20945490,4
62215,20945501,20945505,4
62216,20945709,20945719,10
62217,20945783,20945792,9
62218,20946332,20946337,5
62219,20947568,20947577,9
62220,20947770,20947776,6
62221,20948247,20948251,4
62222,20949420,20949427,7
62223,20950080,20950084,4
62224,20950230,20950235,5
62225,20950740,20950748,8
62226,20951563,20951567,4
62227,20953824,20953828,4
62228,20953828,20953832,4
62229,20954085,20954088,3
62230,20954088,20954092,4
62231,20954810,20954814,4
62232,20954814,20954818,4
62233,20954818,20954822,4
62234,20955272,20955276,4
62235,20955353,20955359,6
62236,20955359,20955362,3
62237,20955362,20955371,9
62238,20955371,20955374,3
62239,20957015,20957021,6
62240,20957057,20957061,4
62241,20957061,20957093,32
62242,20957093,20957223,130
62243,20957223,20957282,59
62244,20957282,20957350,68
62245,20957350,20957423,73
62246,20957423,20957512,89
62247,20957512,20957557,45
62248,20957557,20957661,104
62249,20957661,20957683,22
62250,20957683,20957696,13
62251,20957696,20957779,83
62252,20957779,20957839,60
62253,20957839,20957856,17
62254,20957856,20957904,48
62255,20957904,20957910,6
62256,20957910,20957932,22
62257,20957932,20957992,60
62258,20957992,20958091,99
62259,20958091,20958111,20
62260,20958111,20958134,23
62261,20958134,20958191,57
62262,20958191,20958213,22
62263,20958213,20958232,19
62264,20958232,20958297,65
62265,20958297,20958310,13
62266,20958310,20958361,51
62267,20958361,20958395,34
62268,20958395,20958417,22
62269,20958417,20958565,148
62270,20958565,20958760,195
62271,20958760,20958772,12
62272,20958772,20958815,43
62273,20958815,20958913,98
62274,20958913,20958918,5
62275,20958918,20958925,7
62276,20958925,20958961,36
62277,20958961,20958981,20
62278,20958981,20959009,28
62279,20959009,20959110,101
62280,20959110,20959133,23
62281,20959133,20959196,63
62282,20959196,20959228,32
62283,20959228,20959347,119
62284,20959347,20959395,48
62285,20959395,20959401,6
62286,20959401,20959404,3
62287,20959404,20959500,96
62288,20959500,20959508,8
62289,20959508,20959515,7
62290,20959515,20959574,59
62291,20959574,20959625,51
62292,20959625,20959764,139
62293,20959764,20959828,64
62294,20959828,20959844,16
62295,20959844,20959848,4
62296,20959848,20960036,188
62297,20960036,20960061,25
62298,20960061,20960085,24
62299,20960085,20960088,3
62300,20960088,20960097,9
62301,20960097,20960225,128
62302,20960225,20960250,25
62303,20960250,20960279,29
62304,20960279,20960316,37
62305,20960316,20960380,64
62306,20960380,20960397,17
62307,20960397,20960467,70
62308,20960467,20960602,135
62309,20960602,20960634,32
62310,20960634,20960808,174
62311,20960808,20960822,14
62312,20960822,20960840,18
62313,20960840,20960852,12
62314,20960852,20960862,10
62315,20960862,20960955,93
62316,20960955,20961012,57
62317,20961012,20961030,18
62318,20961030,20961042,12
62319,20961042,20961059,17
62320,20961059,20961090,31
62321,20961090,20961105,15
62322,20961105,20961192,87
62323,20961192,20961255,63
62324,20961255,20961274,19
62325,20961274,20961288,14
62326,20961288,20961318,30
62327,20961318,20961511,193
62328,20961511,20961605,94
62329,20961605,20961640,35
62330,20961640,20961683,43
62331,20961683,20961716,33
62332,20961716,20961744,28
62333,20961744,20961785,41
62334,20961785,20961846,61
62335,20961846,20961890,44
62336,20961890,20962092,202
62337,20962092,20962103,11
62338,20962103,20962179,76
62339,20962179,20962199,20
62340,20962199,20962229,30
62341,20962229,20962255,26
62342,20962255,20962309,54
62343,20962309,20962325,16
62344,20962325,20962334,9
62345,20962967,20962995,28
62346,20963054,20963058,4
62347,20963834,20963838,4
62348,20964139,20964143,4
62349,20964883,20964911,28
62350,20964970,20964974,4
62351,20965860,20965869,9
62352,20966509,20966516,7
62353,20966868,20966874,6
62354,20966874,20966883,9
62355,20968992,20969001,9
62356,20970774,20970777,3
62357,20972279,20972284,5
62358,20972526,20972531,5
62359,20972856,20972859,3
62360,20972859,20972865,6
62361,20972865,20972874,9
62362,20974915,20974920,5
62363,20974990,20974999,9
62364,20975192,20975198,6
62365,20975997,20976006,9
62366,20976973,20976979,6
62367,20977514,20977523,9
62368,20977523,20977527,4
62369,20978388,20978398,10
62370,20978398,20978406,8
62371,20978808,20978812,4
62372,20979305,20979310,5
62373,20979310,20979315,5
62374,20981554,20981561,7
62375,20982485,20982489,4
62376,20982545,20982553,8
62377,20983308,20983316,8
62378,20983316,20983320,4
62379,20984128,20984134,6
62380,20984240,20984247,7
62381,20984322,20984330,8
62382,20984547,20984556,9
62383,20984750,20984756,6
62384,20984756,20984762,6
62385,20985195,20985206,11
62386,20985206,20985216,10
62387,20985820,20985824,4
62388,20985891,20985895,4
62389,20985895,20985899,4
62390,20985899,20985903,4
62391,20985903,20985906,3
62392,20986039,20986048,9
62393,20986048,20986051,3
62394,20986576,20986580,4
62395,20987016,20987025,9
62396,20989734,20989739,5
62397,20989739,20989744,5
62398,20990025,20990034,9
62399,20990283,20990289,6
62400,20990318,20990326,8
62401,20990326,20990334,8
62402,20990461,20990465,4
62403,20991358,20991361,3
62404,20993941,20993949,8
62405,20994616,20994627,11
62406,20994627,20994632,5
62407,20994726,20994731,5
62408,20996681,20996688,7
62409,20997805,20997810,5
62410,20997937,20997940,3
62411,20998235,20998240,5
62412,20998667,20998671,4
62413,21001126,21001135,9
62414,21001458,21001468,10
62415,21001759,21001763,4
62416,21002221,21002228,7
62417,21002228,21002231,3
62418,21002282,21002285,3
62419,21002527,21002533,6
62420,21002625,21002638,13
62421,21003695,21003698,3
62422,21003937,21003946,9
62423,21004319,21004325,6
62424,21004531,21004537,6
62425,21004819,21004825,6
62426,21005125,21005132,7
62427,21008021,21008025,4
62428,21008262,21008274,12
62429,21008452,21008463,11
62430,21008695,21008701,6
62431,21011282,21011291,9
62432,21012323,21012328,5
62433,21012524,21012533,9
62434,21013493,21013499,6
62435,21015936,21015945,9
62436,21016132,21016138,6
62437,21017284,21017289,5
62438,21017474,21017478,4
62439,21017672,21017677,5
62440,21018084,21018090,6
62441,21018453,21018456,3
62442,21018456,21018461,5
62443,21018461,21018472,11
62444,21021310,21021317,7
62445,21021317,21021324,7
62446,21022341,21022349,8
62447,21022349,21022352,3
62448,21022457,21022465,8
62449,21023077,21023085,8
62450,21023113,21023124,11
62451,21023523,21023530,7
62452,21024113,21024120,7
62453,21024453,21024457,4
62454,21024907,21024913,6
62455,21025174,21025178,4
62456,21026106,21026114,8
62457,21026146,21026150,4
62458,21026434,21026442,8
62459,21026704,21026713,9
62460,21026877,21026881,4
62461,21027231,21027235,4
62462,21027626,21027629,3
62463,21027974,21027980,6
62464,21028223,21028230,7
62465,21029314,21029326,12
62466,21031994,21031998,4
62467,21033041,21033049,8
62468,21033377,21033394,17
62469,21033394,21033409,15
62470,21034294,21034301,7
62471,21034359,21034367,8
62472,21035559,21035564,5
62473,21035564,21035569,5
62474,21035672,21035679,7
62475,21037061,21037067,6
62476,21037067,21037083,16
62477,21037789,21037795,6
62478,21037871,21037876,5
62479,21038748,21038754,6
62480,21038933,21038936,3
62481,21039198,21039206,8
62482,21040579,21040585,6
62483,21040597,21040604,7
62484,21041145,21041157,12
62485,21041900,21041905,5
62486,21042589,21042598,9
62487,21042774,21042783,9
62488,21044621,21044627,6
62489,21044667,21044675,8
62490,21045246,21045253,7
62491,21045795,21045803,8
62492,21046161,21046170,9
62493,21046278,21046282,4
62494,21046791,21046797,6
62495,21046832,21046837,5
62496,21047344,21047349,5
62497,21047984,21047989,5
62498,21048584,21048590,6
62499,21048590,21048593,3
62500,21048593,21048602,9
62501,21048697,21048706,9
62502,21049742,21049745,3
62503,21049959,21049965,6
62504,21051844,21051849,5
62505,21051953,21051961,8
62506,21051972,21051975,3
62507,21052000,21052004,4
62508,21052121,21052130,9
62509,21052734,21052742,8
62510,21052757,21052761,4
62511,21053046,21053050,4
62512,21053062,21053065,3
62513,21053806,21053815,9
62514,21054066,21054073,7
62515,21056134,21056139,5
62516,21057317,21057320,3
62517,21057335,21057343,8
62518,21057343,21057346,3
62519,21058370,21058377,7
62520,21058873,21058876,3
62521,21059324,21059333,9
62522,21059812,21059821,9
62523,21059821,21059832,11
62524,21061255,21061259,4
62525,21061412,21061415,3
62526,21061897,21061902,5
62527,21062165,21062238,73
62528,21062238,21062272,34
62529,21062272,21062287,15
62530,21063077,21063085,8
62531,21064465,21064470,5
62532,21064470,21064475,5
62533,21064498,21064504,6
62534,21064929,21064937,8
62535,21065619,21065623,4
62536,21065995,21066004,9
62537,21066158,21066168,10
62538,21066552,21066555,3
62539,21066555,21066559,4
62540,21066559,21066562,3
62541,21067369,21067377,8
62542,21067743,21067752,9
62543,21067815,21067819,4
62544,21067819,21067823,4
62545,21067976,21067980,4
62546,21067980,21067983,3
62547,21067983,21067991,8
62548,21068114,21068119,5
62549,21068678,21068686,8
62550,21068949,21068957,8
62551,21069047,21069054,7
62552,21069668,21069677,9
62553,21069969,21069972,3
62554,21070233,21070241,8
62555,21070432,21070441,9
62556,21070777,21070785,8
62557,21071100,21071106,6
62558,21071776,21071782,6
62559,21071782,21071788,6
62560,21072135,21072139,4
62561,21072165,21072172,7
62562,21072204,21072208,4
62563,21072208,21072212,4
62564,21072303,21072307,4
62565,21072576,21072583,7
62566,21073293,21073299,6
62567,21073512,21073521,9
62568,21073521,21073530,9
62569,21074673,21074680,7
62570,21076465,21076472,7
62571,21077297,21077303,6
62572,21078415,21078422,7
62573,21078422,21078430,8
62574,21078430,21078434,4
62575,21078641,21078649,8
62576,21078649,21078653,4
62577,21079158,21079164,6
62578,21079164,21079168,4
62579,21079219,21079224,5
62580,21079481,21079489,8
62581,21079745,21079749,4
62582,21079837,21079847,10
62583,21079875,21079882,7
62584,21080151,21080161,10
62585,21080810,21080814,4
62586,21080814,21080823,9
62587,21080848,21080854,6
62588,21082251,21082259,8
62589,21082859,21082867,8
62590,21082944,21082950,6
62591,21083884,21083888,4
62592,21083922,21083931,9
62593,21083976,21083985,9
62594,21083985,21083996,11
62595,21083996,21084011,15
62596,21084149,21084155,6
62597,21084944,21084955,11
62598,21085068,21085075,7
62599,21085075,21085078,3
62600,21085218,21085226,8
62601,21085226,21085235,9
62602,21085235,21085247,12
62603,21085825,21085834,9
62604,21086221,21086224,3
62605,21086224,21086240,16
62606,21086240,21086276,36
62607,21086276,21086330,54
62608,21086330,21086349,19
62609,21086349,21086371,22
62610,21086371,21086399,28
62611,21086399,21086588,189
62612,21086588,21086636,48
62613,21086636,21086699,63
62614,21086699,21086705,6
62615,21086705,21086882,177
62616,21086882,21086941,59
62617,21086941,21086951,10
62618,21086951,21087032,81
62619,21087032,21087107,75
62620,21087407,21087414,7
62621,21087764,21087770,6
62622,21087840,21087843,3
62623,21088084,21088090,6
62624,21088090,21088104,14
62625,21088104,21088110,6
62626,21088924,21088931,7
62627,21090104,21090111,7
62628,21090138,21090146,8
62629,21090323,21090329,6
62630,21091168,21091177,9
62631,21091961,21091972,11
62632,21092198,21092204,6
62633,21093007,21093016,9
62634,21093512,21093521,9
62635,21093609,21093616,7
62636,21094695,21094702,7
62637,21095122,21095130,8
62638,21095813,21095907,94
62639,21095907,21095922,15
62640,21095922,21096027,105
62641,21096086,21096095,9
62642,21096095,21096177,82
62643,21096335,21096339,4
62644,21096449,21096470,21
62645,21096470,21096605,135
62646,21096605,21096700,95
62647,21097210,21097216,6
62648,21097573,21097576,3
62649,21097576,21097582,6
62650,21098631,21098638,7
62651,21099525,21099619,94
62652,21099619,21099634,15
62653,21099634,21099739,105
62654,21099798,21099807,9
62655,21099807,21099889,82
62656,21100968,21100972,4
62657,21101230,21101235,5
62658,21101560,21101570,10
62659,21101763,21101771,8
62660,21101910,21101914,4
62661,21102245,21102249,4
62662,21104499,21104508,9
62663,21105559,21105568,9
62664,21108313,21108319,6
62665,21108319,21108324,5
62666,21108324,21108328,4
62667,21109337,21109345,8
62668,21109599,21109603,4
62669,21110064,21110071,7
62670,21110251,21110254,3
62671,21110266,21110275,9
62672,21110275,21110284,9
62673,21110284,21110290,6
62674,21111087,21111096,9
62675,21112102,21112108,6
62676,21112331,21112336,5
62677,21113049,21113055,6
62678,21113055,21113063,8
62679,21113178,21113188,10
62680,21113316,21113322,6
62681,21114682,21114685,3
62682,21115364,21115368,4
62683,21115724,21115727,3
62684,21116142,21116150,8
62685,21116369,21116374,5
62686,21116868,21116872,4
62687,21117877,21117886,9
62688,21117886,21117894,8
62689,21118097,21118101,4
62690,21118675,21118681,6
62691,21118860,21118867,7
62692,21121275,21121282,7
62693,21121785,21121790,5
62694,21122920,21122928,8
62695,21123333,21123341,8
62696,21125209,21125219,10
62697,21125269,21125276,7
62698,21125641,21125649,8
62699,21126366,21126371,5
62700,21126715,21126719,4
62701,21126897,21126901,4
62702,21127278,21127282,4
62703,21127282,21127285,3
62704,21127546,21127550,4
62705,21127814,21127821,7
62706,21128042,21128047,5
62707,21128089,21128097,8
62708,21128625,21128628,3
62709,21129214,21129220,6
62710,21131220,21131230,10
62711,21131230,21131237,7
62712,21131513,21131519,6
62713,21132279,21132286,7
62714,21132816,21132820,4
62715,21133443,21133451,8
62716,21133451,21133455,4
62717,21133562,21133570,8
62718,21134176,21134185,9
62719,21134235,21134242,7
62720,21134263,21134272,9
62721,21134422,21134428,6
62722,21134659,21134668,9
62723,21134668,21134674,6
62724,21134674,21134677,3
62725,21134677,21134680,3
62726,21134680,21134689,9
62727,21134933,21134941,8
62728,21135376,21135381,5
62729,21135721,21135728,7
62730,21135976,21135980,4
62731,21136342,21136348,6
62732,21137416,21137419,3
62733,21138227,21138237,10
62734,21138345,21138348,3
62735,21140683,21140688,5
62736,21140688,21140693,5
62737,21142323,21142331,8
62738,21142758,21142761,3
62739,21143512,21143517,5
62740,21144368,21144371,3
62741,21144371,21144380,9
62742,21145721,21145726,5
62743,21145726,21145731,5
62744,21145731,21145737,6
62745,21145854,21145913,59
62746,21145913,21145917,4
62747,21145917,21146016,99
62748,21146016,21146090,74
62749,21146090,21146105,15
62750,21146105,21146120,15
62751,21146120,21146130,10
62752,21146130,21146276,146
62753,21146625,21146638,13
62754,21146638,21146681,43
62755,21146681,21146689,8
62756,21146775,21146790,15
62757,21146916,21146938,22
62758,21147226,21147413,187
62759,21147413,21147513,100
62760,21147513,21147520,7
62761,21147520,21147535,15
62762,21147535,21147554,19
62763,21147554,21147562,8
62764,21147562,21147709,147
62765,21147709,21147741,32
62766,21147741,21147770,29
62767,21147770,21147910,140
62768,21147910,21148087,177
62769,21148087,21148225,138
62770,21148225,21148260,35
62771,21148260,21148338,78
62772,21148338,21148351,13
62773,21148351,21148388,37
62774,21148388,21148394,6
62775,21148394,21148496,102
62776,21148496,21148571,75
62777,21148571,21148610,39
62778,21148610,21148619,9
62779,21148744,21148799,55
62780,21148799,21148820,21
62781,21148992,21149105,113
62782,21149105,21149443,338
62783,21149443,21149655,212
62784,21149655,21149697,42
62785,21149697,21149714,17
62786,21149714,21149728,14
62787,21149728,21149775,47
62788,21149775,21149846,71
62789,21149846,21149874,28
62790,21149874,21149879,5
62791,21149879,21149882,3
62792,21149951,21149965,14
62793,21149965,21149972,7
62794,21149972,21149997,25
62795,21149997,21150105,108
62796,21150105,21150142,37
62797,21150232,21150269,37
62798,21150269,21150272,3
62799,21150272,21150292,20
62800,21150292,21150460,168
62801,21150460,21150513,53
62802,21150513,21150608,95
62803,21150608,21150621,13
62804,21150621,21150715,94
62805,21150715,21150783,68
62806,21150783,21150996,213
62807,21150996,21151095,99
62808,21151095,21151205,110
62809,21151205,21151217,12
62810,21151217,21151318,101
62811,21151318,21151368,50
62812,21151368,21151377,9
62813,21151377,21151574,197
62814,21151574,21151620,46
62815,21151620,21151654,34
62816,21151654,21152172,518
62817,21152172,21152198,26
62818,21152198,21152363,165
62819,21152363,21152390,27
62820,21152390,21152475,85
62821,21152475,21152499,24
62822,21152499,21152522,23
62823,21152522,21152540,18
62824,21152540,21152558,18
62825,21152558,21152645,87
62826,21152645,21152659,14
62827,21152659,21152693,34
62828,21152693,21152752,59
62829,21152752,21152755,3
62830,21152755,21152758,3
62831,21152836,21152872,36
62832,21152872,21152888,16
62833,21152888,21152905,17
62834,21153616,21153642,26
62835,21153642,21153707,65
62836,21153707,21153969,262
62837,21153969,21153979,10
62838,21153979,21154019,40
62839,21154019,21154135,116
62840,21154135,21154265,130
62841,21154265,21154277,12
62842,21154277,21154307,30
62843,21154307,21154327,20
62844,21154327,21154357,30
62845,21154357,21154399,42
62846,21154399,21154481,82
62847,21154481,21154524,43
62848,21155005,21155064,59
62849,21155064,21155068,4
62850,21155068,21155167,99
62851,21155167,21155241,74
62852,21155241,21155256,15
62853,21155256,21155271,15
62854,21155271,21155281,10
62855,21155281,21155427,146
62856,21155776,21155789,13
62857,21155789,21155832,43
62858,21155832,21155840,8
62859,21155926,21155941,15
62860,21156066,21156088,22
62861,21156429,21156432,3
62862,21157180,21157185,5
62863,21157384,21157390,6
62864,21157677,21157688,11
62865,21157688,21157698,10
62866,21157942,21157948,6
62867,21158037,21158050,13
62868,21158445,21158632,187
62869,21158632,21158732,100
62870,21158732,21158739,7
62871,21158739,21158754,15
62872,21158754,21158773,19
62873,21158773,21158781,8
62874,21158781,21158928,147
62875,21158928,21158960,32
62876,21158960,21158989,29
62877,21158989,21159129,140
62878,21159129,21159306,177
62879,21159306,21159444,138
62880,21159444,21159479,35
62881,21159479,21159557,78
62882,21159557,21159570,13
62883,21159570,21159607,37
62884,21159607,21159613,6
62885,21159613,21159715,102
62886,21159715,21159790,75
62887,21159790,21159829,39
62888,21159829,21159838,9
62889,21159963,21160018,55
62890,21160018,21160039,21
62891,21160211,21160324,113
62892,21160324,21160662,338
62893,21160662,21160874,212
62894,21160874,21160916,42
62895,21160916,21160933,17
62896,21160933,21160947,14
62897,21160947,21160994,47
62898,21160994,21161065,71
62899,21161065,21161093,28
62900,21161093,21161098,5
62901,21161098,21161101,3
62902,21161159,21161173,14
62903,21161173,21161180,7
62904,21161180,21161205,25
62905,21161205,21161313,108
62906,21161313,21161350,37
62907,21161408,21161445,37
62908,21161445,21161448,3
62909,21161448,21161468,20
62910,21161468,21161636,168
62911,21161636,21161689,53
62912,21161689,21161784,95
62913,21161784,21161797,13
62914,21161797,21161891,94
62915,21161891,21161959,68
62916,21161959,21162172,213
62917,21162172,21162271,99
62918,21162271,21162381,110
62919,21162381,21162393,12
62920,21162393,21162494,101
62921,21162494,21162544,50
62922,21162544,21162553,9
62923,21162553,21162750,197
62924,21162750,21162796,46
62925,21162796,21162830,34
62926,21162830,21163348,518
62927,21163348,21163374,26
62928,21163374,21163539,165
62929,21163539,21163566,27
62930,21163566,21163651,85
62931,21163651,21163675,24
62932,21163675,21163698,23
62933,21163698,21163716,18
62934,21163716,21163734,18
62935,21163734,21163821,87
62936,21163821,21163835,14
62937,21163835,21163869,34
62938,21163869,21163928,59
62939,21163928,21163931,3
62940,21163931,21163934,3
62941,21164012,21164048,36
62942,21164048,21164064,16
62943,21164064,21164081,17
62944,21164762,21164788,26
62945,21164788,21164853,65
62946,21164853,21165115,262
62947,21165115,21165125,10
62948,21165125,21165165,40
62949,21165165,21165281,116
62950,21165281,21165411,130
62951,21165411,21165423,12
62952,21165423,21165453,30
62953,21165453,21165473,20
62954,21165473,21165503,30
62955,21165503,21165545,42
62956,21165545,21165627,82
62957,21165627,21165670,43
62958,21168232,21168238,6
62959,21168238,21168244,6
62960,21168244,21168250,6
62961,21169254,21169259,5
62962,21169318,21169326,8
62963,21169326,21169329,3
62964,21170486,21170495,9
62965,21170806,21170811,5
62966,21171007,21171015,8
62967,21172474,21172481,7
62968,21172724,21172728,4
62969,21172842,21172847,5
62970,21172847,21172856,9
62971,21173590,21173610,20
62972,21173610,21173621,11
62973,21173621,21173633,12
62974,21173633,21173721,88
62975,21173721,21173732,11
62976,21173866,21173894,28
62977,21174122,21174129,7
62978,21175809,21175815,6
62979,21177890,21177898,8
62980,21178930,21178940,10
62981,21179493,21179501,8
62982,21179662,21179668,6
62983,21179668,21179674,6
62984,21179674,21179678,4
62985,21179678,21179684,6
62986,21179695,21179701,6
62987,21179701,21179707,6
62988,21180314,21180317,3
62989,21180332,21180338,6
62990,21180974,21180980,6
62991,21180980,21180984,4
62992,21181679,21181689,10
62993,21184495,21184498,3
62994,21184498,21184501,3
62995,21184568,21184577,9
62996,21185039,21185049,10
62997,21185049,21185052,3
62998,21185088,21185093,5
62999,21185367,21185376,9
63000,21187046,21187051,5
63001,21187150,21187158,8
63002,21187158,21187168,10
63003,21187455,21187464,9
63004,21189319,21189325,6
63005,21189800,21189803,3
63006,21190926,21190931,5
63007,21191034,21191038,4
63008,21191367,21191373,6
63009,21191707,21191717,10
63010,21193531,21193534,3
63011,21193687,21193690,3
63012,21193885,21193888,3
63013,21194104,21194110,6
63014,21194110,21194116,6
63015,21194293,21194296,3
63016,21194296,21194304,8
63017,21194624,21194628,4
63018,21194895,21194903,8
63019,21196262,21196268,6
63020,21196268,21196274,6
63021,21196274,21196280,6
63022,21196280,21196286,6
63023,21196286,21196289,3
63024,21197352,21197355,3
63025,21198491,21198495,4
63026,21198495,21198501,6
63027,21199894,21199900,6
63028,21200511,21200519,8
63029,21201608,21201615,7
63030,21204642,21204649,7
63031,21205764,21205771,7
63032,21205944,21205953,9
63033,21206669,21206674,5
63034,21206787,21206791,4
63035,21207137,21207145,8
63036,21208721,21208729,8
63037,21208842,21208848,6
63038,21209536,21209539,3
63039,21209821,21209826,5
63040,21210469,21210477,8
63041,21210477,21210481,4
63042,21210481,21210485,4
63043,21210741,21210746,5
63044,21211129,21211132,3
63045,21211306,21211313,7
63046,21211341,21211348,7
63047,21211348,21211355,7
63048,21213355,21213360,5
63049,21216125,21216131,6
63050,21216131,21216135,4
63051,21216385,21216391,6
63052,21217124,21217127,3
63053,21217127,21217132,5
63054,21217258,21217261,3
63055,21217261,21217264,3
63056,21217264,21217267,3
63057,21217267,21217271,4
63058,21218852,21218859,7
63059,21219371,21219376,5
63060,21220286,21220291,5
63061,21220586,21220594,8
63062,21220634,21220638,4
63063,21220771,21220779,8
63064,21223156,21223159,3
63065,21224855,21224863,8
63066,21224863,21224870,7
63067,21224870,21224880,10
63068,21225353,21225360,7
63069,21227063,21227066,3
63070,21227327,21227336,9
63071,21228121,21228126,5
63072,21228126,21228135,9
63073,21228422,21228434,12
63074,21228434,21228440,6
63075,21228440,21228452,12
63076,21228452,21228458,6
63077,21229151,21229159,8
63078,21231049,21231053,4
63079,21231079,21231082,3
63080,21231094,21231099,5
63081,21231099,21231105,6
63082,21231167,21231172,5
63083,21231466,21231470,4
63084,21231858,21231865,7
63085,21232107,21232126,19
63086,21232126,21232134,8
63087,21232386,21232393,7
63088,21232595,21232600,5
63089,21232600,21232605,5
63090,21235370,21235376,6
63091,21235376,21235380,4
63092,21235380,21235384,4
63093,21235750,21235754,4
63094,21235927,21235932,5
63095,21235932,21235938,6
63096,21236041,21236046,5
63097,21237867,21237870,3
63098,21238437,21238447,10
63099,21239349,21239352,3
63100,21239858,21239864,6
63101,21240490,21240498,8
63102,21241128,21241137,9
63103,21241230,21241233,3
63104,21241442,21241449,7
63105,21241449,21241456,7
63106,21241456,21241470,14
63107,21242848,21242854,6
63108,21243673,21243683,10
63109,21244367,21244375,8
63110,21244410,21244418,8
63111,21245834,21245840,6
63112,21246531,21246537,6
63113,21246810,21246815,5
63114,21248326,21248335,9
63115,21249354,21249357,3
63116,21249357,21249362,5
63117,21249775,21249781,6
63118,21250266,21250269,3
63119,21252193,21252200,7
63120,21252313,21252318,5
63121,21253530,21253536,6
63122,21254817,21254825,8
63123,21255331,21255335,4
63124,21255409,21255413,4
63125,21255610,21255615,5
63126,21255733,21255741,8
63127,21256431,21256439,8
63128,21257207,21257212,5
63129,21257710,21257714,4
63130,21258227,21258230,3
63131,21258336,21258343,7
63132,21260005,21260009,4
63133,21261953,21261960,7
63134,21262005,21262009,4
63135,21262289,21262295,6
63136,21263163,21263173,10
63137,21263368,21263376,8
63138,21265141,21265150,9
63139,21265311,21265327,16
63140,21265327,21265343,16
63141,21265343,21265351,8
63142,21265525,21265532,7
63143,21266814,21266820,6
63144,21266881,21266885,4
63145,21266885,21266889,4
63146,21267237,21267250,13
63147,21268069,21268077,8
63148,21269342,21269348,6
63149,21269888,21269894,6
63150,21270535,21270540,5
63151,21270540,21270545,5
63152,21271770,21271777,7
63153,21272466,21272473,7
63154,21273440,21273446,6
63155,21273700,21273705,5
63156,21273705,21273710,5
63157,21274249,21274256,7
63158,21274566,21274574,8
63159,21275812,21275818,6
63160,21275818,21275824,6
63161,21276829,21276835,6
63162,21278564,21278570,6
63163,21278570,21278574,4
63164,21278611,21278620,9
63165,21278638,21278642,4
63166,21278949,21278953,4
63167,21279059,21279063,4
63168,21280711,21280717,6
63169,21280717,21280723,6
63170,21280723,21280729,6
63171,21280812,21280817,5
63172,21281474,21281483,9
63173,21282276,21282286,10
63174,21283632,21283648,16
63175,21284845,21284849,4
63176,21284907,21284918,11
63177,21285061,21285070,9
63178,21285516,21285521,5
63179,21285533,21285538,5
63180,21285559,21285565,6
63181,21285685,21285688,3
63182,21285959,21285962,3
63183,21286145,21286153,8
63184,21286388,21286392,4
63185,21286401,21286404,3
63186,21286712,21286715,3
63187,21287539,21287542,3
63188,21287692,21287696,4
63189,21287771,21287777,6
63190,21288048,21288055,7
63191,21288055,21288063,8
63192,21288270,21288273,3
63193,21288352,21288358,6
63194,21288764,21288773,9
63195,21288927,21288936,9
63196,21289086,21289094,8
63197,21289558,21289567,9
63198,21289838,21289847,9
63199,21290325,21290333,8
63200,21291499,21291507,8
63201,21291569,21291572,3
63202,21291686,21291689,3
63203,21291962,21291970,8
63204,21292704,21292707,3
63205,21293233,21293238,5
63206,21293750,21293759,9
63207,21295493,21295502,9
63208,21295763,21295773,10
63209,21296574,21296579,5
63210,21297253,21297258,5
63211,21297848,21297857,9
63212,21298040,21298047,7
63213,21298047,21298052,5
63214,21300368,21300377,9
63215,21300508,21300513,5
63216,21300859,21300863,4
63217,21300863,21300870,7
63218,21300870,21300879,9
63219,21300909,21300913,4
63220,21301826,21301834,8
63221,21301834,21301837,3
63222,21301929,21301936,7
63223,21302079,21302083,4
63224,21302550,21302555,5
63225,21302977,21302985,8
63226,21304280,21304286,6
63227,21304940,21304946,6
63228,21305160,21305169,9
63229,21305264,21305268,4
63230,21308440,21308449,9
63231,21308746,21308757,11
63232,21309048,21309052,4
63233,21309555,21309560,5
63234,21309918,21309922,4
63235,21309922,21309928,6
63236,21310350,21310353,3
63237,21310595,21310599,4
63238,21310737,21310746,9
63239,21311204,21311213,9
63240,21311304,21311310,6
63241,21311460,21311466,6
63242,21312067,21312071,4
63243,21312197,21312205,8
63244,21312227,21312230,3
63245,21312294,21312302,8
63246,21312401,21312407,6
63247,21312407,21312412,5
63248,21313056,21313062,6
63249,21313256,21313260,4
63250,21313260,21313270,10
63251,21313304,21313309,5
63252,21313531,21313539,8
63253,21313785,21313791,6
63254,21314153,21314156,3
63255,21315010,21315016,6
63256,21315787,21315793,6
63257,21316002,21316008,6
63258,21316008,21316016,8
63259,21316016,21316025,9
63260,21316852,21316861,9
63261,21317315,21317323,8
63262,21317772,21317780,8
63263,21317888,21317897,9
63264,21319196,21319202,6
63265,21320186,21320189,3
63266,21320189,21320199,10
63267,21320299,21320304,5
63268,21320304,21320309,5
63269,21321501,21321504,3
63270,21321957,21321963,6
63271,21321963,21321967,4
63272,21322035,21322045,10
63273,21322149,21322156,7
63274,21322405,21322411,6
63275,21322411,21322419,8
63276,21322831,21322839,8
63277,21322839,21322847,8
63278,21323274,21323283,9
63279,21323297,21323304,7
63280,21323754,21323766,12
63281,21323819,21323829,10
63282,21324708,21324713,5
63283,21324931,21324934,3
63284,21326602,21326610,8
63285,21327008,21327016,8
63286,21327254,21327258,4
63287,21327642,21327645,3
63288,21327662,21327670,8
63289,21327670,21327673,3
63290,21327673,21327676,3
63291,21327676,21327679,3
63292,21327679,21327684,5
63293,21327802,21327808,6
63294,21328421,21328424,3
63295,21329495,21329503,8
63296,21329527,21329533,6
63297,21329533,21329538,5
63298,21329863,21329867,4
63299,21329867,21329871,4
63300,21329871,21329875,4
63301,21329875,21329879,4
63302,21329879,21329883,4
63303,21329896,21329904,8
63304,21329904,21329908,4
63305,21329908,21329912,4
63306,21329912,21329916,4
63307,21330038,21330048,10
63308,21331552,21331559,7
63309,21331719,21331725,6
63310,21331725,21331730,5
63311,21331804,21331813,9
63312,21332545,21332551,6
63313,21333195,21333202,7
63314,21333648,21333651,3
63315,21333771,21333783,12
63316,21333783,21333789,6
63317,21333789,21333795,6
63318,21333807,21333810,3
63319,21334102,21334108,6
63320,21334121,21334127,6
63321,21334127,21334134,7
63322,21334180,21334184,4
63323,21334337,21334347,10
63324,21334570,21334574,4
63325,21335714,21335722,8
63326,21336134,21336141,7
63327,21336209,21336216,7
63328,21336578,21336583,5
63329,21336583,21336590,7
63330,21337608,21337612,4
63331,21337867,21337874,7
63332,21338175,21338182,7
63333,21339010,21339015,5
63334,21340093,21340097,4
63335,21341361,21341367,6
63336,21341409,21341415,6
63337,21341894,21341897,3
63338,21342458,21342462,4
63339,21342462,21342471,9
63340,21342723,21342731,8
63341,21342731,21342734,3
63342,21343344,21343354,10
63343,21343957,21343965,8
63344,21345323,21345331,8
63345,21345347,21345353,6
63346,21345353,21345357,4
63347,21345595,21345599,4
63348,21345599,21345605,6
63349,21345605,21345609,4
63350,21346141,21346148,7
63351,21346931,21346939,8
63352,21347915,21347924,9
63353,21348340,21348348,8
63354,21348933,21348939,6
63355,21349137,21349141,4
63356,21349252,21349255,3
63357,21350773,21350776,3
63358,21351617,21351623,6
63359,21352317,21352323,6
63360,21352662,21352668,6
63361,21353512,21353519,7
63362,21354246,21354252,6
63363,21355753,21355756,3
63364,21356314,21356322,8
63365,21356722,21356732,10
63366,21356995,21357003,8
63367,21357439,21357445,6
63368,21357445,21357451,6
63369,21357451,21357455,4
63370,21357650,21357655,5
63371,21357782,21357790,8
63372,21357817,21357824,7
63373,21359086,21359094,8
63374,21359863,21359871,8
63375,21360327,21360333,6
63376,21361469,21361474,5
63377,21362442,21362452,10
63378,21362452,21362455,3
63379,21362559,21362564,5
63380,21362564,21362575,11
63381,21362575,21362583,8
63382,21362997,21363008,11
63383,21364534,21364537,3
63384,21365806,21365815,9
63385,21367590,21367601,11
63386,21367744,21367755,11
63387,21368536,21368540,4
63388,21368540,21368546,6
63389,21370414,21370420,6
63390,21370432,21370435,3
63391,21372713,21372722,9
63392,21373312,21373321,9
63393,21373720,21373729,9
63394,21374053,21374058,5
63395,21374141,21374147,6
63396,21375022,21375026,4
63397,21375529,21375533,4
63398,21376063,21376073,10
63399,21376475,21376479,4
63400,21376561,21376566,5
63401,21377236,21377242,6
63402,21377706,21377714,8
63403,21378627,21378631,4
63404,21379342,21379349,7
63405,21379365,21379369,4
63406,21379677,21379682,5
63407,21379682,21379688,6
63408,21379954,21379963,9
63409,21380674,21380681,7
63410,21381569,21381575,6
63411,21381598,21381601,3
63412,21381732,21381735,3
63413,21381735,21381738,3
63414,21382154,21382158,4
63415,21382514,21382524,10
63416,21383464,21383470,6
63417,21383538,21383547,9
63418,21383914,21383918,4
63419,21384886,21384893,7
63420,21384893,21384897,4
63421,21386351,21386354,3
63422,21386488,21386492,4
63423,21386983,21386987,4
63424,21387791,21387799,8
63425,21388104,21388160,56
63426,21389605,21389612,7
63427,21390274,21390279,5
63428,21390427,21390438,11
63429,21390778,21390787,9
63430,21390873,21390881,8
63431,21392283,21392288,5
63432,21392288,21392298,10
63433,21392418,21392423,5
63434,21392423,21392429,6
63435,21392429,21392435,6
63436,21393461,21393467,6
63437,21393467,21393475,8
63438,21393680,21393687,7
63439,21393763,21393768,5
63440,21393843,21393848,5
63441,21394052,21394060,8
63442,21394060,21394067,7
63443,21395440,21395445,5
63444,21395784,21395790,6
63445,21396666,21396672,6
63446,21396672,21396681,9
63447,21396855,21396864,9
63448,21396864,21396867,3
63449,21398423,21398426,3
63450,21398596,21398604,8
63451,21400195,21400199,4
63452,21402696,21402705,9
63453,21402729,21402732,3
63454,21403356,21403359,3
63455,21403909,21403912,3
63456,21404088,21404093,5
63457,21404107,21404115,8
63458,21404195,21404199,4
63459,21404300,21404306,6
63460,21404306,21404312,6
63461,21404396,21404405,9
63462,21404721,21404726,5
63463,21405069,21405075,6
63464,21405111,21405117,6
63465,21405294,21405301,7
63466,21405453,21405456,3
63467,21405557,21405562,5
63468,21405577,21405587,10
63469,21405662,21405669,7
63470,21406461,21406465,4
63471,21406878,21406883,5
63472,21406883,21406888,5
63473,21407829,21407838,9
63474,21409579,21409585,6
63475,21410507,21410512,5
63476,21410512,21410519,7
63477,21412095,21412100,5
63478,21416540,21416544,4
63479,21416929,21416937,8
63480,21418974,21418977,3
63481,21419353,21419357,4
63482,21419891,21419896,5
63483,21419896,21419904,8
63484,21419904,21419910,6
63485,21420430,21420435,5
63486,21420872,21420878,6
63487,21420906,21420912,6
63488,21420912,21420918,6
63489,21420918,21420924,6
63490,21420924,21420930,6
63491,21420930,21420936,6
63492,21421538,21421551,13
63493,21422664,21422675,11
63494,21422960,21422968,8
63495,21424444,21424447,3
63496,21425709,21425720,11
63497,21425720,21425725,5
63498,21425725,21425730,5
63499,21425730,21425735,5
63500,21425940,21425943,3
63501,21426314,21426322,8
63502,21426971,21426978,7
63503,21427045,21427050,5
63504,21427395,21427404,9
63505,21427473,21427492,19
63506,21427557,21427576,19
63507,21428377,21428387,10
63508,21428387,21428390,3
63509,21428406,21428409,3
63510,21428409,21428413,4
63511,21431677,21431685,8
63512,21433964,21433970,6
63513,21434363,21434369,6
63514,21435511,21435518,7
63515,21435736,21435744,8
63516,21437478,21437485,7
63517,21437715,21437721,6
63518,21437810,21437813,3
63519,21438287,21438291,4
63520,21438696,21438701,5
63521,21439193,21439199,6
63522,21439276,21439279,3
63523,21439279,21439283,4
63524,21439847,21439856,9
63525,21440081,21440085,4
63526,21440348,21440351,3
63527,21440351,21440357,6
63528,21440357,21440362,5
63529,21440587,21440595,8
63530,21440784,21440791,7
63531,21440895,21440903,8
63532,21440977,21440980,3
63533,21441073,21441081,8
63534,21441081,21441086,5
63535,21441086,21441096,10
63536,21441107,21441117,10
63537,21442396,21442404,8
63538,21442617,21442626,9
63539,21442715,21442721,6
63540,21442909,21442913,4
63541,21443646,21443654,8
63542,21444206,21444214,8
63543,21444563,21444571,8
63544,21445352,21445360,8
63545,21447016,21447024,8
63546,21447177,21447183,6
63547,21447255,21447261,6
63548,21449257,21449263,6
63549,21449843,21449847,4
63550,21450777,21450783,6
63551,21450783,21450792,9
63552,21452057,21452065,8
63553,21452260,21452266,6
63554,21454365,21454370,5
63555,21454954,21454960,6
63556,21455405,21455409,4
63557,21455409,21455420,11
63558,21455420,21455430,10
63559,21456616,21456627,11
63560,21456710,21456717,7
63561,21456926,21456931,5
63562,21458910,21458923,13
63563,21458923,21458928,5
63564,21458928,21458971,43
63565,21458971,21459058,87
63566,21459077,21459085,8
63567,21459085,21459099,14
63568,21459099,21459111,12
63569,21459111,21459162,51
63570,21459162,21459173,11
63571,21459173,21459177,4
63572,21459243,21459285,42
63573,21459285,21459289,4
63574,21459289,21459350,61
63575,21459350,21459375,25
63576,21459375,21459480,105
63577,21459480,21459487,7
63578,21459654,21459674,20
63579,21459674,21459790,116
63580,21459790,21459837,47
63581,21459837,21459865,28
63582,21459865,21459951,86
63583,21459951,21459982,31
63584,21459982,21459987,5
63585,21459987,21460003,16
63586,21460003,21460030,27
63587,21460030,21460070,40
63588,21460070,21460099,29
63589,21460099,21460119,20
63590,21460119,21460144,25
63591,21460144,21460204,60
63592,21460204,21460207,3
63593,21460305,21460383,78
63594,21460383,21460509,126
63595,21460509,21460536,27
63596,21460536,21460626,90
63597,21460626,21460654,28
63598,21460654,21460688,34
63599,21460688,21460778,90
63600,21460778,21460809,31
63601,21460809,21460820,11
63602,21460820,21460857,37
63603,21460857,21460886,29
63604,21460886,21460907,21
63605,21460907,21460990,83
63606,21460990,21461001,11
63607,21461001,21461047,46
63608,21461047,21461055,8
63609,21461055,21461061,6
63610,21461061,21461068,7
63611,21461068,21461108,40
63612,21461108,21461146,38
63613,21461146,21461170,24
63614,21461170,21461254,84
63615,21461254,21461263,9
63616,21461263,21461280,17
63617,21461300,21461306,6
63618,21461306,21461365,59
63619,21461365,21461385,20
63620,21461385,21461395,10
63621,21461419,21461424,5
63622,21461424,21461448,24
63623,21461448,21461494,46
63624,21461494,21461505,11
63625,21461505,21461589,84
63626,21461697,21461771,74
63627,21461771,21461803,32
63628,21461803,21461904,101
63629,21461904,21461936,32
63630,21461936,21461944,8
63631,21461944,21461980,36
63632,21461980,21461991,11
63633,21461991,21462143,152
63634,21462143,21462163,20
63635,21462163,21462173,10
63636,21462173,21462190,17
63637,21462190,21462202,12
63638,21462202,21462225,23
63639,21462519,21462549,30
63640,21462549,21462636,87
63641,21462636,21462655,19
63642,21462655,21462686,31
63643,21462686,21462700,14
63644,21462700,21462723,23
63645,21462723,21462738,15
63646,21462738,21462819,81
63647,21462819,21462827,8
63648,21462827,21462889,62
63649,21462889,21462901,12
63650,21462901,21462928,27
63651,21463029,21463032,3
63652,21463145,21463201,56
63653,21463201,21463264,63
63654,21463264,21463272,8
63655,21463272,21463305,33
63656,21463460,21463500,40
63657,21463500,21463601,101
63658,21463634,21463693,59
63659,21463693,21463700,7
63660,21463700,21463704,4
63661,21463704,21463721,17
63662,21463721,21463764,43
63663,21463764,21463788,24
63664,21463788,21463810,22
63665,21463912,21463962,50
63666,21463962,21463978,16
63667,21463978,21463996,18
63668,21463996,21464004,8
63669,21464004,21464013,9
63670,21464013,21464018,5
63671,21464018,21464021,3
63672,21464021,21464042,21
63673,21464042,21464056,14
63674,21464056,21464109,53
63675,21464610,21464615,5
63676,21464615,21464620,5
63677,21464620,21464625,5
63678,21465555,21465559,4
63679,21465559,21465567,8
63680,21465632,21465641,9
63681,21466234,21466240,6
63682,21466341,21466344,3
63683,21466406,21466413,7
63684,21468521,21468526,5
63685,21468822,21468828,6
63686,21469042,21469046,4
63687,21469207,21469213,6
63688,21470410,21470413,3
63689,21470428,21470431,3
63690,21470431,21470437,6
63691,21470437,21470440,3
63692,21470649,21470653,4
63693,21471390,21471396,6
63694,21471396,21471402,6
63695,21471402,21471408,6
63696,21471408,21471414,6
63697,21471414,21471420,6
63698,21471420,21471426,6
63699,21471426,21471432,6
63700,21471432,21471438,6
63701,21471438,21471444,6
63702,21471444,21471450,6
63703,21471450,21471456,6
63704,21471456,21471462,6
63705,21471462,21471468,6
63706,21471468,21471474,6
63707,21471474,21471480,6
63708,21471480,21471486,6
63709,21471486,21471492,6
63710,21471492,21471498,6
63711,21471498,21471504,6
63712,21471504,21471516,12
63713,21471516,21471522,6
63714,21471522,21471528,6
63715,21471540,21471546,6
63716,21471546,21471552,6
63717,21471552,21471558,6
63718,21471558,21471564,6
63719,21471564,21471570,6
63720,21471588,21471594,6
63721,21471594,21471606,12
63722,21471606,21471612,6
63723,21471612,21471618,6
63724,21471618,21471624,6
63725,21471624,21471630,6
63726,21471630,21471636,6
63727,21471636,21471642,6
63728,21471642,21471648,6
63729,21471648,21471654,6
63730,21471654,21471660,6
63731,21471660,21471666,6
63732,21471666,21471672,6
63733,21471672,21471678,6
63734,21471678,21471684,6
63735,21471684,21471690,6
63736,21471690,21471696,6
63737,21471696,21471702,6
63738,21471702,21471708,6
63739,21471708,21471714,6
63740,21471714,21471720,6
63741,21471720,21471726,6
63742,21471726,21471732,6
63743,21471732,21471738,6
63744,21471738,21471744,6
63745,21471744,21471750,6
63746,21471750,21471756,6
63747,21471756,21471762,6
63748,21471762,21471768,6
63749,21471768,21471774,6
63750,21471774,21471780,6
63751,21471780,21471786,6
63752,21471786,21471792,6
63753,21471792,21471798,6
63754,21471798,21471804,6
63755,21471804,21471810,6
63756,21471810,21471822,12
63757,21471822,21471828,6
63758,21471828,21471834,6
63759,21471834,21471840,6
63760,21471840,21471846,6
63761,21471846,21471852,6
63762,21471852,21471858,6
63763,21471858,21471864,6
63764,21471864,21471870,6
63765,21471870,21471876,6
63766,21471876,21471882,6
63767,21471882,21471888,6
63768,21471888,21471894,6
63769,21471894,21471900,6
63770,21471900,21471906,6
63771,21471906,21471912,6
63772,21471912,21471918,6
63773,21471918,21471924,6
63774,21471924,21471930,6
63775,21471930,21471936,6
63776,21471936,21471942,6
63777,21471942,21471948,6
63778,21471948,21471954,6
63779,21471954,21471960,6
63780,21471960,21471966,6
63781,21471966,21471972,6
63782,21471972,21471978,6
63783,21471978,21471984,6
63784,21471984,21471990,6
63785,21471990,21471996,6
63786,21471996,21472002,6
63787,21472002,21472008,6
63788,21472008,21472014,6
63789,21472014,21472020,6
63790,21472020,21472026,6
63791,21472026,21472032,6
63792,21472032,21472038,6
63793,21472038,21472044,6
63794,21472044,21472050,6
63795,21472050,21472056,6
63796,21472056,21472062,6
63797,21472062,21472074,12
63798,21472074,21472080,6
63799,21472080,21472086,6
63800,21472086,21472092,6
63801,21472092,21472098,6
63802,21472098,21472104,6
63803,21472104,21472110,6
63804,21472110,21472116,6
63805,21472116,21472122,6
63806,21472122,21472128,6
63807,21472128,21472134,6
63808,21472134,21472140,6
63809,21472140,21472146,6
63810,21472146,21472152,6
63811,21472152,21472158,6
63812,21472158,21472164,6
63813,21472164,21472170,6
63814,21472170,21472176,6
63815,21472176,21472182,6
63816,21472182,21472188,6
63817,21472188,21472194,6
63818,21472194,21472200,6
63819,21472200,21472212,12
63820,21472212,21472218,6
63821,21472218,21472224,6
63822,21472224,21472230,6
63823,21472230,21472242,12
63824,21472242,21472248,6
63825,21472391,21472396,5
63826,21472718,21472721,3
63827,21472721,21472726,5
63828,21472726,21472729,3
63829,21472729,21472735,6
63830,21472869,21472876,7
63831,21473500,21473503,3
63832,21473503,21473512,9
63833,21473512,21473518,6
63834,21473518,21473521,3
63835,21473556,21473564,8
63836,21473775,21473780,5
63837,21474702,21474708,6
63838,21477988,21477991,3
63839,21478116,21478120,4
63840,21478765,21478773,8
63841,21479220,21479228,8
63842,21480613,21480619,6
63843,21480738,21480744,6
63844,21481600,21481605,5
63845,21482293,21482299,6
63846,21482299,21482307,8
63847,21482307,21482313,6
63848,21482542,21482549,7
63849,21483428,21483434,6
63850,21485372,21485376,4
63851,21485452,21485461,9
63852,21486216,21486219,3
63853,21486529,21486536,7
63854,21486536,21486543,7
63855,21486543,21486550,7
63856,21486899,21486905,6
63857,21486905,21486911,6
63858,21486911,21486920,9
63859,21487863,21487869,6
63860,21487993,21487998,5
63861,21488078,21488087,9
63862,21488087,21488091,4
63863,21488091,21488094,3
63864,21488305,21488311,6
63865,21488597,21488603,6
63866,21489145,21489151,6
63867,21489163,21489169,6
63868,21489169,21489175,6
63869,21489175,21489181,6
63870,21489365,21489372,7
63871,21489388,21489400,12
63872,21490131,21490136,5
63873,21490565,21490568,3
63874,21490931,21490934,3
63875,21490956,21490960,4
63876,21491380,21491389,9
63877,21491416,21491419,3
63878,21491668,21491674,6
63879,21492011,21492022,11
63880,21492290,21492298,8
63881,21492670,21492678,8
63882,21493339,21493349,10
63883,21493559,21493565,6
63884,21493887,21493899,12
63885,21494506,21494516,10
63886,21494516,21494522,6
63887,21495275,21495282,7
63888,21495905,21495909,4
63889,21495983,21495991,8
63890,21496778,21496781,3
63891,21497633,21497636,3
63892,21497636,21497639,3
63893,21497639,21497647,8
63894,21498462,21498471,9
63895,21498980,21498984,4
63896,21499450,21499456,6
63897,21500313,21500320,7
63898,21501606,21501615,9
63899,21502510,21502514,4
63900,21505602,21505606,4
63901,21505917,21505926,9
63902,21505993,21505999,6
63903,21506051,21506083,32
63904,21506462,21506468,6
63905,21508943,21508949,6
63906,21509762,21509767,5
63907,21510032,21510036,4
63908,21511190,21511193,3
63909,21511872,21511877,5
63910,21512815,21512825,10
63911,21513364,21513370,6
63912,21513853,21513859,6
63913,21513859,21513865,6
63914,21514208,21514214,6
63915,21514856,21514864,8
63916,21515076,21515085,9
63917,21517148,21517152,4
63918,21517664,21517671,7
63919,21517841,21517845,4
63920,21518207,21518211,4
63921,21518509,21518517,8
63922,21519756,21519759,3
63923,21521178,21521182,4
63924,21521730,21521736,6
63925,21521782,21521786,4
63926,21521786,21521793,7
63927,21523182,21523187,5
63928,21523620,21523657,37
63929,21524139,21524142,3
63930,21524196,21524207,11
63931,21524207,21524220,13
63932,21524776,21524779,3
63933,21524779,21524785,6
63934,21524785,21524801,16
63935,21525844,21525849,5
63936,21526484,21526506,22
63937,21526506,21526523,17
63938,21527067,21527077,10
63939,21527181,21527211,30
63940,21527633,21527642,9
63941,21527947,21527953,6
63942,21528184,21528190,6
63943,21528190,21528195,5
63944,21528980,21528987,7
63945,21530264,21530275,11
63946,21531311,21531329,18
63947,21531329,21531341,12
63948,21531379,21531432,53
63949,21531542,21531547,5
63950,21531725,21531744,19
63951,21532033,21532093,60
63952,21532227,21532230,3
63953,21532306,21532311,5
63954,21532311,21532317,6
63955,21532716,21532774,58
63956,21532892,21532913,21
63957,21532913,21532954,41
63958,21532954,21533011,57
63959,21533011,21533057,46
63960,21533057,21533087,30
63961,21533177,21533249,72
63962,21533249,21533313,64
63963,21533313,21533333,20
63964,21533333,21533356,23
63965,21533381,21533409,28
63966,21533409,21533471,62
63967,21533471,21533546,75
63968,21533546,21533610,64
63969,21533674,21533701,27
63970,21534260,21534273,13
63971,21534658,21534685,27
63972,21534768,21534830,62
63973,21534954,21534964,10
63974,21534964,21535020,56
63975,21535020,21535057,37
63976,21535057,21535090,33
63977,21535090,21535139,49
63978,21535385,21535389,4
63979,21535389,21535405,16
63980,21535594,21535661,67
63981,21535712,21535728,16
63982,21535768,21535774,6
63983,21535958,21535994,36
63984,21535994,21536063,69
63985,21536063,21536115,52
63986,21536115,21536145,30
63987,21536145,21536169,24
63988,21536169,21536203,34
63989,21536203,21536292,89
63990,21536292,21536296,4
63991,21536296,21536300,4
63992,21536300,21536354,54
63993,21536354,21536360,6
63994,21536360,21536410,50
63995,21536410,21536448,38
63996,21536448,21536460,12
63997,21536508,21536517,9
63998,21536517,21536555,38
63999,21536555,21536562,7
64000,21536562,21536579,17
64001,21536859,21536890,31
64002,21536890,21536974,84
64003,21537170,21537205,35
64004,21537205,21537248,43
64005,21537737,21537801,64
64006,21537801,21537804,3
64007,21537804,21537818,14
64008,21537818,21537825,7
64009,21537825,21537888,63
64010,21538005,21538015,10
64011,21538015,21538046,31
64012,21538186,21538225,39
64013,21538225,21538272,47
64014,21538436,21538497,61
64015,21538497,21538503,6
64016,21538503,21538597,94
64017,21538730,21538762,32
64018,21538762,21538773,11
64019,21538773,21538830,57
64020,21538830,21538893,63
64021,21538893,21538929,36
64022,21538929,21538977,48
64023,21538977,21539088,111
64024,21539283,21539367,84
64025,21539367,21539475,108
64026,21539679,21539796,117
64027,21539796,21539837,41
64028,21539837,21539862,25
64029,21539954,21540001,47
64030,21540001,21540030,29
64031,21540030,21540098,68
64032,21540257,21540268,11
64033,21540381,21540430,49
64034,21540731,21540864,133
64035,21540896,21540925,29
64036,21541245,21541288,43
64037,21541580,21541595,15
64038,21541669,21541762,93
64039,21541762,21541767,5
64040,21541767,21541779,12
64041,21542083,21542116,33
64042,21542116,21542158,42
64043,21542158,21542199,41
64044,21542244,21542260,16
64045,21542290,21542295,5
64046,21542454,21542459,5
64047,21542519,21542523,4
64048,21542755,21542759,4
64049,21543873,21543904,31
64050,21543904,21543988,84
64051,21544015,21544040,25
64052,21544040,21544068,28
64053,21544068,21544109,41
64054,21544109,21544250,141
64055,21544323,21544519,196
64056,21544519,21544592,73
64057,21544592,21544626,34
64058,21544626,21544641,15
64059,21544641,21544725,84
64060,21544725,21544779,54
64061,21544779,21544807,28
64062,21544807,21544848,41
64063,21544848,21544956,108
64064,21544956,21545013,57
64065,21545013,21545152,139
64066,21545152,21545179,27
64067,21545179,21545236,57
64068,21545236,21545247,11
64069,21545247,21545260,13
64070,21545260,21545310,50
64071,21545310,21545549,239
64072,21545549,21545668,119
64073,21545668,21545695,27
64074,21545695,21545758,63
64075,21545758,21545802,44
64076,21545802,21545806,4
64077,21545806,21545840,34
64078,21545840,21545855,15
64079,21545871,21545887,16
64080,21545887,21545908,21
64081,21545908,21545966,58
64082,21545966,21546026,60
64083,21546026,21546048,22
64084,21546048,21546065,17
64085,21546065,21546275,210
64086,21546275,21546342,67
64087,21546342,21546352,10
64088,21546352,21546433,81
64089,21546433,21546456,23
64090,21546456,21546486,30
64091,21546486,21546572,86
64092,21546572,21546837,265
64093,21546837,21546916,79
64094,21546916,21546925,9
64095,21547270,21547379,109
64096,21547379,21547397,18
64097,21547397,21547409,12
64098,21547409,21547447,38
64099,21547447,21547500,53
64100,21547500,21547610,110
64101,21547610,21547678,68
64102,21547678,21547793,115
64103,21547793,21547812,19
64104,21547812,21548014,202
64105,21548014,21548101,87
64106,21548101,21548161,60
64107,21548161,21548295,134
64108,21548295,21548298,3
64109,21548298,21548394,96
64110,21548394,21548526,132
64111,21548526,21548569,43
64112,21548569,21548701,132
64113,21548701,21548728,27
64114,21548728,21548773,45
64115,21548773,21549085,312
64116,21549210,21549228,18
64117,21549340,21549353,13
64118,21549353,21549373,20
64119,21549373,21549597,224
64120,21549597,21549629,32
64121,21549629,21549778,149
64122,21549778,21549788,10
64123,21549788,21549791,3
64124,21549791,21549839,48
64125,21549839,21549914,75
64126,21549914,21550013,99
64127,21550013,21550078,65
64128,21550078,21550178,100
64129,21550277,21550341,64
64130,21550341,21550353,12
64131,21550353,21550415,62
64132,21550415,21550611,196
64133,21550611,21550684,73
64134,21550684,21550718,34
64135,21550718,21550733,15
64136,21550831,21550847,16
64137,21550847,21550984,137
64138,21550984,21551021,37
64139,21551021,21551027,6
64140,21551027,21551033,6
64141,21551033,21551042,9
64142,21551042,21551152,110
64143,21551152,21551270,118
64144,21551270,21551285,15
64145,21551285,21551411,126
64146,21551411,21551459,48
64147,21551459,21551531,72
64148,21551608,21551630,22
64149,21551630,21551686,56
64150,21551686,21551722,36
64151,21551722,21551871,149
64152,21551871,21551904,33
64153,21551904,21551923,19
64154,21551923,21551955,32
64155,21551955,21552030,75
64156,21552030,21552053,23
64157,21552053,21552192,139
64158,21552192,21552380,188
64159,21552380,21552438,58
64160,21552438,21552500,62
64161,21552500,21552644,144
64162,21552644,21552680,36
64163,21552680,21552749,69
64164,21552749,21552801,52
64165,21552801,21552831,30
64166,21552831,21552855,24
64167,21552855,21552889,34
64168,21552957,21552989,32
64169,21553081,21553084,3
64170,21553301,21553366,65
64171,21553366,21553466,100
64172,21553848,21553857,9
64173,21553857,21553883,26
64174,21553883,21553900,17
64175,21553900,21553912,12
64176,21554020,21554026,6
64177,21554328,21554332,4
64178,21554554,21554557,3
64179,21556251,21556257,6
64180,21556627,21556632,5
64181,21556632,21556637,5
64182,21557399,21557403,4
64183,21558265,21558271,6
64184,21558271,21558275,4
64185,21558757,21558764,7
64186,21558796,21558799,3
64187,21559058,21559065,7
64188,21559826,21559834,8
64189,21560258,21560263,5
64190,21560496,21560502,6
64191,21560502,21560510,8
64192,21560615,21560621,6
64193,21561439,21561449,10
64194,21564708,21564715,7
64195,21565408,21565414,6
64196,21565975,21565978,3
64197,21565978,21565981,3
64198,21566170,21566174,4
64199,21566373,21566381,8
64200,21566519,21566523,4
64201,21566695,21566702,7
64202,21569656,21569659,3
64203,21571625,21571633,8
64204,21571633,21571640,7
64205,21571872,21571880,8
64206,21571880,21571884,4
64207,21572224,21572231,7
64208,21572262,21572266,4
64209,21572871,21572881,10
64210,21574441,21574447,6
64211,21574496,21574500,4
64212,21575193,21575196,3
64213,21576400,21576409,9
64214,21576523,21576529,6
64215,21578866,21578870,4
64216,21579169,21579172,3
64217,21579172,21579176,4
64218,21579666,21579672,6
64219,21580217,21580224,7
64220,21580265,21580268,3
64221,21580268,21580271,3
64222,21581307,21581314,7
64223,21581495,21581503,8
64224,21581729,21581737,8
64225,21584172,21584183,11
64226,21585435,21585438,3
64227,21586068,21586075,7
64228,21586150,21586158,8
64229,21586203,21586211,8
64230,21591235,21591244,9
64231,21591376,21591380,4
64232,21591769,21591772,3
64233,21592503,21592508,5
64234,21594287,21594291,4
64235,21594815,21594819,4
64236,21595397,21595403,6
64237,21595774,21595935,161
64238,21596189,21596197,8
64239,21596197,21596205,8
64240,21596519,21596551,32
64241,21596551,21596583,32
64242,21596583,21596615,32
64243,21597324,21597327,3
64244,21597327,21597332,5
64245,21597352,21597361,9
64246,21597407,21597413,6
64247,21597413,21597438,25
64248,21597568,21597571,3
64249,21597571,21597580,9
64250,21598198,21598210,12
64251,21598351,21598512,161
64252,21598669,21598676,7
64253,21598974,21598981,7
64254,21599995,21600000,5
64255,21600995,21601001,6
64256,21601001,21601010,9
64257,21602386,21602393,7
64258,21603230,21603237,7
64259,21603448,21603453,5
64260,21603453,21603459,6
64261,21603866,21603869,3
64262,21604337,21604343,6
64263,21604536,21604539,3
64264,21605095,21605103,8
64265,21605762,21605766,4
64266,21605766,21605774,8
64267,21606086,21606092,6
64268,21606092,21606103,11
64269,21606103,21606108,5
64270,21606108,21606157,49
64271,21606157,21606186,29
64272,21606186,21606225,39
64273,21606403,21606426,23
64274,21606426,21606516,90
64275,21606516,21606670,154
64276,21606670,21606677,7
64277,21606677,21606688,11
64278,21606764,21606850,86
64279,21606850,21606863,13
64280,21606863,21606881,18
64281,21606881,21606923,42
64282,21606923,21606967,44
64283,21606967,21607004,37
64284,21607004,21607055,51
64285,21607055,21607082,27
64286,21607082,21607142,60
64287,21607142,21607202,60
64288,21607202,21607220,18
64289,21607220,21607274,54
64290,21607274,21607394,120
64291,21607394,21607507,113
64292,21607507,21607603,96
64293,21607603,21607609,6
64294,21607609,21607727,118
64295,21607727,21607802,75
64296,21607802,21607892,90
64297,21607892,21607899,7
64298,21607899,21607908,9
64299,21607908,21607992,84
64300,21607992,21608056,64
64301,21608056,21608079,23
64302,21608079,21608170,91
64303,21608170,21608290,120
64304,21608290,21608307,17
64305,21608307,21608312,5
64306,21608312,21608329,17
64307,21608329,21608360,31
64308,21608360,21608446,86
64309,21608446,21608458,12
64310,21608458,21608629,171
64311,21608629,21608636,7
64312,21608636,21608731,95
64313,21608760,21608806,46
64314,21608806,21608827,21
64315,21608827,21608833,6
64316,21608833,21608872,39
64317,21608872,21608899,27
64318,21608899,21608938,39
64319,21608938,21608992,54
64320,21608992,21609056,64
64321,21609056,21609193,137
64322,21609193,21609340,147
64323,21609340,21609405,65
64324,21609405,21609585,180
64325,21609585,21609756,171
64326,21609756,21609789,33
64327,21609789,21609813,24
64328,21609813,21609846,33
64329,21609846,21609969,123
64330,21609969,21610051,82
64331,21610051,21610082,31
64332,21610082,21610129,47
64333,21610129,21610204,75
64334,21610204,21610239,35
64335,21610239,21610392,153
64336,21610392,21610450,58
64337,21610450,21610607,157
64338,21610607,21610643,36
64339,21610643,21610657,14
64340,21610657,21610671,14
64341,21610671,21610857,186
64342,21610857,21610883,26
64343,21610883,21611017,134
64344,21611017,21611041,24
64345,21611041,21611050,9
64346,21611050,21611181,131
64347,21611181,21611203,22
64348,21611203,21611279,76
64349,21611279,21611301,22
64350,21611301,21611320,19
64351,21611320,21611384,64
64352,21611384,21611391,7
64353,21611391,21611488,97
64354,21611488,21611547,59
64355,21611547,21611611,64
64356,21611611,21611638,27
64357,21611638,21611657,19
64358,21611657,21611857,200
64359,21611857,21611906,49
64360,21611906,21611926,20
64361,21611926,21612077,151
64362,21612077,21612181,104
64363,21612181,21612187,6
64364,21612187,21612198,11
64365,21612198,21612203,5
64366,21612203,21612252,49
64367,21612252,21612281,29
64368,21612281,21612320,39
64369,21612320,21612375,55
64370,21612375,21612498,123
64371,21612498,21612521,23
64372,21612521,21612611,90
64373,21612611,21612765,154
64374,21612765,21612772,7
64375,21612772,21612783,11
64376,21612783,21612856,73
64377,21612856,21612942,86
64378,21612942,21612955,13
64379,21612955,21612973,18
64380,21612973,21613015,42
64381,21613015,21613059,44
64382,21613059,21613096,37
64383,21613096,21613147,51
64384,21613147,21613174,27
64385,21613174,21613234,60
64386,21613234,21613294,60
64387,21613294,21613312,18
64388,21613312,21613366,54
64389,21613366,21613486,120
64390,21613486,21613599,113
64391,21613599,21613695,96
64392,21613695,21613701,6
64393,21613701,21613819,118
64394,21613819,21613894,75
64395,21613894,21613984,90
64396,21613984,21613991,7
64397,21613991,21614000,9
64398,21614000,21614084,84
64399,21614084,21614148,64
64400,21614148,21614171,23
64401,21614171,21614262,91
64402,21614262,21614382,120
64403,21614382,21614399,17
64404,21614399,21614404,5
64405,21614404,21614421,17
64406,21614421,21614452,31
64407,21614452,21614538,86
64408,21614538,21614550,12
64409,21614550,21614721,171
64410,21614721,21614728,7
64411,21614728,21614823,95
64412,21614823,21614852,29
64413,21614852,21614898,46
64414,21614898,21614919,21
64415,21614919,21614925,6
64416,21614925,21614964,39
64417,21614964,21614991,27
64418,21614991,21615030,39
64419,21615030,21615084,54
64420,21615084,21615148,64
64421,21615285,21615432,147
64422,21615432,21615497,65
64423,21615497,21615677,180
64424,21615677,21615848,171
64425,21615848,21615881,33
64426,21615881,21615905,24
64427,21615905,21615938,33
64428,21615938,21616061,123
64429,21616061,21616143,82
64430,21616143,21616174,31
64431,21616174,21616221,47
64432,21616221,21616296,75
64433,21616296,21616331,35
64434,21616331,21616484,153
64435,21616484,21616542,58
64436,21616542,21616699,157
64437,21616699,21616735,36
64438,21616735,21616749,14
64439,21616749,21616763,14
64440,21616763,21616949,186
64441,21616949,21616975,26
64442,21616975,21617109,134
64443,21617109,21617133,24
64444,21617133,21617142,9
64445,21617142,21617273,131
64446,21617273,21617295,22
64447,21617295,21617371,76
64448,21617371,21617393,22
64449,21617393,21617412,19
64450,21617412,21617476,64
64451,21617476,21617483,7
64452,21617483,21617580,97
64453,21617580,21617639,59
64454,21617639,21617703,64
64455,21617703,21617730,27
64456,21617730,21617749,19
64457,21617749,21617949,200
64458,21617949,21617998,49
64459,21617998,21618018,20
64460,21618018,21618169,151
64461,21618169,21618273,104
64462,21618273,21618279,6
64463,21618279,21618290,11
64464,21618290,21618295,5
64465,21618295,21618344,49
64466,21618344,21618373,29
64467,21618373,21618412,39
64468,21618412,21618467,55
64469,21618467,21618590,123
64470,21618590,21618613,23
64471,21618613,21618703,90
64472,21618703,21618857,154
64473,21618857,21618864,7
64474,21618864,21618875,11
64475,21618875,21618948,73
64476,21618948,21619034,86
64477,21619034,21619047,13
64478,21619047,21619065,18
64479,21619065,21619107,42
64480,21619107,21619151,44
64481,21619151,21619188,37
64482,21619188,21619239,51
64483,21619239,21619266,27
64484,21619266,21619326,60
64485,21619326,21619386,60
64486,21619386,21619404,18
64487,21619404,21619458,54
64488,21619458,21619578,120
64489,21619578,21619691,113
64490,21619691,21619787,96
64491,21619787,21619793,6
64492,21619793,21619911,118
64493,21619911,21619986,75
64494,21619986,21620076,90
64495,21620076,21620083,7
64496,21620083,21620092,9
64497,21620092,21620176,84
64498,21620176,21620240,64
64499,21620240,21620263,23
64500,21620263,21620354,91
64501,21620354,21620474,120
64502,21620474,21620491,17
64503,21620491,21620496,5
64504,21620496,21620513,17
64505,21620513,21620544,31
64506,21620544,21620630,86
64507,21620630,21620642,12
64508,21620642,21620813,171
64509,21620813,21620820,7
64510,21620820,21620915,95
64511,21620915,21620944,29
64512,21620944,21620990,46
64513,21620990,21621011,21
64514,21621011,21621017,6
64515,21621017,21621056,39
64516,21621056,21621083,27
64517,21621083,21621122,39
64518,21621122,21621176,54
64519,21621176,21621240,64
64520,21621240,21621377,137
64521,21621377,21621524,147
64522,21621524,21621589,65
64523,21621589,21621769,180
64524,21621769,21621940,171
64525,21621940,21621973,33
64526,21621973,21621997,24
64527,21621997,21622030,33
64528,21622030,21622153,123
64529,21622153,21622235,82
64530,21622235,21622266,31
64531,21622266,21622313,47
64532,21622313,21622388,75
64533,21622388,21622423,35
64534,21622575,21622633,58
64535,21622633,21622790,157
64536,21622871,21623057,186
64537,21623057,21623083,26
64538,21623083,21623217,134
64539,21623217,21623241,24
64540,21623241,21623250,9
64541,21623250,21623381,131
64542,21623381,21623403,22
64543,21623403,21623479,76
64544,21623479,21623501,22
64545,21623501,21623520,19
64546,21623520,21623584,64
64547,21623584,21623591,7
64548,21623591,21623688,97
64549,21623688,21623747,59
64550,21623747,21623811,64
64551,21623811,21623838,27
64552,21623898,21623932,34
64553,21624444,21624448,4
64554,21625236,21625360,124
64555,21625360,21625484,124
64556,21626129,21626139,10
64557,21626177,21626185,8
64558,21627431,21627440,9
64559,21628499,21628502,3
64560,21628656,21628663,7
64561,21629846,21629849,3
64562,21633845,21633852,7
64563,21635133,21635143,10
64564,21635509,21635513,4
64565,21635831,21635841,10
64566,21636087,21636094,7
64567,21637812,21637819,7
64568,21638441,21638448,7
64569,21638448,21638469,21
64570,21638567,21638574,7
64571,21638574,21638595,21
64572,21638728,21638735,7
64573,21639523,21639527,4
64574,21639771,21639777,6
64575,21639925,21639929,4
64576,21639929,21639937,8
64577,21640052,21640269,217
64578,21640269,21640292,23
64579,21640292,21640340,48
64580,21640340,21640432,92
64581,21640827,21640853,26
64582,21640853,21641143,290
64583,21641159,21641176,17
64584,21641176,21641220,44
64585,21641220,21641248,28
64586,21641248,21641332,84
64587,21641332,21641387,55
64588,21641387,21641511,124
64589,21641511,21641595,84
64590,21641595,21641769,174
64591,21641769,21641839,70
64592,21641839,21641855,16
64593,21641855,21641894,39
64594,21641894,21642326,432
64595,21642326,21642392,66
64596,21642392,21642401,9
64597,21642401,21642462,61
64598,21642462,21642473,11
64599,21642473,21642587,114
64600,21642587,21642927,340
64601,21642927,21643069,142
64602,21643069,21643093,24
64603,21643093,21643102,9
64604,21643102,21643146,44
64605,21643146,21643176,30
64606,21643176,21643358,182
64607,21643358,21643426,68
64608,21643426,21643439,13
64609,21643439,21643458,19
64610,21643458,21643476,18
64611,21643476,21643700,224
64612,21643700,21643841,141
64613,21643841,21643945,104
64614,21643945,21644121,176
64615,21644121,21644325,204
64616,21644325,21644351,26
64617,21644351,21644383,32
64618,21644383,21644388,5
64619,21644388,21644508,120
64620,21644508,21644600,92
64621,21644600,21644756,156
64622,21644756,21644807,51
64623,21644807,21644843,36
64624,21644843,21644981,138
64625,21644981,21644989,8
64626,21644989,21645056,67
64627,21645056,21645059,3
64628,21645059,21645086,27
64629,21645086,21645202,116
64630,21645202,21645238,36
64631,21645238,21645295,57
64632,21645295,21645433,138
64633,21645433,21645510,77
64634,21645510,21645520,10
64635,21645520,21645537,17
64636,21645537,21645588,51
64637,21645588,21645713,125
64638,21645713,21645882,169
64639,21645882,21645972,90
64640,21645972,21645992,20
64641,21645992,21646062,70
64642,21646062,21646171,109
64643,21646171,21646326,155
64644,21646326,21646353,27
64645,21646353,21646511,158
64646,21646511,21646520,9
64647,21646520,21646743,223
64648,21646743,21646755,12
64649,21646755,21646797,42
64650,21646797,21646816,19
64651,21646816,21646843,27
64652,21646843,21646865,22
64653,21646865,21646877,12
64654,21646877,21646964,87
64655,21647063,21647159,96
64656,21647159,21647469,310
64657,21647469,21647619,150
64658,21647619,21647622,3
64659,21647713,21647751,38
64660,21647751,21647909,158
64661,21647909,21648078,169
64662,21648078,21648213,135
64663,21648213,21648230,17
64664,21648230,21648274,44
64665,21648274,21648302,28
64666,21648302,21648386,84
64667,21648386,21648441,55
64668,21648441,21648565,124
64669,21648565,21648649,84
64670,21648839,21648873,34
64671,21648873,21648942,69
64672,21648942,21649034,92
64673,21649034,21649114,80
64674,21649114,21649148,34
64675,21649148,21649288,140
64676,21649288,21649374,86
64677,21649374,21649407,33
64678,21649407,21649416,9
64679,21649416,21649516,100
64680,21649516,21649549,33
64681,21649549,21649623,74
64682,21649623,21649679,56
64683,21649679,21649801,122
64684,21649801,21649853,52
64685,21649853,21649879,26
64686,21649879,21649986,107
64687,21649986,21650004,18
64688,21650004,21650022,18
64689,21650022,21650032,10
64690,21650032,21650147,115
64691,21650147,21650156,9
64692,21650156,21650164,8
64693,21650230,21650256,26
64694,21650256,21650403,147
64695,21650403,21650460,57
64696,21650460,21650470,10
64697,21650470,21650568,98
64698,21650568,21650705,137
64699,21650705,21650772,67
64700,21650772,21650798,26
64701,21650835,21650889,54
64702,21650889,21650955,66
64703,21650955,21651002,47
64704,21651002,21651041,39
64705,21651041,21651047,6
64706,21651047,21651058,11
64707,21651058,21651103,45
64708,21651103,21651191,88
64709,21651191,21651290,99
64710,21651290,21651318,28
64711,21651318,21651348,30
64712,21651348,21651361,13
64713,21651361,21651428,67
64714,21651428,21651474,46
64715,21651474,21651492,18
64716,21651492,21651508,16
64717,21651508,21651533,25
64718,21651533,21651594,61
64719,21651594,21651758,164
64720,21651758,21651765,7
64721,21651765,21651817,52
64722,21651817,21651877,60
64723,21651877,21651964,87
64724,21651964,21651989,25
64725,21651989,21652175,186
64726,21652175,21652220,45
64727,21652220,21652279,59
64728,21652279,21652320,41
64729,21652320,21652419,99
64730,21652419,21652516,97
64731,21652516,21652531,15
64732,21652531,21652566,35
64733,21652566,21652665,99
64734,21652665,21652744,79
64735,21652744,21652808,64
64736,21652808,21652872,64
64737,21652872,21652914,42
64738,21652914,21652933,19
64739,21652933,21652939,6
64740,21652939,21653043,104
64741,21653043,21653056,13
64742,21653188,21653314,126
64743,21653314,21653334,20
64744,21653334,21653364,30
64745,21653364,21653532,168
64746,21653570,21653768,198
64747,21653768,21653785,17
64748,21653785,21653851,66
64749,21653851,21653973,122
64750,21654310,21654359,49
64751,21654359,21654580,221
64752,21655148,21655365,217
64753,21655365,21655388,23
64754,21655388,21655436,48
64755,21655436,21655528,92
64756,21655944,21655967,23
64757,21656616,21656620,4
64758,21656634,21656644,10
64759,21657342,21657477,135
64760,21657477,21657511,34
64761,21658133,21658142,9
64762,21658159,21658164,5
64763,21660208,21660214,6
64764,21660242,21660249,7
64765,21662194,21662204,10
64766,21662258,21662380,122
64767,21662380,21662387,7
64768,21662888,21662918,30
64769,21662918,21662932,14
64770,21662932,21662964,32
64771,21662964,21662981,17
64772,21662981,21663006,25
64773,21663006,21663014,8
64774,21663014,21663091,77
64775,21663091,21663110,19
64776,21663110,21663290,180
64777,21663290,21663307,17
64778,21663307,21663333,26
64779,21663333,21663397,64
64780,21663397,21663481,84
64781,21663481,21663596,115
64782,21663762,21663775,13
64783,21663775,21663997,222
64784,21663997,21664021,24
64785,21664021,21664063,42
64786,21664063,21664084,21
64787,21664084,21664411,327
64788,21664411,21664486,75
64789,21664486,21664556,70
64790,21664556,21664599,43
64791,21664599,21664686,87
64792,21664686,21664747,61
64793,21664747,21664759,12
64794,21664759,21664790,31
64795,21664790,21664820,30
64796,21664820,21664909,89
64797,21664909,21665075,166
64798,21665075,21665152,77
64799,21665152,21665162,10
64800,21665162,21665256,94
64801,21665256,21665290,34
64802,21665290,21665502,212
64803,21665502,21665585,83
64804,21665585,21665592,7
64805,21665592,21665595,3
64806,21665595,21665601,6
64807,21665601,21665610,9
64808,21665610,21665706,96
64809,21665706,21665727,21
64810,21665727,21665762,35
64811,21666127,21666463,336
64812,21666463,21666579,116
64813,21666579,21666868,289
64814,21666868,21666903,35
64815,21668249,21668255,6
64816,21668338,21668345,7
64817,21668625,21668630,5
64818,21668736,21668740,4
64819,21668866,21668963,97
64820,21669017,21669023,6
64821,21669023,21669031,8
64822,21669250,21669283,33
64823,21669313,21669317,4
64824,21670157,21670162,5
64825,21670741,21670744,3
64826,21671445,21671457,12
64827,21672008,21672017,9
64828,21672017,21672061,44
64829,21672061,21672225,164
64830,21673145,21673170,25
64831,21673170,21673288,118
64832,21673288,21673305,17
64833,21673490,21673536,46
64834,21673536,21673631,95
64835,21673631,21673805,174
64836,21673805,21673959,154
64837,21674111,21674276,165
64838,21674363,21674410,47
64839,21674542,21674554,12
64840,21674554,21674704,150
64841,21674704,21674833,129
64842,21674833,21674854,21
64843,21674854,21674870,16
64844,21674898,21675082,184
64845,21675187,21675362,175
64846,21675362,21675402,40
64847,21675402,21675421,19
64848,21675421,21675450,29
64849,21675450,21675504,54
64850,21675779,21675784,5
64851,21675802,21675874,72
64852,21675874,21675916,42
64853,21675916,21675919,3
64854,21675919,21675927,8
64855,21676649,21676655,6
64856,21677042,21677126,84
64857,21677126,21677135,9
64858,21677573,21677581,8
64859,21677927,21677936,9
64860,21677936,21677950,14
64861,21678030,21678065,35
64862,21678065,21678095,30
64863,21678191,21678206,15
64864,21678206,21678227,21
64865,21678227,21678266,39
64866,21678266,21678314,48
64867,21678314,21678332,18
64868,21678332,21678365,33
64869,21678365,21678421,56
64870,21678730,21678735,5
64871,21678943,21679043,100
64872,21679043,21679104,61
64873,21679104,21679213,109
64874,21679213,21679240,27
64875,21679240,21679360,120
64876,21679360,21679417,57
64877,21679417,21679427,10
64878,21679427,21679525,98
64879,21679525,21679662,137
64880,21679662,21679729,67
64881,21679729,21679755,26
64882,21679755,21679792,37
64883,21679792,21679846,54
64884,21679846,21679912,66
64885,21679912,21679959,47
64886,21679959,21679998,39
64887,21679998,21680015,17
64888,21680305,21680385,80
64889,21680385,21680431,46
64890,21680431,21680453,22
64891,21680453,21680483,30
64892,21680587,21680596,9
64893,21680596,21680650,54
64894,21680650,21680802,152
64895,21680802,21680825,23
64896,21680825,21680967,142
64897,21681083,21681171,88
64898,21681171,21681181,10
64899,21681259,21681297,38
64900,21681297,21681414,117
64901,21681414,21681431,17
64902,21681695,21681763,68
64903,21681763,21681808,45
64904,21681808,21681831,23
64905,21681831,21681842,11
64906,21681842,21681849,7
64907,21681849,21682017,168
64908,21682017,21682048,31
64909,21682048,21682070,22
64910,21682070,21682296,226
64911,21682296,21682305,9
64912,21682305,21682322,17
64913,21682322,21682438,116
64914,21682438,21682471,33
64915,21682471,21682601,130
64916,21682601,21682673,72
64917,21682673,21682684,11
64918,21682684,21682908,224
64919,21682908,21683008,100
64920,21683008,21683069,61
64921,21683069,21683178,109
64922,21683178,21683205,27
64923,21683205,21683325,120
64924,21683325,21683382,57
64925,21683382,21683392,10
64926,21683392,21683490,98
64927,21683490,21683627,137
64928,21683627,21683694,67
64929,21683694,21683720,26
64930,21683720,21683757,37
64931,21683757,21683811,54
64932,21683811,21683877,66
64933,21683877,21683924,47
64934,21683924,21683963,39
64935,21683963,21683980,17
64936,21683980,21684113,133
64937,21684113,21684174,61
64938,21684174,21684270,96
64939,21684270,21684350,80
64940,21684350,21684396,46
64941,21684396,21684455,59
64942,21684739,21684799,60
64943,21684849,21684886,37
64944,21684886,21684957,71
64945,21684957,21685098,141
64946,21685098,21685112,14
64947,21685112,21685157,45
64948,21685157,21685218,61
64949,21685218,21685257,39
64950,21685257,21685356,99
64951,21685356,21685436,80
64952,21685436,21685453,17
64953,21685453,21685468,15
64954,21685468,21685503,35
64955,21685503,21685643,140
64956,21685643,21685678,35
64957,21685678,21685692,14
64958,21685692,21685741,49
64959,21685741,21685807,66
64960,21685807,21685816,9
64961,21685816,21685908,92
64962,21685908,21685933,25
64963,21685933,21685969,36
64964,21685969,21686042,73
64965,21686042,21686059,17
64966,21686059,21686082,23
64967,21686230,21686258,28
64968,21686258,21686261,3
64969,21686261,21686321,60
64970,21686321,21686333,12
64971,21686333,21686362,29
64972,21686362,21686460,98
64973,21686487,21686759,272
64974,21687080,21687189,109
64975,21687381,21687459,78
64976,21687459,21687470,11
64977,21687470,21687481,11
64978,21687481,21687504,23
64979,21687504,21687572,68
64980,21687601,21687634,33
64981,21687634,21687656,22
64982,21687656,21687686,30
64983,21687868,21687872,4
64984,21687872,21687881,9
64985,21687881,21687920,39
64986,21687920,21687923,3
64987,21687923,21688112,189
64988,21688112,21688123,11
64989,21688123,21688127,4
64990,21688127,21688149,22
64991,21688149,21688190,41
64992,21688363,21688475,112
64993,21688475,21688481,6
64994,21688481,21688489,8
64995,21688489,21688569,80
64996,21688569,21688589,20
64997,21688589,21688600,11
64998,21688600,21688613,13
64999,21688613,21688631,18
65000,21688631,21688659,28
65001,21688659,21688712,53
65002,21688712,21688720,8
65003,21688720,21688730,10
65004,21688730,21688759,29
65005,21688759,21688766,7
65006,21688766,21688771,5
65007,21688771,21688847,76
65008,21688891,21688904,13
65009,21689382,21689390,8
65010,21689390,21689529,139
65011,21689529,21689552,23
65012,21689552,21689557,5
65013,21689574,21689613,39
65014,21689711,21689893,182
65015,21689893,21689930,37
65016,21689930,21689984,54
65017,21689984,21690050,66
65018,21690050,21690097,47
65019,21690097,21690142,45
65020,21690142,21690228,86
65021,21690228,21690286,58
65022,21690286,21690361,75
65023,21690546,21690579,33
65024,21690579,21690601,22
65025,21690601,21690631,30
65026,21690631,21690816,185
65027,21690816,21690907,91
65028,21690907,21690929,22
65029,21690929,21690944,15
65030,21690944,21691055,111
65031,21691055,21691081,26
65032,21691081,21691113,32
65033,21691113,21691330,217
65034,21691330,21691491,161
65035,21691491,21691646,155
65036,21691646,21691659,13
65037,21691659,21691674,15
65038,21691674,21691687,13
65039,21691687,21691700,13
65040,21691700,21691731,31
65041,21691731,21691757,26
65042,21691757,21691783,26
65043,21691783,21691798,15
65044,21691798,21692011,213
65045,21692011,21692020,9
65046,21692020,21692046,26
65047,21692046,21692063,17
65048,21692063,21692075,12
65049,21692075,21692111,36
65050,21692111,21692190,79
65051,21692190,21692197,7
65052,21692197,21692402,205
65053,21692495,21692517,22
65054,21692517,21692544,27
65055,21692667,21692676,9
65056,21692676,21692779,103
65057,21693143,21693175,32
65058,21693175,21693178,3
65059,21693178,21693181,3
65060,21693181,21693306,125
65061,21693306,21693338,32
65062,21693338,21693348,10
65063,21693348,21693376,28
65064,21693376,21693390,14
65065,21693390,21693558,168
65066,21693558,21693595,37
65067,21693595,21693659,64
65068,21693659,21693708,49
65069,21693708,21693786,78
65070,21693786,21693797,11
65071,21693797,21693808,11
65072,21693808,21693831,23
65073,21693831,21693899,68
65074,21693899,21693978,79
65075,21693978,21694046,68
65076,21694227,21694236,9
65077,21694846,21694935,89
65078,21694935,21695001,66
65079,21695001,21695068,67
65080,21695162,21695220,58
65081,21695269,21695279,10
65082,21695279,21695310,31
65083,21695310,21695532,222
65084,21695532,21695536,4
65085,21695536,21695545,9
65086,21695545,21695684,139
65087,21695684,21695717,33
65088,21695717,21695761,44
65089,21695761,21695771,10
65090,21695894,21695902,8
65091,21695902,21695906,4
65092,21695906,21695988,82
65093,21695988,21696038,50
65094,21696038,21696070,32
65095,21696070,21696088,18
65096,21696088,21696169,81
65097,21696169,21696174,5
65098,21696174,21696235,61
65099,21696235,21696354,119
65100,21696354,21696460,106
65101,21696537,21696733,196
65102,21696892,21696900,8
65103,21696900,21697039,139
65104,21697039,21697062,23
65105,21697062,21697084,22
65106,21697084,21697123,39
65107,21698093,21698101,8
65108,21698196,21698205,9
65109,21698352,21698355,3
65110,21698457,21698466,9
65111,21698797,21698807,10
65112,21698852,21698861,9
65113,21699089,21699097,8
65114,21699329,21699332,3
65115,21699332,21699341,9
65116,21700241,21700251,10
65117,21700432,21700435,3
65118,21700435,21700441,6
65119,21700802,21700808,6
65120,21700879,21700888,9
65121,21700929,21700937,8
65122,21701116,21701119,3
65123,21701220,21701298,78
65124,21701298,21701309,11
65125,21701309,21701320,11
65126,21701320,21701343,23
65127,21701343,21701411,68
65128,21701411,21701490,79
65129,21701490,21701558,68
65130,21702615,21702621,6
65131,21702791,21702795,4
65132,21702795,21702804,9
65133,21702804,21702843,39
65134,21702843,21702846,3
65135,21702846,21703035,189
65136,21703035,21703046,11
65137,21703046,21703050,4
65138,21703050,21703072,22
65139,21703072,21703113,41
65140,21703286,21703398,112
65141,21703398,21703404,6
65142,21703404,21703412,8
65143,21703412,21703492,80
65144,21703492,21703512,20
65145,21703512,21703523,11
65146,21703523,21703536,13
65147,21703536,21703554,18
65148,21703554,21703582,28
65149,21703582,21703635,53
65150,21703635,21703643,8
65151,21703643,21703653,10
65152,21703653,21703682,29
65153,21703682,21703689,7
65154,21703689,21703694,5
65155,21703694,21703770,76
65156,21703814,21703827,13
65157,21704335,21704343,8
65158,21704343,21704482,139
65159,21704482,21704505,23
65160,21704505,21704527,22
65161,21704527,21704566,39
65162,21704716,21704725,9
65163,21704725,21704779,54
65164,21704779,21704931,152
65165,21704931,21704954,23
65166,21704954,21705096,142
65167,21705158,21705178,20
65168,21705275,21705290,15
65169,21705290,21705325,35
65170,21705465,21705500,35
65171,21705500,21705514,14
65172,21705553,21705619,66
65173,21705619,21705628,9
65174,21705628,21705720,92
65175,21705720,21705745,25
65176,21705745,21705781,36
65177,21705781,21705854,73
65178,21705854,21705871,17
65179,21705871,21705894,23
65180,21705894,21706044,150
65181,21706044,21706072,28
65182,21706072,21706075,3
65183,21706075,21706135,60
65184,21706135,21706147,12
65185,21706147,21706176,29
65186,21706176,21706325,149
65187,21706325,21706501,176
65188,21706501,21706636,135
65189,21706636,21706670,34
65190,21706670,21706827,157
65191,21706975,21707097,122
65192,21707641,21707738,97
65193,21707738,21707744,6
65194,21707744,21707825,81
65195,21708056,21708059,3
65196,21708086,21708091,5
65197,21708168,21708195,27
65198,21708195,21708221,26
65199,21708221,21708299,78
65200,21708299,21708360,61
65201,21708360,21708494,134
65202,21708494,21708530,36
65203,21708530,21708575,45
65204,21708575,21708607,32
65205,21708607,21708632,25
65206,21708989,21709026,37
65207,21709026,21709085,59
65208,21709416,21709425,9
65209,21709425,21709479,54
65210,21709631,21709654,23
65211,21709654,21709796,142
65212,21709908,21709996,88
65213,21709996,21710006,10
65214,21710084,21710122,38
65215,21710122,21710239,117
65216,21710239,21710256,17
65217,21710588,21710633,45
65218,21710633,21710656,23
65219,21710656,21710667,11
65220,21710667,21710674,7
65221,21710674,21710842,168
65222,21710842,21710873,31
65223,21710873,21710895,22
65224,21710895,21711121,226
65225,21711121,21711130,9
65226,21711263,21711296,33
65227,21711438,21711496,58
65228,21711496,21711614,118
65229,21711614,21711635,21
65230,21711635,21711676,41
65231,21711676,21711733,57
65232,21711733,21711779,46
65233,21711779,21711809,30
65234,21711899,21711971,72
65235,21711971,21712035,64
65236,21712035,21712055,20
65237,21712055,21712078,23
65238,21712103,21712131,28
65239,21712131,21712193,62
65240,21712193,21712268,75
65241,21712268,21712332,64
65242,21712537,21712544,7
65243,21713365,21713372,7
65244,21713957,21713963,6
65245,21714039,21714074,35
65246,21714074,21714080,6
65247,21714097,21714324,227
65248,21714324,21714392,68
65249,21714495,21714557,62
65250,21714697,21714792,95
65251,21714792,21714801,9
65252,21714801,21714841,40
65253,21714841,21714852,11
65254,21714852,21714877,25
65255,21714877,21714921,44
65256,21714921,21715054,133
65257,21715054,21715075,21
65258,21715075,21715093,18
65259,21715093,21715114,21
65260,21715606,21715667,61
65261,21715667,21715732,65
65262,21715766,21715776,10
65263,21715875,21715947,72
65264,21716282,21716343,61
65265,21716343,21716452,109
65266,21716452,21716479,27
65267,21716479,21716599,120
65268,21716599,21716656,57
65269,21716656,21716666,10
65270,21716666,21716764,98
65271,21716872,21716911,39
65272,21717075,21717159,84
65273,21717277,21717312,35
65274,21717312,21717355,43
65275,21717849,21717913,64
65276,21717913,21717916,3
65277,21717916,21717930,14
65278,21717930,21717937,7
65279,21717937,21718000,63
65280,21718127,21718158,31
65281,21718298,21718337,39
65282,21718337,21718384,47
65283,21718548,21718609,61
65284,21718609,21718615,6
65285,21718615,21718709,94
65286,21718842,21718874,32
65287,21718874,21718885,11
65288,21718885,21718942,57
65289,21718942,21719005,63
65290,21719005,21719041,36
65291,21719041,21719089,48
65292,21719089,21719200,111
65293,21719395,21719479,84
65294,21719479,21719587,108
65295,21719791,21719908,117
65296,21719908,21719949,41
65297,21719949,21719974,25
65298,21720066,21720113,47
65299,21720113,21720142,29
65300,21720142,21720210,68
65301,21720369,21720380,11
65302,21720493,21720542,49
65303,21720843,21720976,133
65304,21721008,21721037,29
65305,21721345,21721388,43
65306,21721680,21721695,15
65307,21721769,21721862,93
65308,21721862,21721867,5
65309,21721867,21721879,12
65310,21722183,21722216,33
65311,21722216,21722258,42
65312,21722258,21722299,41
65313,21722345,21722361,16
65314,21722390,21722395,5
65315,21722603,21722608,5
65316,21722668,21722672,4
65317,21722904,21722908,4
65318,21723760,21723799,39
65319,21723905,21723967,62
65320,21723967,21724006,39
65321,21724006,21724070,64
65322,21724070,21724084,14
65323,21724084,21724123,39
65324,21724123,21724145,22
65325,21724145,21724179,34
65326,21724179,21724341,162
65327,21724341,21724380,39
65328,21724380,21724439,59
65329,21724439,21724477,38
65330,21724477,21724483,6
65331,21724483,21724564,81
65332,21724564,21724633,69
65333,21724689,21724759,70
65334,21724759,21724804,45
65335,21724804,21724810,6
65336,21724810,21724834,24
65337,21724834,21724839,5
65338,21724839,21724845,6
65339,21725041,21725065,24
65340,21725065,21725098,33
65341,21725098,21725108,10
65342,21725108,21725190,82
65343,21725190,21725278,88
65344,21725278,21725410,132
65345,21725541,21725545,4
65346,21725545,21725581,36
65347,21725774,21725829,55
65348,21726235,21726261,26
65349,21726261,21726270,9
65350,21726270,21726304,34
65351,21726316,21726382,66
65352,21726382,21726518,136
65353,21726518,21726527,9
65354,21726527,21726547,20
65355,21726547,21726700,153
65356,21726700,21726762,62
65357,21726762,21726913,151
65358,21726913,21726940,27
65359,21726940,21727009,69
65360,21727009,21727029,20
65361,21727029,21727060,31
65362,21727060,21727066,6
65363,21727066,21727111,45
65364,21727111,21727225,114
65365,21727225,21727378,153
65366,21727378,21727413,35
65367,21727413,21727424,11
65368,21727424,21727449,25
65369,21727449,21727459,10
65370,21727459,21727579,120
65371,21727579,21727650,71
65372,21727650,21727684,34
65373,21727684,21727705,21
65374,21727705,21727759,54
65375,21727759,21727832,73
65376,21727832,21727846,14
65377,21727846,21727857,11
65378,21727857,21727972,115
65379,21727972,21728024,52
65380,21728104,21728107,3
65381,21728107,21728143,36
65382,21728143,21728182,39
65383,21728182,21728284,102
65384,21728284,21728307,23
65385,21728307,21728340,33
65386,21728340,21728359,19
65387,21728359,21728509,150
65388,21728509,21728571,62
65389,21728571,21728617,46
65390,21728617,21728661,44
65391,21728866,21728916,50
65392,21728916,21728974,58
65393,21728974,21729028,54
65394,21729028,21729073,45
65395,21729073,21729094,21
65396,21729153,21729292,139
65397,21729292,21729316,24
65398,21729503,21729569,66
65399,21729569,21729837,268
65400,21729837,21729888,51
65401,21729888,21729960,72
65402,21729960,21729963,3
65403,21729963,21729977,14
65404,21729977,21730128,151
65405,21730128,21730152,24
65406,21730152,21730211,59
65407,21730587,21730673,86
65408,21730673,21730819,146
65409,21730819,21730854,35
65410,21730854,21730884,30
65411,21731130,21731192,62
65412,21731192,21731231,39
65413,21731231,21731295,64
65414,21731295,21731309,14
65415,21731309,21731348,39
65416,21731348,21731370,22
65417,21731370,21731404,34
65418,21731404,21731566,162
65419,21731685,21731769,84
65420,21731864,21731867,3
65421,21731867,21731927,60
65422,21731927,21731939,12
65423,21731939,21731968,29
65424,21732429,21732463,34
65425,21732768,21732890,122
65426,21733038,21733042,4
65427,21733553,21733559,6
65428,21733880,21733883,3
65429,21734397,21734406,9
65430,21736460,21736465,5
65431,21736465,21736471,6
65432,21736506,21736512,6
65433,21736744,21736752,8
65434,21737205,21737214,9
65435,21738286,21738293,7
65436,21739234,21739281,47
65437,21739281,21739286,5
65438,21739286,21739359,73
65439,21739542,21739548,6
65440,21740170,21740177,7
65441,21740209,21740215,6
65442,21740262,21740265,3
65443,21740265,21740268,3
65444,21740268,21740271,3
65445,21740473,21740478,5
65446,21740542,21740545,3
65447,21740545,21740548,3
65448,21740548,21740551,3
65449,21740671,21740740,69
65450,21740740,21740756,16
65451,21740756,21740761,5
65452,21740761,21740779,18
65453,21740779,21740815,36
65454,21740834,21740851,17
65455,21740851,21740905,54
65456,21740905,21740943,38
65457,21740943,21740971,28
65458,21741247,21741271,24
65459,21741271,21741296,25
65460,21741296,21741322,26
65461,21741322,21741337,15
65462,21741530,21741577,47
65463,21741577,21741582,5
65464,21741582,21741655,73
65465,21741861,21741915,54
65466,21741915,21741949,34
65467,21741949,21741985,36
65468,21742040,21742060,20
65469,21742060,21742066,6
65470,21742066,21742076,10
65471,21742076,21742137,61
65472,21742137,21742181,44
65473,21742181,21742226,45
65474,21742226,21742277,51
65475,21742277,21742280,3
65476,21742280,21742314,34
65477,21742330,21742340,10
65478,21742390,21742405,15
65479,21742707,21742716,9
65480,21742716,21742763,47
65481,21742841,21742845,4
65482,21742845,21742878,33
65483,21743023,21743028,5
65484,21743028,21743035,7
65485,21743035,21743096,61
65486,21743096,21743124,28
65487,21743124,21743226,102
65488,21743394,21743398,4
65489,21743398,21743411,13
65490,21743411,21743414,3
65491,21743414,21743498,84
65492,21743498,21743501,3
65493,21743501,21743555,54
65494,21743555,21743583,28
65495,21743583,21743682,99
65496,21743682,21743719,37
65497,21743719,21743833,114
65498,21743833,21743910,77
65499,21743910,21743998,88
65500,21743998,21744009,11
65501,21744054,21744063,9
65502,21744063,21744077,14
65503,21744157,21744192,35
65504,21744192,21744222,30
65505,21744318,21744333,15
65506,21744333,21744354,21
65507,21744354,21744393,39
65508,21744393,21744441,48
65509,21744441,21744459,18
65510,21744459,21744492,33
65511,21744492,21744548,56
65512,21744847,21744852,5
65513,21745221,21745330,109
65514,21745330,21745357,27
65515,21745534,21745544,10
65516,21745544,21745642,98
65517,21745779,21745846,67
65518,21745909,21745963,54
65519,21745963,21746029,66
65520,21746029,21746076,47
65521,21746076,21746115,39
65522,21746115,21746132,17
65523,21746422,21746502,80
65524,21746502,21746548,46
65525,21746548,21746570,22
65526,21746570,21746600,30
65527,21746600,21746639,39
65528,21746639,21746738,99
65529,21746738,21746818,80
65530,21746818,21746835,17
65531,21746835,21746850,15
65532,21747060,21747074,14
65533,21747189,21747198,9
65534,21747290,21747315,25
65535,21747315,21747351,36
65536,21747351,21747424,73
65537,21747424,21747441,17
65538,21747441,21747464,23
65539,21747464,21747614,150
65540,21747614,21747642,28
65541,21747642,21747645,3
65542,21747645,21747705,60
65543,21747705,21747717,12
65544,21747717,21747746,29
65545,21747746,21747895,149
65546,21747895,21748071,176
65547,21748071,21748206,135
65548,21748206,21748240,34
65549,21748240,21748397,157
65550,21748545,21748667,122
65551,21749211,21749308,97
65552,21749308,21749314,6
65553,21749314,21749395,81
65554,21749446,21749464,18
65555,21749665,21749672,7
65556,21749742,21749769,27
65557,21749769,21749795,26
65558,21749795,21749873,78
65559,21749873,21749934,61
65560,21749934,21750068,134
65561,21750068,21750104,36
65562,21750135,21750171,36
65563,21750171,21750216,45
65564,21750216,21750248,32
65565,21750248,21750273,25
65566,21750630,21750667,37
65567,21750667,21750726,59
65568,21751176,21751185,9
65569,21751433,21751442,9
65570,21751442,21751462,20
65571,21751835,21751841,6
65572,21751963,21751991,28
65573,21751991,21752037,46
65574,21752037,21752061,24
65575,21752061,21752105,44
65576,21752189,21752204,15
65577,21752204,21752253,49
65578,21752253,21752366,113
65579,21752366,21752369,3
65580,21752369,21752453,84
65581,21752453,21752468,15
65582,21752468,21752478,10
65583,21752549,21752579,30
65584,21752903,21752960,57
65585,21753293,21753299,6
65586,21753395,21753413,18
65587,21753751,21753759,8
65588,21753865,21753869,4
65589,21753917,21753920,3
65590,21754061,21754066,5
65591,21754154,21754163,9
65592,21754807,21754815,8
65593,21755117,21755127,10
65594,21755816,21755825,9
65595,21755825,21755828,3
65596,21755927,21755942,15
65597,21755998,21756003,5
65598,21756163,21756169,6
65599,21756169,21756178,9
65600,21756178,21756184,6
65601,21756633,21756662,29
65602,21756786,21756802,16
65603,21758325,21758329,4
65604,21758329,21758337,8
65605,21759000,21759005,5
65606,21759005,21759013,8
65607,21759258,21759273,15
65608,21759273,21759322,49
65609,21759322,21759435,113
65610,21759435,21759438,3
65611,21759438,21759522,84
65612,21759522,21759537,15
65613,21759537,21759547,10
65614,21759628,21759652,24
65615,21759652,21759658,6
65616,21759658,21759669,11
65617,21759669,21759735,66
65618,21760038,21760043,5
65619,21760043,21760049,6
65620,21761022,21761034,12
65621,21761790,21761801,11
65622,21763069,21763092,23
65623,21763092,21763141,49
65624,21763141,21763234,93
65625,21763234,21763314,80
65626,21763508,21763544,36
65627,21763544,21763571,27
65628,21763571,21763668,97
65629,21763728,21763736,8
65630,21763736,21763785,49
65631,21763785,21763899,114
65632,21763899,21763932,33
65633,21763932,21763937,5
65634,21763937,21763962,25
65635,21763962,21763966,4
65636,21764064,21764096,32
65637,21765327,21765345,18
65638,21765472,21765479,7
65639,21765517,21765520,3
65640,21765520,21765523,3
65641,21765547,21765552,5
65642,21765552,21765558,6
65643,21766135,21766139,4
65644,21767152,21767161,9
65645,21767161,21767181,20
65646,21767683,21767689,6
65647,21768150,21768159,9
65648,21768159,21768203,44
65649,21768203,21768367,164
65650,21770118,21770121,3
65651,21770248,21770255,7
65652,21770482,21770487,5
65653,21770659,21770667,8
65654,21770785,21770792,7
65655,21771556,21771579,23
65656,21771579,21771590,11
65657,21771590,21771597,7
65658,21772130,21772178,48
65659,21772178,21772186,8
65660,21772349,21772421,72
65661,21772421,21772432,11
65662,21772584,21772608,24
65663,21772608,21772632,24
65664,21772632,21772643,11
65665,21772743,21772802,59
65666,21772802,21772904,102
65667,21772904,21772911,7
65668,21772911,21772915,4
65669,21772915,21772967,52
65670,21772967,21773016,49
65671,21773016,21773154,138
65672,21773154,21773345,191
65673,21773345,21773392,47
65674,21773392,21773405,13
65675,21774059,21774075,16
65676,21774467,21774475,8
65677,21774490,21774530,40
65678,21774530,21774538,8
65679,21774538,21774549,11
65680,21774549,21774568,19
65681,21774568,21774593,25
65682,21774593,21774601,8
65683,21774601,21774631,30
65684,21774656,21774664,8
65685,21774849,21774861,12
65686,21774893,21774911,18
65687,21774911,21774916,5
65688,21774916,21774974,58
65689,21774974,21774987,13
65690,21774987,21775009,22
65691,21775162,21775184,22
65692,21775184,21775236,52
65693,21775236,21775270,34
65694,21775270,21775292,22
65695,21775292,21775305,13
65696,21775913,21775926,13
65697,21775926,21775940,14
65698,21777210,21777237,27
65699,21777340,21777393,53
65700,21777393,21777526,133
65701,21777886,21777935,49
65702,21778007,21778023,16
65703,21778046,21778076,30
65704,21778076,21778086,10
65705,21778333,21778376,43
65706,21778502,21778506,4
65707,21778506,21778518,12
65708,21778573,21778582,9
65709,21778582,21778589,7
65710,21778589,21778655,66
65711,21778655,21778666,11
65712,21778666,21778720,54
65713,21778720,21778749,29
65714,21778771,21778797,26
65715,21778797,21778903,106
65716,21778903,21778917,14
65717,21778917,21778929,12
65718,21778929,21779142,213
65719,21779142,21779166,24
65720,21779166,21779208,42
65721,21779708,21779712,4
65722,21779739,21779742,3
65723,21780159,21780164,5
65724,21780539,21780550,11
65725,21780560,21780565,5
65726,21780828,21780833,5
65727,21781647,21781658,11
65728,21782638,21782641,3
65729,21783189,21783193,4
65730,21783284,21783299,15
65731,21783634,21783648,14
65732,21783648,21783660,12
65733,21783897,21783939,42
65734,21784179,21784186,7
65735,21784186,21784290,104
65736,21784290,21784314,24
65737,21784314,21784347,33
65738,21784443,21784476,33
65739,21784476,21784488,12
65740,21784488,21784510,22
65741,21784639,21784734,95
65742,21784734,21784750,16
65743,21784750,21784794,44
65744,21786186,21786204,18
65745,21786279,21786282,3
65746,21786498,21786540,42
65747,21786540,21786548,8
65748,21786574,21786627,53
65749,21786627,21786658,31
65750,21786993,21787062,69
65751,21787062,21787140,78
65752,21787298,21787327,29
65753,21787400,21787411,11
65754,21787411,21787444,33
65755,21787444,21787460,16
65756,21787460,21787583,123
65757,21787952,21788019,67
65758,21788019,21788147,128
65759,21788147,21788178,31
65760,21788313,21788352,39
65761,21788352,21788491,139
65762,21788750,21788827,77
65763,21789477,21789482,5
65764,21789482,21789490,8
65765,21789865,21789868,3
65766,21789966,21790011,45
65767,21790746,21790770,24
65768,21790817,21790897,80
65769,21790897,21790926,29
65770,21790926,21790933,7
65771,21791011,21791065,54
65772,21791065,21791068,3
65773,21791068,21791102,34
65774,21791102,21791162,60
65775,21791162,21791166,4
65776,21791166,21791203,37
65777,21791203,21791249,46
65778,21791249,21791290,41
65779,21791290,21791333,43
65780,21791333,21791341,8
65781,21791341,21791350,9
65782,21791350,21791370,20
65783,21791526,21791536,10
65784,21791697,21791707,10
65785,21791950,21792033,83
65786,21792033,21792041,8
65787,21792404,21792446,42
65788,21792446,21792460,14
65789,21793036,21793041,5
65790,21793041,21793089,48
65791,21793089,21793139,50
65792,21793139,21793161,22
65793,21793161,21793189,28
65794,21793189,21793286,97
65795,21793286,21793341,55
65796,21793341,21793422,81
65797,21793422,21793435,13
65798,21793641,21793651,10
65799,21793651,21793654,3
65800,21793836,21793884,48
65801,21793884,21794050,166
65802,21794050,21794087,37
65803,21794167,21794182,15
65804,21794377,21794383,6
65805,21794521,21794551,30
65806,21794551,21794572,21
65807,21794820,21794839,19
65808,21794839,21794852,13
65809,21794852,21794873,21
65810,21794873,21794923,50
65811,21794923,21794927,4
65812,21794927,21794943,16
65813,21794943,21794958,15
65814,21794958,21794986,28
65815,21795057,21795062,5
65816,21795062,21795110,48
65817,21795110,21795116,6
65818,21795116,21795171,55
65819,21795171,21795221,50
65820,21795279,21795365,86
65821,21795666,21795730,64
65822,21795730,21795749,19
65823,21795862,21795874,12
65824,21795991,21796086,95
65825,21796086,21796145,59
65826,21796322,21796411,89
65827,21796620,21796627,7
65828,21796719,21796748,29
65829,21796748,21796757,9
65830,21796757,21796762,5
65831,21797168,21797214,46
65832,21797214,21797231,17
65833,21797231,21797259,28
65834,21797324,21797346,22
65835,21797346,21797452,106
65836,21797452,21797458,6
65837,21797458,21797492,34
65838,21797492,21797564,72
65839,21797564,21797622,58
65840,21797622,21797708,86
65841,21797708,21797972,264
65842,21798002,21798010,8
65843,21798010,21798015,5
65844,21798015,21798027,12
65845,21798027,21798102,75
65846,21798102,21798120,18
65847,21798120,21798142,22
65848,21798142,21798202,60
65849,21798573,21798586,13
65850,21798739,21798745,6
65851,21798885,21798937,52
65852,21798937,21799040,103
65853,21799040,21799204,164
65854,21799204,21799224,20
65855,21799224,21799227,3
65856,21799227,21799243,16
65857,21799243,21799273,30
65858,21799273,21799289,16
65859,21799289,21799296,7
65860,21799296,21799299,3
65861,21799299,21799313,14
65862,21799313,21799352,39
65863,21799352,21799361,9
65864,21799361,21799411,50
65865,21799411,21799571,160
65866,21799571,21799650,79
65867,21799650,21799660,10
65868,21799660,21799663,3
65869,21799663,21799674,11
65870,21799674,21799700,26
65871,21799700,21799747,47
65872,21799747,21799765,18
65873,21799765,21799848,83
65874,21799848,21799942,94
65875,21799942,21799978,36
65876,21799978,21800023,45
65877,21800023,21800029,6
65878,21800029,21800041,12
65879,21800041,21800062,21
65880,21800062,21800086,24
65881,21800086,21800098,12
65882,21800098,21800152,54
65883,21800152,21800277,125
65884,21800277,21800313,36
65885,21800313,21800370,57
65886,21800370,21800396,26
65887,21800396,21800412,16
65888,21800412,21800432,20
65889,21800432,21800439,7
65890,21800439,21800446,7
65891,21800446,21800463,17
65892,21800463,21800648,185
65893,21800648,21800689,41
65894,21800689,21800712,23
65895,21800712,21800743,31
65896,21800743,21800795,52
65897,21800795,21800878,83
65898,21800907,21800919,12
65899,21800919,21800958,39
65900,21800958,21800965,7
65901,21800965,21800996,31
65902,21800996,21801034,38
65903,21801181,21801186,5
65904,21801186,21801234,48
65905,21801234,21801284,50
65906,21801284,21801306,22
65907,21801306,21801334,28
65908,21801467,21801482,15
65909,21801721,21801748,27
65910,21801837,21801889,52
65911,21801889,21802002,113
65912,21802002,21802122,120
65913,21802122,21802127,5
65914,21802247,21802326,79
65915,21802326,21802332,6
65916,21802556,21802589,33
65917,21802779,21803215,436
65918,21803215,21803243,28
65919,21803243,21803307,64
65920,21803307,21803323,16
65921,21803323,21803338,15
65922,21803338,21803370,32
65923,21803370,21803379,9
65924,21803379,21803382,3
65925,21803382,21803424,42
65926,21803424,21803440,16
65927,21803440,21803452,12
65928,21803452,21803466,14
65929,21803466,21803477,11
65930,21803477,21803503,26
65931,21803503,21803578,75
65932,21803578,21803586,8
65933,21803586,21803635,49
65934,21803635,21803653,18
65935,21803653,21803685,32
65936,21803685,21803709,24
65937,21803709,21803727,18
65938,21803727,21803787,60
65939,21803787,21803818,31
65940,21803818,21803845,27
65941,21803845,21803919,74
65942,21803919,21804011,92
65943,21804011,21804071,60
65944,21804071,21804111,40
65945,21804111,21804147,36
65946,21804147,21804238,91
65947,21804238,21804259,21
65948,21804259,21804562,303
65949,21804562,21804824,262
65950,21804824,21804975,151
65951,21804975,21805118,143
65952,21805118,21805128,10
65953,21805128,21805140,12
65954,21805140,21805239,99
65955,21805239,21805263,24
65956,21805263,21805310,47
65957,21805310,21805338,28
65958,21805338,21805347,9
65959,21805347,21805362,15
65960,21805362,21805398,36
65961,21805398,21805421,23
65962,21805421,21805446,25
65963,21805446,21805508,62
65964,21805508,21805548,40
65965,21805548,21805734,186
65966,21805734,21805779,45
65967,21805779,21805870,91
65968,21805870,21805881,11
65969,21805881,21805884,3
65970,21805884,21805917,33
65971,21805917,21805995,78
65972,21805995,21806004,9
65973,21806004,21806144,140
65974,21806144,21806150,6
65975,21806150,21806183,33
65976,21806183,21806196,13
65977,21806196,21806234,38
65978,21806234,21806316,82
65979,21806316,21806325,9
65980,21806325,21806442,117
65981,21806442,21806464,22
65982,21806464,21806565,101
65983,21806565,21806641,76
65984,21806710,21806720,10
65985,21806720,21806958,238
65986,21806958,21807029,71
65987,21807029,21807046,17
65988,21807046,21807104,58
65989,21807104,21807122,18
65990,21807122,21807127,5
65991,21807127,21807143,16
65992,21807404,21807407,3
65993,21808053,21808056,3
65994,21808695,21808699,4
65995,21810999,21811005,6
65996,21811119,21811125,6
65997,21811125,21811129,4
65998,21811842,21811852,10
65999,21811911,21811920,9
66000,21812019,21812026,7
66001,21812279,21812285,6
66002,21813545,21813555,10
66003,21813555,21813793,238
66004,21813793,21813864,71
66005,21813864,21813881,17
66006,21813881,21813939,58
66007,21813939,21813957,18
66008,21813957,21813962,5
66009,21813962,21813978,16
66010,21814094,21814189,95
66011,21814189,21814225,36
66012,21814225,21814230,5
66013,21814230,21814347,117
66014,21814347,21814371,24
66015,21814371,21814389,18
66016,21814389,21814439,50
66017,21814439,21814445,6
66018,21814445,21814455,10
66019,21814455,21814479,24
66020,21814479,21814583,104
66021,21814583,21814653,70
66022,21814653,21814696,43
66023,21814696,21814757,61
66024,21814757,21814768,11
66025,21814768,21814819,51
66026,21814819,21814875,56
66027,21814875,21814888,13
66028,21814888,21814902,14
66029,21814902,21815004,102
66030,21815004,21815008,4
66031,21815008,21815044,36
66032,21815044,21815048,4
66033,21815048,21815096,48
66034,21815096,21815146,50
66035,21815146,21815212,66
66036,21815212,21815241,29
66037,21815241,21815260,19
66038,21815260,21815362,102
66039,21815362,21815369,7
66040,21815369,21815396,27
66041,21815396,21815420,24
66042,21815420,21815428,8
66043,21815428,21815525,97
66044,21815525,21815620,95
66045,21815620,21815707,87
66046,21815707,21815752,45
66047,21815752,21815797,45
66048,21815797,21815811,14
66049,21815811,21815949,138
66050,21815949,21816066,117
66051,21816066,21816114,48
66052,21816114,21816219,105
66053,21816219,21816326,107
66054,21816326,21816443,117
66055,21816443,21816449,6
66056,21816449,21816560,111
66057,21816560,21816650,90
66058,21816876,21816942,66
66059,21816942,21816968,26
66060,21816968,21816977,9
66061,21816977,21816987,10
66062,21816987,21817041,54
66063,21817041,21817116,75
66064,21817116,21817130,14
66065,21817130,21817138,8
66066,21817138,21817153,15
66067,21817476,21817504,28
66068,21817504,21817606,102
66069,21817606,21817622,16
66070,21817622,21817631,9
66071,21817631,21817678,47
66072,21817678,21817720,42
66073,21817720,21817834,114
66074,21817834,21817951,117
66075,21817951,21817977,26
66076,21817977,21817982,5
66077,21817982,21818014,32
66078,21818014,21818026,12
66079,21818026,21818050,24
66080,21818050,21818107,57
66081,21818107,21818127,20
66082,21818127,21818284,157
66083,21818284,21818318,34
66084,21818318,21818395,77
66085,21818395,21818415,20
66086,21818415,21818452,37
66087,21818452,21818470,18
66088,21818470,21818573,103
66089,21818573,21818641,68
66090,21818641,21818674,33
66091,21818674,21818835,161
66092,21818835,21818926,91
66093,21818926,21818997,71
66094,21818997,21819012,15
66095,21819012,21819081,69
66096,21819081,21819098,17
66097,21819098,21819178,80
66098,21819178,21819273,95
66099,21819273,21819503,230
66100,21819644,21819752,108
66101,21819752,21819767,15
66102,21819767,21819918,151
66103,21819918,21819949,31
66104,21819949,21820126,177
66105,21820126,21820188,62
66106,21820188,21820301,113
66107,21820301,21820371,70
66108,21820371,21820380,9
66109,21820380,21820427,47
66110,21820427,21820554,127
66111,21820554,21820718,164
66112,21820718,21820722,4
66113,21820722,21820814,92
66114,21820814,21820848,34
66115,21820848,21820856,8
66116,21820856,21820874,18
66117,21820874,21820881,7
66118,21820881,21820958,77
66119,21820958,21821045,87
66120,21821045,21821130,85
66121,21821130,21821139,9
66122,21821139,21821186,47
66123,21821186,21821228,42
66124,21821228,21821342,114
66125,21821342,21821459,117
66126,21821459,21821485,26
66127,21821485,21821490,5
66128,21821490,21821522,32
66129,21821522,21821534,12
66130,21821534,21821558,24
66131,21821558,21821615,57
66132,21821615,21821635,20
66133,21821635,21821792,157
66134,21821792,21821826,34
66135,21821826,21821903,77
66136,21821903,21821923,20
66137,21821923,21821960,37
66138,21821960,21821978,18
66139,21821978,21822081,103
66140,21822149,21822182,33
66141,21822527,21822538,11
66142,21822538,21822544,6
66143,21822544,21822577,33
66144,21822577,21822638,61
66145,21822796,21822978,182
66146,21822978,21822995,17
66147,21822995,21823086,91
66148,21823086,21823198,112
66149,21823198,21823276,78
66150,21823276,21823329,53
66151,21823329,21823479,150
66152,21823479,21823543,64
66153,21823543,21823670,127
66154,21823874,21824095,221
66155,21824095,21824107,12
66156,21824107,21824112,5
66157,21824112,21824124,12
66158,21824124,21824198,74
66159,21824198,21824212,14
66160,21824212,21824291,79
66161,21824291,21824313,22
66162,21824313,21824322,9
66163,21824322,21824338,16
66164,21824338,21824491,153
66165,21824491,21824495,4
66166,21824495,21824648,153
66167,21824648,21824716,68
66168,21824716,21824754,38
66169,21824754,21824875,121
66170,21825155,21825254,99
66171,21825254,21825381,127
66172,21825381,21825584,203
66173,21825584,21825631,47
66174,21825631,21825775,144
66175,21825775,21825839,64
66176,21825839,21826043,204
66177,21826043,21826063,20
66178,21826063,21826105,42
66179,21826105,21826199,94
66180,21826199,21826252,53
66181,21826252,21826402,150
66182,21826402,21826466,64
66183,21826466,21826593,127
66184,21826593,21826797,204
66185,21826797,21827018,221
66186,21827018,21827030,12
66187,21827030,21827035,5
66188,21827035,21827047,12
66189,21827047,21827121,74
66190,21827121,21827135,14
66191,21827135,21827214,79
66192,21827214,21827236,22
66193,21827236,21827245,9
66194,21827245,21827261,16
66195,21827261,21827414,153
66196,21827414,21827418,4
66197,21827418,21827571,153
66198,21827571,21827639,68
66199,21827639,21827677,38
66200,21827677,21827798,121
66201,21828078,21828177,99
66202,21828177,21828304,127
66203,21828304,21828507,203
66204,21828507,21828554,47
66205,21828554,21828698,144
66206,21828698,21828762,64
66207,21828762,21828966,204
66208,21828966,21828986,20
66209,21828986,21829028,42
66210,21829154,21829190,36
66211,21829190,21829201,11
66212,21829201,21829301,100
66213,21829301,21829426,125
66214,21829426,21829436,10
66215,21829436,21829492,56
66216,21829492,21829498,6
66217,21829498,21829641,143
66218,21829641,21829644,3
66219,21829644,21829651,7
66220,21829651,21829684,33
66221,21829684,21829724,40
66222,21829724,21829759,35
66223,21829759,21829774,15
66224,21829774,21829798,24
66225,21829798,21829877,79
66226,21829877,21829881,4
66227,21829881,21829940,59
66228,21829940,21829950,10
66229,21829950,21830001,51
66230,21830097,21830205,108
66231,21830205,21830293,88
66232,21830617,21830692,75
66233,21830692,21830697,5
66234,21830697,21830877,180
66235,21830877,21830883,6
66236,21830930,21831154,224
66237,21831154,21831163,9
66238,21831163,21831283,120
66239,21831283,21831291,8
66240,21831291,21831296,5
66241,21831296,21831315,19
66242,21831315,21831340,25
66243,21831340,21831358,18
66244,21831358,21831390,32
66245,21831560,21831573,13
66246,21831573,21831631,58
66247,21831631,21831754,123
66248,21831754,21831785,31
66249,21831785,21831895,110
66250,21831895,21831927,32
66251,21831927,21831977,50
66252,21831977,21832121,144
66253,21832390,21832393,3
66254,21832393,21832400,7
66255,21832400,21832404,4
66256,21832582,21832586,4
66257,21833193,21833198,5
66258,21833379,21833495,116
66259,21833495,21833531,36
66260,21833531,21833542,11
66261,21833542,21833642,100
66262,21833642,21833767,125
66263,21833767,21833777,10
66264,21833777,21833833,56
66265,21833833,21833839,6
66266,21833898,21833951,53
66267,21833951,21834101,150
66268,21834101,21834165,64
66269,21834165,21834292,127
66270,21834292,21834496,204
66271,21834496,21834717,221
66272,21834717,21834729,12
66273,21834729,21834734,5
66274,21834734,21834746,12
66275,21834746,21834820,74
66276,21834820,21834834,14
66277,21834834,21834913,79
66278,21834913,21834935,22
66279,21834935,21834944,9
66280,21834944,21834960,16
66281,21834960,21835113,153
66282,21835113,21835117,4
66283,21835117,21835270,153
66284,21835270,21835338,68
66285,21835338,21835376,38
66286,21835376,21835497,121
66287,21835497,21835777,280
66288,21835777,21835876,99
66289,21835876,21836003,127
66290,21836003,21836206,203
66291,21836206,21836253,47
66292,21836422,21836446,24
66293,21836446,21836454,8
66294,21836454,21836509,55
66295,21836509,21836554,45
66296,21836728,21836742,14
66297,21836742,21836879,137
66298,21836879,21836913,34
66299,21836913,21836967,54
66300,21836967,21837063,96
66301,21837063,21837132,69
66302,21837132,21837148,16
66303,21837148,21837210,62
66304,21837210,21837220,10
66305,21837220,21837239,19
66306,21837239,21837303,64
66307,21837303,21837306,3
66308,21837306,21837352,46
66309,21837352,21837513,161
66310,21837513,21837521,8
66311,21837521,21837529,8
66312,21837529,21837575,46
66313,21837689,21837696,7
66314,21837696,21837704,8
66315,21837704,21837753,49
66316,21837753,21837800,47
66317,21837800,21837945,145
66318,21837945,21838023,78
66319,21838023,21838067,44
66320,21838067,21838190,123
66321,21838190,21838278,88
66322,21838278,21838281,3
66323,21838572,21838608,36
66324,21838608,21838622,14
66325,21838622,21838644,22
66326,21838644,21838761,117
66327,21838761,21838917,156
66328,21839055,21839217,162
66329,21839217,21839226,9
66330,21839255,21839294,39
66331,21839294,21839390,96
66332,21839390,21839472,82
66333,21839472,21839715,243
66334,21839715,21839729,14
66335,21839729,21839736,7
66336,21839736,21839765,29
66337,21839765,21839771,6
66338,21839771,21839777,6
66339,21839777,21839782,5
66340,21839782,21839937,155
66341,21839937,21839946,9
66342,21839946,21839965,19
66343,21839965,21839979,14
66344,21839979,21840008,29
66345,21840008,21840111,103
66346,21840111,21840141,30
66347,21840141,21840186,45
66348,21840186,21840516,330
66349,21840516,21840525,9
66350,21840525,21840540,15
66351,21840717,21840744,27
66352,21840744,21840839,95
66353,21840839,21840894,55
66354,21841036,21841047,11
66355,21841047,21841075,28
66356,21841075,21841130,55
66357,21841130,21841164,34
66358,21841164,21841323,159
66359,21841323,21841386,63
66360,21841386,21841487,101
66361,21841487,21841492,5
66362,21841882,21841904,22
66363,21841904,21841971,67
66364,21841971,21842351,380
66365,21842402,21842495,93
66366,21842845,21842864,19
66367,21843248,21843309,61
66368,21843338,21843362,24
66369,21843362,21843370,8
66370,21843425,21843470,45
66371,21843470,21843644,174
66372,21843644,21843658,14
66373,21843849,21843872,23
66374,21843872,21843921,49
66375,21843921,21844014,93
66376,21844014,21844094,80
66377,21844288,21844324,36
66378,21844324,21844351,27
66379,21844456,21844464,8
66380,21844464,21844513,49
66381,21844513,21844627,114
66382,21844627,21844660,33
66383,21844660,21844665,5
66384,21844665,21844690,25
66385,21844690,21844694,4
66386,21844791,21844823,32
66387,21844924,21844970,46
66388,21844970,21845026,56
66389,21845026,21845032,6
66390,21845032,21845037,5
66391,21845037,21845106,69
66392,21845106,21845222,116
66393,21846107,21846114,7
66394,21846323,21846335,12
66395,21847754,21847760,6
66396,21848445,21848459,14
66397,21848645,21848654,9
66398,21848782,21848787,5
66399,21849127,21849130,3
66400,21850161,21850164,3
66401,21850164,21850170,6
66402,21851797,21851843,46
66403,21851843,21851899,56
66404,21851899,21851905,6
66405,21851905,21851910,5
66406,21851910,21851979,69
66407,21851979,21852095,116
66408,21852508,21852788,280
66409,21852788,21852887,99
66410,21852887,21853014,127
66411,21853014,21853217,203
66412,21853217,21853264,47
66413,21853264,21853408,144
66414,21853408,21853472,64
66415,21853472,21853676,204
66416,21853676,21853696,20
66417,21853696,21853738,42
66418,21853738,21853832,94
66419,21853832,21853885,53
66420,21854035,21854099,64
66421,21854426,21854647,221
66422,21854647,21854659,12
66423,21854659,21854664,5
66424,21854664,21854676,12
66425,21854750,21854764,14
66426,21854764,21854843,79
66427,21854843,21854865,22
66428,21854865,21854874,9
66429,21854991,21855019,28
66430,21855019,21855065,46
66431,21855065,21855089,24
66432,21855089,21855133,44
66433,21855133,21855251,118
66434,21855251,21855275,24
66435,21855275,21855281,6
66436,21855281,21855292,11
66437,21855292,21855358,66
66438,21855358,21855481,123
66439,21855481,21855487,6
66440,21855487,21855520,33
66441,21855520,21855545,25
66442,21855545,21855605,60
66443,21855605,21855624,19
66444,21855624,21855710,86
66445,21855710,21855767,57
66446,21855767,21855794,27
66447,21855794,21855797,3
66448,21855797,21855818,21
66449,21855818,21855989,171
66450,21855989,21856175,186
66451,21856175,21856264,89
66452,21856264,21856372,108
66453,21856372,21856507,135
66454,21856507,21856607,100
66455,21856607,21856755,148
66456,21856755,21856829,74
66457,21856829,21857026,197
66458,21857026,21857042,16
66459,21857042,21857218,176
66460,21857218,21857232,14
66461,21857232,21857240,8
66462,21857240,21857466,226
66463,21857466,21857515,49
66464,21857515,21857527,12
66465,21857527,21857544,17
66466,21857544,21857600,56
66467,21857600,21857653,53
66468,21857653,21857748,95
66469,21857748,21857772,24
66470,21857772,21857940,168
66471,21857940,21857951,11
66472,21857951,21858022,71
66473,21858022,21858087,65
66474,21858087,21858142,55
66475,21858298,21858341,43
66476,21858341,21858347,6
66477,21858799,21858899,100
66478,21858899,21858960,61
66479,21858960,21858970,10
66480,21858970,21858988,18
66481,21858988,21859123,135
66482,21859123,21859305,182
66483,21859305,21859359,54
66484,21859359,21859402,43
66485,21859425,21859517,92
66486,21859517,21859522,5
66487,21859584,21859628,44
66488,21859628,21859683,55
66489,21859683,21859719,36
66490,21859719,21859800,81
66491,21859800,21859891,91
66492,21859891,21859955,64
66493,21860017,21860035,18
66494,21860035,21860040,5
66495,21860040,21860087,47
66496,21860087,21860191,104
66497,21860191,21860297,106
66498,21860297,21860326,29
66499,21860326,21860420,94
66500,21860420,21860436,16
66501,21860436,21860499,63
66502,21860499,21860555,56
66503,21860555,21860656,101
66504,21860656,21860660,4
66505,21860660,21860687,27
66506,21860687,21860720,33
66507,21860720,21860765,45
66508,21860765,21860807,42
66509,21860807,21860919,112
66510,21860919,21861021,102
66511,21861021,21861131,110
66512,21861131,21861141,10
66513,21861141,21861213,72
66514,21861213,21861248,35
66515,21861248,21861261,13
66516,21861261,21861354,93
66517,21861354,21861494,140
66518,21861494,21861600,106
66519,21861658,21861800,142
66520,21861800,21861888,88
66521,21861888,21861916,28
66522,21862327,21862357,30
66523,21862357,21862378,21
66524,21862378,21862500,122
66525,21862500,21862521,21
66526,21862521,21862696,175
66527,21862696,21862772,76
66528,21862772,21862782,10
66529,21862782,21862812,30
66530,21862812,21862844,32
66531,21862844,21862868,24
66532,21863129,21863205,76
66533,21863205,21863255,50
66534,21863255,21863283,28
66535,21863283,21863329,46
66536,21863329,21863353,24
66537,21863353,21863397,44
66538,21863397,21863515,118
66539,21863515,21863539,24
66540,21863539,21863545,6
66541,21863545,21863556,11
66542,21863556,21863622,66
66543,21863751,21863755,4
66544,21863755,21863908,153
66545,21863908,21863976,68
66546,21863976,21864014,38
66547,21864014,21864135,121
66548,21864415,21864514,99
66549,21864514,21864641,127
66550,21864844,21864891,47
66551,21865035,21865099,64
66552,21865099,21865303,204
66553,21865303,21865323,20
66554,21865323,21865365,42
66555,21865365,21865459,94
66556,21865459,21865512,53
66557,21865512,21865653,141
66558,21865653,21865692,39
66559,21865692,21865801,109
66560,21865801,21865890,89
66561,21865942,21866029,87
66562,21866100,21866263,163
66563,21866263,21866274,11
66564,21866415,21866437,22
66565,21866437,21866543,106
66566,21866543,21866549,6
66567,21866582,21866654,72
66568,21866654,21866712,58
66569,21866712,21866798,86
66570,21866798,21867062,264
66571,21867062,21867079,17
66572,21867079,21867092,13
66573,21867092,21867100,8
66574,21867100,21867105,5
66575,21867105,21867117,12
66576,21867192,21867210,18
66577,21867313,21867452,139
66578,21867770,21867777,7
66579,21868085,21868089,4
66580,21868089,21868135,46
66581,21868135,21868140,5
66582,21868235,21868261,26
66583,21868499,21868516,17
66584,21868516,21868605,89
66585,21868605,21868628,23
66586,21868724,21868813,89
66587,21868813,21868819,6
66588,21868819,21868935,116
66589,21869272,21869324,52
66590,21869324,21869427,103
66591,21869427,21869591,164
66592,21869591,21869611,20
66593,21869611,21869614,3
66594,21869614,21869630,16
66595,21869630,21869660,30
66596,21869660,21869676,16
66597,21869676,21869683,7
66598,21869683,21869686,3
66599,21869686,21869700,14
66600,21869700,21869739,39
66601,21869739,21869748,9
66602,21869748,21869798,50
66603,21869798,21869958,160
66604,21869958,21870037,79
66605,21870037,21870047,10
66606,21870047,21870050,3
66607,21870050,21870061,11
66608,21870061,21870087,26
66609,21870087,21870134,47
66610,21870134,21870152,18
66611,21870152,21870235,83
66612,21870235,21870329,94
66613,21870329,21870365,36
66614,21870365,21870410,45
66615,21870410,21870416,6
66616,21870416,21870428,12
66617,21870428,21870449,21
66618,21870449,21870473,24
66619,21870473,21870485,12
66620,21870485,21870539,54
66621,21870539,21870664,125
66622,21870696,21870753,57
66623,21870753,21870779,26
66624,21870779,21870795,16
66625,21870795,21870815,20
66626,21870815,21870822,7
66627,21870822,21870829,7
66628,21870829,21870846,17
66629,21870846,21871031,185
66630,21871031,21871072,41
66631,21871072,21871095,23
66632,21871095,21871126,31
66633,21871126,21871178,52
66634,21871178,21871261,83
66635,21871261,21871290,29
66636,21871290,21871302,12
66637,21871302,21871341,39
66638,21871341,21871348,7
66639,21871348,21871379,31
66640,21871417,21871487,70
66641,21871487,21871564,77
66642,21871564,21871569,5
66643,21871569,21871617,48
66644,21871617,21871667,50
66645,21871667,21871689,22
66646,21871689,21871717,28
66647,21871866,21871881,15
66648,21872107,21872134,27
66649,21872223,21872275,52
66650,21872275,21872388,113
66651,21872388,21872508,120
66652,21872508,21872513,5
66653,21872633,21872712,79
66654,21872712,21872718,6
66655,21872942,21872975,33
66656,21873062,21873116,54
66657,21873116,21873552,436
66658,21873552,21873580,28
66659,21873580,21873644,64
66660,21873644,21873660,16
66661,21873660,21873675,15
66662,21873675,21873707,32
66663,21873707,21873716,9
66664,21873716,21873719,3
66665,21873719,21873761,42
66666,21873761,21873777,16
66667,21873777,21873789,12
66668,21873789,21873803,14
66669,21873803,21873814,11
66670,21873814,21873840,26
66671,21873840,21873915,75
66672,21873915,21873923,8
66673,21873923,21873972,49
66674,21873972,21873990,18
66675,21873990,21874022,32
66676,21874022,21874046,24
66677,21874046,21874064,18
66678,21874064,21874124,60
66679,21874124,21874155,31
66680,21874155,21874182,27
66681,21874182,21874256,74
66682,21874256,21874348,92
66683,21874348,21874408,60
66684,21874408,21874448,40
66685,21874448,21874484,36
66686,21874484,21874575,91
66687,21874575,21874596,21
66688,21874596,21874899,303
66689,21874899,21875161,262
66690,21875161,21875312,151
66691,21875312,21875455,143
66692,21875455,21875465,10
66693,21875465,21875477,12
66694,21875576,21875600,24
66695,21875600,21875647,47
66696,21875647,21875675,28
66697,21875675,21875684,9
66698,21875684,21875699,15
66699,21875699,21875735,36
66700,21875735,21875758,23
66701,21875758,21875783,25
66702,21875783,21875845,62
66703,21875845,21875885,40
66704,21875885,21876071,186
66705,21876071,21876116,45
66706,21876116,21876207,91
66707,21876207,21876218,11
66708,21876218,21876221,3
66709,21876221,21876254,33
66710,21876254,21876332,78
66711,21876332,21876341,9
66712,21876341,21876481,140
66713,21876481,21876487,6
66714,21876487,21876520,33
66715,21876520,21876533,13
66716,21876533,21876571,38
66717,21876571,21876653,82
66718,21876653,21876662,9
66719,21876662,21876779,117
66720,21876779,21876801,22
66721,21876801,21876902,101
66722,21876902,21876978,76
66723,21876978,21877086,108
66724,21877086,21877181,95
66725,21877181,21877217,36
66726,21877217,21877222,5
66727,21877222,21877339,117
66728,21877339,21877363,24
66729,21877363,21877381,18
66730,21877381,21877431,50
66731,21877431,21877437,6
66732,21877437,21877447,10
66733,21877447,21877471,24
66734,21877471,21877575,104
66735,21877575,21877645,70
66736,21877645,21877688,43
66737,21877688,21877749,61
66738,21877749,21877760,11
66739,21877760,21877811,51
66740,21877811,21877867,56
66741,21877867,21877880,13
66742,21877880,21877894,14
66743,21877894,21877996,102
66744,21877996,21878000,4
66745,21878000,21878036,36
66746,21878036,21878040,4
66747,21878040,21878088,48
66748,21878088,21878138,50
66749,21878138,21878204,66
66750,21878204,21878233,29
66751,21878233,21878252,19
66752,21878252,21878354,102
66753,21878354,21878361,7
66754,21878361,21878388,27
66755,21878388,21878412,24
66756,21878412,21878420,8
66757,21878420,21878517,97
66758,21878517,21878612,95
66759,21878612,21878699,87
66760,21878699,21878744,45
66761,21878744,21878789,45
66762,21878789,21878803,14
66763,21878803,21878941,138
66764,21878941,21879058,117
66765,21879058,21879106,48
66766,21879106,21879211,105
66767,21879318,21879435,117
66768,21879435,21879441,6
66769,21879441,21879552,111
66770,21879552,21879642,90
66771,21879868,21879934,66
66772,21879934,21879960,26
66773,21879960,21879969,9
66774,21879969,21879979,10
66775,21879979,21880033,54
66776,21880033,21880108,75
66777,21880108,21880122,14
66778,21880122,21880130,8
66779,21880130,21880145,15
66780,21880145,21880404,259
66781,21880404,21880432,28
66782,21880432,21880478,46
66783,21880478,21880502,24
66784,21880502,21880546,44
66785,21880546,21880664,118
66786,21880664,21880688,24
66787,21880688,21880694,6
66788,21880694,21880705,11
66789,21880705,21880771,66
66790,21880771,21880894,123
66791,21880894,21880900,6
66792,21880933,21880958,25
66793,21880958,21881018,60
66794,21881018,21881037,19
66795,21881037,21881123,86
66796,21881123,21881180,57
66797,21881180,21881207,27
66798,21881207,21881210,3
66799,21881210,21881231,21
66800,21881231,21881402,171
66801,21881402,21881588,186
66802,21881588,21881677,89
66803,21881677,21881785,108
66804,21881785,21881920,135
66805,21881920,21882020,100
66806,21882020,21882168,148
66807,21882168,21882242,74
66808,21882242,21882439,197
66809,21882439,21882455,16
66810,21882455,21882631,176
66811,21882631,21882645,14
66812,21882645,21882653,8
66813,21882653,21882879,226
66814,21882879,21882928,49
66815,21882928,21882940,12
66816,21882940,21882957,17
66817,21882957,21883013,56
66818,21883013,21883066,53
66819,21883066,21883161,95
66820,21883161,21883185,24
66821,21883185,21883317,132
66822,21883317,21883378,61
66823,21883378,21883388,10
66824,21883388,21883406,18
66825,21883406,21883541,135
66826,21883541,21883723,182
66827,21883723,21883777,54
66828,21883777,21883820,43
66829,21883820,21883843,23
66830,21883843,21883935,92
66831,21883935,21883940,5
66832,21883940,21884002,62
66833,21884002,21884046,44
66834,21884046,21884101,55
66835,21884101,21884137,36
66836,21884137,21884218,81
66837,21884218,21884309,91
66838,21884309,21884373,64
66839,21884373,21884435,62
66840,21884435,21884453,18
66841,21884453,21884458,5
66842,21884458,21884505,47
66843,21884505,21884609,104
66844,21884609,21884715,106
66845,21884715,21884744,29
66846,21884744,21884838,94
66847,21884838,21884854,16
66848,21884854,21884917,63
66849,21884973,21885074,101
66850,21885074,21885078,4
66851,21885078,21885105,27
66852,21885105,21885138,33
66853,21885138,21885183,45
66854,21885183,21885225,42
66855,21885225,21885337,112
66856,21885337,21885439,102
66857,21885439,21885549,110
66858,21885549,21885559,10
66859,21885559,21885631,72
66860,21885631,21885666,35
66861,21885666,21885679,13
66862,21885679,21885772,93
66863,21885772,21885912,140
66864,21885912,21886018,106
66865,21886018,21886075,57
66866,21886075,21886217,142
66867,21886217,21886305,88
66868,21886305,21886333,28
66869,21886333,21886744,411
66870,21886744,21886774,30
66871,21886774,21886795,21
66872,21886795,21886917,122
66873,21886917,21886938,21
66874,21886938,21887113,175
66875,21887113,21887189,76
66876,21887189,21887199,10
66877,21887199,21887229,30
66878,21887229,21887261,32
66879,21887261,21887285,24
66880,21887285,21887545,260
66881,21887545,21887621,76
66882,21887621,21887671,50
66883,21887671,21887699,28
66884,21887699,21887745,46
66885,21887745,21887769,24
66886,21887769,21887813,44
66887,21887813,21887931,118
66888,21887931,21887955,24
66889,21887955,21887961,6
66890,21887961,21888027,66
66891,21888027,21888171,144
66892,21888171,21888199,28
66893,21888199,21888301,102
66894,21888301,21888317,16
66895,21888317,21888326,9
66896,21888326,21888373,47
66897,21888373,21888415,42
66898,21888415,21888529,114
66899,21888529,21888646,117
66900,21888646,21888672,26
66901,21888672,21888677,5
66902,21888677,21888709,32
66903,21888709,21888721,12
66904,21888721,21888745,24
66905,21888745,21888802,57
66906,21888802,21888822,20
66907,21888822,21888979,157
66908,21888979,21889013,34
66909,21889013,21889090,77
66910,21889090,21889110,20
66911,21889110,21889147,37
66912,21889147,21889165,18
66913,21889165,21889269,104
66914,21889269,21889337,68
66915,21889337,21889370,33
66916,21889370,21889531,161
66917,21889531,21889622,91
66918,21889622,21889693,71
66919,21889693,21889708,15
66920,21889708,21889777,69
66921,21889777,21889794,17
66922,21889794,21889874,80
66923,21889874,21889969,95
66924,21889969,21890199,230
66925,21890199,21890340,141
66926,21890340,21890448,108
66927,21890448,21890463,15
66928,21890463,21890614,151
66929,21890614,21890645,31
66930,21890645,21890822,177
66931,21890822,21890884,62
66932,21890884,21890997,113
66933,21890997,21891067,70
66934,21891067,21891076,9
66935,21891076,21891123,47
66936,21891123,21891250,127
66937,21891414,21891418,4
66938,21891418,21891510,92
66939,21891510,21891544,34
66940,21891544,21891552,8
66941,21891552,21891570,18
66942,21891570,21891577,7
66943,21891577,21891654,77
66944,21891654,21891741,87
66945,21891741,21891826,85
66946,21891826,21891835,9
66947,21891835,21891882,47
66948,21891882,21891924,42
66949,21891924,21892038,114
66950,21892038,21892155,117
66951,21892155,21892181,26
66952,21892181,21892186,5
66953,21892186,21892218,32
66954,21892218,21892230,12
66955,21892230,21892254,24
66956,21892254,21892311,57
66957,21892311,21892331,20
66958,21892331,21892350,19
66959,21892350,21892488,138
66960,21892488,21892522,34
66961,21892522,21892599,77
66962,21892599,21892619,20
66963,21892619,21892656,37
66964,21892656,21892674,18
66965,21892674,21892778,104
66966,21892778,21892846,68
66967,21892846,21892879,33
66968,21893223,21893234,11
66969,21893234,21893240,6
66970,21893240,21893273,33
66971,21893273,21893325,52
66972,21893325,21893483,158
66973,21893483,21893682,199
66974,21893682,21893773,91
66975,21893773,21893885,112
66976,21893885,21893958,73
66977,21893958,21893997,39
66978,21893997,21894106,109
66979,21894106,21894195,89
66980,21894195,21894228,33
66981,21894228,21894247,19
66982,21894247,21894334,87
66983,21894449,21894465,16
66984,21894465,21894546,81
66985,21894546,21894591,45
66986,21894591,21894612,21
66987,21894612,21894620,8
66988,21894620,21894643,23
66989,21894643,21894694,51
66990,21894694,21894699,5
66991,21894699,21894727,28
66992,21894727,21894788,61
66993,21895845,21895933,88
66994,21895933,21896001,68
66995,21896001,21896014,13
66996,21896014,21896044,30
66997,21896044,21896055,11
66998,21896055,21896278,223
66999,21896278,21896308,30
67000,21896308,21896359,51
67001,21896359,21896367,8
67002,21896367,21896547,180
67003,21896547,21896566,19
67004,21896566,21896581,15
67005,21896581,21896626,45
67006,21896626,21896756,130
67007,21896756,21896785,29
67008,21896785,21896806,21
67009,21896806,21896862,56
67010,21896862,21896911,49
67011,21896911,21896917,6
67012,21896917,21897019,102
67013,21897019,21897096,77
67014,21897096,21897231,135
67015,21897231,21897242,11
67016,21897242,21897399,157
67017,21897399,21897447,48
67018,21897447,21897451,4
67019,21897451,21897495,44
67020,21897495,21897588,93
67021,21897588,21897666,78
67022,21897666,21897676,10
67023,21897676,21897715,39
67024,21897715,21897739,24
67025,21897739,21897823,84
67026,21897823,21897834,11
67027,21897834,21897845,11
67028,21897845,21897907,62
67029,21897907,21897940,33
67030,21897940,21897943,3
67031,21897943,21897994,51
67032,21897994,21898000,6
67033,21898000,21898007,7
67034,21898007,21898036,29
67035,21898036,21898051,15
67036,21898051,21898068,17
67037,21898068,21898156,88
67038,21898156,21898170,14
67039,21898183,21898218,35
67040,21898218,21898225,7
67041,21898225,21898261,36
67042,21898261,21898333,72
67043,21898333,21898398,65
67044,21898398,21898420,22
67045,21898420,21898429,9
67046,21898429,21898552,123
67047,21898552,21898561,9
67048,21898561,21898603,42
67049,21898603,21898615,12
67050,21898615,21898636,21
67051,21898636,21898697,61
67052,21898697,21898716,19
67053,21898716,21898834,118
67054,21898834,21898864,30
67055,21898864,21898921,57
67056,21898921,21898931,10
67057,21898931,21898983,52
67058,21898983,21899002,19
67059,21899002,21899023,21
67060,21899023,21899091,68
67061,21899091,21899121,30
67062,21899121,21899129,8
67063,21899129,21899306,177
67064,21899306,21899328,22
67065,21899328,21899344,16
67066,21899344,21899352,8
67067,21899352,21899367,15
67068,21899367,21899388,21
67069,21899388,21899413,25
67070,21899413,21899464,51
67071,21899464,21899476,12
67072,21899476,21899497,21
67073,21899497,21899511,14
67074,21899511,21899521,10
67075,21899521,21899632,111
67076,21899632,21899635,3
67077,21899635,21899708,73
67078,21899708,21899718,10
67079,21899718,21899766,48
67080,21899766,21899826,60
67081,21899826,21899902,76
67082,21899902,21899927,25
67083,21899927,21900039,112
67084,21900039,21900078,39
67085,21900078,21900195,117
67086,21900195,21900226,31
67087,21900226,21900287,61
67088,21900287,21900346,59
67089,21900346,21900383,37
67090,21900383,21900463,80
67091,21900463,21900501,38
67092,21900501,21900528,27
67093,21900528,21900532,4
67094,21900795,21900816,21
67095,21900816,21900849,33
67096,21900849,21900957,108
67097,21900957,21900979,22
67098,21900979,21901020,41
67099,21901020,21901023,3
67100,21901023,21901049,26
67101,21901049,21901060,11
67102,21901060,21901178,118
67103,21901178,21901245,67
67104,21901245,21901258,13
67105,21901258,21901314,56
67106,21901314,21901322,8
67107,21901322,21901365,43
67108,21901365,21901470,105
67109,21901470,21901523,53
67110,21901523,21901534,11
67111,21901534,21901602,68
67112,21901602,21901608,6
67113,21901608,21901611,3
67114,21901611,21901650,39
67115,21901650,21901668,18
67116,21901668,21901701,33
67117,21901701,21901737,36
67118,21901737,21901841,104
67119,21901841,21901865,24
67120,21901865,21901910,45
67121,21901910,21901914,4
67122,21902088,21902096,8
67123,21902096,21902178,82
67124,21902178,21902183,5
67125,21902183,21902231,48
67126,21902231,21902235,4
67127,21902235,21902337,102
67128,21902337,21902351,14
67129,21902351,21902370,19
67130,21902370,21902517,147
67131,21902517,21902574,57
67132,21902574,21902666,92
67133,21902666,21902676,10
67134,21902676,21902722,46
67135,21902722,21902772,50
67136,21902772,21902806,34
67137,21902806,21902831,25
67138,21902831,21903320,489
67139,21903320,21903336,16
67140,21903336,21903417,81
67141,21903417,21903462,45
67142,21903462,21903483,21
67143,21903483,21903491,8
67144,21903491,21903514,23
67145,21903514,21903565,51
67146,21903565,21903570,5
67147,21903570,21903598,28
67148,21903598,21903659,61
67149,21903867,21903878,11
67150,21903878,21904019,141
67151,21904019,21904041,22
67152,21904041,21904147,106
67153,21904147,21904153,6
67154,21904153,21904187,34
67155,21904187,21904259,72
67156,21904259,21904317,58
67157,21904317,21904403,86
67158,21904403,21904608,205
67159,21904608,21904677,69
67160,21904677,21904755,78
67161,21904755,21904893,138
67162,21904893,21904928,35
67163,21904928,21904987,59
67164,21904987,21905166,179
67165,21905166,21905173,7
67166,21905173,21905455,282
67167,21905455,21905554,99
67168,21905554,21905591,37
67169,21905591,21905598,7
67170,21905598,21905603,5
67171,21905603,21905624,21
67172,21905624,21905655,31
67173,21905655,21905713,58
67174,21905713,21905816,103
67175,21905816,21905864,48
67176,21905864,21906046,182
67177,21906175,21906231,56
67178,21906231,21906242,11
67179,21906242,21906322,80
67180,21906456,21906459,3
67181,21906569,21906589,20
67182,21906589,21906665,76
67183,21906665,21906697,32
67184,21906697,21906751,54
67185,21906751,21906757,6
67186,21906757,21906773,16
67187,21906773,21906860,87
67188,21906860,21906873,13
67189,21906873,21906989,116
67190,21906989,21907058,69
67191,21907058,21907087,29
67192,21907087,21907093,6
67193,21907093,21907105,12
67194,21907105,21907152,47
67195,21907360,21907506,146
67196,21907541,21907571,30
67197,21907817,21907879,62
67198,21907879,21907918,39
67199,21907918,21907982,64
67200,21907982,21907996,14
67201,21907996,21908035,39
67202,21908057,21908091,34
67203,21908091,21908253,162
67204,21908289,21908296,7
67205,21908296,21908320,24
67206,21908320,21908445,125
67207,21908445,21908527,82
67208,21908627,21908678,51
67209,21908678,21908684,6
67210,21908684,21908799,115
67211,21908799,21908860,61
67212,21908860,21908870,10
67213,21908870,21908885,15
67214,21908885,21908929,44
67215,21908929,21908988,59
67216,21908988,21909068,80
67217,21909068,21909075,7
67218,21909131,21909173,42
67219,21909173,21909249,76
67220,21909249,21909363,114
67221,21909363,21909526,163
67222,21909618,21909772,154
67223,21909772,21909908,136
67224,21909908,21909923,15
67225,21909923,21909959,36
67226,21909959,21909982,23
67227,21909982,21910007,25
67228,21910088,21910104,16
67229,21910104,21910111,7
67230,21910226,21910231,5
67231,21910231,21910256,25
67232,21910285,21910301,16
67233,21910513,21910556,43
67234,21910571,21910577,6
67235,21911123,21911135,12
67236,21911135,21911139,4
67237,21911284,21911291,7
67238,21911291,21911327,36
67239,21911327,21911337,10
67240,21911337,21911346,9
67241,21911910,21911930,20
67242,21912090,21912119,29
67243,21912119,21912197,78
67244,21912243,21912265,22
67245,21912265,21912278,13
67246,21912593,21912613,20
67247,21912613,21912671,58
67248,21912671,21912683,12
67249,21912683,21912737,54
67250,21912932,21912975,43
67251,21912987,21913130,143
67252,21913130,21913145,15
67253,21913267,21913306,39
67254,21913306,21913408,102
67255,21913408,21913491,83
67256,21913491,21913522,31
67257,21913522,21913540,18
67258,21913540,21913572,32
67259,21913572,21913602,30
67260,21913602,21913679,77
67261,21913679,21913682,3
67262,21913682,21913768,86
67263,21913768,21913789,21
67264,21913789,21913856,67
67265,21913856,21913882,26
67266,21913882,21913929,47
67267,21913929,21913935,6
67268,21913935,21913980,45
67269,21914125,21914172,47
67270,21914172,21914234,62
67271,21914234,21914244,10
67272,21914244,21914282,38
67273,21914282,21914358,76
67274,21914756,21914759,3
67275,21914759,21914767,8
67276,21914834,21914861,27
67277,21914861,21914911,50
67278,21914911,21915011,100
67279,21917053,21917073,20
67280,21917073,21917153,80
67281,21917153,21917170,17
67282,21917170,21917185,15
67283,21917185,21917220,35
67284,21917220,21917229,9
67285,21917489,21917498,9
67286,21917882,21917891,9
67287,21917994,21918023,29
67288,21919222,21919237,15
67289,21919399,21919402,3
67290,21920180,21920204,24
67291,21920204,21920228,24
67292,21920228,21920239,11
67293,21920339,21920398,59
67294,21920398,21920500,102
67295,21920500,21920507,7
67296,21920507,21920511,4
67297,21920511,21920563,52
67298,21920563,21920612,49
67299,21920612,21920750,138
67300,21920750,21920941,191
67301,21920941,21920988,47
67302,21920988,21921001,13
67303,21921579,21921586,7
67304,21921624,21921640,16
67305,21922063,21922071,8
67306,21922086,21922126,40
67307,21922126,21922134,8
67308,21922134,21922145,11
67309,21922145,21922164,19
67310,21922164,21922189,25
67311,21922189,21922197,8
67312,21922197,21922227,30
67313,21922252,21922260,8
67314,21922445,21922457,12
67315,21922497,21922515,18
67316,21922515,21922520,5
67317,21922520,21922578,58
67318,21922578,21922591,13
67319,21922591,21922613,22
67320,21922766,21922788,22
67321,21922788,21922840,52
67322,21922840,21922874,34
67323,21922874,21922896,22
67324,21922896,21922909,13
67325,21923517,21923530,13
67326,21923530,21923544,14
67327,21923652,21923679,27
67328,21923780,21923833,53
67329,21923833,21923966,133
67330,21924375,21924424,49
67331,21924497,21924513,16
67332,21924513,21924520,7
67333,21924536,21924566,30
67334,21924566,21924576,10
67335,21924823,21924866,43
67336,21924996,21925008,12
67337,21925329,21925336,7
67338,21925336,21925402,66
67339,21925402,21925413,11
67340,21925413,21925467,54
67341,21925467,21925496,29
67342,21925518,21925544,26
67343,21925544,21925650,106
67344,21925650,21925664,14
67345,21925664,21925676,12
67346,21925676,21925889,213
67347,21925889,21925913,24
67348,21925913,21925955,42
67349,21926178,21926185,7
67350,21926185,21926289,104
67351,21926289,21926313,24
67352,21926313,21926346,33
67353,21926442,21926475,33
67354,21926475,21926487,12
67355,21926487,21926509,22
67356,21926634,21926643,9
67357,21926643,21926650,7
67358,21926650,21926745,95
67359,21926745,21926761,16
67360,21926761,21926805,44
67361,21927715,21927738,23
67362,21927906,21927911,5
67363,21928115,21928121,6
67364,21928250,21928255,5
67365,21928558,21928588,30
67366,21928906,21928963,57
67367,21929053,21929071,18
67368,21929146,21929149,3
67369,21929362,21929404,42
67370,21929438,21929491,53
67371,21929491,21929522,31
67372,21929857,21929926,69
67373,21929926,21930004,78
67374,21930265,21930276,11
67375,21930276,21930309,33
67376,21930309,21930325,16
67377,21930325,21930448,123
67378,21930511,21930578,67
67379,21930578,21930706,128
67380,21930706,21930737,31
67381,21930872,21930911,39
67382,21930911,21931050,139
67383,21931309,21931386,77
67384,21932037,21932042,5
67385,21932042,21932050,8
67386,21932333,21932337,4
67387,21932444,21932447,3
67388,21932545,21932590,45
67389,21933096,21933120,24
67390,21933167,21933247,80
67391,21933247,21933276,29
67392,21933276,21933283,7
67393,21933361,21933415,54
67394,21933415,21933418,3
67395,21933418,21933452,34
67396,21933452,21933512,60
67397,21933512,21933516,4
67398,21933516,21933553,37
67399,21933553,21933599,46
67400,21933599,21933640,41
67401,21933640,21933683,43
67402,21933683,21933691,8
67403,21933691,21933700,9
67404,21933700,21933720,20
67405,21934026,21934036,10
67406,21934308,21934391,83
67407,21934391,21934399,8
67408,21935046,21935088,42
67409,21935088,21935102,14
67410,21935687,21935692,5
67411,21935692,21935740,48
67412,21935740,21935790,50
67413,21935790,21935812,22
67414,21935812,21935840,28
67415,21935840,21935937,97
67416,21935937,21935992,55
67417,21935992,21936073,81
67418,21936073,21936086,13
67419,21936289,21936299,10
67420,21936299,21936302,3
67421,21936484,21936532,48
67422,21936532,21936698,166
67423,21936698,21936735,37
67424,21936815,21936830,15
67425,21937030,21937036,6
67426,21937175,21937205,30
67427,21937205,21937226,21
67428,21937357,21937376,19
67429,21937376,21937389,13
67430,21937389,21937410,21
67431,21937410,21937460,50
67432,21937460,21937464,4
67433,21937464,21937480,16
67434,21937480,21937495,15
67435,21937495,21937523,28
67436,21937594,21937599,5
67437,21937599,21937647,48
67438,21937647,21937653,6
67439,21937653,21937708,55
67440,21937708,21937758,50
67441,21937816,21937902,86
67442,21938203,21938267,64
67443,21938267,21938286,19
67444,21938399,21938411,12
67445,21938529,21938624,95
67446,21938624,21938683,59
67447,21938861,21938950,89
67448,21939162,21939169,7
67449,21939261,21939290,29
67450,21939290,21939299,9
67451,21939299,21939304,5
67452,21939710,21939756,46
67453,21939756,21939773,17
67454,21939773,21939801,28
67455,21939945,21939962,17
67456,21939962,21939975,13
67457,21939975,21939983,8
67458,21939983,21939988,5
67459,21939988,21940000,12
67460,21940000,21940075,75
67461,21940075,21940093,18
67462,21940115,21940175,60
67463,21940197,21940336,139
67464,21940561,21940574,13
67465,21941014,21941018,4
67466,21941018,21941064,46
67467,21941064,21941069,5
67468,21941164,21941190,26
67469,21941428,21941445,17
67470,21941445,21941534,89
67471,21941534,21941557,23
67472,21941653,21941742,89
67473,21941742,21941748,6
67474,21941748,21941864,116
67475,21942055,21942061,6
67476,21942201,21942253,52
67477,21942520,21942540,20
67478,21942540,21942543,3
67479,21942543,21942559,16
67480,21942559,21942589,30
67481,21942589,21942605,16
67482,21942605,21942612,7
67483,21942612,21942615,3
67484,21942615,21942629,14
67485,21942629,21942668,39
67486,21942668,21942677,9
67487,21942677,21942727,50
67488,21942727,21942887,160
67489,21942966,21942976,10
67490,21942976,21942979,3
67491,21942979,21942990,11
67492,21942990,21943016,26
67493,21943066,21943084,18
67494,21943084,21943167,83
67495,21943167,21943261,94
67496,21943261,21943297,36
67497,21943297,21943342,45
67498,21943342,21943348,6
67499,21943348,21943360,12
67500,21943360,21943381,21
67501,21943381,21943405,24
67502,21943405,21943417,12
67503,21943596,21943632,36
67504,21943632,21943689,57
67505,21943689,21943715,26
67506,21943715,21943731,16
67507,21943731,21943751,20
67508,21944000,21944023,23
67509,21944023,21944054,31
67510,21944054,21944106,52
67511,21944183,21944212,29
67512,21944212,21944224,12
67513,21944224,21944263,39
67514,21944263,21944270,7
67515,21944270,21944301,31
67516,21944301,21944339,38
67517,21944339,21944409,70
67518,21944409,21944486,77
67519,21944486,21944491,5
67520,21944539,21944589,50
67521,21944589,21944611,22
67522,21944611,21944639,28
67523,21944754,21944769,15
67524,21945116,21945168,52
67525,21945168,21945281,113
67526,21945420,21945425,5
67527,21945545,21945624,79
67528,21945624,21945630,6
67529,21945854,21945887,33
67530,21945974,21946028,54
67531,21946187,21946198,11
67532,21946198,21946232,34
67533,21946232,21946300,68
67534,21946361,21946367,6
67535,21946367,21946379,12
67536,21946713,21946719,6
67537,21946907,21946911,4
67538,21947053,21947060,7
67539,21947914,21947919,5
67540,21948046,21948050,4
67541,21948430,21948438,8
67542,21948492,21948495,3
67543,21948904,21948907,3
67544,21949647,21949650,3
67545,21949650,21949656,6
67546,21949912,21949920,8
67547,21949949,21949957,8
67548,21951816,21951826,10
67549,21952284,21952335,51
67550,21952335,21952341,6
67551,21952341,21952505,164
67552,21952610,21952629,19
67553,21952752,21952755,3
67554,21953161,21953169,8
67555,21953169,21953209,40
67556,21953378,21953414,36
67557,21953510,21953538,28
67558,21953613,21953618,5
67559,21953618,21953628,10
67560,21953865,21953941,76
67561,21953941,21953975,34
67562,21953975,21953989,14
67563,21954185,21954203,18
67564,21954402,21954429,27
67565,21954605,21954663,58
67566,21954663,21954781,118
67567,21954781,21954802,21
67568,21954827,21954862,35
67569,21954862,21954868,6
67570,21954885,21955112,227
67571,21955112,21955180,68
67572,21955283,21955345,62
67573,21955485,21955580,95
67574,21955580,21955589,9
67575,21955589,21955629,40
67576,21955629,21955640,11
67577,21955640,21955665,25
67578,21955665,21955709,44
67579,21955709,21955842,133
67580,21955842,21955863,21
67581,21955863,21955881,18
67582,21955881,21955902,21
67583,21956397,21956458,61
67584,21956458,21956523,65
67585,21956858,21956911,53
67586,21956911,21956927,16
67587,21957287,21957291,4
67588,21957291,21957297,6
67589,21957371,21957425,54
67590,21957598,21957612,14
67591,21957666,21957675,9
67592,21957675,21957723,48
67593,21957848,21957885,37
67594,21957915,21957922,7
67595,21958114,21958171,57
67596,21958186,21958198,12
67597,21958210,21958242,32
67598,21958255,21958264,9
67599,21958264,21958273,9
67600,21959096,21959099,3
67601,21959172,21959195,23
67602,21960504,21960513,9
67603,21961240,21961249,9
67604,21962292,21962301,9
67605,21962824,21962828,4
67606,21962920,21962954,34
67607,21962980,21962987,7
67608,21963506,21963515,9
67609,21963562,21963604,42
67610,21963718,21963835,117
67611,21963835,21963861,26
67612,21963861,21963866,5
67613,21963866,21963898,32
67614,21963898,21963910,12
67615,21963910,21963934,24
67616,21963934,21963991,57
67617,21963991,21964011,20
67618,21964011,21964030,19
67619,21964148,21964168,20
67620,21964168,21964202,34
67621,21964202,21964279,77
67622,21964279,21964299,20
67623,21964299,21964336,37
67624,21964336,21964354,18
67625,21964354,21964458,104
67626,21964458,21964526,68
67627,21964526,21964559,33
67628,21964559,21964720,161
67629,21964720,21964811,91
67630,21964811,21964882,71
67631,21964882,21964897,15
67632,21964897,21964966,69
67633,21964966,21964983,17
67634,21964983,21965063,80
67635,21965235,21965271,36
67636,21965271,21965340,69
67637,21965340,21965392,52
67638,21965392,21965422,30
67639,21965422,21965446,24
67640,21965446,21965480,34
67641,21965480,21965569,89
67642,21965569,21965573,4
67643,21965573,21965577,4
67644,21965577,21965631,54
67645,21965631,21965637,6
67646,21965637,21965687,50
67647,21965687,21965725,38
67648,21965725,21965737,12
67649,21965737,21965868,131
67650,21965868,21965893,25
67651,21965893,21966072,179
67652,21966072,21966161,89
67653,21966161,21966186,25
67654,21966186,21966257,71
67655,21966257,21966262,5
67656,21966262,21966299,37
67657,21966299,21966460,161
67658,21966460,21966562,102
67659,21966562,21966591,29
67660,21966591,21966721,130
67661,21966721,21966775,54
67662,21966775,21966796,21
67663,21966796,21966810,14
67664,21966810,21966824,14
67665,21966824,21966858,34
67666,21966858,21966916,58
67667,21966916,21967035,119
67668,21967035,21967211,176
67669,21967211,21967290,79
67670,21967290,21967330,40
67671,21967330,21967338,8
67672,21967338,21967511,173
67673,21967511,21967608,97
67674,21967608,21967627,19
67675,21967680,21967787,107
67676,21967787,21967846,59
67677,21967846,21967857,11
67678,21967857,21968010,153
67679,21968010,21968018,8
67680,21968018,21968122,104
67681,21968122,21968133,11
67682,21968133,21968228,95
67683,21968228,21968231,3
67684,21968231,21968254,23
67685,21968254,21968387,133
67686,21968387,21968475,88
67687,21968475,21968498,23
67688,21968498,21968524,26
67689,21968524,21968531,7
67690,21968762,21968849,87
67691,21968849,21968998,149
67692,21968998,21969026,28
67693,21969026,21969063,37
67694,21969063,21969172,109
67695,21969172,21969194,22
67696,21969194,21969212,18
67697,21969212,21969216,4
67698,21969216,21969278,62
67699,21969278,21969422,144
67700,21969422,21969456,34
67701,21969456,21969575,119
67702,21969575,21969623,48
67703,21969623,21969632,9
67704,21969632,21969670,38
67705,21969670,21969677,7
67706,21969677,21969694,17
67707,21969694,21969711,17
67708,21969711,21969736,25
67709,21969736,21969764,28
67710,21969764,21969805,41
67711,21969805,21969946,141
67712,21969946,21970002,56
67713,21970002,21970018,16
67714,21970018,21970155,137
67715,21970155,21970192,37
67716,21970192,21970198,6
67717,21970198,21970204,6
67718,21970204,21970213,9
67719,21970213,21970323,110
67720,21970323,21970441,118
67721,21970441,21970456,15
67722,21970456,21970582,126
67723,21970582,21970630,48
67724,21970702,21970779,77
67725,21970779,21970801,22
67726,21970857,21970893,36
67727,21970893,21971042,149
67728,21971042,21971075,33
67729,21971075,21971094,19
67730,21971094,21971126,32
67731,21971126,21971201,75
67732,21971201,21971224,23
67733,21971224,21971363,139
67734,21971553,21971611,58
67735,21971611,21971675,64
67736,21971675,21971819,144
67737,21971819,21971855,36
67738,21971855,21971924,69
67739,21971924,21971976,52
67740,21971976,21972006,30
67741,21972006,21972030,24
67742,21972030,21972064,34
67743,21972531,21972639,108
67744,21972639,21972654,15
67745,21972654,21972805,151
67746,21972805,21972836,31
67747,21973013,21973075,62
67748,21973258,21973267,9
67749,21973618,21973622,4
67750,21973708,21973742,34
67751,21973742,21973750,8
67752,21973750,21973768,18
67753,21973768,21973775,7
67754,21973775,21973852,77
67755,21974023,21974032,9
67756,21974032,21974079,47
67757,21974720,21974724,4
67758,21975251,21975277,26
67759,21975428,21975445,17
67760,21975445,21975460,15
67761,21975460,21975568,108
67762,21975568,21975601,33
67763,21975601,21975618,17
67764,21975618,21975633,15
67765,21975633,21975741,108
67766,21975741,21975774,33
67767,21975774,21975791,17
67768,21975791,21975806,15
67769,21976014,21976081,67
67770,21976204,21976241,37
67771,21976951,21977021,70
67772,21977021,21977030,9
67773,21977030,21977077,47
67774,21977077,21977204,127
67775,21977204,21977368,164
67776,21977368,21977372,4
67777,21977372,21977464,92
67778,21977498,21977506,8
67779,21977506,21977524,18
67780,21977524,21977531,7
67781,21977531,21977608,77
67782,21977733,21977847,114
67783,21977847,21977964,117
67784,21977964,21977990,26
67785,21977990,21977995,5
67786,21977995,21978027,32
67787,21978027,21978039,12
67788,21978039,21978063,24
67789,21978063,21978120,57
67790,21978120,21978140,20
67791,21978140,21978159,19
67792,21978159,21978297,138
67793,21978297,21978331,34
67794,21978331,21978408,77
67795,21978408,21978428,20
67796,21978428,21978465,37
67797,21978465,21978483,18
67798,21978483,21978587,104
67799,21978655,21978688,33
67800,21979045,21979056,11
67801,21979056,21979062,6
67802,21979095,21979156,61
67803,21979314,21979496,182
67804,21979496,21979513,17
67805,21979513,21979604,91
67806,21979604,21979716,112
67807,21979785,21979824,39
67808,21980018,21980051,33
67809,21980051,21980070,19
67810,21980070,21980157,87
67811,21980157,21980227,70
67812,21980227,21980390,163
67813,21980390,21980401,11
67814,21980788,21980816,28
67815,21980816,21980880,64
67816,21980880,21980896,16
67817,21980896,21980911,15
67818,21980911,21980943,32
67819,21980943,21980952,9
67820,21980952,21980955,3
67821,21980955,21980997,42
67822,21980997,21981013,16
67823,21981013,21981025,12
67824,21981025,21981039,14
67825,21981039,21981050,11
67826,21981050,21981076,26
67827,21981076,21981151,75
67828,21981151,21981159,8
67829,21981159,21981208,49
67830,21981208,21981226,18
67831,21981226,21981258,32
67832,21981258,21981282,24
67833,21981282,21981300,18
67834,21981300,21981360,60
67835,21981360,21981391,31
67836,21981391,21981418,27
67837,21981418,21981492,74
67838,21981584,21981644,60
67839,21981644,21981684,40
67840,21981684,21981720,36
67841,21981720,21981811,91
67842,21981811,21981832,21
67843,21981832,21982135,303
67844,21982135,21982397,262
67845,21982397,21982548,151
67846,21982548,21982691,143
67847,21982691,21982701,10
67848,21982701,21982713,12
67849,21982713,21982812,99
67850,21982812,21982836,24
67851,21982836,21982883,47
67852,21982883,21982911,28
67853,21982911,21982920,9
67854,21982920,21982935,15
67855,21982935,21982971,36
67856,21982971,21982994,23
67857,21982994,21983019,25
67858,21983019,21983081,62
67859,21983081,21983121,40
67860,21983307,21983352,45
67861,21983352,21983443,91
67862,21983443,21983454,11
67863,21983454,21983457,3
67864,21983490,21983568,78
67865,21983568,21983577,9
67866,21983577,21983717,140
67867,21983717,21983723,6
67868,21983723,21983756,33
67869,21983756,21983769,13
67870,21983769,21983807,38
67871,21983807,21983889,82
67872,21983889,21983898,9
67873,21983898,21984015,117
67874,21984015,21984037,22
67875,21984037,21984138,101
67876,21984138,21984214,76
67877,21984214,21984322,108
67878,21984322,21984417,95
67879,21984417,21984453,36
67880,21984453,21984458,5
67881,21984518,21984574,56
67882,21984574,21984587,13
67883,21984587,21984601,14
67884,21984601,21984703,102
67885,21984703,21984707,4
67886,21984707,21984743,36
67887,21984743,21984747,4
67888,21984747,21984795,48
67889,21984795,21984845,50
67890,21984845,21984911,66
67891,21984911,21984940,29
67892,21984940,21984959,19
67893,21984959,21985061,102
67894,21985061,21985068,7
67895,21985068,21985095,27
67896,21985095,21985119,24
67897,21985119,21985127,8
67898,21985127,21985224,97
67899,21985224,21985319,95
67900,21985319,21985406,87
67901,21985406,21985451,45
67902,21985451,21985496,45
67903,21985496,21985510,14
67904,21985510,21985648,138
67905,21985648,21985765,117
67906,21985765,21985813,48
67907,21985813,21985918,105
67908,21985918,21986025,107
67909,21986025,21986142,117
67910,21986142,21986148,6
67911,21986259,21986349,90
67912,21986577,21986643,66
67913,21986643,21986669,26
67914,21986669,21986678,9
67915,21986678,21986688,10
67916,21986688,21986742,54
67917,21986742,21986817,75
67918,21986817,21986831,14
67919,21986831,21986839,8
67920,21986839,21986854,15
67921,21986854,21987113,259
67922,21987113,21987141,28
67923,21987141,21987187,46
67924,21987187,21987211,24
67925,21987211,21987255,44
67926,21987255,21987373,118
67927,21987373,21987397,24
67928,21987397,21987403,6
67929,21987403,21987414,11
67930,21987414,21987480,66
67931,21987480,21987603,123
67932,21987603,21987609,6
67933,21987609,21987642,33
67934,21987642,21987667,25
67935,21987667,21987727,60
67936,21987727,21987746,19
67937,21987746,21987832,86
67938,21987832,21987889,57
67939,21987889,21987916,27
67940,21987916,21987919,3
67941,21987919,21987940,21
67942,21987940,21988111,171
67943,21988111,21988297,186
67944,21988297,21988386,89
67945,21988494,21988629,135
67946,21988629,21988729,100
67947,21988729,21988877,148
67948,21988877,21988951,74
67949,21989148,21989164,16
67950,21989340,21989354,14
67951,21989354,21989362,8
67952,21989362,21989588,226
67953,21989588,21989637,49
67954,21989637,21989649,12
67955,21989649,21989666,17
67956,21989666,21989722,56
67957,21989722,21989775,53
67958,21989775,21989870,95
67959,21989870,21989894,24
67960,21989894,21990026,132
67961,21990026,21990087,61
67962,21990087,21990097,10
67963,21990097,21990115,18
67964,21990115,21990250,135
67965,21990250,21990432,182
67966,21990432,21990486,54
67967,21990486,21990529,43
67968,21990529,21990552,23
67969,21990552,21990644,92
67970,21990644,21990649,5
67971,21990649,21990711,62
67972,21990711,21990755,44
67973,21990755,21990810,55
67974,21990810,21990846,36
67975,21990846,21990927,81
67976,21990927,21991018,91
67977,21991018,21991082,64
67978,21991082,21991144,62
67979,21991144,21991162,18
67980,21991162,21991167,5
67981,21991167,21991214,47
67982,21991318,21991424,106
67983,21991424,21991453,29
67984,21991453,21991547,94
67985,21991547,21991563,16
67986,21991563,21991626,63
67987,21991626,21991682,56
67988,21991682,21991783,101
67989,21991783,21991787,4
67990,21991787,21991814,27
67991,21991814,21991847,33
67992,21991847,21991892,45
67993,21991892,21991934,42
67994,21991934,21992046,112
67995,21992046,21992148,102
67996,21992148,21992258,110
67997,21992258,21992268,10
67998,21992268,21992340,72
67999,21992340,21992375,35
68000,21992375,21992388,13
68001,21992388,21992481,93
68002,21992481,21992621,140
68003,21992621,21992727,106
68004,21992727,21992784,57
68005,21992784,21992926,142
68006,21992926,21993014,88
68007,21993014,21993042,28
68008,21993042,21993453,411
68009,21993453,21993483,30
68010,21993483,21993504,21
68011,21993626,21993647,21
68012,21993769,21993790,21
68013,21994095,21994171,76
68014,21994171,21994181,10
68015,21994181,21994211,30
68016,21994211,21994243,32
68017,21994243,21994267,24
68018,21994267,21994527,260
68019,21994527,21994603,76
68020,21994603,21994653,50
68021,21994653,21994681,28
68022,21994681,21994727,46
68023,21994727,21994751,24
68024,21994751,21994795,44
68025,21994795,21994913,118
68026,21994913,21994937,24
68027,21994937,21994943,6
68028,21994943,21994954,11
68029,21994954,21995020,66
68030,21995020,21995164,144
68031,21995164,21995192,28
68032,21995192,21995294,102
68033,21995294,21995310,16
68034,21995310,21995319,9
68035,21995319,21995366,47
68036,21995366,21995408,42
68037,21995408,21995522,114
68038,21995522,21995639,117
68039,21995639,21995665,26
68040,21995665,21995670,5
68041,21995670,21995702,32
68042,21995702,21995714,12
68043,21995714,21995738,24
68044,21995738,21995795,57
68045,21995795,21995815,20
68046,21995815,21995834,19
68047,21995834,21995952,118
68048,21995952,21995972,20
68049,21995972,21996006,34
68050,21996006,21996083,77
68051,21996083,21996103,20
68052,21996103,21996140,37
68053,21996140,21996158,18
68054,21996158,21996262,104
68055,21996262,21996330,68
68056,21996330,21996363,33
68057,21996363,21996524,161
68058,21996524,21996615,91
68059,21996615,21996686,71
68060,21996686,21996701,15
68061,21996701,21996770,69
68062,21996770,21996787,17
68063,21996787,21996867,80
68064,21996867,21996962,95
68065,21996962,21997192,230
68066,21997192,21997333,141
68067,21997333,21997441,108
68068,21997441,21997456,15
68069,21997456,21997607,151
68070,21997607,21997638,31
68071,21997638,21997815,177
68072,21997815,21997877,62
68073,21997877,21997990,113
68074,21997990,21998060,70
68075,21998060,21998069,9
68076,21998069,21998116,47
68077,21998116,21998243,127
68078,21998407,21998411,4
68079,21998411,21998503,92
68080,21998503,21998537,34
68081,21998537,21998545,8
68082,21998545,21998563,18
68083,21998563,21998570,7
68084,21998570,21998647,77
68085,21998647,21998734,87
68086,21998734,21998819,85
68087,21998819,21998828,9
68088,21998828,21998875,47
68089,21998875,21998917,42
68090,21998917,21999031,114
68091,21999031,21999148,117
68092,21999148,21999174,26
68093,21999174,21999179,5
68094,21999179,21999211,32
68095,21999211,21999223,12
68096,21999223,21999247,24
68097,21999247,21999304,57
68098,21999304,21999324,20
68099,21999324,21999343,19
68100,21999343,21999461,118
68101,21999461,21999481,20
68102,21999481,21999515,34
68103,21999861,21999872,11
68104,21999872,21999878,6
68105,21999878,21999911,33
68106,21999911,21999963,52
68107,21999963,22000121,158
68108,22000121,22000320,199
68109,22000320,22000411,91
68110,22000411,22000523,112
68111,22000523,22000596,73
68112,22000596,22000635,39
68113,22000635,22000744,109
68114,22000744,22000833,89
68115,22000833,22000866,33
68116,22000866,22000885,19
68117,22000885,22000972,87
68118,22000972,22001042,70
68119,22001042,22001205,163
68120,22001205,22001216,11
68121,22001216,22001357,141
68122,22001357,22001379,22
68123,22001379,22001485,106
68124,22001485,22001491,6
68125,22001491,22001525,34
68126,22001525,22001597,72
68127,22001597,22001655,58
68128,22001655,22001741,86
68129,22001741,22001946,205
68130,22001946,22002015,69
68131,22002015,22002093,78
68132,22002093,22002231,138
68133,22002231,22002266,35
68134,22002266,22002325,59
68135,22002325,22002504,179
68136,22002504,22002511,7
68137,22002511,22002793,282
68138,22002793,22002892,99
68139,22002892,22002929,37
68140,22002929,22002936,7
68141,22002936,22002941,5
68142,22002941,22002962,21
68143,22002962,22002993,31
68144,22002993,22003051,58
68145,22003051,22003154,103
68146,22003154,22003384,230
68147,22003384,22003513,129
68148,22003513,22003569,56
68149,22003569,22003580,11
68150,22003580,22003660,80
68151,22003660,22003794,134
68152,22003794,22003797,3
68153,22003797,22003907,110
68154,22003907,22003927,20
68155,22003927,22004003,76
68156,22004003,22004035,32
68157,22004089,22004095,6
68158,22004095,22004111,16
68159,22004111,22004198,87
68160,22004198,22004211,13
68161,22004211,22004327,116
68162,22004327,22004396,69
68163,22004396,22004425,29
68164,22004425,22004431,6
68165,22004431,22004443,12
68166,22004443,22004490,47
68167,22004740,22004845,105
68168,22004845,22004927,82
68169,22004927,22004962,35
68170,22004962,22004988,26
68171,22004988,22005005,17
68172,22005005,22005056,51
68173,22005056,22005081,25
68174,22005146,22005307,161
68175,22005307,22005404,97
68176,22005594,22005605,11
68177,22005605,22005611,6
68178,22005611,22005644,33
68179,22005644,22005705,61
68180,22005705,22005916,211
68181,22005916,22006007,91
68182,22006007,22006067,60
68183,22006067,22006152,85
68184,22006152,22006191,39
68185,22006191,22006209,18
68186,22006209,22006304,95
68187,22006603,22006645,42
68188,22006645,22006830,185
68189,22006830,22006857,27
68190,22006857,22006950,93
68191,22006950,22007073,123
68192,22007073,22007154,81
68193,22007154,22007196,42
68194,22007196,22007205,9
68195,22007205,22007208,3
68196,22007208,22007235,27
68197,22007235,22007271,36
68198,22007271,22007278,7
68199,22007278,22007345,67
68200,22007345,22007351,6
68201,22007351,22007367,16
68202,22007367,22007443,76
68203,22007443,22007450,7
68204,22007450,22007481,31
68205,22007481,22007532,51
68206,22007532,22007567,35
68207,22007567,22007573,6
68208,22007573,22007697,124
68209,22007806,22007813,7
68210,22007813,22007859,46
68211,22007859,22008108,249
68212,22008108,22008131,23
68213,22008131,22008238,107
68214,22008288,22008412,124
68215,22008412,22008512,100
68216,22008512,22008583,71
68217,22008957,22009155,198
68218,22009155,22009330,175
68219,22009330,22009335,5
68220,22009335,22009367,32
68221,22009367,22009373,6
68222,22009753,22009762,9
68223,22009788,22009830,42
68224,22009830,22009846,16
68225,22010099,22010179,80
68226,22010179,22010200,21
68227,22010200,22010359,159
68228,22010359,22010364,5
68229,22010364,22010375,11
68230,22010375,22010420,45
68231,22010420,22010443,23
68232,22010443,22010483,40
68233,22010483,22010511,28
68234,22010598,22010777,179
68235,22010777,22010800,23
68236,22010800,22010821,21
68237,22010821,22010922,101
68238,22010922,22010938,16
68239,22010938,22011001,63
68240,22011001,22011075,74
68241,22011075,22011219,144
68242,22011219,22011236,17
68243,22011236,22011246,10
68244,22011246,22011326,80
68245,22011326,22011411,85
68246,22011411,22011497,86
68247,22011497,22011536,39
68248,22011617,22011671,54
68249,22011671,22011737,66
68250,22011737,22011770,33
68251,22011852,22011865,13
68252,22011921,22011929,8
68253,22012070,22012087,17
68254,22012340,22012348,8
68255,22012348,22012361,13
68256,22012361,22012398,37
68257,22012398,22012468,70
68258,22012468,22012549,81
68259,22012549,22012691,142
68260,22012845,22013116,271
68261,22013116,22013216,100
68262,22013216,22013221,5
68263,22013221,22013227,6
68264,22013227,22013242,15
68265,22013242,22013251,9
68266,22013251,22013261,10
68267,22013261,22013294,33
68268,22013294,22013335,41
68269,22013949,22013955,6
68270,22014097,22014138,41
68271,22014674,22014717,43
68272,22014852,22014891,39
68273,22015225,22015310,85
68274,22015478,22015506,28
68275,22015561,22015574,13
68276,22015574,22015593,19
68277,22015593,22015609,16
68278,22015609,22015681,72
68279,22015681,22015747,66
68280,22015747,22015808,61
68281,22015808,22015837,29
68282,22015837,22015871,34
68283,22015871,22015897,26
68284,22015897,22015934,37
68285,22015934,22016020,86
68286,22016020,22016095,75
68287,22016095,22016194,99
68288,22016194,22016284,90
68289,22016284,22016351,67
68290,22016351,22016358,7
68291,22016358,22016365,7
68292,22016365,22016432,67
68293,22016461,22016525,64
68294,22016563,22016602,39
68295,22016602,22016605,3
68296,22016605,22016647,42
68297,22017073,22017094,21
68298,22017456,22017541,85
68299,22017541,22017555,14
68300,22017555,22017599,44
68301,22017599,22017626,27
68302,22017626,22017637,11
68303,22017637,22017696,59
68304,22017696,22017702,6
68305,22017702,22017705,3
68306,22017705,22017735,30
68307,22017735,22017791,56
68308,22017791,22017807,16
68309,22017807,22017831,24
68310,22017831,22017897,66
68311,22017897,22017921,24
68312,22017921,22017972,51
68313,22018087,22018108,21
68314,22018108,22018125,17
68315,22018125,22018233,108
68316,22018311,22018362,51
68317,22019071,22019171,100
68318,22019171,22019176,5
68319,22019176,22019182,6
68320,22019182,22019197,15
68321,22019197,22019206,9
68322,22019206,22019216,10
68323,22019216,22019248,32
68324,22019248,22019276,28
68325,22019372,22019380,8
68326,22019380,22019641,261
68327,22019641,22019671,30
68328,22019671,22019686,15
68329,22019686,22019713,27
68330,22019713,22019928,215
68331,22019928,22019964,36
68332,22020223,22020249,26
68333,22020249,22020294,45
68334,22020294,22020369,75
68335,22020369,22020389,20
68336,22020851,22020861,10
68337,22020907,22021116,209
68338,22021116,22021131,15
68339,22021585,22021591,6
68340,22021591,22021709,118
68341,22021709,22021715,6
68342,22021715,22021721,6
68343,22021721,22021724,3
68344,22021724,22021727,3
68345,22021727,22021746,19
68346,22021746,22021751,5
68347,22021751,22021827,76
68348,22021927,22021955,28
68349,22021955,22021963,8
68350,22021963,22022027,64
68351,22022098,22022114,16
68352,22022114,22022147,33
68353,22022147,22022152,5
68354,22022152,22022221,69
68355,22022221,22022231,10
68356,22022231,22022327,96
68357,22022327,22022381,54
68358,22022381,22022477,96
68359,22022477,22022521,44
68360,22022521,22022532,11
68361,22022532,22022535,3
68362,22022627,22022633,6
68363,22022699,22022944,245
68364,22022944,22023029,85
68365,22023029,22023038,9
68366,22023038,22023085,47
68367,22023085,22023127,42
68368,22023127,22023241,114
68369,22023241,22023358,117
68370,22023384,22023389,5
68371,22023433,22023457,24
68372,22023457,22023514,57
68373,22023514,22023534,20
68374,22023691,22023725,34
68375,22023725,22023802,77
68376,22023802,22023822,20
68377,22023822,22023859,37
68378,22023859,22023877,18
68379,22024049,22024082,33
68380,22024082,22024243,161
68381,22024243,22024334,91
68382,22024334,22024405,71
68383,22024405,22024420,15
68384,22024420,22024489,69
68385,22024489,22024506,17
68386,22024506,22024586,80
68387,22024586,22024681,95
68388,22024681,22024911,230
68389,22024911,22025052,141
68390,22025052,22025160,108
68391,22025160,22025175,15
68392,22025175,22025326,151
68393,22025326,22025357,31
68394,22025357,22025534,177
68395,22025534,22025596,62
68396,22025709,22025779,70
68397,22025779,22025788,9
68398,22025788,22025835,47
68399,22025835,22025962,127
68400,22025962,22026126,164
68401,22026126,22026130,4
68402,22026130,22026222,92
68403,22026222,22026256,34
68404,22026256,22026264,8
68405,22026264,22026282,18
68406,22026282,22026289,7
68407,22026289,22026366,77
68408,22026366,22026453,87
68409,22026453,22026538,85
68410,22026538,22026547,9
68411,22026547,22026594,47
68412,22026594,22026636,42
68413,22026636,22026750,114
68414,22026750,22026867,117
68415,22026867,22026893,26
68416,22026893,22026898,5
68417,22026898,22026930,32
68418,22026930,22026942,12
68419,22026942,22026966,24
68420,22026966,22027023,57
68421,22027023,22027043,20
68422,22027043,22027200,157
68423,22027200,22027234,34
68424,22027234,22027311,77
68425,22027311,22027331,20
68426,22027331,22027368,37
68427,22027368,22027386,18
68428,22027386,22027490,104
68429,22027490,22027558,68
68430,22027558,22027591,33
68431,22027591,22027752,161
68432,22027752,22027843,91
68433,22027843,22027914,71
68434,22027914,22027929,15
68435,22027929,22027998,69
68436,22027998,22028015,17
68437,22028015,22028095,80
68438,22028095,22028190,95
68439,22028190,22028420,230
68440,22028420,22028561,141
68441,22028561,22028669,108
68442,22028669,22028684,15
68443,22028684,22028835,151
68444,22028835,22028866,31
68445,22028866,22029043,177
68446,22029043,22029105,62
68447,22029105,22029218,113
68448,22029218,22029288,70
68449,22029288,22029297,9
68450,22029297,22029344,47
68451,22029344,22029471,127
68452,22029471,22029635,164
68453,22029635,22029639,4
68454,22029639,22029731,92
68455,22029731,22029765,34
68456,22029765,22029773,8
68457,22029773,22029791,18
68458,22029791,22029798,7
68459,22029798,22029875,77
68460,22029875,22029962,87
68461,22029962,22030047,85
68462,22030047,22030056,9
68463,22030103,22030145,42
68464,22030259,22030376,117
68465,22030376,22030402,26
68466,22030402,22030407,5
68467,22030407,22030439,32
68468,22030439,22030451,12
68469,22030451,22030475,24
68470,22030475,22030532,57
68471,22030532,22030552,20
68472,22030552,22030709,157
68473,22030709,22030743,34
68474,22030743,22030820,77
68475,22030820,22030840,20
68476,22030840,22030877,37
68477,22030877,22030895,18
68478,22030895,22030999,104
68479,22030999,22031067,68
68480,22031067,22031100,33
68481,22031100,22031261,161
68482,22031261,22031352,91
68483,22031352,22031423,71
68484,22031423,22031438,15
68485,22031438,22031507,69
68486,22031507,22031524,17
68487,22031524,22031604,80
68488,22031604,22031699,95
68489,22031699,22031929,230
68490,22031929,22032070,141
68491,22032070,22032178,108
68492,22032178,22032193,15
68493,22032344,22032375,31
68494,22032375,22032552,177
68495,22032552,22032614,62
68496,22032727,22032797,70
68497,22032797,22032806,9
68498,22032806,22032853,47
68499,22032853,22032980,127
68500,22033146,22033150,4
68501,22033150,22033242,92
68502,22033242,22033276,34
68503,22033276,22033284,8
68504,22033284,22033302,18
68505,22033302,22033309,7
68506,22033309,22033386,77
68507,22033474,22033559,85
68508,22033559,22033568,9
68509,22033568,22033615,47
68510,22033615,22033657,42
68511,22033657,22033771,114
68512,22033771,22033888,117
68513,22033888,22033914,26
68514,22033914,22033919,5
68515,22033919,22033951,32
68516,22033951,22033963,12
68517,22033963,22033987,24
68518,22033987,22034044,57
68519,22034044,22034064,20
68520,22034064,22034221,157
68521,22034221,22034255,34
68522,22034255,22034332,77
68523,22034332,22034352,20
68524,22034352,22034389,37
68525,22034389,22034407,18
68526,22034579,22034612,33
68527,22034968,22034974,6
68528,22034974,22035007,33
68529,22035007,22035059,52
68530,22035217,22035416,199
68531,22035416,22035507,91
68532,22035507,22035619,112
68533,22035688,22035727,39
68534,22035921,22035954,33
68535,22035954,22035973,19
68536,22036291,22036302,11
68537,22036302,22036443,141
68538,22036443,22036465,22
68539,22036465,22036571,106
68540,22036571,22036577,6
68541,22036577,22036611,34
68542,22036611,22036683,72
68543,22036683,22036741,58
68544,22036741,22036827,86
68545,22036827,22037032,205
68546,22037032,22037101,69
68547,22037101,22037179,78
68548,22037179,22037317,138
68549,22037317,22037352,35
68550,22037352,22037411,59
68551,22037411,22037590,179
68552,22037590,22037597,7
68553,22037879,22037978,99
68554,22037978,22038015,37
68555,22038015,22038022,7
68556,22038022,22038027,5
68557,22038027,22038048,21
68558,22038048,22038079,31
68559,22038079,22038137,58
68560,22038137,22038240,103
68561,22038240,22038470,230
68562,22038470,22038599,129
68563,22038599,22038655,56
68564,22038655,22038666,11
68565,22038666,22038746,80
68566,22038746,22038880,134
68567,22038880,22038883,3
68568,22038883,22038993,110
68569,22038993,22039013,20
68570,22039013,22039089,76
68571,22039121,22039175,54
68572,22039175,22039181,6
68573,22039181,22039197,16
68574,22039197,22039284,87
68575,22039284,22039297,13
68576,22039297,22039413,116
68577,22039413,22039482,69
68578,22039482,22039511,29
68579,22039511,22039517,6
68580,22039517,22039529,12
68581,22039529,22039576,47
68582,22039826,22039931,105
68583,22039931,22040013,82
68584,22040013,22040048,35
68585,22040048,22040074,26
68586,22040074,22040091,17
68587,22040091,22040142,51
68588,22040142,22040167,25
68589,22040167,22040232,65
68590,22040232,22040393,161
68591,22040393,22040490,97
68592,22040680,22040691,11
68593,22040691,22040698,7
68594,22040698,22040731,33
68595,22040731,22040792,61
68596,22040792,22041003,211
68597,22041094,22041154,60
68598,22041239,22041278,39
68599,22041278,22041296,18
68600,22041296,22041391,95
68601,22041567,22041718,151
68602,22041718,22041760,42
68603,22041760,22041945,185
68604,22041945,22041972,27
68605,22041972,22042065,93
68606,22042065,22042188,123
68607,22042188,22042269,81
68608,22042269,22042311,42
68609,22042311,22042320,9
68610,22042320,22042323,3
68611,22042323,22042350,27
68612,22042350,22042386,36
68613,22042386,22042393,7
68614,22042393,22042460,67
68615,22042460,22042466,6
68616,22042466,22042482,16
68617,22042482,22042558,76
68618,22042558,22042565,7
68619,22042565,22042596,31
68620,22042596,22042647,51
68621,22042647,22042682,35
68622,22042682,22042688,6
68623,22042688,22042812,124
68624,22042922,22042929,7
68625,22042929,22042975,46
68626,22042975,22043224,249
68627,22043224,22043247,23
68628,22043247,22043354,107
68629,22043354,22043404,50
68630,22043404,22043528,124
68631,22043528,22043628,100
68632,22043628,22043699,71
68633,22043861,22043869,8
68634,22044072,22044270,198
68635,22044270,22044445,175
68636,22044445,22044450,5
68637,22044450,22044482,32
68638,22044482,22044488,6
68639,22044868,22044877,9
68640,22044877,22044889,12
68641,22044889,22044903,14
68642,22044903,22044945,42
68643,22044945,22044961,16
68644,22045030,22045163,133
68645,22045294,22045315,21
68646,22045315,22045474,159
68647,22045474,22045479,5
68648,22045479,22045490,11
68649,22045606,22045634,28
68650,22045666,22045721,55
68651,22045721,22045900,179
68652,22045900,22045923,23
68653,22045923,22045944,21
68654,22045944,22046045,101
68655,22046045,22046061,16
68656,22046061,22046124,63
68657,22046124,22046198,74
68658,22046342,22046359,17
68659,22046359,22046369,10
68660,22046369,22046449,80
68661,22046533,22046619,86
68662,22046619,22046658,39
68663,22046658,22046739,81
68664,22046739,22046793,54
68665,22046793,22046859,66
68666,22046974,22046987,13
68667,22047043,22047051,8
68668,22047051,22047117,66
68669,22047117,22047192,75
68670,22047192,22047209,17
68671,22047209,22047462,253
68672,22047462,22047470,8
68673,22047470,22047483,13
68674,22047483,22047520,37
68675,22047520,22047590,70
68676,22047590,22047671,81
68677,22047671,22047813,142
68678,22047813,22047860,47
68679,22047967,22048238,271
68680,22048238,22048338,100
68681,22048338,22048343,5
68682,22048343,22048349,6
68683,22048349,22048364,15
68684,22048364,22048373,9
68685,22048373,22048383,10
68686,22048383,22048415,32
68687,22048415,22048443,28
68688,22048899,22049007,108
68689,22049007,22049062,55
68690,22049062,22049112,50
68691,22049112,22049182,70
68692,22049182,22049254,72
68693,22049254,22049295,41
68694,22049295,22049389,94
68695,22049389,22049589,200
68696,22049589,22049632,43
68697,22049632,22049649,17
68698,22049649,22049664,15
68699,22049664,22049773,109
68700,22049773,22049880,107
68701,22049880,22049946,66
68702,22049946,22050068,122
68703,22050068,22050105,37
68704,22050105,22050148,43
68705,22050426,22050433,7
68706,22050879,22050884,5
68707,22051061,22051104,43
68708,22051239,22051278,39
68709,22051612,22051697,85
68710,22051865,22051893,28
68711,22051948,22051961,13
68712,22051961,22051980,19
68713,22051980,22051996,16
68714,22051996,22052068,72
68715,22052068,22052134,66
68716,22052134,22052195,61
68717,22052258,22052287,29
68718,22052287,22052321,34
68719,22052321,22052347,26
68720,22052347,22052384,37
68721,22052384,22052470,86
68722,22052470,22052545,75
68723,22052545,22052644,99
68724,22052644,22052734,90
68725,22052734,22052801,67
68726,22052801,22052808,7
68727,22052808,22052815,7
68728,22052815,22052882,67
68729,22052911,22052975,64
68730,22053013,22053052,39
68731,22053052,22053055,3
68732,22053055,22053097,42
68733,22053493,22053514,21
68734,22053878,22053963,85
68735,22053963,22053977,14
68736,22053977,22054021,44
68737,22054021,22054048,27
68738,22054048,22054059,11
68739,22054059,22054118,59
68740,22054118,22054124,6
68741,22054124,22054127,3
68742,22054127,22054157,30
68743,22054157,22054213,56
68744,22054213,22054229,16
68745,22054229,22054253,24
68746,22054253,22054319,66
68747,22054319,22054343,24
68748,22054343,22054394,51
68749,22054509,22054530,21
68750,22054530,22054547,17
68751,22054547,22054655,108
68752,22054733,22054784,51
68753,22055498,22055598,100
68754,22055598,22055603,5
68755,22055603,22055609,6
68756,22055609,22055624,15
68757,22055624,22055633,9
68758,22055633,22055643,10
68759,22055643,22055675,32
68760,22055799,22055807,8
68761,22055807,22056068,261
68762,22056068,22056098,30
68763,22056098,22056113,15
68764,22056113,22056140,27
68765,22056140,22056355,215
68766,22056355,22056391,36
68767,22056650,22056676,26
68768,22056676,22056721,45
68769,22056721,22056796,75
68770,22056796,22056816,20
68771,22057279,22057289,10
68772,22057335,22057544,209
68773,22057544,22057559,15
68774,22058013,22058019,6
68775,22058019,22058137,118
68776,22058137,22058143,6
68777,22058143,22058149,6
68778,22058149,22058152,3
68779,22058152,22058155,3
68780,22058155,22058174,19
68781,22058174,22058179,5
68782,22058179,22058255,76
68783,22058355,22058383,28
68784,22058383,22058391,8
68785,22058391,22058455,64
68786,22058455,22058526,71
68787,22058526,22058542,16
68788,22058542,22058575,33
68789,22058575,22058580,5
68790,22058580,22058649,69
68791,22058649,22058659,10
68792,22058659,22058755,96
68793,22058755,22058809,54
68794,22058809,22058905,96
68795,22058905,22058949,44
68796,22058949,22058960,11
68797,22058960,22058963,3
68798,22059055,22059061,6
68799,22059061,22059127,66
68800,22059127,22059372,245
68801,22059372,22059439,67
68802,22059439,22059455,16
68803,22059455,22059464,9
68804,22059464,22059511,47
68805,22059511,22059553,42
68806,22059553,22059667,114
68807,22059667,22059784,117
68808,22059784,22059810,26
68809,22059810,22059815,5
68810,22059815,22059847,32
68811,22059847,22059859,12
68812,22059859,22059883,24
68813,22059883,22059940,57
68814,22059940,22059960,20
68815,22059960,22059979,19
68816,22059979,22060117,138
68817,22060117,22060151,34
68818,22060228,22060248,20
68819,22060248,22060285,37
68820,22060285,22060303,18
68821,22060303,22060407,104
68822,22060407,22060475,68
68823,22060475,22060508,33
68824,22060669,22060760,91
68825,22060760,22060831,71
68826,22060831,22060846,15
68827,22060846,22060915,69
68828,22060915,22060932,17
68829,22060932,22061012,80
68830,22061012,22061107,95
68831,22061337,22061478,141
68832,22061478,22061586,108
68833,22061586,22061601,15
68834,22061601,22061752,151
68835,22061752,22061783,31
68836,22061783,22061960,177
68837,22061960,22062022,62
68838,22062022,22062135,113
68839,22062135,22062205,70
68840,22062205,22062214,9
68841,22062352,22062516,164
68842,22062516,22062520,4
68843,22062520,22062612,92
68844,22062612,22062646,34
68845,22062646,22062654,8
68846,22062654,22062672,18
68847,22062672,22062679,7
68848,22062679,22062756,77
68849,22062756,22062843,87
68850,22062843,22062928,85
68851,22062928,22062937,9
68852,22062937,22062984,47
68853,22062984,22063026,42
68854,22063026,22063140,114
68855,22063140,22063257,117
68856,22063257,22063283,26
68857,22063283,22063288,5
68858,22063288,22063320,32
68859,22063320,22063332,12
68860,22063332,22063356,24
68861,22063356,22063413,57
68862,22063413,22063433,20
68863,22063433,22063590,157
68864,22063590,22063624,34
68865,22063624,22063701,77
68866,22063701,22063721,20
68867,22063721,22063758,37
68868,22063758,22063776,18
68869,22063776,22063880,104
68870,22063880,22063948,68
68871,22063948,22063981,33
68872,22063981,22064142,161
68873,22064142,22064233,91
68874,22064233,22064304,71
68875,22064304,22064319,15
68876,22064319,22064388,69
68877,22064388,22064405,17
68878,22064405,22064485,80
68879,22064485,22064580,95
68880,22064580,22064810,230
68881,22064810,22064951,141
68882,22064951,22065059,108
68883,22065059,22065074,15
68884,22065074,22065225,151
68885,22065225,22065256,31
68886,22065256,22065433,177
68887,22065433,22065495,62
68888,22065495,22065608,113
68889,22065608,22065678,70
68890,22065678,22065687,9
68891,22065687,22065734,47
68892,22065734,22065861,127
68893,22065861,22066025,164
68894,22066025,22066029,4
68895,22066029,22066121,92
68896,22066121,22066155,34
68897,22066155,22066163,8
68898,22066163,22066181,18
68899,22066181,22066188,7
68900,22066188,22066265,77
68901,22066265,22066352,87
68902,22066437,22066446,9
68903,22066446,22066493,47
68904,22066493,22066535,42
68905,22066535,22066649,114
68906,22066649,22066766,117
68907,22066766,22066792,26
68908,22066792,22066797,5
68909,22066797,22066829,32
68910,22066829,22066841,12
68911,22066841,22066865,24
68912,22066865,22066922,57
68913,22066922,22066942,20
68914,22066942,22066961,19
68915,22066961,22067079,118
68916,22067079,22067099,20
68917,22067099,22067133,34
68918,22067133,22067210,77
68919,22067210,22067230,20
68920,22067230,22067267,37
68921,22067267,22067285,18
68922,22067388,22067456,68
68923,22067456,22067489,33
68924,22067834,22067845,11
68925,22067845,22067851,6
68926,22067851,22067884,33
68927,22067884,22067945,61
68928,22068082,22068264,182
68929,22068264,22068281,17
68930,22068281,22068372,91
68931,22068372,22068484,112
68932,22068484,22068562,78
68933,22068562,22068615,53
68934,22068615,22068765,150
68935,22068765,22068829,64
68936,22069152,22069373,221
68937,22069373,22069385,12
68938,22069385,22069390,5
68939,22069390,22069402,12
68940,22069402,22069476,74
68941,22069476,22069490,14
68942,22069490,22069569,79
68943,22069569,22069591,22
68944,22069591,22069600,9
68945,22069600,22069616,16
68946,22069769,22069773,4
68947,22069926,22069994,68
68948,22069994,22070032,38
68949,22070032,22070153,121
68950,22070433,22070532,99
68951,22070532,22070659,127
68952,22070659,22070862,203
68953,22071116,22071320,204
68954,22071340,22071382,42
68955,22071476,22071529,53
68956,22071529,22071670,141
68957,22071670,22071709,39
68958,22071709,22071818,109
68959,22071818,22071907,89
68960,22071907,22071940,33
68961,22071940,22071959,19
68962,22071959,22072046,87
68963,22072046,22072116,70
68964,22072116,22072279,163
68965,22072279,22072290,11
68966,22072290,22072431,141
68967,22072431,22072453,22
68968,22072453,22072559,106
68969,22072559,22072565,6
68970,22072565,22072599,34
68971,22072599,22072671,72
68972,22072671,22072729,58
68973,22072729,22072815,86
68974,22072815,22073020,205
68975,22073089,22073167,78
68976,22073167,22073305,138
68977,22073340,22073399,59
68978,22073399,22073578,179
68979,22073578,22073585,7
68980,22073585,22073867,282
68981,22073966,22074003,37
68982,22074003,22074010,7
68983,22074010,22074015,5
68984,22074015,22074036,21
68985,22074036,22074067,31
68986,22074067,22074125,58
68987,22074125,22074228,103
68988,22074228,22074276,48
68989,22074276,22074458,182
68990,22074458,22074587,129
68991,22074587,22074643,56
68992,22074643,22074654,11
68993,22074654,22074734,80
68994,22074734,22074868,134
68995,22074868,22074871,3
68996,22074871,22074981,110
68997,22075001,22075077,76
68998,22075109,22075163,54
68999,22075163,22075169,6
69000,22075169,22075185,16
69001,22075185,22075272,87
69002,22075272,22075285,13
69003,22075285,22075401,116
69004,22075401,22075470,69
69005,22075470,22075499,29
69006,22075499,22075505,6
69007,22075505,22075517,12
69008,22075517,22075564,47
69009,22075814,22075919,105
69010,22075919,22076001,82
69011,22076001,22076036,35
69012,22076036,22076062,26
69013,22076062,22076079,17
69014,22076079,22076130,51
69015,22076130,22076155,25
69016,22076155,22076220,65
69017,22076380,22076477,97
69018,22076666,22076677,11
69019,22076677,22076683,6
69020,22076683,22076716,33
69021,22076716,22076777,61
69022,22076777,22076988,211
69023,22076988,22077079,91
69024,22077079,22077139,60
69025,22077139,22077224,85
69026,22077224,22077263,39
69027,22077263,22077281,18
69028,22077281,22077376,95
69029,22077552,22077703,151
69030,22077703,22077745,42
69031,22077745,22077930,185
69032,22077930,22077957,27
69033,22078254,22078296,42
69034,22078296,22078305,9
69035,22078305,22078308,3
69036,22078308,22078335,27
69037,22078335,22078371,36
69038,22078371,22078378,7
69039,22078378,22078445,67
69040,22078445,22078451,6
69041,22078451,22078467,16
69042,22078467,22078543,76
69043,22078543,22078550,7
69044,22078550,22078581,31
69045,22078581,22078632,51
69046,22078632,22078667,35
69047,22078667,22078673,6
69048,22078673,22078797,124
69049,22078858,22078865,7
69050,22078865,22079114,249
69051,22079114,22079137,23
69052,22079137,22079244,107
69053,22079244,22079294,50
69054,22079294,22079418,124
69055,22079518,22079589,71
69056,22079970,22080168,198
69057,22080343,22080348,5
69058,22080348,22080380,32
69059,22080380,22080386,6
69060,22080766,22080775,9
69061,22080775,22080787,12
69062,22080787,22080801,14
69063,22080801,22080843,42
69064,22080843,22080859,16
69065,22080928,22081061,133
69066,22081112,22081192,80
69067,22081372,22081377,5
69068,22081377,22081388,11
69069,22081388,22081433,45
69070,22081433,22081456,23
69071,22081456,22081496,40
69072,22081496,22081524,28
69073,22081556,22081611,55
69074,22081611,22081790,179
69075,22081790,22081813,23
69076,22081935,22081951,16
69077,22081951,22082014,63
69078,22082014,22082088,74
69079,22082088,22082232,144
69080,22082232,22082249,17
69081,22082249,22082259,10
69082,22082259,22082339,80
69083,22082339,22082424,85
69084,22082424,22082510,86
69085,22082510,22082549,39
69086,22082549,22082630,81
69087,22082630,22082684,54
69088,22082684,22082750,66
69089,22082750,22082783,33
69090,22082865,22082878,13
69091,22082934,22082942,8
69092,22082942,22083008,66
69093,22083008,22083083,75
69094,22083083,22083100,17
69095,22083100,22083353,253
69096,22083353,22083361,8
69097,22083361,22083374,13
69098,22083374,22083411,37
69099,22083411,22083481,70
69100,22083481,22083562,81
69101,22083562,22083704,142
69102,22083704,22083751,47
69103,22083977,22084006,29
69104,22084006,22084026,20
69105,22084026,22084034,8
69106,22084034,22084098,64
69107,22084441,22084541,100
69108,22084541,22084546,5
69109,22084546,22084552,6
69110,22084552,22084567,15
69111,22084567,22084576,9
69112,22084576,22084586,10
69113,22084586,22084619,33
69114,22084619,22084660,41
69115,22085116,22085224,108
69116,22085224,22085279,55
69117,22085279,22085329,50
69118,22085329,22085399,70
69119,22085399,22085471,72
69120,22085471,22085512,41
69121,22085512,22085606,94
69122,22085606,22085806,200
69123,22085806,22085849,43
69124,22085849,22085866,17
69125,22085866,22085881,15
69126,22085881,22085990,109
69127,22085990,22086097,107
69128,22086097,22086163,66
69129,22086163,22086285,122
69130,22086285,22086322,37
69131,22086322,22086365,43
69132,22086642,22086649,7
69133,22086708,22086726,18
69134,22086726,22086751,25
69135,22086751,22086787,36
69136,22086787,22086837,50
69137,22087130,22087140,10
69138,22087154,22087162,8
69139,22087219,22087223,4
69140,22087243,22087256,13
69141,22087479,22087489,10
69142,22087489,22087492,3
69143,22087662,22087671,9
69144,22088826,22088832,6
69145,22089503,22089512,9
69146,22090500,22090511,11
69147,22091713,22091719,6
69148,22091951,22091962,11
69149,22093553,22093571,18
69150,22093571,22093596,25
69151,22093596,22093632,36
69152,22093632,22093682,50
69153,22093977,22093986,9
69154,22093986,22094033,47
69155,22094075,22094189,114
69156,22094189,22094306,117
69157,22094306,22094332,26
69158,22094332,22094337,5
69159,22094337,22094369,32
69160,22094369,22094381,12
69161,22094381,22094405,24
69162,22094405,22094462,57
69163,22094476,22094482,6
69164,22094482,22094639,157
69165,22094673,22094750,77
69166,22094750,22094770,20
69167,22094770,22094807,37
69168,22094807,22094825,18
69169,22094825,22094929,104
69170,22094929,22094997,68
69171,22094997,22095030,33
69172,22095030,22095191,161
69173,22095191,22095282,91
69174,22095282,22095353,71
69175,22095353,22095368,15
69176,22095368,22095437,69
69177,22095437,22095454,17
69178,22095522,22095617,95
69179,22095617,22095847,230
69180,22095988,22096096,108
69181,22096096,22096111,15
69182,22096262,22096293,31
69183,22096470,22096532,62
69184,22096532,22096645,113
69185,22096645,22096715,70
69186,22096715,22096724,9
69187,22096724,22096771,47
69188,22096771,22096898,127
69189,22096898,22097062,164
69190,22097062,22097066,4
69191,22097066,22097158,92
69192,22097158,22097192,34
69193,22097192,22097200,8
69194,22097218,22097225,7
69195,22097225,22097302,77
69196,22097302,22097389,87
69197,22097389,22097474,85
69198,22097474,22097483,9
69199,22097483,22097530,47
69200,22097530,22097572,42
69201,22097572,22097686,114
69202,22097803,22097829,26
69203,22097829,22097834,5
69204,22097834,22097866,32
69205,22097866,22097878,12
69206,22097878,22097902,24
69207,22097902,22097959,57
69208,22097959,22097979,20
69209,22097979,22098136,157
69210,22098136,22098170,34
69211,22098170,22098247,77
69212,22098247,22098267,20
69213,22098267,22098304,37
69214,22098304,22098322,18
69215,22098426,22098494,68
69216,22098527,22098688,161
69217,22098688,22098779,91
69218,22098779,22098850,71
69219,22098850,22098865,15
69220,22098865,22098934,69
69221,22098934,22098951,17
69222,22098951,22099031,80
69223,22099031,22099126,95
69224,22099126,22099356,230
69225,22099356,22099497,141
69226,22099497,22099605,108
69227,22099605,22099620,15
69228,22099620,22099771,151
69229,22099771,22099802,31
69230,22099802,22099979,177
69231,22099979,22100041,62
69232,22100041,22100154,113
69233,22100154,22100224,70
69234,22100224,22100233,9
69235,22100233,22100280,47
69236,22100280,22100407,127
69237,22100575,22100667,92
69238,22100667,22100701,34
69239,22100701,22100709,8
69240,22100709,22100727,18
69241,22100727,22100734,7
69242,22100734,22100811,77
69243,22100811,22100898,87
69244,22100898,22100983,85
69245,22100983,22100992,9
69246,22100992,22101039,47
69247,22101039,22101081,42
69248,22101081,22101195,114
69249,22101195,22101312,117
69250,22101312,22101338,26
69251,22101338,22101343,5
69252,22101343,22101375,32
69253,22101375,22101387,12
69254,22101387,22101411,24
69255,22101468,22101488,20
69256,22101645,22101679,34
69257,22101679,22101756,77
69258,22101756,22101776,20
69259,22101776,22101813,37
69260,22101813,22101831,18
69261,22101831,22101935,104
69262,22101935,22102003,68
69263,22102003,22102036,33
69264,22102036,22102197,161
69265,22102197,22102288,91
69266,22102288,22102359,71
69267,22102359,22102374,15
69268,22102374,22102443,69
69269,22102443,22102460,17
69270,22102460,22102540,80
69271,22102540,22102635,95
69272,22102635,22102865,230
69273,22103006,22103114,108
69274,22103114,22103129,15
69275,22103129,22103280,151
69276,22103280,22103311,31
69277,22103311,22103488,177
69278,22103488,22103550,62
69279,22103550,22103663,113
69280,22103663,22103733,70
69281,22103733,22103742,9
69282,22103742,22103789,47
69283,22103916,22104080,164
69284,22104080,22104084,4
69285,22104084,22104176,92
69286,22104176,22104210,34
69287,22104210,22104218,8
69288,22104218,22104236,18
69289,22104236,22104243,7
69290,22104243,22104320,77
69291,22104320,22104407,87
69292,22104407,22104492,85
69293,22104492,22104501,9
69294,22104501,22104548,47
69295,22104548,22104590,42
69296,22104590,22104704,114
69297,22104704,22104821,117
69298,22104821,22104847,26
69299,22104847,22104852,5
69300,22104852,22104884,32
69301,22104884,22104896,12
69302,22104896,22104920,24
69303,22104920,22104977,57
69304,22104977,22104997,20
69305,22104997,22105154,157
69306,22105154,22105188,34
69307,22105188,22105265,77
69308,22105265,22105285,20
69309,22105285,22105322,37
69310,22105322,22105340,18
69311,22105340,22105444,104
69312,22105444,22105512,68
69313,22105512,22105545,33
69314,22105706,22105797,91
69315,22105797,22105868,71
69316,22105868,22105883,15
69317,22105883,22105952,69
69318,22105952,22105969,17
69319,22105969,22106049,80
69320,22106049,22106144,95
69321,22106374,22106515,141
69322,22106515,22106623,108
69323,22106623,22106638,15
69324,22106638,22106789,151
69325,22106789,22106820,31
69326,22106820,22106997,177
69327,22106997,22107059,62
69328,22107059,22107172,113
69329,22107172,22107242,70
69330,22107242,22107251,9
69331,22107251,22107298,47
69332,22107298,22107425,127
69333,22107425,22107589,164
69334,22107589,22107593,4
69335,22107593,22107685,92
69336,22107685,22107719,34
69337,22107719,22107727,8
69338,22107727,22107745,18
69339,22107745,22107752,7
69340,22107752,22107829,77
69341,22107829,22107916,87
69342,22107916,22107983,67
69343,22107983,22107999,16
69344,22107999,22108008,9
69345,22108008,22108055,47
69346,22108055,22108097,42
69347,22108097,22108211,114
69348,22108328,22108354,26
69349,22108354,22108359,5
69350,22108359,22108391,32
69351,22108391,22108403,12
69352,22108403,22108427,24
69353,22108427,22108484,57
69354,22108484,22108504,20
69355,22108504,22108661,157
69356,22108661,22108695,34
69357,22108695,22108772,77
69358,22108772,22108792,20
69359,22108792,22108829,37
69360,22108829,22108847,18
69361,22108847,22108951,104
69362,22108951,22109019,68
69363,22109019,22109052,33
69364,22109052,22109213,161
69365,22109213,22109304,91
69366,22109304,22109375,71
69367,22109375,22109390,15
69368,22109390,22109459,69
69369,22109459,22109476,17
69370,22109476,22109556,80
69371,22109556,22109651,95
69372,22109651,22109881,230
69373,22109881,22110022,141
69374,22110022,22110130,108
69375,22110130,22110145,15
69376,22110145,22110296,151
69377,22110296,22110327,31
69378,22110327,22110504,177
69379,22110504,22110566,62
69380,22110566,22110679,113
69381,22110679,22110749,70
69382,22110749,22110758,9
69383,22110758,22110805,47
69384,22110805,22110932,127
69385,22110932,22111096,164
69386,22111096,22111100,4
69387,22111100,22111192,92
69388,22111192,22111226,34
69389,22111226,22111234,8
69390,22111234,22111252,18
69391,22111252,22111259,7
69392,22111336,22111423,87
69393,22111423,22111490,67
69394,22111490,22111506,16
69395,22111506,22111515,9
69396,22111515,22111562,47
69397,22111562,22111604,42
69398,22111604,22111718,114
69399,22111718,22111835,117
69400,22111835,22111861,26
69401,22111861,22111866,5
69402,22111866,22111898,32
69403,22111898,22111910,12
69404,22111910,22111934,24
69405,22111934,22111991,57
69406,22111991,22112011,20
69407,22112011,22112168,157
69408,22112168,22112202,34
69409,22112202,22112279,77
69410,22112279,22112299,20
69411,22112299,22112336,37
69412,22112336,22112354,18
69413,22112354,22112458,104
69414,22112526,22112559,33
69415,22112904,22112915,11
69416,22112915,22112921,6
69417,22112921,22112954,33
69418,22113053,22113144,91
69419,22113325,22113364,39
69420,22113364,22113473,109
69421,22113473,22113562,89
69422,22113562,22113595,33
69423,22113595,22113614,19
69424,22113614,22113701,87
69425,22113934,22113945,11
69426,22113945,22114086,141
69427,22114214,22114220,6
69428,22114295,22114353,58
69429,22114353,22114439,86
69430,22114713,22114791,78
69431,22114791,22114929,138
69432,22114929,22114964,35
69433,22114964,22115023,59
69434,22115202,22115209,7
69435,22115209,22115491,282
69436,22115491,22115590,99
69437,22115590,22115627,37
69438,22115627,22115634,7
69439,22115634,22115639,5
69440,22115639,22115660,21
69441,22115660,22115691,31
69442,22115852,22115900,48
69443,22116082,22116211,129
69444,22116278,22116358,80
69445,22116358,22116492,134
69446,22116492,22116495,3
69447,22116495,22116605,110
69448,22116605,22116625,20
69449,22116625,22116701,76
69450,22116701,22116733,32
69451,22116787,22116793,6
69452,22116793,22116809,16
69453,22117092,22117121,29
69454,22117121,22117127,6
69455,22117127,22117139,12
69456,22117438,22117543,105
69457,22117543,22117625,82
69458,22117703,22117754,51
69459,22117754,22117779,25
69460,22117779,22117844,65
69461,22118004,22118101,97
69462,22118290,22118301,11
69463,22118301,22118307,6
69464,22118307,22118340,33
69465,22118340,22118401,61
69466,22118401,22118612,211
69467,22118612,22118703,91
69468,22118703,22118763,60
69469,22118848,22118887,39
69470,22118887,22118905,18
69471,22118905,22119000,95
69472,22119176,22119327,151
69473,22119327,22119369,42
69474,22119369,22119554,185
69475,22119554,22119581,27
69476,22120132,22120141,9
69477,22120319,22120343,24
69478,22120343,22120468,125
69479,22120468,22120550,82
69480,22120650,22120701,51
69481,22120701,22120707,6
69482,22120707,22120822,115
69483,22120822,22120883,61
69484,22120883,22120893,10
69485,22120893,22120908,15
69486,22120908,22120952,44
69487,22120952,22121011,59
69488,22121011,22121091,80
69489,22121091,22121098,7
69490,22121154,22121196,42
69491,22121196,22121272,76
69492,22121272,22121386,114
69493,22121386,22121549,163
69494,22121641,22121795,154
69495,22121795,22121931,136
69496,22121931,22121946,15
69497,22121946,22121982,36
69498,22121982,22122005,23
69499,22122005,22122010,5
69500,22122181,22122197,16
69501,22122197,22122204,7
69502,22122319,22122324,5
69503,22122324,22122349,25
69504,22122379,22122395,16
69505,22122600,22122643,43
69506,22122869,22122872,3
69507,22123146,22123158,12
69508,22123158,22123162,4
69509,22123307,22123314,7
69510,22123314,22123350,36
69511,22123350,22123360,10
69512,22123360,22123369,9
69513,22123702,22123722,20
69514,22123882,22123911,29
69515,22123911,22123989,78
69516,22124035,22124057,22
69517,22124057,22124070,13
69518,22124261,22124308,47
69519,22124308,22124370,62
69520,22124370,22124380,10
69521,22124380,22124418,38
69522,22124418,22124494,76
69523,22124866,22124869,3
69524,22124869,22124877,8
69525,22124944,22124971,27
69526,22124971,22125021,50
69527,22125021,22125121,100
69528,22125597,22125605,8
69529,22126451,22126471,20
69530,22126471,22126500,29
69531,22126500,22126519,19
69532,22127208,22127217,9
69533,22127577,22127581,4
69534,22127638,22127642,4
69535,22129760,22129765,5
69536,22129920,22129925,5
69537,22129970,22129975,5
69538,22130280,22130284,4
69539,22130536,22130547,11
69540,22130547,22130555,8
69541,22130638,22130645,7
69542,22130694,22130702,8
69543,22130954,22130959,5
69544,22130959,22130962,3
69545,22131576,22131582,6
69546,22132120,22132128,8
69547,22132153,22132158,5
69548,22133764,22133772,8
69549,22133884,22133889,5
69550,22134092,22134100,8
69551,22134100,22134103,3
69552,22134103,22134111,8
69553,22134184,22134187,3
69554,22134762,22134765,3
69555,22134765,22134770,5
69556,22134770,22134773,3
69557,22134773,22134776,3
69558,22135082,22135087,5
69559,22135824,22135827,3
69560,22135940,22135943,3
69561,22136231,22136240,9
69562,22136410,22136419,9
69563,22136597,22136603,6
69564,22136848,22136852,4
69565,22136975,22136984,9
69566,22137457,22137480,23
69567,22137578,22137593,15
69568,22137593,22137662,69
69569,22138559,22138565,6
69570,22138565,22138683,118
69571,22138683,22138689,6
69572,22138689,22138695,6
69573,22138695,22138698,3
69574,22138698,22138701,3
69575,22138701,22138720,19
69576,22138720,22138725,5
69577,22138725,22138801,76
69578,22138991,22139062,71
69579,22139062,22139078,16
69580,22139111,22139114,3
69581,22139185,22139195,10
69582,22139195,22139291,96
69583,22139291,22139345,54
69584,22139345,22139441,96
69585,22139441,22139485,44
69586,22139485,22139496,11
69587,22139496,22139499,3
69588,22139591,22139597,6
69589,22139597,22139663,66
69590,22140366,22140426,60
69591,22140500,22140521,21
69592,22140521,22140539,18
69593,22140539,22140548,9
69594,22140548,22140574,26
69595,22140574,22140675,101
69596,22140675,22140680,5
69597,22140680,22140694,14
69598,22140694,22140703,9
69599,22140703,22140893,190
69600,22140893,22140910,17
69601,22140910,22140988,78
69602,22140988,22141014,26
69603,22141014,22141021,7
69604,22141021,22141051,30
69605,22141131,22141229,98
69606,22141358,22141382,24
69607,22141382,22141398,16
69608,22141398,22141469,71
69609,22141469,22141474,5
69610,22141474,22141562,88
69611,22141562,22141636,74
69612,22141909,22142012,103
69613,22142012,22142049,37
69614,22142049,22142102,53
69615,22142102,22142141,39
69616,22142141,22142238,97
69617,22142238,22142263,25
69618,22142428,22142471,43
69619,22142666,22142674,8
69620,22142726,22142751,25
69621,22142751,22142817,66
69622,22142817,22142862,45
69623,22142862,22142889,27
69624,22142889,22142905,16
69625,22142905,22142941,36
69626,22142941,22143000,59
69627,22143000,22143011,11
69628,22143011,22143163,152
69629,22143163,22143176,13
69630,22143176,22143194,18
69631,22143194,22143230,36
69632,22143230,22143239,9
69633,22143239,22143284,45
69634,22143284,22143453,169
69635,22143453,22143584,131
69636,22143584,22143851,267
69637,22143926,22143942,16
69638,22143942,22143986,44
69639,22143986,22143990,4
69640,22143990,22144047,57
69641,22144047,22144053,6
69642,22144053,22144098,45
69643,22144098,22144139,41
69644,22144139,22144215,76
69645,22144215,22144298,83
69646,22144298,22144348,50
69647,22144348,22144402,54
69648,22144402,22144461,59
69649,22144461,22144494,33
69650,22144494,22144524,30
69651,22144524,22144538,14
69652,22144538,22144551,13
69653,22144551,22144592,41
69654,22144592,22144608,16
69655,22144608,22144612,4
69656,22144612,22144722,110
69657,22144722,22144740,18
69658,22144740,22144767,27
69659,22144767,22144895,128
69660,22144895,22145081,186
69661,22145081,22145118,37
69662,22145118,22145187,69
69663,22145187,22145248,61
69664,22145248,22145254,6
69665,22145344,22145404,60
69666,22145496,22145514,18
69667,22145514,22145523,9
69668,22145523,22145549,26
69669,22145549,22145650,101
69670,22145650,22145655,5
69671,22145655,22145669,14
69672,22145669,22145678,9
69673,22145678,22145739,61
69674,22145739,22145746,7
69675,22145746,22145776,30
69676,22145776,22145856,80
69677,22145856,22145954,98
69678,22145954,22146083,129
69679,22146083,22146107,24
69680,22146107,22146123,16
69681,22146123,22146194,71
69682,22146194,22146199,5
69683,22146199,22146287,88
69684,22146287,22146361,74
69685,22146634,22146737,103
69686,22146737,22146774,37
69687,22146774,22146827,53
69688,22146827,22146866,39
69689,22146866,22146963,97
69690,22146963,22146988,25
69691,22146988,22147153,165
69692,22147153,22147196,43
69693,22147391,22147399,8
69694,22147399,22147451,52
69695,22147451,22147476,25
69696,22147476,22147542,66
69697,22147542,22147587,45
69698,22147587,22147615,28
69699,22147615,22147631,16
69700,22147631,22147667,36
69701,22147667,22147731,64
69702,22147731,22147742,11
69703,22147742,22147894,152
69704,22147894,22147907,13
69705,22147907,22147925,18
69706,22147925,22147961,36
69707,22147961,22147970,9
69708,22147970,22148015,45
69709,22148015,22148184,169
69710,22148184,22148315,131
69711,22148315,22148582,267
69712,22148657,22148673,16
69713,22148721,22148778,57
69714,22148778,22148784,6
69715,22148784,22148829,45
69716,22148829,22148870,41
69717,22148870,22148946,76
69718,22148946,22149029,83
69719,22149029,22149079,50
69720,22149079,22149133,54
69721,22149133,22149192,59
69722,22149192,22149225,33
69723,22149225,22149255,30
69724,22149255,22149269,14
69725,22149269,22149282,13
69726,22149282,22149323,41
69727,22149323,22149339,16
69728,22149339,22149343,4
69729,22149343,22149453,110
69730,22149453,22149471,18
69731,22149471,22149498,27
69732,22149626,22149812,186
69733,22149812,22149849,37
69734,22149849,22149960,111
69735,22149960,22150021,61
69736,22150021,22150061,40
69737,22150061,22150118,57
69738,22150118,22150178,60
69739,22150178,22150252,74
69740,22150252,22150273,21
69741,22150273,22150291,18
69742,22150291,22150300,9
69743,22150300,22150326,26
69744,22150326,22150427,101
69745,22150427,22150432,5
69746,22150432,22150446,14
69747,22150446,22150455,9
69748,22150455,22150671,216
69749,22150671,22150688,17
69750,22150766,22150792,26
69751,22150792,22150799,7
69752,22150799,22150829,30
69753,22150829,22150909,80
69754,22150909,22151007,98
69755,22151007,22151136,129
69756,22151136,22151160,24
69757,22151160,22151176,16
69758,22151176,22151247,71
69759,22151247,22151252,5
69760,22151252,22151340,88
69761,22151340,22151414,74
69762,22151414,22151687,273
69763,22151687,22151790,103
69764,22151790,22151827,37
69765,22151827,22151880,53
69766,22151880,22151919,39
69767,22151919,22152016,97
69768,22152016,22152041,25
69769,22152041,22152206,165
69770,22152206,22152249,43
69771,22152444,22152452,8
69772,22152452,22152504,52
69773,22152504,22152529,25
69774,22152529,22152595,66
69775,22152595,22152640,45
69776,22152640,22152668,28
69777,22152668,22152684,16
69778,22152684,22152720,36
69779,22152720,22152784,64
69780,22152784,22152795,11
69781,22152795,22152947,152
69782,22152947,22152960,13
69783,22152960,22152978,18
69784,22152978,22153014,36
69785,22153014,22153023,9
69786,22153023,22153068,45
69787,22153068,22153237,169
69788,22153237,22153368,131
69789,22153635,22153710,75
69790,22153710,22153726,16
69791,22153726,22153770,44
69792,22153770,22153774,4
69793,22153774,22153831,57
69794,22153831,22153837,6
69795,22153837,22153882,45
69796,22153882,22153923,41
69797,22153923,22153999,76
69798,22153999,22154082,83
69799,22154082,22154132,50
69800,22154132,22154186,54
69801,22154278,22154308,30
69802,22154308,22154322,14
69803,22154322,22154335,13
69804,22154335,22154376,41
69805,22154376,22154392,16
69806,22154392,22154396,4
69807,22154396,22154506,110
69808,22154506,22154524,18
69809,22154524,22154551,27
69810,22154551,22154679,128
69811,22154679,22154865,186
69812,22154865,22154902,37
69813,22154902,22155013,111
69814,22155013,22155074,61
69815,22155074,22155114,40
69816,22155114,22155171,57
69817,22155171,22155231,60
69818,22155231,22155305,74
69819,22155305,22155326,21
69820,22155326,22155344,18
69821,22155344,22155353,9
69822,22155353,22155379,26
69823,22155379,22155480,101
69824,22155480,22155485,5
69825,22155485,22155499,14
69826,22155499,22155508,9
69827,22155508,22155724,216
69828,22155724,22155741,17
69829,22155741,22155819,78
69830,22155819,22155845,26
69831,22155845,22155852,7
69832,22155852,22155882,30
69833,22155882,22155962,80
69834,22155962,22156053,91
69835,22156053,22156182,129
69836,22156182,22156206,24
69837,22156206,22156222,16
69838,22156222,22156293,71
69839,22156293,22156298,5
69840,22156298,22156386,88
69841,22156386,22156460,74
69842,22156460,22156733,273
69843,22156733,22156836,103
69844,22156836,22156873,37
69845,22156873,22156926,53
69846,22156926,22156965,39
69847,22156965,22157062,97
69848,22157062,22157087,25
69849,22157087,22157252,165
69850,22157252,22157295,43
69851,22157490,22157498,8
69852,22157498,22157550,52
69853,22157550,22157575,25
69854,22157575,22157641,66
69855,22157641,22157686,45
69856,22157713,22157729,16
69857,22157729,22157765,36
69858,22157765,22157829,64
69859,22157829,22157840,11
69860,22157840,22157992,152
69861,22157992,22158005,13
69862,22158005,22158023,18
69863,22158023,22158059,36
69864,22158059,22158068,9
69865,22158282,22158413,131
69866,22158413,22158680,267
69867,22158680,22158755,75
69868,22158755,22158771,16
69869,22158771,22158815,44
69870,22158815,22158819,4
69871,22158882,22158927,45
69872,22158927,22158968,41
69873,22158968,22159044,76
69874,22159044,22159127,83
69875,22159127,22159177,50
69876,22159177,22159231,54
69877,22159231,22159290,59
69878,22159290,22159323,33
69879,22159323,22159353,30
69880,22159353,22159367,14
69881,22159367,22159380,13
69882,22159380,22159421,41
69883,22159421,22159437,16
69884,22159437,22159441,4
69885,22159441,22159551,110
69886,22159551,22159569,18
69887,22159569,22159596,27
69888,22159596,22159724,128
69889,22159724,22159910,186
69890,22159910,22159947,37
69891,22159947,22160058,111
69892,22160058,22160119,61
69893,22160119,22160125,6
69894,22160276,22160350,74
69895,22160350,22160371,21
69896,22160371,22160389,18
69897,22160389,22160398,9
69898,22160398,22160424,26
69899,22160424,22160525,101
69900,22160525,22160530,5
69901,22160530,22160544,14
69902,22160544,22160553,9
69903,22160553,22160769,216
69904,22160769,22160786,17
69905,22160853,22160879,26
69906,22160879,22160886,7
69907,22160886,22160916,30
69908,22160996,22161094,98
69909,22161094,22161223,129
69910,22161223,22161247,24
69911,22161247,22161263,16
69912,22161263,22161334,71
69913,22161334,22161339,5
69914,22161339,22161427,88
69915,22161427,22161501,74
69916,22161774,22161877,103
69917,22161877,22161914,37
69918,22161914,22161967,53
69919,22161967,22162006,39
69920,22162006,22162103,97
69921,22162103,22162128,25
69922,22162128,22162293,165
69923,22162293,22162336,43
69924,22162539,22162591,52
69925,22162591,22162616,25
69926,22162616,22162682,66
69927,22162682,22162727,45
69928,22162727,22162754,27
69929,22162754,22162770,16
69930,22162770,22162806,36
69931,22162806,22162865,59
69932,22162865,22162876,11
69933,22162876,22163028,152
69934,22163028,22163041,13
69935,22163041,22163059,18
69936,22163059,22163095,36
69937,22163095,22163104,9
69938,22163149,22163318,169
69939,22163318,22163449,131
69940,22163449,22163716,267
69941,22163716,22163791,75
69942,22163791,22163807,16
69943,22163807,22163851,44
69944,22163851,22163855,4
69945,22163855,22163912,57
69946,22163912,22163918,6
69947,22163918,22163963,45
69948,22163963,22164004,41
69949,22164004,22164080,76
69950,22164080,22164165,85
69951,22164165,22164215,50
69952,22164215,22164269,54
69953,22164269,22164328,59
69954,22164328,22164361,33
69955,22164361,22164391,30
69956,22164391,22164405,14
69957,22164405,22164418,13
69958,22164418,22164459,41
69959,22164459,22164475,16
69960,22164475,22164479,4
69961,22164479,22164589,110
69962,22164589,22164607,18
69963,22164607,22164634,27
69964,22164634,22164762,128
69965,22164762,22164949,187
69966,22164949,22164986,37
69967,22164986,22165055,69
69968,22165055,22165116,61
69969,22165273,22165347,74
69970,22165347,22165368,21
69971,22165368,22165386,18
69972,22165386,22165395,9
69973,22165395,22165421,26
69974,22165421,22165522,101
69975,22165522,22165527,5
69976,22165527,22165541,14
69977,22165541,22165550,9
69978,22165550,22165611,61
69979,22165611,22165618,7
69980,22165618,22165648,30
69981,22165648,22165728,80
69982,22165728,22165826,98
69983,22165826,22165955,129
69984,22165955,22165979,24
69985,22165979,22165995,16
69986,22165995,22166066,71
69987,22166066,22166071,5
69988,22166071,22166159,88
69989,22166159,22166233,74
69990,22166507,22166610,103
69991,22166610,22166647,37
69992,22166647,22166700,53
69993,22166700,22166739,39
69994,22166739,22166836,97
69995,22166836,22166861,25
69996,22167026,22167069,43
69997,22167272,22167324,52
69998,22167324,22167349,25
69999,22167414,22167459,45
70000,22167480,22167486,6
70001,22167486,22167502,16
70002,22167502,22167538,36
70003,22167538,22167597,59
70004,22167597,22167608,11
70005,22167608,22167760,152
70006,22167760,22167773,13
70007,22167773,22167791,18
70008,22167791,22167827,36
70009,22167827,22167836,9
70010,22167836,22167881,45
70011,22167881,22168050,169
70012,22168050,22168181,131
70013,22168181,22168448,267
70014,22168448,22168523,75
70015,22168523,22168539,16
70016,22168539,22168583,44
70017,22168583,22168587,4
70018,22168587,22168644,57
70019,22168644,22168650,6
70020,22168650,22168695,45
70021,22168736,22168812,76
70022,22168812,22168895,83
70023,22168895,22168945,50
70024,22168945,22168999,54
70025,22168999,22169058,59
70026,22169058,22169091,33
70027,22169091,22169121,30
70028,22169121,22169135,14
70029,22169135,22169148,13
70030,22169148,22169189,41
70031,22169189,22169205,16
70032,22169205,22169209,4
70033,22169209,22169319,110
70034,22169319,22169337,18
70035,22169337,22169364,27
70036,22169364,22169492,128
70037,22169679,22169716,37
70038,22169716,22169785,69
70039,22169785,22169846,61
70040,22169846,22169852,6
70041,22169852,22169943,91
70042,22169943,22170003,60
70043,22170003,22170077,74
70044,22170077,22170098,21
70045,22170098,22170116,18
70046,22170116,22170125,9
70047,22170125,22170151,26
70048,22170151,22170252,101
70049,22170252,22170257,5
70050,22170257,22170271,14
70051,22170271,22170280,9
70052,22170280,22170470,190
70053,22170470,22170487,17
70054,22170487,22170565,78
70055,22170565,22170591,26
70056,22170591,22170598,7
70057,22170598,22170628,30
70058,22170628,22170708,80
70059,22170708,22170806,98
70060,22170806,22170935,129
70061,22170935,22170959,24
70062,22170959,22170975,16
70063,22170975,22171046,71
70064,22171046,22171051,5
70065,22171051,22171139,88
70066,22171139,22171213,74
70067,22171487,22171590,103
70068,22171590,22171627,37
70069,22171627,22171680,53
70070,22171680,22171719,39
70071,22171719,22171816,97
70072,22171816,22171841,25
70073,22172006,22172049,43
70074,22172049,22172244,195
70075,22172244,22172252,8
70076,22172252,22172304,52
70077,22172304,22172329,25
70078,22172329,22172395,66
70079,22172395,22172440,45
70080,22172440,22172467,27
70081,22172467,22172483,16
70082,22172483,22172519,36
70083,22172519,22172583,64
70084,22172583,22172594,11
70085,22172746,22172759,13
70086,22172759,22172777,18
70087,22172777,22172813,36
70088,22172813,22172822,9
70089,22172822,22172867,45
70090,22172867,22173036,169
70091,22173036,22173167,131
70092,22173167,22173434,267
70093,22173434,22173509,75
70094,22173509,22173526,17
70095,22173526,22173532,6
70096,22173532,22173577,45
70097,22173577,22173618,41
70098,22173694,22173777,83
70099,22173777,22173827,50
70100,22173827,22173881,54
70101,22173881,22173940,59
70102,22173940,22173973,33
70103,22173973,22174003,30
70104,22174003,22174017,14
70105,22174017,22174030,13
70106,22174030,22174071,41
70107,22174071,22174087,16
70108,22174087,22174091,4
70109,22174201,22174219,18
70110,22174219,22174246,27
70111,22174246,22174374,128
70112,22174374,22174561,187
70113,22174561,22174598,37
70114,22174598,22174667,69
70115,22174667,22174728,61
70116,22174728,22174734,6
70117,22174734,22174825,91
70118,22174959,22174980,21
70119,22174980,22174998,18
70120,22174998,22175007,9
70121,22175007,22175033,26
70122,22175033,22175134,101
70123,22175134,22175139,5
70124,22175139,22175153,14
70125,22175153,22175162,9
70126,22175162,22175352,190
70127,22175352,22175369,17
70128,22175369,22175436,67
70129,22175436,22175462,26
70130,22175462,22175469,7
70131,22175579,22175677,98
70132,22175677,22175806,129
70133,22175806,22175830,24
70134,22175830,22175846,16
70135,22175846,22175917,71
70136,22175917,22175922,5
70137,22175922,22176010,88
70138,22176084,22176357,273
70139,22176460,22176497,37
70140,22176497,22176550,53
70141,22176589,22176686,97
70142,22176686,22176711,25
70143,22176876,22176919,43
70144,22177108,22177116,8
70145,22177116,22177168,52
70146,22177168,22177193,25
70147,22177193,22177259,66
70148,22177259,22177304,45
70149,22177304,22177331,27
70150,22177331,22177347,16
70151,22177347,22177383,36
70152,22177383,22177447,64
70153,22177447,22177458,11
70154,22177610,22177623,13
70155,22177623,22177641,18
70156,22177641,22177677,36
70157,22177677,22177686,9
70158,22177686,22177731,45
70159,22177731,22177900,169
70160,22177900,22178031,131
70161,22178031,22178298,267
70162,22178298,22178373,75
70163,22178373,22178389,16
70164,22178389,22178433,44
70165,22178433,22178437,4
70166,22178437,22178494,57
70167,22178494,22178500,6
70168,22178500,22178545,45
70169,22178545,22178586,41
70170,22178586,22178662,76
70171,22178662,22178719,57
70172,22178719,22178745,26
70173,22178745,22178795,50
70174,22178795,22178849,54
70175,22178849,22178908,59
70176,22178908,22178941,33
70177,22178941,22178971,30
70178,22178971,22178985,14
70179,22178985,22178998,13
70180,22178998,22179039,41
70181,22179039,22179055,16
70182,22179055,22179059,4
70183,22179059,22179169,110
70184,22179169,22179187,18
70185,22179187,22179214,27
70186,22179214,22179342,128
70187,22179342,22179528,186
70188,22179528,22179565,37
70189,22179565,22179570,5
70190,22179570,22179632,62
70191,22179632,22179693,61
70192,22179693,22179727,34
70193,22179727,22179770,43
70194,22179770,22179830,60
70195,22179830,22179904,74
70196,22179904,22179925,21
70197,22179925,22179943,18
70198,22179943,22179952,9
70199,22179952,22179978,26
70200,22179978,22180079,101
70201,22180079,22180084,5
70202,22180084,22180098,14
70203,22180098,22180107,9
70204,22180107,22180323,216
70205,22180323,22180340,17
70206,22180340,22180418,78
70207,22180444,22180451,7
70208,22180451,22180481,30
70209,22180481,22180561,80
70210,22180561,22180659,98
70211,22180659,22180788,129
70212,22180788,22180812,24
70213,22180812,22180828,16
70214,22180828,22180899,71
70215,22180899,22180904,5
70216,22180904,22180992,88
70217,22180992,22181066,74
70218,22181339,22181442,103
70219,22181442,22181479,37
70220,22181479,22181532,53
70221,22181532,22181571,39
70222,22181571,22181668,97
70223,22181668,22181693,25
70224,22181693,22181858,165
70225,22181858,22181901,43
70226,22181901,22182096,195
70227,22182096,22182104,8
70228,22182104,22182156,52
70229,22182156,22182181,25
70230,22182181,22182247,66
70231,22182247,22182292,45
70232,22182292,22182319,27
70233,22182319,22182335,16
70234,22182335,22182371,36
70235,22182371,22182435,64
70236,22182435,22182446,11
70237,22182446,22182598,152
70238,22182598,22182611,13
70239,22182611,22182629,18
70240,22182629,22182665,36
70241,22182665,22182674,9
70242,22182674,22182719,45
70243,22182719,22182888,169
70244,22182888,22183019,131
70245,22183019,22183286,267
70246,22183286,22183361,75
70247,22183361,22183378,17
70248,22183378,22183384,6
70249,22183384,22183429,45
70250,22183429,22183470,41
70251,22183546,22183629,83
70252,22183629,22183679,50
70253,22183679,22183733,54
70254,22183733,22183792,59
70255,22183792,22183825,33
70256,22183825,22183855,30
70257,22183855,22183869,14
70258,22183869,22183882,13
70259,22183882,22183923,41
70260,22183923,22183939,16
70261,22183939,22183943,4
70262,22183943,22184053,110
70263,22184053,22184071,18
70264,22184071,22184098,27
70265,22184098,22184226,128
70266,22184226,22184412,186
70267,22184412,22184449,37
70268,22184449,22184454,5
70269,22184454,22184516,62
70270,22184516,22184577,61
70271,22184577,22184611,34
70272,22184611,22184654,43
70273,22184654,22184714,60
70274,22184714,22184788,74
70275,22184788,22184809,21
70276,22184809,22184827,18
70277,22184827,22184836,9
70278,22184836,22184862,26
70279,22184862,22184963,101
70280,22184963,22184968,5
70281,22184968,22184982,14
70282,22184982,22184991,9
70283,22184991,22185207,216
70284,22185207,22185224,17
70285,22185224,22185302,78
70286,22185302,22185328,26
70287,22185328,22185335,7
70288,22185335,22185365,30
70289,22185365,22185445,80
70290,22185445,22185536,91
70291,22185536,22185665,129
70292,22185665,22185689,24
70293,22185689,22185705,16
70294,22185705,22185776,71
70295,22185776,22185781,5
70296,22185781,22185869,88
70297,22185869,22185943,74
70298,22185943,22186216,273
70299,22186319,22186356,37
70300,22186356,22186409,53
70301,22186409,22186448,39
70302,22186448,22186545,97
70303,22186545,22186570,25
70304,22186570,22186735,165
70305,22186735,22186778,43
70306,22186778,22186981,203
70307,22186981,22187033,52
70308,22187033,22187058,25
70309,22187058,22187124,66
70310,22187124,22187169,45
70311,22187169,22187196,27
70312,22187196,22187212,16
70313,22187212,22187248,36
70314,22187312,22187323,11
70315,22187475,22187488,13
70316,22187488,22187506,18
70317,22187506,22187542,36
70318,22187542,22187551,9
70319,22187551,22187596,45
70320,22187596,22187765,169
70321,22187765,22187896,131
70322,22187896,22188163,267
70323,22188163,22188238,75
70324,22188238,22188255,17
70325,22188255,22188261,6
70326,22188261,22188306,45
70327,22188306,22188347,41
70328,22188347,22188423,76
70329,22188423,22188506,83
70330,22188506,22188556,50
70331,22188610,22188669,59
70332,22188669,22188702,33
70333,22188702,22188732,30
70334,22188732,22188746,14
70335,22188746,22188759,13
70336,22188759,22188802,43
70337,22188802,22188818,16
70338,22188818,22188822,4
70339,22188822,22188932,110
70340,22188932,22188950,18
70341,22188950,22188977,27
70342,22188977,22189105,128
70343,22189291,22189328,37
70344,22189328,22189333,5
70345,22189333,22189395,62
70346,22189395,22189456,61
70347,22189456,22189496,40
70348,22189496,22189553,57
70349,22189553,22189613,60
70350,22189613,22189687,74
70351,22189687,22189708,21
70352,22189708,22189726,18
70353,22189726,22189735,9
70354,22189735,22189761,26
70355,22189761,22189862,101
70356,22189862,22189867,5
70357,22189867,22189881,14
70358,22189881,22189890,9
70359,22189890,22190106,216
70360,22190106,22190123,17
70361,22190123,22190201,78
70362,22190201,22190234,33
70363,22190234,22190264,30
70364,22190264,22190344,80
70365,22190344,22190442,98
70366,22190442,22190571,129
70367,22190571,22190595,24
70368,22190595,22190611,16
70369,22190611,22190682,71
70370,22190682,22190687,5
70371,22190687,22190775,88
70372,22190775,22190849,74
70373,22190849,22191122,273
70374,22191122,22191225,103
70375,22191225,22191262,37
70376,22191262,22191315,53
70377,22191315,22191354,39
70378,22191354,22191451,97
70379,22191451,22191476,25
70380,22191476,22191641,165
70381,22191641,22191684,43
70382,22191684,22191887,203
70383,22191887,22191939,52
70384,22191939,22191964,25
70385,22191964,22192030,66
70386,22192030,22192075,45
70387,22192075,22192102,27
70388,22192215,22192226,11
70389,22192226,22192378,152
70390,22192378,22192391,13
70391,22192391,22192409,18
70392,22192409,22192445,36
70393,22192445,22192454,9
70394,22192454,22192499,45
70395,22192499,22192668,169
70396,22192668,22192799,131
70397,22192799,22193066,267
70398,22193066,22193141,75
70399,22193141,22193158,17
70400,22193158,22193164,6
70401,22193164,22193209,45
70402,22193209,22193250,41
70403,22193250,22193326,76
70404,22193326,22193409,83
70405,22193409,22193459,50
70406,22193459,22193513,54
70407,22193513,22193572,59
70408,22193572,22193605,33
70409,22193605,22193635,30
70410,22193635,22193649,14
70411,22193649,22193662,13
70412,22193662,22193703,41
70413,22193703,22193719,16
70414,22193719,22193723,4
70415,22193723,22193833,110
70416,22193833,22193851,18
70417,22193851,22193878,27
70418,22193878,22194006,128
70419,22194006,22194193,187
70420,22194193,22194230,37
70421,22194230,22194235,5
70422,22194235,22194299,64
70423,22194299,22194360,61
70424,22194360,22194366,6
70425,22194366,22194457,91
70426,22194457,22194517,60
70427,22194517,22194591,74
70428,22194591,22194612,21
70429,22194612,22194630,18
70430,22194630,22194639,9
70431,22194639,22194665,26
70432,22194665,22194766,101
70433,22194766,22194771,5
70434,22194771,22194785,14
70435,22194785,22194794,9
70436,22194794,22195010,216
70437,22195010,22195027,17
70438,22195027,22195105,78
70439,22195105,22195138,33
70440,22195138,22195168,30
70441,22195168,22195248,80
70442,22195248,22195346,98
70443,22195346,22195475,129
70444,22195475,22195499,24
70445,22195499,22195515,16
70446,22195515,22195586,71
70447,22195586,22195591,5
70448,22195591,22195679,88
70449,22195679,22195753,74
70450,22195753,22196025,272
70451,22196025,22196128,103
70452,22196128,22196165,37
70453,22196165,22196218,53
70454,22196218,22196257,39
70455,22196257,22196354,97
70456,22196354,22196379,25
70457,22196587,22196782,195
70458,22196782,22196790,8
70459,22196790,22196842,52
70460,22196842,22196867,25
70461,22196867,22196933,66
70462,22196933,22196978,45
70463,22196978,22197005,27
70464,22197005,22197021,16
70465,22197021,22197057,36
70466,22197057,22197116,59
70467,22197116,22197127,11
70468,22197127,22197279,152
70469,22197279,22197292,13
70470,22197292,22197310,18
70471,22197310,22197346,36
70472,22197346,22197355,9
70473,22197355,22197400,45
70474,22197400,22197569,169
70475,22197569,22197700,131
70476,22197967,22198042,75
70477,22198042,22198058,16
70478,22198102,22198106,4
70479,22198106,22198163,57
70480,22198163,22198169,6
70481,22198169,22198214,45
70482,22198214,22198255,41
70483,22198255,22198331,76
70484,22198331,22198388,57
70485,22198388,22198414,26
70486,22198414,22198464,50
70487,22198464,22198518,54
70488,22198518,22198577,59
70489,22198577,22198610,33
70490,22198610,22198640,30
70491,22198640,22198654,14
70492,22198654,22198667,13
70493,22198667,22198708,41
70494,22198708,22198724,16
70495,22198724,22198728,4
70496,22198728,22198838,110
70497,22198838,22198856,18
70498,22198856,22198883,27
70499,22198883,22199011,128
70500,22199011,22199197,186
70501,22199197,22199234,37
70502,22199234,22199239,5
70503,22199239,22199301,62
70504,22199301,22199362,61
70505,22199362,22199403,41
70506,22199403,22199460,57
70507,22199460,22199520,60
70508,22199520,22199594,74
70509,22199594,22199615,21
70510,22199615,22199633,18
70511,22199633,22199642,9
70512,22199642,22199769,127
70513,22199788,22199793,5
70514,22199793,22199797,4
70515,22199797,22200013,216
70516,22200013,22200030,17
70517,22200030,22200108,78
70518,22200108,22200134,26
70519,22200134,22200141,7
70520,22200141,22200171,30
70521,22200171,22200251,80
70522,22200251,22200349,98
70523,22200349,22200478,129
70524,22200478,22200502,24
70525,22200502,22200518,16
70526,22200518,22200589,71
70527,22200589,22200594,5
70528,22200594,22200682,88
70529,22200682,22200756,74
70530,22200756,22201029,273
70531,22201029,22201132,103
70532,22201132,22201169,37
70533,22201169,22201222,53
70534,22201222,22201261,39
70535,22201261,22201358,97
70536,22201358,22201383,25
70537,22201383,22201548,165
70538,22201548,22201591,43
70539,22201846,22201871,25
70540,22201871,22201937,66
70541,22201937,22201982,45
70542,22201982,22202009,27
70543,22202009,22202025,16
70544,22202025,22202061,36
70545,22202061,22202125,64
70546,22202125,22202136,11
70547,22202136,22202288,152
70548,22202288,22202301,13
70549,22202301,22202319,18
70550,22202319,22202355,36
70551,22202355,22202364,9
70552,22202364,22202409,45
70553,22202409,22202578,169
70554,22202578,22202709,131
70555,22202709,22202976,267
70556,22202976,22203051,75
70557,22203051,22203067,16
70558,22203067,22203111,44
70559,22203111,22203115,4
70560,22203115,22203172,57
70561,22203172,22203178,6
70562,22203178,22203223,45
70563,22203223,22203264,41
70564,22203340,22203397,57
70565,22203397,22203423,26
70566,22203423,22203473,50
70567,22203473,22203527,54
70568,22203527,22203586,59
70569,22203586,22203619,33
70570,22203619,22203649,30
70571,22203649,22203663,14
70572,22203663,22203676,13
70573,22203676,22203733,57
70574,22203733,22203737,4
70575,22203945,22203950,5
70576,22204080,22204099,19
70577,22204099,22204107,8
70578,22204107,22204121,14
70579,22204121,22204133,12
70580,22204133,22204184,51
70581,22204184,22204195,11
70582,22204195,22204199,4
70583,22204199,22204265,66
70584,22204265,22204307,42
70585,22204307,22204311,4
70586,22204397,22204502,105
70587,22204502,22204509,7
70588,22204509,22204676,167
70589,22204676,22204696,20
70590,22204696,22204812,116
70591,22204812,22204859,47
70592,22204859,22204887,28
70593,22204887,22204973,86
70594,22204973,22205004,31
70595,22205004,22205009,5
70596,22205009,22205025,16
70597,22205025,22205052,27
70598,22205052,22205092,40
70599,22205092,22205121,29
70600,22205121,22205141,20
70601,22205141,22205166,25
70602,22205166,22205226,60
70603,22205226,22205229,3
70604,22205327,22205405,78
70605,22205405,22205531,126
70606,22205531,22205558,27
70607,22205558,22205648,90
70608,22205648,22205676,28
70609,22205676,22205710,34
70610,22205710,22205800,90
70611,22205800,22205831,31
70612,22205831,22205842,11
70613,22205842,22205879,37
70614,22205879,22205908,29
70615,22205908,22205929,21
70616,22205929,22206012,83
70617,22206012,22206023,11
70618,22206023,22206069,46
70619,22206069,22206077,8
70620,22206077,22206083,6
70621,22206083,22206090,7
70622,22206090,22206130,40
70623,22206130,22206168,38
70624,22206168,22206192,24
70625,22206192,22206276,84
70626,22206276,22206285,9
70627,22206285,22206302,17
70628,22206302,22206322,20
70629,22206322,22206328,6
70630,22206328,22206387,59
70631,22206387,22206407,20
70632,22206407,22206417,10
70633,22206417,22206441,24
70634,22206441,22206446,5
70635,22206446,22206470,24
70636,22206470,22206516,46
70637,22206516,22206527,11
70638,22206527,22206611,84
70639,22206611,22206719,108
70640,22206793,22206825,32
70641,22206825,22206926,101
70642,22206926,22206958,32
70643,22206958,22206966,8
70644,22206966,22207002,36
70645,22207002,22207013,11
70646,22207158,22207178,20
70647,22207178,22207188,10
70648,22207188,22207205,17
70649,22207205,22207217,12
70650,22207217,22207240,23
70651,22207240,22207534,294
70652,22207534,22207564,30
70653,22207648,22207667,19
70654,22207667,22207698,31
70655,22207698,22207712,14
70656,22207712,22207735,23
70657,22207735,22207750,15
70658,22207750,22207831,81
70659,22207831,22207839,8
70660,22207839,22207901,62
70661,22207901,22207913,12
70662,22207913,22207940,27
70663,22207940,22208020,80
70664,22208020,22208041,21
70665,22208157,22208213,56
70666,22208213,22208276,63
70667,22208276,22208284,8
70668,22208284,22208317,33
70669,22208317,22208472,155
70670,22208472,22208512,40
70671,22208613,22208646,33
70672,22208646,22208705,59
70673,22208705,22208712,7
70674,22208712,22208716,4
70675,22208716,22208733,17
70676,22208733,22208776,43
70677,22208776,22208800,24
70678,22208800,22208822,22
70679,22208924,22208974,50
70680,22208974,22208990,16
70681,22208990,22209008,18
70682,22209008,22209016,8
70683,22209016,22209025,9
70684,22209025,22209030,5
70685,22209030,22209033,3
70686,22209033,22209054,21
70687,22209054,22209068,14
70688,22209068,22209121,53
70689,22209217,22209235,18
70690,22209235,22209262,27
70691,22209262,22209390,128
70692,22209576,22209613,37
70693,22209613,22209724,111
70694,22209724,22209785,61
70695,22209785,22209825,40
70696,22209825,22209882,57
70697,22209882,22209942,60
70698,22209942,22210016,74
70699,22210016,22210037,21
70700,22210037,22210055,18
70701,22210055,22210064,9
70702,22210064,22210090,26
70703,22210090,22210191,101
70704,22210191,22210196,5
70705,22210196,22210210,14
70706,22210210,22210219,9
70707,22210219,22210280,61
70708,22210280,22210287,7
70709,22210287,22210317,30
70710,22210317,22210397,80
70711,22210397,22210495,98
70712,22210495,22210624,129
70713,22210624,22210648,24
70714,22210648,22210664,16
70715,22210664,22210735,71
70716,22210735,22210740,5
70717,22210740,22210828,88
70718,22210828,22210902,74
70719,22210902,22211174,272
70720,22211174,22211277,103
70721,22211277,22211314,37
70722,22211314,22211367,53
70723,22211367,22211406,39
70724,22211406,22211503,97
70725,22211503,22211528,25
70726,22211693,22211736,43
70727,22211736,22211931,195
70728,22211931,22211939,8
70729,22211939,22211991,52
70730,22211991,22212016,25
70731,22212016,22212082,66
70732,22212082,22212127,45
70733,22212127,22212154,27
70734,22212154,22212170,16
70735,22212170,22212206,36
70736,22212206,22212270,64
70737,22212270,22212281,11
70738,22212281,22212433,152
70739,22212433,22212446,13
70740,22212446,22212464,18
70741,22212464,22212500,36
70742,22212500,22212509,9
70743,22212509,22212554,45
70744,22212554,22212723,169
70745,22212723,22212854,131
70746,22212854,22213121,267
70747,22213121,22213196,75
70748,22213196,22213212,16
70749,22213212,22213256,44
70750,22213256,22213260,4
70751,22213260,22213317,57
70752,22213317,22213323,6
70753,22213323,22213368,45
70754,22213368,22213409,41
70755,22213409,22213485,76
70756,22213485,22213568,83
70757,22213568,22213618,50
70758,22213618,22213672,54
70759,22213672,22213731,59
70760,22213731,22213764,33
70761,22213764,22213794,30
70762,22213794,22213808,14
70763,22213808,22213821,13
70764,22213821,22213862,41
70765,22213862,22213878,16
70766,22213878,22213882,4
70767,22213882,22213992,110
70768,22213992,22214010,18
70769,22214010,22214037,27
70770,22214037,22214165,128
70771,22214165,22214351,186
70772,22214351,22214388,37
70773,22214499,22214560,61
70774,22214560,22214600,40
70775,22214600,22214657,57
70776,22214657,22214717,60
70777,22214717,22214791,74
70778,22214791,22214812,21
70779,22214812,22214830,18
70780,22214830,22214839,9
70781,22214839,22214966,127
70782,22214966,22214971,5
70783,22214994,22215210,216
70784,22215210,22215227,17
70785,22215227,22215305,78
70786,22215305,22215331,26
70787,22215331,22215338,7
70788,22215338,22215368,30
70789,22215368,22215448,80
70790,22215448,22215546,98
70791,22215546,22215675,129
70792,22215675,22215699,24
70793,22215699,22215715,16
70794,22215715,22215786,71
70795,22215786,22215791,5
70796,22215791,22215879,88
70797,22215879,22215953,74
70798,22215953,22216225,272
70799,22216225,22216328,103
70800,22216328,22216365,37
70801,22216365,22216418,53
70802,22216418,22216457,39
70803,22216457,22216554,97
70804,22216554,22216579,25
70805,22216579,22216744,165
70806,22216744,22216787,43
70807,22216787,22216982,195
70808,22216982,22216990,8
70809,22216990,22217042,52
70810,22217042,22217067,25
70811,22217067,22217133,66
70812,22217133,22217178,45
70813,22217178,22217205,27
70814,22217205,22217221,16
70815,22217221,22217257,36
70816,22217257,22217321,64
70817,22217321,22217332,11
70818,22217484,22217497,13
70819,22217497,22217515,18
70820,22217515,22217551,36
70821,22217551,22217560,9
70822,22217560,22217605,45
70823,22217605,22217774,169
70824,22217905,22218172,267
70825,22218172,22218247,75
70826,22218247,22218264,17
70827,22218264,22218270,6
70828,22218270,22218315,45
70829,22218315,22218356,41
70830,22218356,22218432,76
70831,22218432,22218515,83
70832,22218515,22218565,50
70833,22218565,22218619,54
70834,22218619,22218678,59
70835,22218678,22218711,33
70836,22218711,22218741,30
70837,22218741,22218755,14
70838,22218755,22218768,13
70839,22218768,22218809,41
70840,22218809,22218825,16
70841,22218825,22218829,4
70842,22219133,22219264,131
70843,22219264,22219317,53
70844,22219317,22219342,25
70845,22219342,22219352,10
70846,22219352,22219358,6
70847,22219358,22219367,9
70848,22219367,22219374,7
70849,22219374,22219432,58
70850,22219539,22219652,113
70851,22219652,22219656,4
70852,22219656,22219823,167
70853,22219823,22219857,34
70854,22219857,22219988,131
70855,22219988,22219997,9
70856,22219997,22220002,5
70857,22220002,22220277,275
70858,22220277,22220298,21
70859,22220298,22220330,32
70860,22220330,22220360,30
70861,22220360,22220403,43
70862,22220403,22220428,25
70863,22220428,22220453,25
70864,22220453,22220462,9
70865,22220462,22220511,49
70866,22220722,22220736,14
70867,22220736,22220747,11
70868,22220747,22220760,13
70869,22220760,22220788,28
70870,22220788,22220847,59
70871,22220847,22220890,43
70872,22220890,22220911,21
70873,22220936,22221030,94
70874,22221030,22221087,57
70875,22221087,22221117,30
70876,22221117,22221136,19
70877,22221136,22221164,28
70878,22221164,22221234,70
70879,22221234,22221346,112
70880,22221346,22221357,11
70881,22221357,22221362,5
70882,22221362,22221384,22
70883,22221384,22221398,14
70884,22221398,22221487,89
70885,22221487,22221684,197
70886,22221684,22221703,19
70887,22221703,22221904,201
70888,22221904,22221920,16
70889,22221920,22221934,14
70890,22221934,22222022,88
70891,22222022,22222033,11
70892,22222033,22222050,17
70893,22222050,22222058,8
70894,22222058,22222119,61
70895,22222119,22222144,25
70896,22222144,22222179,35
70897,22222179,22222183,4
70898,22222183,22222248,65
70899,22222248,22222269,21
70900,22222269,22222293,24
70901,22222293,22222418,125
70902,22222418,22222462,44
70903,22222462,22222530,68
70904,22222530,22222566,36
70905,22222566,22222593,27
70906,22222593,22222697,104
70907,22222697,22222793,96
70908,22222793,22222956,163
70909,22222956,22222994,38
70910,22222994,22223080,86
70911,22223191,22223209,18
70912,22223209,22223236,27
70913,22223236,22223364,128
70914,22223364,22223550,186
70915,22223550,22223587,37
70916,22223587,22223698,111
70917,22223698,22223759,61
70918,22223759,22223799,40
70919,22223799,22223856,57
70920,22223856,22223916,60
70921,22223916,22223990,74
70922,22223990,22224011,21
70923,22224011,22224029,18
70924,22224029,22224038,9
70925,22224038,22224165,127
70926,22224165,22224170,5
70927,22224170,22224184,14
70928,22224184,22224193,9
70929,22224409,22224426,17
70930,22224426,22224504,78
70931,22224504,22224530,26
70932,22224530,22224537,7
70933,22224537,22224567,30
70934,22224567,22224647,80
70935,22224647,22224745,98
70936,22224745,22224874,129
70937,22224874,22224898,24
70938,22224898,22224914,16
70939,22224914,22224985,71
70940,22224985,22224990,5
70941,22224990,22225078,88
70942,22225078,22225152,74
70943,22225152,22225424,272
70944,22225424,22225527,103
70945,22225527,22225564,37
70946,22225564,22225617,53
70947,22225617,22225656,39
70948,22225656,22225753,97
70949,22225753,22225778,25
70950,22225778,22225943,165
70951,22225943,22225986,43
70952,22226181,22226189,8
70953,22226189,22226241,52
70954,22226241,22226266,25
70955,22226266,22226332,66
70956,22226332,22226377,45
70957,22226377,22226404,27
70958,22226404,22226420,16
70959,22226420,22226456,36
70960,22226456,22226515,59
70961,22226515,22226526,11
70962,22226526,22226678,152
70963,22226678,22226691,13
70964,22226691,22226709,18
70965,22226709,22226745,36
70966,22226745,22226754,9
70967,22226754,22226799,45
70968,22226799,22226968,169
70969,22226968,22227099,131
70970,22227099,22227366,267
70971,22227366,22227441,75
70972,22227441,22227457,16
70973,22227457,22227501,44
70974,22227501,22227505,4
70975,22227505,22227562,57
70976,22227562,22227568,6
70977,22227568,22227613,45
70978,22227613,22227654,41
70979,22227654,22227730,76
70980,22227730,22227815,85
70981,22227815,22227865,50
70982,22227865,22227919,54
70983,22227919,22227978,59
70984,22227978,22228011,33
70985,22228011,22228041,30
70986,22228041,22228055,14
70987,22228055,22228068,13
70988,22228068,22228109,41
70989,22228109,22228125,16
70990,22228125,22228129,4
70991,22228129,22228239,110
70992,22228239,22228257,18
70993,22228257,22228284,27
70994,22228284,22228412,128
70995,22228412,22228598,186
70996,22228598,22228635,37
70997,22228635,22228640,5
70998,22228640,22228704,64
70999,22228704,22228765,61
71000,22228765,22228806,41
71001,22228806,22228863,57
71002,22228863,22228923,60
71003,22228923,22228997,74
71004,22228997,22229018,21
71005,22229018,22229036,18
71006,22229036,22229045,9
71007,22229045,22229071,26
71008,22229071,22229172,101
71009,22229172,22229177,5
71010,22229177,22229191,14
71011,22229191,22229200,9
71012,22229200,22229416,216
71013,22229416,22229433,17
71014,22229433,22229500,67
71015,22229500,22229526,26
71016,22229526,22229533,7
71017,22229533,22229563,30
71018,22229563,22229643,80
71019,22229643,22229741,98
71020,22229741,22229870,129
71021,22229870,22229894,24
71022,22229894,22229910,16
71023,22229910,22229981,71
71024,22229981,22229986,5
71025,22229986,22230074,88
71026,22230074,22230148,74
71027,22230148,22230421,273
71028,22230421,22230524,103
71029,22230524,22230561,37
71030,22230561,22230614,53
71031,22230614,22230653,39
71032,22230653,22230750,97
71033,22230750,22230775,25
71034,22230775,22230940,165
71035,22230940,22230983,43
71036,22230983,22231178,195
71037,22231178,22231186,8
71038,22231186,22231238,52
71039,22231238,22231263,25
71040,22231263,22231329,66
71041,22231329,22231374,45
71042,22231374,22231401,27
71043,22231401,22231417,16
71044,22231417,22231453,36
71045,22231453,22231512,59
71046,22231512,22231523,11
71047,22231523,22231675,152
71048,22231675,22231688,13
71049,22231688,22231706,18
71050,22231706,22231742,36
71051,22231742,22231751,9
71052,22231751,22231796,45
71053,22231796,22231965,169
71054,22231965,22232096,131
71055,22232096,22232363,267
71056,22232363,22232438,75
71057,22232438,22232454,16
71058,22232454,22232498,44
71059,22232498,22232502,4
71060,22232502,22232559,57
71061,22232559,22232565,6
71062,22232565,22232610,45
71063,22232610,22232651,41
71064,22232651,22232727,76
71065,22232727,22232784,57
71066,22232784,22232810,26
71067,22232810,22232860,50
71068,22232860,22232914,54
71069,22232914,22232973,59
71070,22232973,22233006,33
71071,22233006,22233036,30
71072,22233036,22233050,14
71073,22233050,22233063,13
71074,22233063,22233104,41
71075,22233104,22233120,16
71076,22233120,22233124,4
71077,22233124,22233234,110
71078,22233234,22233252,18
71079,22233252,22233279,27
71080,22233279,22233407,128
71081,22233407,22233593,186
71082,22233593,22233630,37
71083,22233630,22233635,5
71084,22233635,22233699,64
71085,22233699,22233760,61
71086,22233760,22233801,41
71087,22233801,22233858,57
71088,22233858,22233918,60
71089,22233918,22233992,74
71090,22233992,22234013,21
71091,22234013,22234031,18
71092,22234031,22234040,9
71093,22234040,22234066,26
71094,22234066,22234167,101
71095,22234167,22234172,5
71096,22234172,22234186,14
71097,22234186,22234195,9
71098,22234195,22234411,216
71099,22234411,22234428,17
71100,22234428,22234495,67
71101,22234495,22234521,26
71102,22234521,22234528,7
71103,22234528,22234558,30
71104,22234558,22234638,80
71105,22234865,22234889,24
71106,22234889,22234905,16
71107,22234905,22234976,71
71108,22234976,22234981,5
71109,22234981,22235069,88
71110,22235069,22235143,74
71111,22235143,22235416,273
71112,22235416,22235519,103
71113,22235519,22235556,37
71114,22235556,22235609,53
71115,22235609,22235648,39
71116,22235648,22235745,97
71117,22235745,22235770,25
71118,22235770,22235935,165
71119,22235935,22235978,43
71120,22235978,22236173,195
71121,22236173,22236181,8
71122,22236181,22236233,52
71123,22236233,22236258,25
71124,22236258,22236324,66
71125,22236324,22236369,45
71126,22236369,22236396,27
71127,22236396,22236412,16
71128,22236412,22236448,36
71129,22236448,22236507,59
71130,22236507,22236518,11
71131,22236518,22236670,152
71132,22236670,22236683,13
71133,22236683,22236701,18
71134,22236701,22236737,36
71135,22236737,22236746,9
71136,22236746,22236791,45
71137,22236791,22236960,169
71138,22236960,22237091,131
71139,22237091,22237358,267
71140,22237358,22237433,75
71141,22237433,22237449,16
71142,22237449,22237493,44
71143,22237493,22237497,4
71144,22237497,22237554,57
71145,22237554,22237560,6
71146,22237560,22237605,45
71147,22237605,22237646,41
71148,22237646,22237722,76
71149,22237722,22237779,57
71150,22237779,22237805,26
71151,22237805,22237855,50
71152,22237855,22237909,54
71153,22237909,22237968,59
71154,22237968,22238001,33
71155,22238001,22238031,30
71156,22238031,22238045,14
71157,22238045,22238058,13
71158,22238058,22238099,41
71159,22238099,22238115,16
71160,22238115,22238119,4
71161,22238119,22238229,110
71162,22238229,22238247,18
71163,22238247,22238274,27
71164,22238274,22238402,128
71165,22238402,22238588,186
71166,22238588,22238625,37
71167,22238625,22238694,69
71168,22238694,22238755,61
71169,22238797,22238854,57
71170,22238854,22238914,60
71171,22238914,22238988,74
71172,22238988,22239009,21
71173,22239009,22239027,18
71174,22239027,22239036,9
71175,22239036,22239062,26
71176,22239062,22239163,101
71177,22239163,22239168,5
71178,22239168,22239182,14
71179,22239182,22239191,9
71180,22239191,22239407,216
71181,22239407,22239424,17
71182,22239424,22239502,78
71183,22239502,22239528,26
71184,22239528,22239535,7
71185,22239535,22239565,30
71186,22239565,22239645,80
71187,22239645,22239743,98
71188,22239743,22239872,129
71189,22239872,22239896,24
71190,22239896,22239912,16
71191,22239912,22239983,71
71192,22239983,22239988,5
71193,22239988,22240076,88
71194,22240076,22240150,74
71195,22240423,22240526,103
71196,22240526,22240563,37
71197,22240616,22240655,39
71198,22240655,22240752,97
71199,22240752,22240777,25
71200,22240777,22240942,165
71201,22240942,22240985,43
71202,22240985,22241180,195
71203,22241180,22241188,8
71204,22241188,22241240,52
71205,22241240,22241265,25
71206,22241265,22241331,66
71207,22241331,22241376,45
71208,22241376,22241403,27
71209,22241403,22241419,16
71210,22241419,22241455,36
71211,22241455,22241514,59
71212,22241514,22241525,11
71213,22241525,22241677,152
71214,22241677,22241690,13
71215,22241690,22241708,18
71216,22241708,22241744,36
71217,22241744,22241753,9
71218,22241753,22241798,45
71219,22241798,22241967,169
71220,22241967,22242098,131
71221,22242098,22242365,267
71222,22242365,22242440,75
71223,22242456,22242500,44
71224,22242500,22242504,4
71225,22242561,22242567,6
71226,22242567,22242612,45
71227,22242612,22242653,41
71228,22242653,22242729,76
71229,22242729,22242786,57
71230,22242786,22242812,26
71231,22242812,22242862,50
71232,22242862,22242916,54
71233,22242916,22242975,59
71234,22242975,22243008,33
71235,22243008,22243038,30
71236,22243038,22243052,14
71237,22243052,22243065,13
71238,22243065,22243108,43
71239,22243108,22243124,16
71240,22243124,22243128,4
71241,22243128,22243238,110
71242,22243238,22243256,18
71243,22243283,22243411,128
71244,22243411,22243597,186
71245,22243597,22243634,37
71246,22243634,22243745,111
71247,22243745,22243806,61
71248,22243806,22243847,41
71249,22243847,22243904,57
71250,22243904,22243964,60
71251,22243964,22244038,74
71252,22244038,22244059,21
71253,22244059,22244077,18
71254,22244077,22244086,9
71255,22244086,22244112,26
71256,22244112,22244213,101
71257,22244213,22244218,5
71258,22244218,22244232,14
71259,22244232,22244241,9
71260,22244430,22244447,17
71261,22244447,22244525,78
71262,22244525,22244551,26
71263,22244551,22244558,7
71264,22244558,22244588,30
71265,22244588,22244668,80
71266,22244668,22244766,98
71267,22244766,22244895,129
71268,22244895,22244919,24
71269,22244919,22244935,16
71270,22244935,22245006,71
71271,22245006,22245011,5
71272,22245011,22245099,88
71273,22245099,22245173,74
71274,22245446,22245549,103
71275,22245549,22245586,37
71276,22245586,22245639,53
71277,22245639,22245678,39
71278,22245678,22245775,97
71279,22245775,22245800,25
71280,22245800,22245965,165
71281,22245965,22246008,43
71282,22246008,22246203,195
71283,22246203,22246211,8
71284,22246211,22246263,52
71285,22246263,22246288,25
71286,22246288,22246354,66
71287,22246354,22246399,45
71288,22246399,22246426,27
71289,22246426,22246442,16
71290,22246442,22246478,36
71291,22246478,22246542,64
71292,22246542,22246553,11
71293,22246705,22246718,13
71294,22246718,22246736,18
71295,22246736,22246772,36
71296,22246772,22246781,9
71297,22246781,22246826,45
71298,22246826,22246995,169
71299,22246995,22247126,131
71300,22247126,22247393,267
71301,22247393,22247468,75
71302,22247468,22247484,16
71303,22247484,22247528,44
71304,22247528,22247532,4
71305,22247532,22247589,57
71306,22247589,22247595,6
71307,22247595,22247640,45
71308,22247640,22247681,41
71309,22247681,22247757,76
71310,22247757,22247814,57
71311,22247814,22247840,26
71312,22247840,22247890,50
71313,22247890,22247944,54
71314,22247944,22248003,59
71315,22248003,22248036,33
71316,22248036,22248066,30
71317,22248066,22248080,14
71318,22248080,22248093,13
71319,22248093,22248150,57
71320,22248150,22248154,4
71321,22248154,22248264,110
71322,22248282,22248309,27
71323,22248309,22248437,128
71324,22248437,22248623,186
71325,22248623,22248660,37
71326,22248660,22248665,5
71327,22248665,22248729,64
71328,22248729,22248790,61
71329,22248790,22248831,41
71330,22248831,22248888,57
71331,22248948,22249022,74
71332,22249022,22249043,21
71333,22249043,22249061,18
71334,22249061,22249070,9
71335,22249070,22249096,26
71336,22249096,22249197,101
71337,22249197,22249202,5
71338,22249202,22249216,14
71339,22249216,22249225,9
71340,22249225,22249441,216
71341,22249441,22249458,17
71342,22249458,22249536,78
71343,22249536,22249562,26
71344,22249562,22249569,7
71345,22249569,22249599,30
71346,22249599,22249679,80
71347,22249679,22249777,98
71348,22249777,22249906,129
71349,22249906,22249930,24
71350,22249930,22249946,16
71351,22249946,22250017,71
71352,22250017,22250022,5
71353,22250022,22250110,88
71354,22250110,22250184,74
71355,22250432,22250535,103
71356,22250572,22250581,9
71357,22250625,22250664,39
71358,22250664,22250761,97
71359,22250786,22250951,165
71360,22250951,22250994,43
71361,22250994,22251189,195
71362,22251189,22251197,8
71363,22251249,22251274,25
71364,22251274,22251340,66
71365,22251340,22251385,45
71366,22251413,22251429,16
71367,22251429,22251465,36
71368,22251465,22251524,59
71369,22251524,22251535,11
71370,22251535,22251687,152
71371,22251687,22251700,13
71372,22251700,22251718,18
71373,22251718,22251754,36
71374,22251754,22251763,9
71375,22251763,22251808,45
71376,22251808,22251977,169
71377,22251977,22252108,131
71378,22252108,22252375,267
71379,22252421,22252437,16
71380,22252437,22252481,44
71381,22252481,22252485,4
71382,22252548,22252593,45
71383,22252593,22252634,41
71384,22252634,22252710,76
71385,22252994,22252999,5
71386,22253164,22253167,3
71387,22253364,22253368,4
71388,22253675,22253679,4
71389,22253889,22253896,7
71390,22254490,22254499,9
71391,22254828,22254831,3
71392,22254888,22254903,15
71393,22255005,22255010,5
71394,22255584,22255587,3
71395,22255644,22255653,9
71396,22255949,22255958,9
71397,22256007,22256013,6
71398,22256303,22256309,6
71399,22256410,22256415,5
71400,22256460,22256463,3
71401,22257141,22257149,8
71402,22257774,22257833,59
71403,22257888,22257936,48
71404,22257973,22257981,8
71405,22257981,22257993,12
71406,22257993,22258049,56
71407,22258049,22258069,20
71408,22258069,22258167,98
71409,22258167,22258190,23
71410,22258190,22258208,18
71411,22258208,22258237,29
71412,22258237,22258243,6
71413,22258243,22258275,32
71414,22258457,22258507,50
71415,22258507,22258516,9
71416,22258516,22258531,15
71417,22258595,22258620,25
71418,22259854,22259877,23
71419,22260062,22260126,64
71420,22260126,22260206,80
71421,22260270,22260273,3
71422,22260483,22260542,59
71423,22260697,22260705,8
71424,22260705,22260717,12
71425,22260717,22260784,67
71426,22260784,22260805,21
71427,22261693,22261698,5
71428,22262060,22262063,3
71429,22262123,22262129,6
71430,22262376,22262379,3
71431,22262610,22262665,55
71432,22262733,22262845,112
71433,22263108,22263114,6
71434,22263213,22263219,6
71435,22263468,22263477,9
71436,22263806,22263812,6
71437,22267210,22267216,6
71438,22267327,22267335,8
71439,22267654,22267662,8
71440,22267695,22267750,55
71441,22267817,22267929,112
71442,22268095,22268099,4
71443,22268099,22268107,8
71444,22268849,22268858,9
71445,22268976,22268981,5
71446,22269104,22269110,6
71447,22269136,22269143,7
71448,22269143,22269146,3
71449,22269146,22269150,4
71450,22269695,22269701,6
71451,22269701,22269738,37
71452,22269738,22269883,145
71453,22270142,22270162,20
71454,22270162,22270174,12
71455,22270174,22270267,93
71456,22270267,22270328,61
71457,22270328,22270355,27
71458,22270355,22270552,197
71459,22270552,22270627,75
71460,22270627,22271041,414
71461,22271041,22271050,9
71462,22271050,22271060,10
71463,22271060,22271282,222
71464,22271282,22271317,35
71465,22271317,22271339,22
71466,22271339,22271355,16
71467,22271355,22271679,324
71468,22271679,22271699,20
71469,22271699,22271711,12
71470,22271711,22271929,218
71471,22271929,22271938,9
71472,22271938,22271957,19
71473,22271957,22272081,124
71474,22272081,22272153,72
71475,22272153,22272181,28
71476,22272181,22272196,15
71477,22272196,22272216,20
71478,22272216,22272325,109
71479,22272325,22272412,87
71480,22272412,22272495,83
71481,22272495,22272532,37
71482,22272532,22272567,35
71483,22272702,22272900,198
71484,22273519,22273532,13
71485,22273532,22273677,145
71486,22273677,22273704,27
71487,22273704,22273742,38
71488,22273742,22273761,19
71489,22273761,22273951,190
71490,22273951,22273955,4
71491,22273955,22273970,15
71492,22273970,22274038,68
71493,22274038,22274057,19
71494,22274057,22274070,13
71495,22274070,22274120,50
71496,22274120,22274192,72
71497,22274192,22274219,27
71498,22274219,22274246,27
71499,22274246,22274254,8
71500,22274254,22274266,12
71501,22274266,22274302,36
71502,22274302,22274315,13
71503,22274315,22274411,96
71504,22274411,22274452,41
71505,22274452,22274545,93
71506,22274545,22274576,31
71507,22274576,22274618,42
71508,22274618,22274633,15
71509,22274633,22274692,59
71510,22274692,22274715,23
71511,22274715,22274756,41
71512,22274756,22274761,5
71513,22274761,22274770,9
71514,22274770,22274806,36
71515,22274806,22274850,44
71516,22274850,22274912,62
71517,22274912,22274930,18
71518,22274930,22274937,7
71519,22274937,22275032,95
71520,22275032,22275035,3
71521,22275035,22275180,145
71522,22275180,22275631,451
71523,22275759,22275774,15
71524,22275774,22275843,69
71525,22275843,22275935,92
71526,22275935,22276020,85
71527,22276020,22276057,37
71528,22276057,22276072,15
71529,22276072,22276178,106
71530,22276178,22276223,45
71531,22276223,22276254,31
71532,22276254,22276363,109
71533,22276751,22276879,128
71534,22276879,22276894,15
71535,22276894,22276963,69
71536,22276963,22277055,92
71537,22277055,22277140,85
71538,22277140,22277177,37
71539,22277177,22277192,15
71540,22277192,22277293,101
71541,22277293,22277338,45
71542,22277338,22277369,31
71543,22277369,22277557,188
71544,22277557,22277561,4
71545,22277561,22277576,15
71546,22277576,22277644,68
71547,22277732,22277743,11
71548,22277815,22277842,27
71549,22277842,22277869,27
71550,22277869,22277877,8
71551,22277877,22277889,12
71552,22277889,22277925,36
71553,22277925,22277938,13
71554,22278053,22278097,44
71555,22278097,22278159,62
71556,22278159,22278177,18
71557,22278177,22278184,7
71558,22278184,22278279,95
71559,22278279,22278282,3
71560,22278282,22278427,145
71561,22278427,22278878,451
71562,22279006,22279021,15
71563,22279021,22279090,69
71564,22279090,22279182,92
71565,22279182,22279267,85
71566,22279267,22279304,37
71567,22279304,22279319,15
71568,22279319,22279425,106
71569,22279425,22279470,45
71570,22279470,22279501,31
71571,22279501,22279610,109
71572,22280343,22280471,128
71573,22280471,22280486,15
71574,22280555,22280647,92
71575,22280647,22280732,85
71576,22280732,22280769,37
71577,22280769,22280784,15
71578,22280784,22280885,101
71579,22280885,22280930,45
71580,22280930,22280961,31
71581,22280961,22281149,188
71582,22281149,22281153,4
71583,22281153,22281168,15
71584,22281585,22281598,13
71585,22281598,22281743,145
71586,22281743,22281770,27
71587,22281770,22281808,38
71588,22281808,22281827,19
71589,22281827,22282017,190
71590,22282017,22282021,4
71591,22282021,22282036,15
71592,22282036,22282104,68
71593,22282104,22282123,19
71594,22282123,22282136,13
71595,22282136,22282186,50
71596,22282186,22282258,72
71597,22282258,22282285,27
71598,22282285,22282312,27
71599,22282312,22282320,8
71600,22282320,22282332,12
71601,22282332,22282368,36
71602,22282368,22282381,13
71603,22282381,22282477,96
71604,22282477,22282518,41
71605,22282611,22282642,31
71606,22282642,22282684,42
71607,22282684,22282699,15
71608,22282699,22282758,59
71609,22282758,22282781,23
71610,22282781,22282822,41
71611,22282822,22282827,5
71612,22282827,22282836,9
71613,22282836,22282872,36
71614,22282872,22282916,44
71615,22314972,22315424,452
71616,22315424,22315552,128
71617,22315552,22315567,15
71618,22315567,22315636,69
71619,22315636,22315728,92
71620,22315728,22315800,72
71621,22315800,22315845,45
71622,22315845,22315876,31
71623,22315876,22315985,109
71624,22315985,22316494,509
71625,22316494,22316652,158
71626,22316652,22316700,48
71627,22316700,22316778,78
71628,22317045,22317116,71
71629,22317116,22317167,51
71630,22317167,22317198,31
71631,22317198,22317277,79
71632,22317277,22317334,57
71633,22317334,22317342,8
71634,22317342,22317401,59
71635,22317401,22317421,20
71636,22317421,22317433,12
71637,22317433,22317526,93
71638,22317526,22317614,88
71639,22350158,22350316,158
71640,22350316,22350364,48
71641,22350364,22350442,78
71642,22350709,22350780,71
71643,22350780,22350831,51
71644,22350831,22350862,31
71645,22350862,22350941,79
71646,22350941,22350998,57
71647,22350998,22351006,8
71648,22351006,22351065,59
71649,22351065,22351085,20
71650,22351085,22351097,12
71651,22351097,22351190,93
71652,22351190,22351278,88
71653,22351474,22351549,75
71654,22351549,22351963,414
71655,22351963,22351972,9
71656,22351972,22351982,10
71657,22351982,22352204,222
71658,22352204,22352239,35
71659,22352239,22352261,22
71660,22352261,22352277,16
71661,22352277,22352601,324
71662,22352601,22352621,20
71663,22352621,22352633,12
71664,22352633,22352851,218
71665,22352851,22352860,9
71666,22352860,22352879,19
71667,22352879,22353003,124
71668,22353003,22353075,72
71669,22353075,22353103,28
71670,22353103,22353118,15
71671,22353118,22353138,20
71672,22353138,22353247,109
71673,22353247,22353334,87
71674,22353334,22353417,83
71675,22353417,22353454,37
71676,22353454,22353489,35
71677,22353489,22353624,135
71678,22353624,22353822,198
71679,22354388,22354419,31
71680,22354461,22354476,15
71681,22354546,22354587,41
71682,22354587,22354592,5
71683,22354592,22354601,9
71684,22354601,22354637,36
71685,22354637,22354681,44
71686,22354681,22354743,62
71687,22354743,22354761,18
71688,22354761,22354768,7
71689,22354768,22354863,95
71690,22354863,22354866,3
71691,22355590,22355605,15
71692,22355605,22355674,69
71693,22355674,22355766,92
71694,22355766,22355851,85
71695,22355851,22355888,37
71696,22356054,22356085,31
71697,22356711,22356726,15
71698,22356726,22356795,69
71699,22356887,22356959,72
71700,22356959,22357004,45
71701,22357004,22357035,31
71702,22357035,22357144,109
71703,22357653,22357811,158
71704,22357811,22357859,48
71705,22357859,22357937,78
71706,22357937,22358204,267
71707,22358204,22358275,71
71708,22358275,22358326,51
71709,22358326,22358357,31
71710,22358357,22358436,79
71711,22358436,22358493,57
71712,22358493,22358501,8
71713,22358501,22358561,60
71714,22358561,22358581,20
71715,22358581,22358593,12
71716,22358593,22358686,93
71717,22358686,22358747,61
71718,22358747,22358774,27
71719,22358774,22358971,197
71720,22358971,22359046,75
71721,22359046,22359460,414
71722,22359460,22359469,9
71723,22359469,22359479,10
71724,22359479,22359701,222
71725,22359701,22359736,35
71726,22359736,22359758,22
71727,22359758,22359774,16
71728,22359774,22360098,324
71729,22360098,22360118,20
71730,22360118,22360130,12
71731,22360130,22360348,218
71732,22360348,22360357,9
71733,22360357,22360376,19
71734,22360376,22360500,124
71735,22360572,22360600,28
71736,22360600,22360615,15
71737,22360615,22360635,20
71738,22360635,22360744,109
71739,22360744,22360831,87
71740,22360831,22360914,83
71741,22360914,22360951,37
71742,22360951,22360986,35
71743,22360986,22361121,135
71744,22361121,22361319,198
71745,22361938,22361951,13
71746,22361951,22362096,145
71747,22362096,22362123,27
71748,22362123,22362161,38
71749,22362161,22362180,19
71750,22362370,22362374,4
71751,22362374,22362389,15
71752,22362389,22362457,68
71753,22362457,22362476,19
71754,22362476,22362489,13
71755,22362489,22362539,50
71756,22362539,22362611,72
71757,22362611,22362638,27
71758,22362638,22362665,27
71759,22362665,22362673,8
71760,22362673,22362685,12
71761,22362685,22362721,36
71762,22362721,22362734,13
71763,22362734,22362830,96
71764,22362830,22362871,41
71765,22362871,22362964,93
71766,22362964,22362995,31
71767,22362995,22363037,42
71768,22363037,22363052,15
71769,22363052,22363111,59
71770,22363111,22363134,23
71771,22363175,22363180,5
71772,22363180,22363189,9
71773,22363189,22363225,36
71774,22363225,22363269,44
71775,22363269,22363331,62
71776,22363331,22363349,18
71777,22363349,22363356,7
71778,22363356,22363451,95
71779,22363451,22363454,3
71780,22363454,22363599,145
71781,22363599,22364051,452
71782,22364051,22364179,128
71783,22364179,22364194,15
71784,22364194,22364263,69
71785,22364263,22364355,92
71786,22364355,22364427,72
71787,22364427,22364472,45
71788,22364472,22364503,31
71789,22364503,22364612,109
71790,22364612,22365121,509
71791,22365121,22365279,158
71792,22365279,22365327,48
71793,22365327,22365405,78
71794,22365405,22365672,267
71795,22365743,22365794,51
71796,22365794,22365825,31
71797,22365825,22365904,79
71798,22365904,22365961,57
71799,22365961,22365969,8
71800,22365969,22366029,60
71801,22366029,22366049,20
71802,22366049,22366061,12
71803,22366061,22366154,93
71804,22366154,22366215,61
71805,22366215,22366242,27
71806,22366438,22366513,75
71807,22366513,22366927,414
71808,22366927,22366936,9
71809,22366936,22366946,10
71810,22366946,22367168,222
71811,22367168,22367203,35
71812,22367203,22367225,22
71813,22367225,22367241,16
71814,22367241,22367565,324
71815,22367565,22367585,20
71816,22367585,22367597,12
71817,22367597,22367815,218
71818,22368206,22368234,28
71819,22368234,22368249,15
71820,22368249,22368269,20
71821,22368269,22368378,109
71822,22368378,22368465,87
71823,22368548,22368585,37
71824,22368585,22368620,35
71825,22368620,22368755,135
71826,22368755,22368953,198
71827,22369572,22369585,13
71828,22369585,22369730,145
71829,22369730,22369757,27
71830,22369757,22369795,38
71831,22369795,22369814,19
71832,22369814,22370004,190
71833,22370004,22370008,4
71834,22370008,22370023,15
71835,22370023,22370091,68
71836,22370091,22370110,19
71837,22370110,22370123,13
71838,22370123,22370173,50
71839,22370173,22370245,72
71840,22370245,22370272,27
71841,22370272,22370299,27
71842,22370299,22370307,8
71843,22370307,22370319,12
71844,22370319,22370355,36
71845,22370355,22370368,13
71846,22370368,22370464,96
71847,22370464,22370505,41
71848,22370505,22370598,93
71849,22370598,22370629,31
71850,22370629,22370671,42
71851,22370671,22370686,15
71852,22370686,22370745,59
71853,22370745,22370768,23
71854,22370768,22370809,41
71855,22370809,22370814,5
71856,22370814,22370823,9
71857,22370823,22370859,36
71858,22370859,22370903,44
71859,22370903,22370965,62
71860,22370965,22370983,18
71861,22370983,22370990,7
71862,22370990,22371085,95
71863,22371085,22371088,3
71864,22371088,22371233,145
71865,22371827,22371896,69
71866,22372157,22372160,3
71867,22372207,22372211,4
71868,22372211,22372214,3
71869,22372214,22372224,10
71870,22374009,22374068,59
71871,22374123,22374171,48
71872,22374208,22374216,8
71873,22374216,22374228,12
71874,22374228,22374284,56
71875,22374284,22374304,20
71876,22374304,22374402,98
71877,22374402,22374425,23
71878,22374425,22374443,18
71879,22374443,22374472,29
71880,22374472,22374478,6
71881,22374478,22374510,32
71882,22374692,22374742,50
71883,22374742,22374751,9
71884,22374751,22374766,15
71885,22374830,22374855,25
71886,22375018,22375022,4
71887,22375559,22375566,7
71888,22375566,22375768,202
71889,22375768,22375866,98
71890,22375866,22375869,3
71891,22375869,22375911,42
71892,22375911,22375951,40
71893,22375951,22375965,14
71894,22375965,22376114,149
71895,22376114,22376218,104
71896,22376218,22376285,67
71897,22376285,22376357,72
71898,22376357,22376389,32
71899,22376389,22376484,95
71900,22376484,22376516,32
71901,22376516,22376604,88
71902,22376604,22376719,115
71903,22376719,22376730,11
71904,22376730,22376934,204
71905,22376934,22376957,23
71906,22376957,22376971,14
71907,22376971,22377040,69
71908,22377040,22377082,42
71909,22377082,22377143,61
71910,22377143,22377284,141
71911,22377284,22377313,29
71912,22377313,22377465,152
71913,22377465,22377742,277
71914,22377742,22377829,87
71915,22377829,22378205,376
71916,22378205,22378319,114
71917,22378319,22378739,420
71918,22378739,22378746,7
71919,22378746,22378948,202
71920,22378948,22379046,98
71921,22379046,22379049,3
71922,22379049,22379091,42
71923,22379091,22379131,40
71924,22379131,22379145,14
71925,22379145,22379294,149
71926,22379294,22379398,104
71927,22379398,22379465,67
71928,22379465,22379537,72
71929,22379537,22379569,32
71930,22379569,22379664,95
71931,22379664,22379696,32
71932,22379696,22379784,88
71933,22379784,22379899,115
71934,22379899,22379910,11
71935,22379910,22380114,204
71936,22380114,22380137,23
71937,22380137,22380151,14
71938,22380151,22380220,69
71939,22380220,22380262,42
71940,22380262,22380323,61
71941,22380323,22380464,141
71942,22380464,22380493,29
71943,22380493,22380645,152
71944,22380645,22380922,277
71945,22380922,22381009,87
71946,22381009,22381385,376
71947,22381385,22381499,114
71948,22381499,22381919,420
71949,22381919,22381926,7
71950,22382333,22382356,23
71951,22382540,22382604,64
71952,22382604,22382684,80
71953,22382748,22382751,3
71954,22382961,22383020,59
71955,22383160,22383168,8
71956,22383188,22383199,11
71957,22383276,22383279,3
71958,22383443,22383451,8
71959,22383572,22383575,3
71960,22383950,22383960,10
71961,22384800,22384855,55
71962,22384855,22384878,23
71963,22384878,22384898,20
71964,22385084,22385106,22
71965,22385106,22385274,168
71966,22385274,22385292,18
71967,22385292,22385348,56
71968,22385348,22385472,124
71969,22385472,22385500,28
71970,22385500,22385549,49
71971,22385549,22385715,166
71972,22386124,22386153,29
71973,22386241,22386257,16
71974,22386257,22386281,24
71975,22386970,22386974,4
71976,22387086,22387241,155
71977,22387241,22387399,158
71978,22387399,22387514,115
71979,22387514,22387532,18
71980,22387565,22387581,16
71981,22387581,22387603,22
71982,22387603,22387612,9
71983,22387788,22387815,27
71984,22387853,22388072,219
71985,22388072,22388087,15
71986,22388087,22388155,68
71987,22388155,22388174,19
71988,22388174,22388187,13
71989,22388187,22388226,39
71990,22388226,22388237,11
71991,22388237,22388309,72
71992,22388309,22388336,27
71993,22388336,22388363,27
71994,22388363,22388371,8
71995,22388371,22388383,12
71996,22388419,22388432,13
71997,22388432,22388528,96
71998,22388528,22388566,38
71999,22388566,22388741,175
72000,22388741,22388788,47
72001,22388788,22388888,100
72002,22388888,22388906,18
72003,22389054,22389071,17
72004,22389071,22389086,15
72005,22389086,22389190,104
72006,22389190,22389335,145
72007,22389458,22389495,37
72008,22389495,22389538,43
72009,22389538,22389665,127
72010,22389665,22389725,60
72011,22389725,22389741,16
72012,22389741,22389789,48
72013,22389911,22389921,10
72014,22389921,22390019,98
72015,22390019,22390356,337
72016,22390356,22390579,223
72017,22390579,22390612,33
72018,22390612,22390627,15
72019,22390627,22390728,101
72020,22390728,22390781,53
72021,22390781,22390906,125
72022,22390906,22390928,22
72023,22390928,22391019,91
72024,22391019,22391069,50
72025,22391069,22391075,6
72026,22391075,22391105,30
72027,22391105,22391277,172
72028,22391277,22391476,199
72029,22391476,22391677,201
72030,22391747,22391801,54
72031,22391801,22391942,141
72032,22391976,22392098,122
72033,22392278,22392327,49
72034,22392327,22392334,7
72035,22392382,22392537,155
72036,22392537,22392695,158
72037,22392695,22392810,115
72038,22392810,22392828,18
72039,22392861,22392877,16
72040,22392877,22392899,22
72041,22392899,22392908,9
72042,22393084,22393111,27
72043,22393111,22393149,38
72044,22393149,22393368,219
72045,22393368,22393383,15
72046,22393383,22393451,68
72047,22393451,22393470,19
72048,22393470,22393483,13
72049,22393483,22393522,39
72050,22393522,22393533,11
72051,22393533,22393605,72
72052,22393605,22393632,27
72053,22393632,22393659,27
72054,22393659,22393667,8
72055,22393667,22393679,12
72056,22393715,22393728,13
72057,22393728,22393824,96
72058,22393824,22393862,38
72059,22393862,22394037,175
72060,22394037,22394084,47
72061,22394184,22394202,18
72062,22394350,22394367,17
72063,22394367,22394382,15
72064,22394382,22394486,104
72065,22394486,22394631,145
72066,22394754,22394791,37
72067,22394791,22394834,43
72068,22394834,22394961,127
72069,22394961,22395021,60
72070,22395021,22395037,16
72071,22395037,22395085,48
72072,22395207,22395217,10
72073,22395217,22395315,98
72074,22395315,22395652,337
72075,22395652,22395875,223
72076,22395875,22395908,33
72077,22395908,22395923,15
72078,22395923,22396024,101
72079,22396024,22396077,53
72080,22396077,22396202,125
72081,22396202,22396224,22
72082,22396224,22396315,91
72083,22396315,22396365,50
72084,22396365,22396371,6
72085,22396371,22396401,30
72086,22396401,22396573,172
72087,22396573,22396772,199
72088,22396772,22396973,201
72089,22397040,22397094,54
72090,22397094,22397235,141
72091,22397270,22397392,122
72092,22397572,22397621,49
72093,22397621,22397628,7
72094,22397764,22397770,6
72095,22398134,22398143,9
72096,22398932,22399005,73
72097,22399005,22399022,17
72098,22399180,22399261,81
72099,22399518,22399541,23
72100,22399794,22399812,18
72101,22400301,22400304,3
72102,22401133,22401142,9
72103,22401674,22401747,73
72104,22401747,22401764,17
72105,22401929,22402010,81
72106,22402815,22402822,7
72107,22404418,22404424,6
72108,22404565,22404574,9
72109,22404574,22404585,11
72110,22405190,22405197,7
72111,22405584,22405593,9
72112,22405707,22405713,6
72113,22406217,22406222,5
72114,22407300,22407355,55
72115,22407355,22407378,23
72116,22407378,22407398,20
72117,22407583,22407605,22
72118,22407605,22407773,168
72119,22407773,22407791,18
72120,22407791,22407847,56
72121,22407847,22407971,124
72122,22407971,22407999,28
72123,22407999,22408048,49
72124,22408048,22408214,166
72125,22408623,22408652,29
72126,22408740,22408756,16
72127,22408756,22408780,24
72128,22409004,22409064,60
72129,22409229,22409237,8
72130,22409384,22409390,6
72131,22409526,22409532,6
72132,22410070,22410074,4
72133,22411519,22411526,7
72134,22413061,22413121,60
72135,22413509,22413513,4
72136,22413934,22414049,115
72137,22414049,22414067,18
72138,22414100,22414116,16
72139,22414323,22414350,27
72140,22414350,22414388,38
72141,22414585,22414589,4
72142,22414589,22414604,15
72143,22414672,22414691,19
72144,22414691,22414704,13
72145,22414704,22414743,39
72146,22414743,22414754,11
72147,22414754,22414826,72
72148,22414826,22414853,27
72149,22414880,22414888,8
72150,22414888,22414900,12
72151,22414900,22414936,36
72152,22414936,22414949,13
72153,22415045,22415083,38
72154,22415185,22415285,100
72155,22415285,22415303,18
72156,22415478,22415495,17
72157,22415603,22415607,4
72158,22415692,22415720,28
72159,22415912,22415915,3
72160,22415915,22415922,7
72161,22415922,22415936,14
72162,22416961,22416969,8
72163,22416993,22416997,4
72164,22417284,22417293,9
72165,22417313,22417318,5
72166,22417406,22417414,8
72167,22418334,22418338,4
72168,22421144,22421148,4
72169,22421148,22421154,6
72170,22421305,22421313,8
72171,22421842,22421849,7
72172,22421849,22421855,6
72173,22422368,22422377,9
72174,22422398,22422403,5
72175,22422814,22422820,6
72176,22423194,22423199,5
72177,22424125,22424179,54
72178,22424301,22424324,23
72179,22424370,22424386,16
72180,22424673,22424687,14
72181,22424687,22424693,6
72182,22424741,22424744,3
72183,22424744,22424751,7
72184,22424970,22425031,61
72185,22425153,22425175,22
72186,22425175,22425182,7
72187,22425286,22425314,28
72188,22425314,22425342,28
72189,22425426,22425437,11
72190,22425437,22425442,5
72191,22425442,22425456,14
72192,22425456,22425479,23
72193,22426311,22426339,28
72194,22426506,22426509,3
72195,22426509,22426516,7
72196,22426516,22426530,14
72197,22426858,22426867,9
72198,22426962,22426969,7
72199,22427201,22427210,9
72200,22428128,22428131,3
72201,22428356,22428361,5
72202,22428361,22428369,8
72203,22429562,22429570,8
72204,22430002,22430007,5
72205,22430601,22430652,51
72206,22430652,22430658,6
72207,22430658,22430822,164
72208,22430896,22430915,19
72209,22431411,22431414,3
72210,22431559,22431587,28
72211,22431662,22431667,5
72212,22431667,22431677,10
72213,22431914,22431990,76
72214,22431990,22432024,34
72215,22432024,22432038,14
72216,22432751,22432756,5
72217,22432991,22432996,5
72218,22432996,22432999,3
72219,22433388,22433397,9
72220,22433570,22433607,37
72221,22433607,22433637,30
72222,22433637,22433644,7
72223,22433836,22433893,57
72224,22433893,22433908,15
72225,22433908,22433920,12
72226,22433920,22433932,12
72227,22433932,22433964,32
72228,22433964,22433977,13
72229,22434165,22434171,6
72230,22434171,22434176,5
72231,22434886,22434895,9
72232,22434936,22434939,3
72233,22435158,22435163,5
72234,22435364,22435386,22
72235,22435622,22435628,6
72236,22435896,22435920,24
72237,22436308,22436316,8
72238,22436316,22436330,14
72239,22436428,22436433,5
72240,22436607,22436610,3
72241,22436656,22436661,5
72242,22436699,22436708,9
72243,22438306,22438332,26
72244,22438332,22438346,14
72245,22438495,22438499,4
72246,22438499,22438520,21
72247,22438520,22438552,32
72248,22438657,22438660,3
72249,22438897,22438914,17
72250,22439145,22439212,67
72251,22439335,22439372,37
72252,22439372,22439415,43
72253,22439704,22439714,10
72254,22439950,22439958,8
72255,22440199,22440235,36
72256,22440235,22440238,3
72257,22440238,22440248,10
72258,22440248,22440347,99
72259,22440578,22440605,27
72260,22440605,22440686,81
72261,22440686,22440770,84
72262,22440770,22440834,64
72263,22440834,22440868,34
72264,22440868,22441038,170
72265,22441038,22441042,4
72266,22441382,22441386,4
72267,22441386,22441407,21
72268,22441496,22441517,21
72269,22441517,22441652,135
72270,22441652,22441747,95
72271,22442132,22442136,4
72272,22442390,22442400,10
72273,22442978,22442984,6
72274,22443766,22443773,7
72275,22444057,22444065,8
72276,22444086,22444094,8
72277,22445396,22445401,5
72278,22445401,22445407,6
72279,22445901,22445911,10
72280,22445911,22445916,5
72281,22448593,22448603,10
72282,22448968,22448976,8
72283,22449265,22449270,5
72284,22449389,22449394,5
72285,22449718,22449724,6
72286,22451406,22451415,9
72287,22451580,22451585,5
72288,22451897,22451905,8
72289,22452008,22452017,9
72290,22452152,22452163,11
72291,22452163,22452170,7
72292,22452170,22452177,7
72293,22453345,22453352,7
72294,22453975,22453981,6
72295,22454119,22454125,6
72296,22454170,22454176,6
72297,22454176,22454179,3
72298,22454431,22454434,3
72299,22454672,22454677,5
72300,22454677,22454683,6
72301,22454790,22454793,3
72302,22454805,22454808,3
72303,22454808,22454811,3
72304,22454811,22454818,7
72305,22455934,22455937,3
72306,22456639,22456643,4
72307,22457263,22457271,8
72308,22457514,22457524,10
72309,22457524,22457527,3
72310,22458287,22458297,10
72311,22458297,22458304,7
72312,22458647,22458657,10
72313,22458657,22458662,5
72314,22459156,22459162,6
72315,22459162,22459168,6
72316,22459566,22459574,8
72317,22459574,22459582,8
72318,22459737,22459748,11
72319,22461171,22461176,5
72320,22461805,22461814,9
72321,22463188,22463191,3
72322,22463680,22463686,6
72323,22464035,22464044,9
72324,22464616,22464619,3
72325,22466326,22466329,3
72326,22466392,22466397,5
72327,22466939,22466947,8
72328,22466969,22466973,4
72329,22470493,22470498,5
72330,22471186,22471193,7
72331,22472219,22472225,6
72332,22473388,22473393,5
72333,22473804,22473812,8
72334,22474121,22474126,5
72335,22475045,22475048,3
72336,22475234,22475240,6
72337,22475240,22475246,6
72338,22475521,22475524,3
72339,22475709,22475716,7
72340,22475716,22475720,4
72341,22475813,22475819,6
72342,22476613,22476617,4
72343,22476680,22476686,6
72344,22476686,22476690,4
72345,22477117,22477123,6
72346,22477261,22477267,6
72347,22477545,22477552,7
72348,22477615,22477618,3
72349,22478593,22478597,4
72350,22478597,22478603,6
72351,22480488,22480492,4
72352,22480647,22480653,6
72353,22482516,22482523,7
72354,22482523,22482533,10
72355,22482533,22482537,4
72356,22483485,22483491,6
72357,22484809,22484815,6
72358,22485088,22485094,6
72359,22485094,22485100,6
72360,22485694,22485697,3
72361,22486020,22486031,11
72362,22486063,22486068,5
72363,22486068,22486074,6
72364,22486309,22486315,6
72365,22487772,22487780,8
72366,22489603,22489612,9
72367,22490820,22490827,7
72368,22490950,22490953,3
72369,22491473,22491478,5
72370,22491538,22491544,6
72371,22491544,22491549,5
72372,22491549,22491559,10
72373,22491559,22491569,10
72374,22492388,22492391,3
72375,22492451,22492455,4
72376,22493202,22493211,9
72377,22493888,22493894,6
72378,22494508,22494514,6
72379,22495679,22495684,5
72380,22495765,22495768,3
72381,22496040,22496050,10
72382,22496306,22496309,3
72383,22496508,22496513,5
72384,22497416,22497419,3
72385,22497538,22497545,7
72386,22497545,22497554,9
72387,22497730,22497740,10
72388,22498361,22498370,9
72389,22498370,22498382,12
72390,22501008,22501017,9
72391,22501340,22501349,9
72392,22501539,22501542,3
72393,22502453,22502457,4
72394,22502901,22502908,7
72395,22503368,22503376,8
72396,22504557,22504561,4
72397,22504582,22504592,10
72398,22505232,22505240,8
72399,22505318,22505322,4
72400,22505610,22505613,3
72401,22505613,22505616,3
72402,22505616,22505622,6
72403,22505736,22505739,3
72404,22506248,22506253,5
72405,22506253,22506259,6
72406,22506284,22506295,11
72407,22506295,22506303,8
72408,22506532,22506538,6
72409,22506589,22506621,32
72410,22506621,22506634,13
72411,22506869,22506878,9
72412,22507107,22507112,5
72413,22507382,22507391,9
72414,22509295,22509299,4
72415,22509400,22509404,4
72416,22510159,22510168,9
72417,22510999,22511005,6
72418,22511005,22511009,4
72419,22511733,22511740,7
72420,22512131,22512139,8
72421,22512903,22512910,7
72422,22512965,22512972,7
72423,22513352,22513358,6
72424,22516658,22516664,6
72425,22516664,22516680,16
72426,22517532,22517536,4
72427,22518309,22518319,10
72428,22519743,22519750,7
72429,22520456,22520464,8
72430,22520464,22520470,6
72431,22520763,22520768,5
72432,22520859,22520865,6
72433,22520865,22520868,3
72434,22520880,22520889,9
72435,22522140,22522145,5
72436,22522804,22523108,304
72437,22523721,22523729,8
72438,22523885,22524039,154
72439,22524039,22524193,154
72440,22524193,22524347,154
72441,22524347,22524470,123
72442,22524470,22524624,154
72443,22524624,22524747,123
72444,22524747,22524901,154
72445,22524901,22525057,156
72446,22525057,22525098,41
72447,22525098,22525118,20
72448,22525118,22525129,11
72449,22525129,22525141,12
72450,22525141,22525229,88
72451,22525229,22525240,11
72452,22525240,22525278,38
72453,22525278,22525383,105
72454,22525383,22525411,28
72455,22527563,22527568,5
72456,22527651,22527655,4
72457,22527655,22527660,5
72458,22527693,22527701,8
72459,22528170,22528179,9
72460,22528494,22528500,6
72461,22528979,22528989,10
72462,22529039,22529043,4
72463,22529277,22529281,4
72464,22531177,22531184,7
72465,22532321,22532326,5
72466,22533864,22533874,10
72467,22533874,22533877,3
72468,22534613,22534616,3
72469,22535316,22535324,8
72470,22535555,22535560,5
72471,22536273,22536279,6
72472,22537498,22537507,9
72473,22538386,22538392,6
72474,22538450,22538453,3
72475,22538600,22538605,5
72476,22538605,22538614,9
72477,22539623,22539633,10
72478,22539842,22539845,3
72479,22540207,22540217,10
72480,22541803,22541811,8
72481,22542129,22542135,6
72482,22544982,22544990,8
72483,22545129,22545137,8
72484,22545137,22545144,7
72485,22546291,22546295,4
72486,22547951,22547956,5
72487,22547956,22547965,9
72488,22547965,22547976,11
72489,22548098,22548104,6
72490,22548576,22548585,9
72491,22548682,22548691,9
72492,22550759,22550763,4
72493,22550835,22550841,6
72494,22551037,22551043,6
72495,22551869,22551943,74
72496,22551943,22551978,35
72497,22551978,22551990,12
72498,22551990,22552113,123
72499,22552113,22552116,3
72500,22552116,22552122,6
72501,22552122,22552125,3
72502,22552125,22552152,27
72503,22552152,22552239,87
72504,22552239,22552242,3
72505,22552242,22552356,114
72506,22552356,22552363,7
72507,22552363,22552401,38
72508,22552401,22552447,46
72509,22552447,22552494,47
72510,22552494,22552663,169
72511,22552663,22552708,45
72512,22552708,22552934,226
72513,22553159,22553194,35
72514,22553194,22553253,59
72515,22553412,22553554,142
72516,22553554,22553594,40
72517,22553594,22553599,5
72518,22553599,22553610,11
72519,22553610,22553722,112
72520,22553722,22553869,147
72521,22553869,22553931,62
72522,22553931,22553985,54
72523,22553985,22554018,33
72524,22554018,22554031,13
72525,22554031,22554037,6
72526,22554215,22554220,5
72527,22554220,22554298,78
72528,22554298,22554379,81
72529,22554379,22554424,45
72530,22554424,22554610,186
72531,22554610,22554712,102
72532,22554712,22554720,8
72533,22554720,22554763,43
72534,22554763,22554803,40
72535,22554803,22554813,10
72536,22554991,22555009,18
72537,22555009,22555047,38
72538,22555047,22555050,3
72539,22555050,22555103,53
72540,22555103,22555213,110
72541,22555213,22555296,83
72542,22555296,22555426,130
72543,22555426,22555478,52
72544,22555478,22555498,20
72545,22555498,22555614,116
72546,22555614,22555676,62
72547,22555676,22555968,292
72548,22555968,22556045,77
72549,22556275,22556281,6
72550,22557432,22557452,20
72551,22557803,22557812,9
72552,22558281,22558284,3
72553,22561270,22561296,26
72554,22561296,22561310,14
72555,22561459,22561463,4
72556,22561463,22561484,21
72557,22561484,22561516,32
72558,22561596,22561620,24
72559,22561850,22561854,4
72560,22561854,22561875,21
72561,22562119,22562130,11
72562,22562130,22562235,105
72563,22563030,22563038,8
72564,22563038,22563041,3
72565,22563085,22563092,7
72566,22563867,22563874,7
72567,22563954,22563962,8
72568,22563962,22563965,3
72569,22564338,22564345,7
72570,22564345,22564348,3
72571,22564430,22564437,7
72572,22565071,22565108,37
72573,22565108,22565130,22
72574,22565130,22565153,23
72575,22565389,22565437,48
72576,22565437,22565637,200
72577,22565637,22565659,22
72578,22565659,22565779,120
72579,22565779,22565980,201
72580,22565980,22565986,6
72581,22565986,22566016,30
72582,22566016,22566079,63
72583,22566079,22566149,70
72584,22566149,22566184,35
72585,22566184,22566312,128
72586,22566312,22566331,19
72587,22566331,22566403,72
72588,22566403,22566406,3
72589,22566406,22566495,89
72590,22566495,22566512,17
72591,22566512,22566569,57
72592,22566569,22566610,41
72593,22566610,22566700,90
72594,22566700,22566777,77
72595,22566777,22566871,94
72596,22567123,22567141,18
72597,22567141,22567169,28
72598,22567169,22567182,13
72599,22567182,22567188,6
72600,22567188,22567370,182
72601,22567444,22567448,4
72602,22567448,22567455,7
72603,22567455,22567509,54
72604,22567509,22567546,37
72605,22567546,22567665,119
72606,22567665,22567704,39
72607,22567890,22568058,168
72608,22568058,22568075,17
72609,22568075,22568139,64
72610,22568139,22568151,12
72611,22568151,22568472,321
72612,22568472,22568481,9
72613,22568481,22568508,27
72614,22568508,22568553,45
72615,22568553,22568600,47
72616,22568690,22568718,28
72617,22568718,22568732,14
72618,22568732,22568853,121
72619,22568853,22568982,129
72620,22568982,22569114,132
72621,22569114,22569141,27
72622,22569141,22569207,66
72623,22569207,22569326,119
72624,22569326,22569369,43
72625,22569369,22569437,68
72626,22569437,22569572,135
72627,22569572,22569578,6
72628,22569940,22570001,61
72629,22570001,22570037,36
72630,22570405,22570411,6
72631,22571743,22571757,14
72632,22571956,22571959,3
72633,22571996,22572001,5
72634,22573555,22573560,5
72635,22573840,22573843,3
72636,22574986,22574996,10
72637,22575423,22575433,10
72638,22575615,22575625,10
72639,22576151,22576157,6
72640,22576200,22576209,9
72641,22576840,22576860,20
72642,22577319,22577323,4
72643,22583547,22583554,7
72644,22584745,22584748,3
72645,22584987,22584993,6
72646,22585597,22585602,5
72647,22585602,22585609,7
72648,22585892,22585895,3
72649,22585992,22585996,4
72650,22586109,22586115,6
72651,22586115,22586118,3
72652,22586118,22586126,8
72653,22586261,22586265,4
72654,22586276,22586282,6
72655,22586557,22586566,9
72656,22586566,22586573,7
72657,22586636,22586642,6
72658,22587025,22587028,3
72659,22587144,22587151,7
72660,22588136,22588142,6
72661,22588284,22588294,10
72662,22588294,22588302,8
72663,22589479,22589484,5
72664,22589516,22589522,6
72665,22589549,22589553,4
72666,22589553,22589557,4
72667,22590468,22590475,7
72668,22592258,22592264,6
72669,22592264,22592268,4
72670,22592486,22592492,6
72671,22594371,22594375,4
72672,22594725,22594730,5
72673,22595654,22595657,3
72674,22596489,22596495,6
72675,22596495,22596499,4
72676,22599235,22599246,11
72677,22599612,22599615,3
72678,22599726,22599729,3
72679,22599729,22599739,10
72680,22600113,22600119,6
72681,22602059,22602065,6
72682,22602065,22602081,16
72683,22602414,22602430,16
72684,22604372,22604380,8
72685,22604380,22604385,5
72686,22604441,22604445,4
72687,22607000,22607009,9
72688,22607035,22607044,9
72689,22607044,22607050,6
72690,22607050,22607053,3
72691,22607053,22607056,3
72692,22608616,22608620,4
72693,22608728,22608731,3
72694,22608791,22608797,6
72695,22609449,22609456,7
72696,22609456,22609463,7
72697,22613499,22613504,5
72698,22613504,22613509,5
72699,22613842,22613851,9
72700,22617539,22617546,7
72701,22618141,22618148,7
72702,22618755,22618761,6
72703,22620089,22620097,8
72704,22620701,22620815,114
72705,22620815,22620835,20
72706,22620835,22620969,134
72707,22620969,22621079,110
72708,22621079,22621426,347
72709,22621426,22621462,36
72710,22621462,22621492,30
72711,22621492,22621509,17
72712,22621509,22621556,47
72713,22621556,22621582,26
72714,22621582,22621762,180
72715,22621762,22621803,41
72716,22621803,22621809,6
72717,22621809,22621855,46
72718,22621855,22621871,16
72719,22621871,22622109,238
72720,22622109,22622307,198
72721,22622307,22622369,62
72722,22622369,22622632,263
72723,22622632,22622648,16
72724,22622648,22622689,41
72725,22622689,22622735,46
72726,22622735,22622791,56
72727,22622791,22622808,17
72728,22622808,22622868,60
72729,22622868,22622886,18
72730,22622886,22622973,87
72731,22622973,22622997,24
72732,22622997,22623013,16
72733,22623013,22623018,5
72734,22623018,22623235,217
72735,22623235,22623297,62
72736,22623297,22623333,36
72737,22623333,22623370,37
72738,22623370,22623434,64
72739,22623434,22623438,4
72740,22623438,22623451,13
72741,22623451,22623630,179
72742,22623630,22623633,3
72743,22623633,22623705,72
72744,22623786,22623857,71
72745,22623857,22623874,17
72746,22623874,22623959,85
72747,22623959,22623963,4
72748,22623963,22624013,50
72749,22624013,22624044,31
72750,22624044,22624074,30
72751,22624074,22624152,78
72752,22624152,22624276,124
72753,22624276,22624318,42
72754,22624318,22624330,12
72755,22624330,22624356,26
72756,22624356,22624389,33
72757,22624389,22624533,144
72758,22624533,22624593,60
72759,22624593,22624632,39
72760,22624632,22624674,42
72761,22624674,22624680,6
72762,22624680,22625013,333
72763,22625013,22625055,42
72764,22625055,22625100,45
72765,22625100,22625105,5
72766,22625105,22625209,104
72767,22625209,22625278,69
72768,22625278,22625325,47
72769,22625325,22625328,3
72770,22625328,22625351,23
72771,22625690,22625947,257
72772,22625947,22626020,73
72773,22626020,22626091,71
72774,22626091,22626094,3
72775,22626094,22626130,36
72776,22626130,22626174,44
72777,22626174,22626199,25
72778,22626199,22626498,299
72779,22626498,22626612,114
72780,22626612,22626632,20
72781,22626840,22626845,5
72782,22627136,22627141,5
72783,22627141,22627152,11
72784,22627939,22627946,7
72785,22629233,22629239,6
72786,22629279,22629284,5
72787,22629284,22629292,8
72788,22629292,22629300,8
72789,22629300,22629306,6
72790,22629437,22629453,16
72791,22631761,22631770,9
72792,22633359,22633365,6
72793,22633871,22633878,7
72794,22633899,22633903,4
72795,22633903,22633908,5
72796,22633992,22633995,3
72797,22634509,22634515,6
72798,22635852,22635856,4
72799,22636447,22636455,8
72800,22637866,22637872,6
72801,22637872,22637875,3
72802,22638085,22638089,4
72803,22638486,22638502,16
72804,22638502,22638508,6
72805,22640180,22640183,3
72806,22640183,22640189,6
72807,22640443,22640449,6
72808,22640610,22640617,7
72809,22640864,22640872,8
72810,22640872,22640888,16
72811,22641603,22641606,3
72812,22641606,22641613,7
72813,22641742,22641745,3
72814,22642695,22642704,9
72815,22642704,22642708,4
72816,22642740,22642743,3
72817,22643153,22643158,5
72818,22643396,22643402,6
72819,22643402,22643406,4
72820,22644352,22644356,4
72821,22645394,22645398,4
72822,22645617,22645623,6
72823,22646045,22646050,5
72824,22647004,22647007,3
72825,22647364,22647380,16
72826,22647879,22647887,8
72827,22649524,22649535,11
72828,22649688,22649698,10
72829,22649998,22650005,7
72830,22650005,22650014,9
72831,22650271,22650277,6
72832,22650277,22650281,4
72833,22650374,22650385,11
72834,22651517,22651533,16
72835,22651993,22651996,3
72836,22653461,22653464,3
72837,22653840,22653856,16
72838,22653856,22653862,6
72839,22654499,22654503,4
72840,22655765,22655773,8
72841,22655814,22655823,9
72842,22655889,22655895,6
72843,22656373,22656377,4
72844,22656911,22656918,7
72845,22657194,22657205,11
72846,22657798,22657802,4
72847,22658963,22658969,6
72848,22659587,22659591,4
72849,22659607,22659616,9
72850,22660062,22660067,5
72851,22660244,22660250,6
72852,22660250,22660256,6
72853,22660616,22660625,9
72854,22663243,22663249,6
72855,22663265,22663270,5
72856,22663665,22663671,6
72857,22664015,22664018,3
72858,22665670,22665676,6
72859,22665919,22665924,5
72860,22666966,22666976,10
72861,22668280,22668286,6
72862,22669107,22669110,3
72863,22669222,22669228,6
72864,22670122,22670129,7
72865,22670697,22670702,5
72866,22670856,22670862,6
72867,22672477,22672485,8
72868,22673575,22673583,8
72869,22673800,22673809,9
72870,22674788,22674791,3
72871,22675877,22675884,7
72872,22676083,22676090,7
72873,22680031,22680037,6
72874,22681510,22681515,5
72875,22681705,22681750,45
72876,22681750,22681828,78
72877,22682762,22682776,14
72878,22684215,22684219,4
72879,22684626,22684630,4
72880,22684951,22684954,3
72881,22685159,22685171,12
72882,22686069,22686074,5
72883,22686609,22686617,8
72884,22686617,22686647,30
72885,22686932,22686938,6
72886,22687040,22687046,6
72887,22687151,22687157,6
72888,22687342,22687346,4
72889,22687392,22687398,6
72890,22688405,22688408,3
72891,22688774,22688819,45
72892,22688819,22688897,78
72893,22689045,22689051,6
72894,22691540,22691548,8
72895,22692171,22692175,4
72896,22692863,22692872,9
72897,22693051,22693059,8
72898,22693940,22693946,6
72899,22693946,22693956,10
72900,22694184,22694190,6
72901,22694461,22694464,3
72902,22695104,22695108,4
72903,22695338,22695342,4
72904,22695468,22695475,7
72905,22697797,22697928,131
72906,22697928,22697981,53
72907,22697981,22698006,25
72908,22698006,22698016,10
72909,22698016,22698022,6
72910,22698022,22698031,9
72911,22698031,22698038,7
72912,22698038,22698096,58
72913,22698096,22698203,107
72914,22698203,22698316,113
72915,22698316,22698320,4
72916,22698320,22698487,167
72917,22698487,22698521,34
72918,22698521,22698652,131
72919,22698652,22698661,9
72920,22698661,22698666,5
72921,22698666,22698941,275
72922,22698941,22698962,21
72923,22698962,22698994,32
72924,22698994,22699024,30
72925,22699024,22699067,43
72926,22699067,22699092,25
72927,22699092,22699117,25
72928,22699117,22699126,9
72929,22699126,22699175,49
72930,22699386,22699400,14
72931,22699400,22699411,11
72932,22699411,22699424,13
72933,22699424,22699452,28
72934,22699452,22699511,59
72935,22699511,22699554,43
72936,22699554,22699575,21
72937,22699575,22699600,25
72938,22699600,22699694,94
72939,22699694,22699751,57
72940,22699751,22699781,30
72941,22699781,22699800,19
72942,22699800,22699828,28
72943,22699828,22699898,70
72944,22699898,22700010,112
72945,22700010,22700021,11
72946,22700021,22700026,5
72947,22700026,22700048,22
72948,22700048,22700062,14
72949,22700062,22700151,89
72950,22700151,22700348,197
72951,22700348,22700367,19
72952,22700367,22700568,201
72953,22700568,22700584,16
72954,22700584,22700598,14
72955,22700598,22700686,88
72956,22700686,22700697,11
72957,22700697,22700714,17
72958,22700714,22700722,8
72959,22700722,22700783,61
72960,22700783,22700808,25
72961,22700808,22700843,35
72962,22700843,22700847,4
72963,22700847,22700912,65
72964,22700912,22700933,21
72965,22700933,22700957,24
72966,22700957,22701082,125
72967,22701082,22701126,44
72968,22701126,22701194,68
72969,22701194,22701230,36
72970,22701230,22701257,27
72971,22701257,22701361,104
72972,22701361,22701457,96
72973,22701457,22701620,163
72974,22701620,22701658,38
72975,22701658,22701744,86
72976,22702909,22702918,9
72977,22703485,22703488,3
72978,22704066,22704074,8
72979,22704759,22704770,11
72980,22705491,22705499,8
72981,22705533,22705541,8
72982,22705706,22705718,12
72983,22705718,22705724,6
72984,22705962,22705967,5
72985,22708603,22708610,7
72986,22708886,22708895,9
72987,22710024,22710032,8
72988,22711035,22711043,8
72989,22711043,22711049,6
72990,22712748,22712751,3
72991,22712751,22712754,3
72992,22712754,22712762,8
72993,22713350,22713356,6
72994,22713434,22713440,6
72995,22713440,22713453,13
72996,22714131,22714139,8
72997,22714578,22714584,6
72998,22714584,22714588,4
72999,22715573,22715576,3
73000,22715677,22715681,4
73001,22715681,22715687,6
73002,22716116,22716123,7
73003,22717181,22717187,6
73004,22718213,22718218,5
73005,22718255,22718260,5
73006,22718715,22718722,7
73007,22719221,22719225,4
73008,22719225,22719231,6
73009,22719574,22719578,4
73010,22719926,22719931,5
73011,22720143,22720146,3
73012,22720847,22720857,10
73013,22721205,22721213,8
73014,22721381,22721384,3
73015,22722689,22722697,8
73016,22722910,22722918,8
73017,22723175,22723178,3
73018,22724660,22724664,4
73019,22724859,22724862,3
73020,22726313,22726320,7
73021,22726497,22726503,6
73022,22726503,22726509,6
73023,22726947,22726970,23
73024,22727115,22727118,3
73025,22727225,22727230,5
73026,22727632,22727635,3
73027,22727997,22728002,5
73028,22729308,22729314,6
73029,22729685,22729696,11
73030,22730450,22730457,7
73031,22731052,22731058,6
73032,22731145,22731149,4
73033,22731149,22731152,3
73034,22733627,22733630,3
73035,22734318,22734327,9
73036,22735044,22735053,9
73037,22735053,22735056,3
73038,22735056,22735059,3
73039,22736454,22736460,6
73040,22737733,22737736,3
73041,22739858,22739863,5
73042,22740083,22740092,9
73043,22740829,22740833,4
73044,22741558,22741563,5
73045,22741737,22741747,10
73046,22741747,22741756,9
73047,22742270,22742276,6
73048,22743711,22743716,5
73049,22744124,22744130,6
73050,22744130,22744134,4
73051,22744251,22744255,4
73052,22747154,22747157,3
73053,22747385,22747388,3
73054,22748226,22748232,6
73055,22749844,22749851,7
73056,22749851,22749858,7
73057,22749858,22749865,7
73058,22749893,22749900,7
73059,22749900,22749907,7
73060,22752771,22752778,7
73061,22753091,22753098,7
73062,22753740,22753747,7
73063,22753747,22753751,4
73064,22754025,22754036,11
73065,22754036,22754039,3
73066,22754307,22754317,10
73067,22754317,22754324,7
73068,22754815,22754821,6
73069,22755196,22755201,5
73070,22755201,22755208,7
73071,22755490,22755494,4
73072,22755518,22755527,9
73073,22755931,22755937,6
73074,22755937,22755941,4
73075,22756378,22756389,11
73076,22757197,22757206,9
73077,22757206,22757209,3
73078,22757209,22757212,3
73079,22757794,22757810,16
73080,22757810,22757816,6
73081,22759280,22759284,4
73082,22759368,22759375,7
73083,22759375,22759379,4
73084,22759891,22759900,9
73085,22759900,22759908,8
73086,22761811,22761815,4
73087,22762075,22762083,8
73088,22762217,22762224,7
73089,22762600,22762607,7
73090,22763001,22763007,6
73091,22763405,22763413,8
73092,22764486,22764496,10
73093,22765148,22765155,7
73094,22766014,22766020,6
73095,22766020,22766028,8
73096,22766824,22766828,4
73097,22767431,22767435,4
73098,22767435,22767439,4
73099,22767982,22767991,9
73100,22768290,22768297,7
73101,22769196,22769203,7
73102,22769249,22769258,9
73103,22769318,22769321,3
73104,22769579,22769589,10
73105,22769743,22769749,6
73106,22769749,22769754,5
73107,22770096,22770105,9
73108,22770470,22770473,3
73109,22770779,22770782,3
73110,22770782,22770785,3
73111,22770785,22770788,3
73112,22771676,22771712,36
73113,22771712,22771781,69
73114,22771781,22771833,52
73115,22771833,22771863,30
73116,22771863,22771887,24
73117,22771887,22771921,34
73118,22771921,22772010,89
73119,22772010,22772014,4
73120,22772014,22772018,4
73121,22772018,22772072,54
73122,22772072,22772078,6
73123,22772078,22772128,50
73124,22772128,22772166,38
73125,22772166,22772178,12
73126,22772178,22772309,131
73127,22772309,22772334,25
73128,22772334,22772513,179
73129,22772513,22772602,89
73130,22772602,22772627,25
73131,22772627,22772698,71
73132,22772698,22772703,5
73133,22772703,22772740,37
73134,22772740,22772901,161
73135,22772901,22773003,102
73136,22773003,22773032,29
73137,22773032,22773162,130
73138,22773162,22773216,54
73139,22773216,22773237,21
73140,22773237,22773251,14
73141,22773265,22773357,92
73142,22773357,22773476,119
73143,22773476,22773652,176
73144,22773722,22773755,33
73145,22773755,22773774,19
73146,22773774,22773806,32
73147,22773806,22773881,75
73148,22773881,22773904,23
73149,22773904,22774043,139
73150,22774232,22774290,58
73151,22774290,22774352,62
73152,22774496,22774532,36
73153,22774532,22774601,69
73154,22774601,22774653,52
73155,22774653,22774683,30
73156,22774683,22774707,24
73157,22774707,22774741,34
73158,22774991,22774995,4
73159,22775053,22775058,5
73160,22775981,22775988,7
73161,22775988,22775992,4
73162,22775992,22775996,4
73163,22776809,22776818,9
73164,22776961,22776967,6
73165,22776967,22776973,6
73166,22776973,22776976,3
73167,22776976,22776982,6
73168,22776982,22776988,6
73169,22776988,22776997,9
73170,22776997,22777000,3
73171,22777000,22777003,3
73172,22777419,22777427,8
73173,22777489,22777495,6
73174,22777664,22777670,6
73175,22777670,22777676,6
73176,22777676,22777682,6
73177,22778788,22778791,3
73178,22780641,22780647,6
73179,22780647,22780651,4
73180,22781037,22781041,4
73181,22781753,22781759,6
73182,22781759,22781763,4
73183,22783558,22783562,4
73184,22783788,22783794,6
73185,22783848,22783857,9
73186,22784414,22784421,7
73187,22784445,22784458,13
73188,22784766,22784769,3
73189,22785148,22785152,4
73190,22785456,22785465,9
73191,22785976,22785979,3
73192,22786379,22786385,6
73193,22787078,22787082,4
73194,22787259,22787266,7
73195,22787433,22787436,3
73196,22788400,22788408,8
73197,22788773,22788783,10
73198,22789134,22789140,6
73199,22789867,22789875,8
73200,22790247,22790255,8
73201,22791292,22791300,8
73202,22792614,22792621,7
73203,22792681,22792688,7
73204,22794219,22794228,9
73205,22794416,22794424,8
73206,22794767,22794772,5
73207,22794806,22794816,10
73208,22795743,22795751,8
73209,22796125,22796130,5
73210,22797196,22797207,11
73211,22797368,22797374,6
73212,22797388,22797394,6
73213,22797879,22797885,6
73214,22799146,22799156,10
73215,22799517,22799525,8
73216,22802066,22802070,4
73217,22803425,22803433,8
73218,22803433,22803437,4
73219,22803437,22803441,4
73220,22805200,22805204,4
73221,22806332,22806339,7
73222,22806577,22806593,16
73223,22807941,22807949,8
73224,22808296,22808303,7
73225,22808673,22808676,3
73226,22808840,22808843,3
73227,22809972,22809984,12
73228,22810407,22810415,8
73229,22810946,22810953,7
73230,22811234,22811240,6
73231,22812074,22812196,122
73232,22812196,22812203,7
73233,22812704,22812734,30
73234,22812734,22812748,14
73235,22812748,22812780,32
73236,22812780,22812797,17
73237,22812797,22812822,25
73238,22812822,22812830,8
73239,22812830,22812907,77
73240,22812907,22812926,19
73241,22812926,22813106,180
73242,22813106,22813123,17
73243,22813123,22813149,26
73244,22813149,22813213,64
73245,22813213,22813297,84
73246,22813297,22813412,115
73247,22813572,22813585,13
73248,22813585,22813807,222
73249,22813807,22813831,24
73250,22813831,22813873,42
73251,22813873,22813894,21
73252,22813894,22814221,327
73253,22814221,22814296,75
73254,22814296,22814366,70
73255,22814366,22814409,43
73256,22814409,22814496,87
73257,22814496,22814557,61
73258,22814557,22814569,12
73259,22814569,22814600,31
73260,22814600,22814630,30
73261,22814630,22814719,89
73262,22814719,22814885,166
73263,22814885,22814962,77
73264,22814962,22814972,10
73265,22814972,22815066,94
73266,22815066,22815100,34
73267,22815312,22815395,83
73268,22815395,22815402,7
73269,22815402,22815405,3
73270,22815405,22815411,6
73271,22815411,22815420,9
73272,22815420,22815516,96
73273,22815516,22815537,21
73274,22815537,22815572,35
73275,22815572,22815937,365
73276,22815937,22816273,336
73277,22816273,22816389,116
73278,22816389,22816678,289
73279,22816678,22816713,35
73280,22816967,22816970,3
73281,22816970,22816979,9
73282,22816979,22816985,6
73283,22816985,22816988,3
73284,22816988,22816991,3
73285,22816991,22816994,3
73286,22818054,22818059,5
73287,22818124,22818130,6
73288,22819130,22819138,8
73289,22819449,22819455,6
73290,22819593,22819596,3
73291,22821575,22821583,8
73292,22821926,22821932,6
73293,22824242,22824249,7
73294,22825676,22825683,7
73295,22825683,22825690,7
73296,22826251,22826261,10
73297,22826546,22826553,7
73298,22827518,22827524,6
73299,22827754,22827759,5
73300,22827987,22827995,8
73301,22827995,22827998,3
73302,22828627,22828637,10
73303,22829251,22829255,4
73304,22830134,22830137,3
73305,22830137,22830143,6
73306,22831290,22831294,4
73307,22831777,22831783,6
73308,22831810,22831816,6
73309,22831937,22831945,8
73310,22832415,22832418,3
73311,22832691,22832700,9
73312,22833488,22833497,9
73313,22833497,22833506,9
73314,22835166,22835172,6
73315,22836142,22836145,3
73316,22837476,22837485,9
73317,22837771,22837777,6
73318,22837777,22837781,4
73319,22838107,22838113,6
73320,22838113,22838129,16
73321,22838461,22838470,9
73322,22840065,22840068,3
73323,22840861,22840867,6
73324,22841337,22841340,3
73325,22841356,22841364,8
73326,22842452,22842456,4
73327,22842987,22842993,6
73328,22843092,22843099,7
73329,22844075,22844081,6
73330,22844336,22844352,16
73331,22844352,22844358,6
73332,22845475,22845481,6
73333,22845590,22845593,3
73334,22846798,22846804,6
73335,22847090,22847097,7
73336,22847108,22847115,7
73337,22847115,22847122,7
73338,22847122,22847129,7
73339,22847129,22847136,7
73340,22849392,22849396,4
73341,22849676,22849692,16
73342,22849692,22849698,6
73343,22849880,22849888,8
73344,22851817,22851825,8
73345,22852122,22852126,4
73346,22852346,22852350,4
73347,22853994,22853999,5
73348,22854197,22854206,9
73349,22855998,22856002,4
73350,22856002,22856008,6
73351,22856008,22856014,6
73352,22856248,22856251,3
73353,22856251,22856258,7
73354,22856530,22856534,4
73355,22856718,22856723,5
73356,22856797,22856800,3
73357,22856800,22856806,6
73358,22856962,22856967,5
73359,22858980,22858986,6
73360,22858986,22858991,5
73361,22860949,22860956,7
73362,22861277,22861282,5
73363,22862432,22862435,3
73364,22862776,22862784,8
73365,22862821,22862826,5
73366,22862956,22862960,4
73367,22863203,22863208,5
73368,22863456,22863461,5
73369,22863623,22863631,8
73370,22863960,22863968,8
73371,22864394,22864400,6
73372,22864827,22864836,9
73373,22866382,22866385,3
73374,22867461,22867464,3
73375,22868531,22868537,6
73376,22868859,22868864,5
73377,22868874,22868882,8
73378,22868882,22868891,9
73379,22869426,22869433,7
73380,22870274,22870281,7
73381,22870527,22870533,6
73382,22870720,22870723,3
73383,22870737,22870741,4
73384,22870741,22870749,8
73385,22870757,22870760,3
73386,22871267,22871270,3
73387,22872215,22872222,7
73388,22872235,22872242,7
73389,22872242,22872248,6
73390,22872248,22872258,10
73391,22874373,22874380,7
73392,22874817,22874821,4
73393,22875668,22875674,6
73394,22875761,22875774,13
73395,22876187,22876192,5
73396,22876246,22876256,10
73397,22876256,22876261,5
73398,22876261,22876265,4
73399,22876265,22876270,5
73400,22876280,22876286,6
73401,22877342,22877350,8
73402,22877350,22877355,5
73403,22877699,22877706,7
73404,22877706,22877714,8
73405,22878872,22878876,4
73406,22880504,22880510,6
73407,22880916,22880922,6
73408,22880922,22880931,9
73409,22881182,22881185,3
73410,22882552,22882556,4
73411,22883152,22883163,11
73412,22886126,22886143,17
73413,22886923,22887037,114
73414,22887154,22887159,5
73415,22887159,22887295,136
73416,22887318,22887339,21
73417,22887382,22887406,24
73418,22887491,22887508,17
73419,22887567,22887600,33
73420,22887600,22887605,5
73421,22887605,22887609,4
73422,22887760,22887804,44
73423,22887804,22887849,45
73424,22887849,22887860,11
73425,22887860,22887874,14
73426,22887874,22887932,58
73427,22887932,22887947,15
73428,22887947,22887952,5
73429,22887952,22888040,88
73430,22888040,22888140,100
73431,22888333,22888524,191
73432,22888681,22888705,24
73433,22888705,22888788,83
73434,22888788,22888808,20
73435,22888808,22888811,3
73436,22888811,22888817,6
73437,22888886,22888935,49
73438,22889017,22889021,4
73439,22889021,22889026,5
73440,22889026,22889037,11
73441,22889037,22889040,3
73442,22889040,22889046,6
73443,22889046,22889066,20
73444,22889382,22889389,7
73445,22889782,22889789,7
73446,22889924,22889930,6
73447,22890979,22890985,6
73448,22891116,22891121,5
73449,22891121,22891126,5
73450,22891629,22891636,7
73451,22891859,22891862,3
73452,22892350,22892353,3
73453,22892834,22892840,6
73454,22892840,22892845,5
73455,22893339,22893345,6
73456,22893594,22893603,9
73457,22894758,22894762,4
73458,22895438,22895445,7
73459,22896400,22896406,6
73460,22896406,22896410,4
73461,22897834,22897839,5
73462,22898531,22898537,6
73463,22899649,22899658,9
73464,22899658,22899674,16
73465,22899674,22899692,18
73466,22899709,22899728,19
73467,22899728,22899761,33
73468,22899761,22899817,56
73469,22899922,22899925,3
73470,22899925,22899946,21
73471,22900055,22900078,23
73472,22900910,22900918,8
73473,22901625,22901628,3
73474,22903000,22903008,8
73475,22903075,22903085,10
73476,22903085,22903091,6
73477,22903646,22903649,3
73478,22903988,22903992,4
73479,22904183,22904189,6
73480,22905427,22905433,6
73481,22905586,22905594,8
73482,22905594,22905610,16
73483,22905610,22905616,6
73484,22905646,22905656,10
73485,22905736,22905745,9
73486,22907132,22907141,9
73487,22907281,22907286,5
73488,22907414,22907418,4
73489,22908019,22908029,10
73490,22908677,22908685,8
73491,22908855,22908858,3
73492,22909033,22909123,90
73493,22909123,22909225,102
73494,22909225,22909233,8
73495,22909233,22909280,47
73496,22909280,22909357,77
73497,22909357,22909452,95
73498,22909452,22909455,3
73499,22909455,22909481,26
73500,22909481,22909518,37
73501,22909518,22909521,3
73502,22909521,22909575,54
73503,22909575,22909578,3
73504,22909578,22909584,6
73505,22909584,22909646,62
73506,22909646,22909653,7
73507,22909653,22909722,69
73508,22909722,22909733,11
73509,22909733,22909737,4
73510,22909737,22909854,117
73511,22909854,22909863,9
73512,22909863,22909893,30
73513,22909893,22909906,13
73514,22909906,22909946,40
73515,22909946,22910150,204
73516,22910150,22910181,31
73517,22910181,22910195,14
73518,22910195,22910249,54
73519,22910249,22910279,30
73520,22910279,22910318,39
73521,22910318,22910376,58
73522,22910376,22910420,44
73523,22910420,22910515,95
73524,22910515,22910543,28
73525,22910543,22910592,49
73526,22910592,22910611,19
73527,22910611,22910745,134
73528,22910745,22910752,7
73529,22910752,22910817,65
73530,22910817,22910834,17
73531,22910834,22910946,112
73532,22910946,22911003,57
73533,22911003,22911144,141
73534,22911144,22911168,24
73535,22911168,22911225,57
73536,22911225,22911277,52
73537,22911277,22911332,55
73538,22911332,22911392,60
73539,22911392,22911402,10
73540,22911402,22911434,32
73541,22911434,22911458,24
73542,22911458,22911482,24
73543,22911482,22911542,60
73544,22911542,22911551,9
73545,22911551,22911561,10
73546,22911561,22911579,18
73547,22911579,22911655,76
73548,22911655,22911691,36
73549,22911691,22911833,142
73550,22911833,22912007,174
73551,22912007,22912021,14
73552,22912021,22912026,5
73553,22912026,22912030,4
73554,22912030,22912069,39
73555,22912268,22912366,98
73556,22912366,22912403,37
73557,22912403,22912447,44
73558,22912447,22912514,67
73559,22912514,22912723,209
73560,22912723,22912746,23
73561,22912746,22912829,83
73562,22912829,22912842,13
73563,22912842,22912925,83
73564,22912925,22913015,90
73565,22913015,22913117,102
73566,22913117,22913125,8
73567,22913125,22913172,47
73568,22913267,22913273,6
73569,22915387,22915395,8
73570,22916974,22916980,6
73571,22918184,22918191,7
73572,22918768,22918772,4
73573,22921150,22921156,6
73574,22921990,22921993,3
73575,22922290,22922299,9
73576,22923407,22923418,11
73577,22923581,22923584,3
73578,22923903,22923907,4
73579,22924122,22924138,16
73580,22924138,22924144,6
73581,22924471,22924477,6
73582,22926231,22926245,14
73583,22926245,22926251,6
73584,22926269,22926275,6
73585,22926417,22926425,8
73586,22927208,22927216,8
73587,22927461,22927468,7
73588,22928928,22928963,35
73589,22928963,22929004,41
73590,22929004,22929330,326
73591,22929330,22929419,89
73592,22929419,22929431,12
73593,22929431,22929503,72
73594,22929503,22929538,35
73595,22929668,22929680,12
73596,22929831,22929877,46
73597,22929982,22929987,5
73598,22930082,22930098,16
73599,22931167,22931173,6
73600,22931173,22931177,4
73601,22931725,22931766,41
73602,22931766,22931832,66
73603,22931832,22931848,16
73604,22931848,22932100,252
73605,22932100,22932218,118
73606,22932218,22932226,8
73607,22932226,22932284,58
73608,22932284,22932420,136
73609,22932420,22932640,220
73610,22932640,22932647,7
73611,22932647,22932658,11
73612,22932658,22932666,8
73613,22932666,22932698,32
73614,22932698,22932750,52
73615,22932750,22932764,14
73616,22932764,22932778,14
73617,22932778,22932786,8
73618,22933124,22933147,23
73619,22933147,22933163,16
73620,22933163,22933229,66
73621,22933416,22933419,3
73622,22933820,22933825,5
73623,22934551,22934557,6
73624,22935423,22935427,4
73625,22935448,22935451,3
73626,22935451,22935457,6
73627,22935626,22935633,7
73628,22936025,22936035,10
73629,22936067,22936071,4
73630,22936071,22936075,4
73631,22936075,22936079,4
73632,22937468,22937474,6
73633,22938648,22938652,4
73634,22938995,22939023,28
73635,22939023,22939030,7
73636,22939030,22939038,8
73637,22939097,22939107,10
73638,22939107,22939114,7
73639,22939364,22939478,114
73640,22939628,22939633,5
73641,22939633,22939769,136
73642,22939792,22939813,21
73643,22939856,22939880,24
73644,22939965,22939982,17
73645,22940041,22940074,33
73646,22940074,22940079,5
73647,22940079,22940083,4
73648,22940287,22940331,44
73649,22940331,22940376,45
73650,22940376,22940387,11
73651,22940387,22940401,14
73652,22940401,22940459,58
73653,22940459,22940474,15
73654,22940474,22940479,5
73655,22940479,22940567,88
73656,22940567,22940667,100
73657,22940763,22940771,8
73658,22940856,22941047,191
73659,22941204,22941228,24
73660,22941228,22941311,83
73661,22941311,22941331,20
73662,22941331,22941334,3
73663,22941334,22941340,6
73664,22941409,22941458,49
73665,22941538,22941542,4
73666,22941542,22941547,5
73667,22941558,22941561,3
73668,22941561,22941567,6
73669,22941567,22941587,20
73670,22941903,22941910,7
73671,22942117,22942120,3
73672,22942210,22942217,7
73673,22942217,22942225,8
73674,22942430,22942434,4
73675,22942434,22942439,5
73676,22943337,22943343,6
73677,22943620,22943655,35
73678,22943655,22943696,41
73679,22943696,22944022,326
73680,22944022,22944111,89
73681,22944111,22944123,12
73682,22944123,22944195,72
73683,22944195,22944230,35
73684,22944360,22944372,12
73685,22944523,22944569,46
73686,22946989,22946993,4
73687,22946993,22947042,49
73688,22947042,22947148,106
73689,22947148,22947252,104
73690,22947252,22947277,25
73691,22947277,22947461,184
73692,22947461,22947543,82
73693,22947543,22947568,25
73694,22947634,22947639,5
73695,22947639,22947703,64
73696,22947703,22947767,64
73697,22947767,22947820,53
73698,22948017,22948057,40
73699,22948057,22948065,8
73700,22948256,22948275,19
73701,22948407,22948416,9
73702,22948571,22948582,11
73703,22948582,22948669,87
73704,22948735,22948743,8
73705,22948837,22948848,11
73706,22948943,22948946,3
73707,22949215,22949222,7
73708,22949509,22949514,5
73709,22950003,22950023,20
73710,22950307,22950314,7
73711,22950568,22950571,3
73712,22951123,22951141,18
73713,22951141,22951157,16
73714,22951157,22951169,12
73715,22951610,22951738,128
73716,22951814,22951822,8
73717,22952047,22952055,8
73718,22952055,22952099,44
73719,22952099,22952177,78
73720,22952177,22952193,16
73721,22952193,22952222,29
73722,22952222,22952227,5
73723,22952227,22952346,119
73724,22952369,22952373,4
73725,22952635,22952728,93
73726,22952728,22952743,15
73727,22952871,22952910,39
73728,22952910,22952997,87
73729,22952997,22953066,69
73730,22953066,22953108,42
73731,22953179,22953194,15
73732,22953194,22953248,54
73733,22953248,22953269,21
73734,22953269,22953283,14
73735,22953283,22953464,181
73736,22953464,22953521,57
73737,22953521,22953551,30
73738,22953551,22953671,120
73739,22953671,22953763,92
73740,22953763,22953780,17
73741,22953780,22953783,3
73742,22953783,22953827,44
73743,22953827,22953841,14
73744,22953841,22953939,98
73745,22953939,22953973,34
73746,22953973,22953987,14
73747,22953987,22954056,69
73748,22954056,22954108,52
73749,22954162,22954270,108
73750,22954270,22954299,29
73751,22954299,22954304,5
73752,22954336,22954340,4
73753,22954595,22954611,16
73754,22954705,22954721,16
73755,22954721,22954768,47
73756,22954768,22954780,12
73757,22954780,22954789,9
73758,22954939,22955065,126
73759,22955065,22955113,48
73760,22955113,22955158,45
73761,22955158,22955161,3
73762,22955161,22955170,9
73763,22955170,22955194,24
73764,22955194,22955271,77
73765,22955271,22955293,22
73766,22955610,22955708,98
73767,22956318,22956329,11
73768,22957130,22957137,7
73769,22957528,22957535,7
73770,22957535,22957539,4
73771,22957860,22957867,7
73772,22958264,22958274,10
73773,22959368,22959372,4
73774,22959508,22959512,4
73775,22959512,22959515,3
73776,22959971,22959978,7
73777,22960870,22960877,7
73778,22961882,22961889,7
73779,22962172,22962179,7
73780,22962680,22962690,10
73781,22964673,22964677,4
73782,22965444,22965448,4
73783,22965448,22965453,5
73784,22965766,22965771,5
73785,22966086,22966095,9
73786,22967135,22967142,7
73787,22968102,22968140,38
73788,22968579,22968588,9
73789,22969484,22969487,3
73790,22969874,22969885,11
73791,22970044,22970048,4
73792,22970048,22970097,49
73793,22970097,22970203,106
73794,22970203,22970307,104
73795,22970307,22970332,25
73796,22970332,22970516,184
73797,22970516,22970598,82
73798,22970689,22970694,5
73799,22970694,22970758,64
73800,22970758,22970822,64
73801,22970822,22970875,53
73802,22971077,22971117,40
73803,22971117,22971125,8
73804,22971467,22971476,9
73805,22971632,22971643,11
73806,22971643,22971730,87
73807,22972040,22972052,12
73808,22972052,22972061,9
73809,22972287,22972319,32
73810,22972319,22972350,31
73811,22972350,22972358,8
73812,22972358,22972373,15
73813,22972478,22972528,50
73814,22972926,22972962,36
73815,22973054,22973091,37
73816,22973194,22973202,8
73817,22973202,22973256,54
73818,22973256,22973261,5
73819,22973261,22973266,5
73820,22973266,22973288,22
73821,22973347,22973369,22
73822,22973591,22973612,21
73823,22973812,22973839,27
73824,22973878,22973889,11
73825,22974129,22974173,44
73826,22974173,22974187,14
73827,22974282,22974316,34
73828,22974316,22974333,17
73829,22974333,22974367,34
73830,22974489,22974551,62
73831,22974605,22974623,18
73832,22974623,22974639,16
73833,22974639,22974651,12
73834,22974902,22975030,128
73835,22975107,22975115,8
73836,22975342,22975350,8
73837,22975350,22975394,44
73838,22975394,22975472,78
73839,22975472,22975488,16
73840,22975488,22975517,29
73841,22975517,22975522,5
73842,22975522,22975641,119
73843,22975664,22975668,4
73844,22975930,22976023,93
73845,22976023,22976038,15
73846,22976166,22976205,39
73847,22976205,22976292,87
73848,22976292,22976361,69
73849,22976361,22976403,42
73850,22976474,22976489,15
73851,22976489,22976543,54
73852,22976543,22976564,21
73853,22976564,22976578,14
73854,22976578,22976759,181
73855,22976759,22976816,57
73856,22976816,22976846,30
73857,22976846,22976966,120
73858,22976966,22977058,92
73859,22977058,22977075,17
73860,22977075,22977078,3
73861,22977078,22977122,44
73862,22977122,22977136,14
73863,22977136,22977234,98
73864,22977234,22977268,34
73865,22977268,22977282,14
73866,22977282,22977351,69
73867,22977351,22977403,52
73868,22977457,22977565,108
73869,22977565,22977594,29
73870,22977594,22977599,5
73871,22977632,22977636,4
73872,22977891,22977907,16
73873,22978001,22978017,16
73874,22978017,22978064,47
73875,22978064,22978076,12
73876,22978076,22978085,9
73877,22978235,22978361,126
73878,22978361,22978409,48
73879,22978409,22978454,45
73880,22978454,22978457,3
73881,22978457,22978466,9
73882,22978466,22978490,24
73883,22978490,22978567,77
73884,22978881,22978979,98
73885,22979793,22979798,5
73886,22980274,22980284,10
73887,22981446,22981449,3
73888,22982119,22982128,9
73889,22982777,22982785,8
73890,22982994,22983000,6
73891,22984643,22984646,3
73892,22984716,22984725,9
73893,22984725,22984734,9
73894,22985396,22985399,3
73895,22986533,22986543,10
73896,22986582,22986590,8
73897,22986706,22986712,6
73898,22986712,22986716,4
73899,22987221,22987266,45
73900,22987266,22987297,31
73901,22987297,22987307,10
73902,22988081,22988087,6
73903,22989547,22989592,45
73904,22989592,22989623,31
73905,22989623,22989633,10
73906,22990145,22990151,6
73907,22990565,22990570,5
73908,22992125,22992130,5
73909,22992147,22992150,3
73910,22992701,22992708,7
73911,22993092,22993098,6
73912,22993319,22993327,8
73913,22993391,22993396,5
73914,22994668,22994672,4
73915,22994791,22994800,9
73916,22995217,22995223,6
73917,22995390,22995395,5
73918,22995491,22995497,6
73919,22995497,22995502,5
73920,22995535,22995538,3
73921,22996442,22996458,16
73922,22996458,22996539,81
73923,22996539,22996584,45
73924,22996584,22996605,21
73925,22996605,22996613,8
73926,22996613,22996636,23
73927,22996636,22996687,51
73928,22996687,22996692,5
73929,22996692,22996720,28
73930,22996781,22996962,181
73931,22997631,22997719,88
73932,22997719,22997787,68
73933,22997787,22997800,13
73934,22997800,22997830,30
73935,22997830,22997841,11
73936,22997841,22998064,223
73937,22998064,22998094,30
73938,22998094,22998145,51
73939,22998145,22998153,8
73940,22998153,22998333,180
73941,22998333,22998352,19
73942,22998352,22998367,15
73943,22998367,22998412,45
73944,22998412,22998542,130
73945,22998542,22998571,29
73946,22998571,22998592,21
73947,22998592,22998648,56
73948,22998648,22998697,49
73949,22998697,22998703,6
73950,22998703,22998805,102
73951,22998805,22998882,77
73952,22998882,22999017,135
73953,22999017,22999028,11
73954,22999028,22999185,157
73955,22999185,22999233,48
73956,22999233,22999237,4
73957,22999237,22999281,44
73958,22999281,22999374,93
73959,22999374,22999452,78
73960,22999452,22999462,10
73961,22999462,22999501,39
73962,22999501,22999525,24
73963,22999525,22999609,84
73964,22999609,22999620,11
73965,22999620,22999631,11
73966,22999631,22999693,62
73967,22999693,22999726,33
73968,22999726,22999729,3
73969,22999729,22999780,51
73970,22999780,22999786,6
73971,22999786,22999793,7
73972,22999793,22999822,29
73973,22999822,22999837,15
73974,22999837,22999854,17
73975,22999854,22999942,88
73976,22999942,22999956,14
73977,22999956,22999969,13
73978,22999969,23000004,35
73979,23000004,23000011,7
73980,23000011,23000047,36
73981,23000047,23000119,72
73982,23000119,23000184,65
73983,23000184,23000206,22
73984,23000206,23000215,9
73985,23000329,23000367,38
73986,23000367,23000394,27
73987,23000394,23000398,4
73988,23000398,23000665,267
73989,23000665,23000686,21
73990,23000686,23000719,33
73991,23000719,23000827,108
73992,23000827,23000849,22
73993,23000849,23000890,41
73994,23000890,23000893,3
73995,23000930,23001048,118
73996,23001048,23001115,67
73997,23001115,23001128,13
73998,23001128,23001184,56
73999,23001184,23001192,8
74000,23001192,23001235,43
74001,23001235,23001340,105
74002,23001340,23001393,53
74003,23001393,23001404,11
74004,23001404,23001472,68
74005,23001472,23001478,6
74006,23001478,23001481,3
74007,23001481,23001520,39
74008,23001520,23001538,18
74009,23001538,23001571,33
74010,23001571,23001607,36
74011,23001607,23001711,104
74012,23001711,23001735,24
74013,23001735,23001780,45
74014,23001780,23001784,4
74015,23001784,23001958,174
74016,23001958,23001966,8
74017,23001966,23002048,82
74018,23002048,23002053,5
74019,23002053,23002101,48
74020,23002101,23002105,4
74021,23002105,23002207,102
74022,23002207,23002221,14
74023,23002221,23002240,19
74024,23002240,23002387,147
74025,23002387,23002444,57
74026,23002444,23002536,92
74027,23002536,23002546,10
74028,23002546,23002592,46
74029,23002592,23002642,50
74030,23002642,23002676,34
74031,23002676,23002701,25
74032,23002701,23003190,489
74033,23003190,23003206,16
74034,23003206,23003287,81
74035,23003287,23003332,45
74036,23003332,23003353,21
74037,23003353,23003361,8
74038,23003361,23003384,23
74039,23003384,23003435,51
74040,23003435,23003440,5
74041,23003440,23003468,28
74042,23006137,23006149,12
74043,23006259,23006279,20
74044,23006457,23006493,36
74045,23006548,23006553,5
74046,23007583,23007591,8
74047,23007591,23007599,8
74048,23007728,23007736,8
74049,23008253,23008259,6
74050,23008477,23008482,5
74051,23008584,23008594,10
74052,23008967,23008972,5
74053,23010486,23010491,5
74054,23010530,23010541,11
74055,23010740,23010746,6
74056,23010746,23010750,4
74057,23010842,23010852,10
74058,23011049,23011056,7
74059,23011587,23011593,6
74060,23011772,23011777,5
74061,23011933,23011936,3
74062,23011936,23011941,5
74063,23012089,23012095,6
74064,23012095,23012098,3
74065,23012235,23012244,9
74066,23012792,23012799,7
74067,23013478,23013486,8
74068,23014412,23014420,8
74069,23014737,23014742,5
74070,23014871,23014878,7
74071,23015108,23015111,3
74072,23017364,23017487,123
74073,23017487,23017536,49
74074,23017648,23017697,49
74075,23017697,23017706,9
74076,23017706,23017722,16
74077,23017722,23017740,18
74078,23017757,23017776,19
74079,23017776,23017809,33
74080,23017809,23017865,56
74081,23017865,23017971,106
74082,23017971,23017974,3
74083,23017974,23017995,21
74084,23017995,23018056,61
74085,23018056,23018104,48
74086,23018104,23018127,23
74087,23018290,23018331,41
74088,23018712,23018718,6
74089,23018718,23018722,4
74090,23018886,23018902,16
74091,23018902,23018908,6
74092,23019474,23019482,8
74093,23019521,23019528,7
74094,23020451,23020459,8
74095,23020459,23020463,4
74096,23020463,23020467,4
74097,23020467,23020471,4
74098,23020471,23020475,4
74099,23020475,23020479,4
74100,23020479,23020483,4
74101,23020483,23020487,4
74102,23020487,23020491,4
74103,23020491,23020495,4
74104,23020495,23020499,4
74105,23020499,23020503,4
74106,23020503,23020507,4
74107,23020507,23020511,4
74108,23020511,23020515,4
74109,23020515,23020519,4
74110,23020519,23020523,4
74111,23020523,23020527,4
74112,23020527,23020531,4
74113,23020531,23020535,4
74114,23020535,23020539,4
74115,23020539,23020543,4
74116,23020543,23020547,4
74117,23020547,23020551,4
74118,23020551,23020555,4
74119,23020555,23020559,4
74120,23020559,23020563,4
74121,23020563,23020567,4
74122,23020567,23020571,4
74123,23020571,23020575,4
74124,23020575,23020579,4
74125,23020579,23020583,4
74126,23020583,23020587,4
74127,23020587,23020591,4
74128,23020591,23020595,4
74129,23020595,23020599,4
74130,23020599,23020603,4
74131,23020603,23020607,4
74132,23020607,23020611,4
74133,23020611,23020615,4
74134,23020615,23020619,4
74135,23020619,23020623,4
74136,23020623,23020627,4
74137,23020627,23020631,4
74138,23020631,23020635,4
74139,23020635,23020639,4
74140,23020639,23020643,4
74141,23020643,23020647,4
74142,23020647,23020651,4
74143,23020651,23020655,4
74144,23020655,23020659,4
74145,23020659,23020663,4
74146,23020663,23020667,4
74147,23020667,23020671,4
74148,23020671,23020675,4
74149,23020675,23020679,4
74150,23020679,23020683,4
74151,23020683,23020687,4
74152,23020687,23020691,4
74153,23020691,23020695,4
74154,23020695,23020699,4
74155,23020699,23020703,4
74156,23020703,23020707,4
74157,23020707,23020711,4
74158,23020711,23020715,4
74159,23020715,23020719,4
74160,23020719,23020723,4
74161,23020723,23020727,4
74162,23020727,23020731,4
74163,23020731,23020735,4
74164,23020735,23020739,4
74165,23020739,23020743,4
74166,23020743,23020747,4
74167,23020747,23020751,4
74168,23020751,23020755,4
74169,23020755,23020759,4
74170,23020759,23020763,4
74171,23020763,23020767,4
74172,23020767,23020771,4
74173,23020771,23020775,4
74174,23020775,23020779,4
74175,23020779,23020783,4
74176,23020783,23020787,4
74177,23020787,23020791,4
74178,23020791,23020795,4
74179,23020795,23020799,4
74180,23020799,23020803,4
74181,23020803,23020807,4
74182,23020807,23020811,4
74183,23020811,23020815,4
74184,23020815,23020819,4
74185,23020819,23020823,4
74186,23020823,23020827,4
74187,23020827,23020831,4
74188,23020831,23020835,4
74189,23020835,23020839,4
74190,23020839,23020843,4
74191,23020843,23020847,4
74192,23020847,23020851,4
74193,23020851,23020855,4
74194,23020855,23020859,4
74195,23020859,23020863,4
74196,23020863,23020867,4
74197,23020867,23020871,4
74198,23020871,23020875,4
74199,23020875,23020879,4
74200,23020879,23020883,4
74201,23020883,23020887,4
74202,23020887,23020891,4
74203,23020891,23020895,4
74204,23020895,23020899,4
74205,23020899,23020903,4
74206,23020903,23020907,4
74207,23020907,23020911,4
74208,23020911,23020915,4
74209,23020915,23020919,4
74210,23020919,23020923,4
74211,23020923,23020927,4
74212,23020927,23020931,4
74213,23020931,23020935,4
74214,23020935,23020939,4
74215,23020939,23020943,4
74216,23020943,23020947,4
74217,23020947,23020951,4
74218,23020951,23020955,4
74219,23020955,23020959,4
74220,23020959,23020963,4
74221,23020963,23020967,4
74222,23020967,23020971,4
74223,23020971,23020975,4
74224,23020975,23020979,4
74225,23020979,23020983,4
74226,23020983,23020987,4
74227,23021091,23021095,4
74228,23021095,23021099,4
74229,23021099,23021103,4
74230,23021103,23021107,4
74231,23021107,23021111,4
74232,23021111,23021115,4
74233,23021115,23021119,4
74234,23021119,23021123,4
74235,23021123,23021127,4
74236,23021127,23021131,4
74237,23021131,23021135,4
74238,23021135,23021139,4
74239,23021139,23021143,4
74240,23021143,23021147,4
74241,23021147,23021151,4
74242,23021151,23021155,4
74243,23021155,23021159,4
74244,23021159,23021163,4
74245,23021163,23021167,4
74246,23021167,23021171,4
74247,23021171,23021175,4
74248,23021175,23021179,4
74249,23021179,23021183,4
74250,23021183,23021187,4
74251,23021187,23021191,4
74252,23021191,23021195,4
74253,23021195,23021199,4
74254,23021199,23021203,4
74255,23021203,23021208,5
74256,23021208,23021212,4
74257,23021212,23021216,4
74258,23021216,23021220,4
74259,23021220,23021224,4
74260,23021224,23021228,4
74261,23021228,23021232,4
74262,23021232,23021236,4
74263,23021236,23021240,4
74264,23021240,23021244,4
74265,23021244,23021248,4
74266,23021248,23021252,4
74267,23021252,23021256,4
74268,23021256,23021260,4
74269,23021260,23021264,4
74270,23021264,23021268,4
74271,23021268,23021272,4
74272,23021272,23021276,4
74273,23021276,23021280,4
74274,23021280,23021284,4
74275,23021284,23021288,4
74276,23021288,23021292,4
74277,23021292,23021296,4
74278,23021296,23021300,4
74279,23021300,23021304,4
74280,23021304,23021308,4
74281,23021308,23021312,4
74282,23021312,23021316,4
74283,23021316,23021320,4
74284,23021320,23021324,4
74285,23021324,23021328,4
74286,23021328,23021332,4
74287,23021332,23021336,4
74288,23021336,23021340,4
74289,23021340,23021344,4
74290,23021344,23021348,4
74291,23021348,23021352,4
74292,23021352,23021356,4
74293,23021356,23021360,4
74294,23021360,23021364,4
74295,23021364,23021368,4
74296,23021368,23021372,4
74297,23021372,23021376,4
74298,23021376,23021380,4
74299,23021380,23021384,4
74300,23021384,23021388,4
74301,23021388,23021392,4
74302,23021392,23021396,4
74303,23021396,23021400,4
74304,23021400,23021404,4
74305,23021404,23021408,4
74306,23021408,23021412,4
74307,23021412,23021416,4
74308,23021416,23021420,4
74309,23021420,23021424,4
74310,23021424,23021428,4
74311,23021428,23021432,4
74312,23021432,23021436,4
74313,23021436,23021440,4
74314,23021440,23021444,4
74315,23021444,23021448,4
74316,23021448,23021452,4
74317,23021452,23021456,4
74318,23021456,23021460,4
74319,23021460,23021464,4
74320,23021464,23021468,4
74321,23021468,23021472,4
74322,23021472,23021476,4
74323,23021476,23021480,4
74324,23021480,23021484,4
74325,23021484,23021488,4
74326,23021488,23021492,4
74327,23021492,23021496,4
74328,23021496,23021500,4
74329,23021500,23021504,4
74330,23021504,23021508,4
74331,23021508,23021512,4
74332,23021512,23021516,4
74333,23021516,23021520,4
74334,23021520,23021524,4
74335,23021524,23021528,4
74336,23021528,23021532,4
74337,23021532,23021536,4
74338,23021536,23021540,4
74339,23021540,23021544,4
74340,23021544,23021548,4
74341,23021548,23021552,4
74342,23021552,23021556,4
74343,23021556,23021560,4
74344,23021560,23021564,4
74345,23021564,23021568,4
74346,23021568,23021572,4
74347,23021572,23021576,4
74348,23021576,23021580,4
74349,23021580,23021584,4
74350,23021584,23021588,4
74351,23021588,23021592,4
74352,23021592,23021596,4
74353,23021596,23021600,4
74354,23021600,23021604,4
74355,23021604,23021608,4
74356,23021608,23021612,4
74357,23021612,23021616,4
74358,23021616,23021620,4
74359,23021620,23021624,4
74360,23021624,23021628,4
74361,23021628,23021632,4
74362,23021632,23021636,4
74363,23021636,23021640,4
74364,23021640,23021644,4
74365,23021644,23021648,4
74366,23021648,23021652,4
74367,23021652,23021656,4
74368,23021656,23021660,4
74369,23021660,23021664,4
74370,23021664,23021668,4
74371,23021668,23021672,4
74372,23021672,23021676,4
74373,23021676,23021680,4
74374,23021680,23021684,4
74375,23021684,23021688,4
74376,23021688,23021692,4
74377,23021692,23021696,4
74378,23021696,23021700,4
74379,23021700,23021704,4
74380,23021704,23021708,4
74381,23021708,23021712,4
74382,23021712,23021716,4
74383,23021716,23021720,4
74384,23021720,23021724,4
74385,23021724,23021728,4
74386,23021728,23021732,4
74387,23021732,23021736,4
74388,23021736,23021740,4
74389,23021740,23021744,4
74390,23021744,23021748,4
74391,23021748,23021752,4
74392,23021752,23021756,4
74393,23021756,23021760,4
74394,23021760,23021764,4
74395,23021764,23021768,4
74396,23021768,23021772,4
74397,23021772,23021776,4
74398,23021776,23021780,4
74399,23021780,23021784,4
74400,23021784,23021788,4
74401,23021788,23021792,4
74402,23021792,23021796,4
74403,23021796,23021800,4
74404,23021800,23021804,4
74405,23021804,23021808,4
74406,23021808,23021812,4
74407,23021812,23021816,4
74408,23021816,23021820,4
74409,23021820,23021824,4
74410,23021824,23021828,4
74411,23021828,23021832,4
74412,23021832,23021836,4
74413,23021836,23021840,4
74414,23022119,23022123,4
74415,23023305,23023311,6
74416,23023311,23023317,6
74417,23023317,23023323,6
74418,23024132,23024148,16
74419,23025395,23025401,6
74420,23026772,23026775,3
74421,23027085,23027088,3
74422,23027088,23027094,6
74423,23027705,23027709,4
74424,23028147,23028151,4
74425,23028151,23028154,3
74426,23028177,23028180,3
74427,23028396,23028402,6
74428,23028952,23028961,9
74429,23029479,23029495,16
74430,23029495,23029501,6
74431,23029856,23029860,4
74432,23030542,23030550,8
74433,23031227,23031231,4
74434,23031758,23031764,6
74435,23032032,23032035,3
74436,23032351,23032360,9
74437,23032854,23032860,6
74438,23033202,23033207,5
74439,23033232,23033235,3
74440,23033235,23033241,6
74441,23033570,23033576,6
74442,23034101,23034108,7
74443,23034122,23034130,8
74444,23034164,23034175,11
74445,23034505,23034512,7
74446,23036480,23036579,99
74447,23036579,23036597,18
74448,23036597,23036606,9
74449,23036606,23036627,21
74450,23036627,23036638,11
74451,23036638,23036909,271
74452,23036909,23036985,76
74453,23037321,23037383,62
74454,23037383,23037483,100
74455,23037483,23037515,32
74456,23037515,23037551,36
74457,23037551,23037564,13
74458,23037564,23037572,8
74459,23037572,23037590,18
74460,23037590,23037593,3
74461,23037626,23037631,5
74462,23037631,23037663,32
74463,23037663,23037730,67
74464,23037730,23037741,11
74465,23037741,23037757,16
74466,23037913,23037934,21
74467,23037934,23037937,3
74468,23037937,23037958,21
74469,23038012,23038017,5
74470,23038124,23038128,4
74471,23038883,23038890,7
74472,23039041,23039044,3
74473,23039835,23039958,123
74474,23039958,23040007,49
74475,23040119,23040168,49
74476,23040168,23040177,9
74477,23040177,23040193,16
74478,23040193,23040211,18
74479,23040280,23040336,56
74480,23040336,23040442,106
74481,23040442,23040445,3
74482,23040445,23040466,21
74483,23040466,23040527,61
74484,23040527,23040575,48
74485,23040575,23040598,23
74486,23040736,23040761,25
74487,23040761,23040802,41
74488,23041251,23041257,6
74489,23041550,23041559,9
74490,23041900,23041908,8
74491,23042005,23042008,3
74492,23042203,23042213,10
74493,23043349,23043355,6
74494,23043355,23043359,4
74495,23043708,23043714,6
74496,23044845,23044851,6
74497,23044974,23044983,9
74498,23045005,23045011,6
74499,23045025,23045035,10
74500,23045339,23045346,7
74501,23045739,23045747,8
74502,23045757,23045763,6
74503,23045833,23045841,8
74504,23046204,23046209,5
74505,23046395,23046404,9
74506,23046667,23046671,4
74507,23046691,23046699,8
74508,23046895,23046903,8
74509,23047002,23047008,6
74510,23047214,23047223,9
74511,23047401,23047405,4
74512,23047775,23047778,3
74513,23047778,23047783,5
74514,23048547,23048555,8
74515,23048555,23048561,6
74516,23048749,23048754,5
74517,23048754,23048758,4
74518,23049109,23049115,6
74519,23049115,23049121,6
74520,23049517,23049521,4
74521,23049545,23049548,3
74522,23049637,23049642,5
74523,23049642,23049645,3
74524,23049751,23049757,6
74525,23050535,23050540,5
74526,23050888,23050901,13
74527,23050901,23050906,5
74528,23051131,23051137,6
74529,23051489,23051494,5
74530,23051562,23051567,5
74531,23052368,23052374,6
74532,23052870,23052879,9
74533,23052879,23052886,7
74534,23052886,23052894,8
74535,23052958,23053031,73
74536,23053031,23053127,96
74537,23053195,23053257,62
74538,23053257,23053403,146
74539,23053616,23053672,56
74540,23053672,23053678,6
74541,23053678,23053796,118
74542,23053796,23053950,154
74543,23053950,23054010,60
74544,23054010,23054074,64
74545,23054074,23054132,58
74546,23054132,23054157,25
74547,23054157,23054251,94
74548,23054251,23054292,41
74549,23054292,23054361,69
74550,23054361,23054465,104
74551,23054465,23054486,21
74552,23054486,23054529,43
74553,23054529,23054606,77
74554,23054606,23055062,456
74555,23055062,23055108,46
74556,23055108,23055118,10
74557,23055118,23055146,28
74558,23055146,23055183,37
74559,23055183,23055188,5
74560,23055188,23055214,26
74561,23055214,23055232,18
74562,23055232,23055295,63
74563,23055295,23055345,50
74564,23055345,23055418,73
74565,23055457,23055501,44
74566,23055501,23055552,51
74567,23055552,23055563,11
74568,23055671,23055744,73
74569,23055744,23055840,96
74570,23055908,23055970,62
74571,23055970,23056116,146
74572,23056203,23056247,44
74573,23056247,23056266,19
74574,23056266,23056325,59
74575,23056325,23056335,10
74576,23056335,23056381,46
74577,23056381,23056409,28
74578,23056409,23056538,129
74579,23056538,23056652,114
74580,23056785,23057132,347
74581,23057132,23057199,67
74582,23057199,23057238,39
74583,23057238,23057243,5
74584,23057243,23057359,116
74585,23057359,23057520,161
74586,23057520,23057600,80
74587,23057600,23057622,22
74588,23057643,23057815,172
74589,23057815,23057838,23
74590,23057838,23057966,128
74591,23057966,23057999,33
74592,23058148,23058184,36
74593,23058184,23058276,92
74594,23058276,23058357,81
74595,23058357,23058466,109
74596,23058466,23058480,14
74597,23058480,23058533,53
74598,23058577,23058628,51
74599,23058628,23058720,92
74600,23058720,23058842,122
74601,23058842,23058856,14
74602,23058856,23058902,46
74603,23058902,23058907,5
74604,23058907,23058990,83
74605,23058990,23059111,121
74606,23059111,23059122,11
74607,23059122,23059155,33
74608,23059155,23059209,54
74609,23059209,23059248,39
74610,23059248,23059268,20
74611,23059268,23059287,19
74612,23059287,23059430,143
74613,23059430,23059458,28
74614,23059458,23059557,99
74615,23059557,23059562,5
74616,23059562,23059571,9
74617,23059571,23059588,17
74618,23059790,23059837,47
74619,23059854,23059860,6
74620,23059860,23059931,71
74621,23059979,23060001,22
74622,23060001,23060005,4
74623,23060005,23060055,50
74624,23060191,23060229,38
74625,23060229,23060252,23
74626,23060252,23060367,115
74627,23060367,23060406,39
74628,23060406,23060496,90
74629,23060496,23060553,57
74630,23060553,23060569,16
74631,23060569,23060617,48
74632,23060617,23060659,42
74633,23060659,23060682,23
74634,23060682,23060721,39
74635,23060721,23060825,104
74636,23060825,23060907,82
74637,23060907,23060990,83
74638,23060990,23061077,87
74639,23061077,23061155,78
74640,23061155,23061184,29
74641,23061184,23061298,114
74642,23061298,23061339,41
74643,23061339,23061521,182
74644,23061521,23061569,48
74645,23061569,23061575,6
74646,23061575,23061630,55
74647,23061630,23061777,147
74648,23061777,23061825,48
74649,23061825,23061861,36
74650,23061861,23061864,3
74651,23061864,23061919,55
74652,23061919,23062004,85
74653,23062004,23062021,17
74654,23062021,23062033,12
74655,23062033,23062091,58
74656,23062091,23062135,44
74657,23062135,23062154,19
74658,23062154,23062213,59
74659,23062213,23062223,10
74660,23062223,23062269,46
74661,23062269,23062297,28
74662,23062517,23062573,56
74663,23062573,23062579,6
74664,23062579,23062697,118
74665,23062697,23062851,154
74666,23062851,23062911,60
74667,23062911,23062975,64
74668,23062975,23063033,58
74669,23063033,23063058,25
74670,23063058,23063152,94
74671,23063152,23063193,41
74672,23063193,23063262,69
74673,23063262,23063366,104
74674,23063366,23063387,21
74675,23063387,23063430,43
74676,23063430,23063507,77
74677,23063507,23063963,456
74678,23063963,23064009,46
74679,23064009,23064019,10
74680,23064019,23064047,28
74681,23064047,23064084,37
74682,23064084,23064089,5
74683,23064089,23064115,26
74684,23064115,23064133,18
74685,23064133,23064196,63
74686,23064196,23064246,50
74687,23064246,23064319,73
74688,23064358,23064402,44
74689,23064402,23064453,51
74690,23064453,23064464,11
74691,23065391,23065397,6
74692,23065408,23065413,5
74693,23065703,23065707,4
74694,23066460,23066466,6
74695,23066466,23066470,4
74696,23066926,23066932,6
74697,23069033,23069037,4
74698,23069037,23069044,7
74699,23069044,23069048,4
74700,23069048,23069052,4
74701,23069246,23069255,9
74702,23069776,23069783,7
74703,23069783,23069789,6
74704,23069972,23069976,4
74705,23070469,23070473,4
74706,23070935,23070942,7
74707,23071774,23071782,8
74708,23072148,23072155,7
74709,23072772,23072779,7
74710,23072940,23072946,6
74711,23072946,23072952,6
74712,23073204,23073211,7
74713,23073211,23073218,7
74714,23073667,23073672,5
74715,23073744,23073748,4
74716,23073942,23073952,10
74717,23073995,23074002,7
74718,23074239,23074245,6
74719,23074709,23074716,7
74720,23075493,23075506,13
74721,23075616,23075619,3
74722,23077482,23077487,5
74723,23077976,23077981,5
74724,23079389,23079396,7
74725,23079675,23079681,6
74726,23079722,23079731,9
74727,23079959,23079965,6
74728,23080076,23080088,12
74729,23081810,23081817,7
74730,23082092,23082096,4
74731,23082096,23082101,5
74732,23083242,23083248,6
74733,23083823,23083826,3
74734,23084219,23084225,6
74735,23084260,23084264,4
74736,23084372,23084375,3
74737,23084675,23084687,12
74738,23084687,23084692,5
74739,23085132,23085141,9
74740,23085624,23085628,4
74741,23086050,23086059,9
74742,23086155,23086160,5
74743,23086555,23086560,5
74744,23087217,23087220,3
74745,23087235,23087241,6
74746,23087644,23087647,3
74747,23088513,23088518,5
74748,23088534,23088540,6
74749,23088952,23088958,6
74750,23089595,23089602,7
74751,23089602,23089605,3
74752,23090778,23090785,7
74753,23090993,23090999,6
74754,23090999,23091015,16
74755,23091151,23091160,9
74756,23091782,23091788,6
74757,23092053,23092059,6
74758,23092641,23092645,4
74759,23093641,23093647,6
74760,23094188,23094194,6
74761,23094278,23094308,30
74762,23094308,23094461,153
74763,23094461,23094577,116
74764,23094577,23094636,59
74765,23094636,23094705,69
74766,23094705,23094721,16
74767,23094721,23094734,13
74768,23094734,23094744,10
74769,23094860,23094885,25
74770,23094963,23095042,79
74771,23095042,23095094,52
74772,23095094,23095235,141
74773,23095235,23095260,25
74774,23095260,23095451,191
74775,23095451,23095459,8
74776,23095459,23095527,68
74777,23095527,23095533,6
74778,23095533,23095565,32
74779,23096035,23096043,8
74780,23096043,23096052,9
74781,23096504,23096510,6
74782,23097482,23097487,5
74783,23097487,23097494,7
74784,23097977,23097983,6
74785,23100614,23100617,3
74786,23100899,23100906,7
74787,23100929,23100936,7
74788,23101014,23101017,3
74789,23102601,23102610,9
74790,23102798,23102828,30
74791,23102828,23102981,153
74792,23102981,23103097,116
74793,23103097,23103156,59
74794,23103156,23103225,69
74795,23103225,23103241,16
74796,23103241,23103254,13
74797,23103254,23103264,10
74798,23103381,23103406,25
74799,23103484,23103563,79
74800,23103563,23103615,52
74801,23103615,23103756,141
74802,23103756,23103781,25
74803,23103781,23103972,191
74804,23103972,23103980,8
74805,23103980,23104048,68
74806,23104048,23104054,6
74807,23104054,23104086,32
74808,23104204,23104207,3
74809,23104218,23104225,7
74810,23104225,23104236,11
74811,23104768,23104774,6
74812,23104774,23104790,16
74813,23105740,23105748,8
74814,23105748,23105755,7
74815,23105983,23105986,3
74816,23105986,23105994,8
74817,23108417,23108421,4
74818,23108615,23108656,41
74819,23108656,23108722,66
74820,23108722,23108738,16
74821,23108738,23108990,252
74822,23108990,23109108,118
74823,23109108,23109116,8
74824,23109116,23109174,58
74825,23109174,23109310,136
74826,23109310,23109530,220
74827,23109530,23109537,7
74828,23109537,23109548,11
74829,23109548,23109556,8
74830,23109556,23109588,32
74831,23109588,23109640,52
74832,23109640,23109654,14
74833,23109654,23109694,40
74834,23109694,23109708,14
74835,23109708,23109716,8
74836,23109975,23109999,24
74837,23109999,23110031,32
74838,23110031,23110121,90
74839,23110121,23110199,78
74840,23110199,23110384,185
74841,23110384,23110436,52
74842,23110436,23110440,4
74843,23110440,23110443,3
74844,23110443,23110560,117
74845,23110560,23110747,187
74846,23110747,23110770,23
74847,23110770,23110786,16
74848,23110786,23110852,66
74849,23110852,23110901,49
74850,23110901,23110938,37
74851,23110938,23111042,104
74852,23111042,23111116,74
74853,23111116,23111203,87
74854,23111203,23111224,21
74855,23111338,23111415,77
74856,23111415,23111568,153
74857,23111568,23111575,7
74858,23111575,23111607,32
74859,23111607,23111663,56
74860,23111663,23111686,23
74861,23111686,23111693,7
74862,23111693,23111699,6
74863,23111699,23111809,110
74864,23111809,23111836,27
74865,23111836,23111874,38
74866,23111874,23111975,101
74867,23111975,23112302,327
74868,23112302,23112317,15
74869,23112317,23112396,79
74870,23112396,23112446,50
74871,23112446,23112536,90
74872,23112536,23112643,107
74873,23112643,23112710,67
74874,23112710,23113138,428
74875,23113138,23113212,74
74876,23113212,23113308,96
74877,23113308,23113359,51
74878,23113359,23113363,4
74879,23113363,23113381,18
74880,23113381,23113483,102
74881,23113483,23113711,228
74882,23113711,23113727,16
74883,23113727,23113811,84
74884,23113811,23113840,29
74885,23113840,23113845,5
74886,23113845,23113868,23
74887,23113868,23114264,396
74888,23114264,23114374,110
74889,23114374,23114382,8
74890,23114382,23114446,64
74891,23114446,23114449,3
74892,23114449,23114548,99
74893,23114548,23114832,284
74894,23114832,23114917,85
74895,23114917,23115093,176
74896,23115093,23115274,181
74897,23115274,23115308,34
74898,23115308,23115312,4
74899,23115312,23115429,117
74900,23115429,23115497,68
74901,23115497,23115540,43
74902,23115540,23115580,40
74903,23115580,23115594,14
74904,23115594,23115602,8
74905,23115602,23115653,51
74906,23115653,23115861,208
74907,23115861,23115885,24
74908,23115885,23115917,32
74909,23115917,23116007,90
74910,23116007,23116085,78
74911,23116085,23116270,185
74912,23116270,23116322,52
74913,23116322,23116326,4
74914,23116326,23116329,3
74915,23116329,23116446,117
74916,23116446,23116633,187
74917,23116633,23116656,23
74918,23116656,23116672,16
74919,23116672,23116738,66
74920,23116738,23116787,49
74921,23116787,23116824,37
74922,23116824,23116928,104
74923,23116928,23117002,74
74924,23117002,23117089,87
74925,23117089,23117110,21
74926,23117110,23117223,113
74927,23117223,23117300,77
74928,23117300,23117453,153
74929,23117453,23117460,7
74930,23117460,23117492,32
74931,23117492,23117548,56
74932,23117548,23117571,23
74933,23117571,23117578,7
74934,23117578,23117584,6
74935,23117584,23117694,110
74936,23117694,23117721,27
74937,23117721,23117759,38
74938,23117759,23117860,101
74939,23117860,23118140,280
74940,23118140,23118187,47
74941,23118187,23118202,15
74942,23118202,23118281,79
74943,23118281,23118331,50
74944,23118331,23118421,90
74945,23118421,23118528,107
74946,23118528,23118595,67
74947,23119023,23119097,74
74948,23119097,23119193,96
74949,23119193,23119244,51
74950,23119244,23119248,4
74951,23119248,23119266,18
74952,23119266,23119368,102
74953,23119602,23119618,16
74954,23119618,23119702,84
74955,23119702,23119731,29
74956,23119731,23119736,5
74957,23119736,23119759,23
74958,23120152,23120262,110
74959,23120262,23120270,8
74960,23120270,23120334,64
74961,23120334,23120337,3
74962,23120337,23120436,99
74963,23120436,23120720,284
74964,23120720,23120805,85
74965,23120805,23120981,176
74966,23120981,23121162,181
74967,23121162,23121196,34
74968,23121196,23121200,4
74969,23121200,23121317,117
74970,23121317,23121385,68
74971,23121385,23121428,43
74972,23121428,23121468,40
74973,23121468,23121482,14
74974,23121482,23121490,8
74975,23121490,23121541,51
74976,23121541,23121749,208
74977,23121749,23121773,24
74978,23121773,23121805,32
74979,23121805,23121895,90
74980,23121895,23121973,78
74981,23121973,23122158,185
74982,23122158,23122210,52
74983,23122335,23122522,187
74984,23122522,23122545,23
74985,23122545,23122561,16
74986,23122561,23122627,66
74987,23122627,23122676,49
74988,23122676,23122713,37
74989,23122713,23122817,104
74990,23122817,23122891,74
74991,23122891,23122978,87
74992,23122978,23122999,21
74993,23122999,23123112,113
74994,23123112,23123189,77
74995,23123189,23123342,153
74996,23123342,23123349,7
74997,23123349,23123381,32
74998,23123381,23123437,56
74999,23123437,23123460,23
75000,23123460,23123467,7
75001,23123467,23123473,6
75002,23123473,23123583,110
75003,23123583,23123610,27
75004,23123610,23123648,38
75005,23123648,23123749,101
75006,23123749,23124076,327
75007,23124076,23124091,15
75008,23124091,23124170,79
75009,23124170,23124220,50
75010,23124220,23124310,90
75011,23124310,23124417,107
75012,23124417,23124484,67
75013,23124484,23124912,428
75014,23124912,23124986,74
75015,23124986,23125082,96
75016,23125082,23125133,51
75017,23125133,23125137,4
75018,23125137,23125155,18
75019,23125155,23125257,102
75020,23125257,23125485,228
75021,23125485,23125501,16
75022,23125501,23125585,84
75023,23125585,23125614,29
75024,23125614,23125619,5
75025,23125619,23125642,23
75026,23125642,23126038,396
75027,23126038,23126148,110
75028,23126148,23126156,8
75029,23126156,23126220,64
75030,23126220,23126223,3
75031,23126223,23126322,99
75032,23126322,23126606,284
75033,23126606,23126691,85
75034,23126691,23126867,176
75035,23126867,23127048,181
75036,23127048,23127082,34
75037,23127082,23127086,4
75038,23127086,23127203,117
75039,23127203,23127271,68
75040,23127271,23127314,43
75041,23127314,23127354,40
75042,23127354,23127368,14
75043,23127368,23127376,8
75044,23127376,23127427,51
75045,23127427,23127635,208
75046,23127635,23127659,24
75047,23127659,23127691,32
75048,23127691,23127781,90
75049,23127781,23127859,78
75050,23127859,23128044,185
75051,23128044,23128096,52
75052,23128096,23128100,4
75053,23128100,23128103,3
75054,23128103,23128220,117
75055,23128220,23128407,187
75056,23128407,23128430,23
75057,23128430,23128446,16
75058,23128446,23128512,66
75059,23128512,23128561,49
75060,23128561,23128598,37
75061,23128598,23128702,104
75062,23128702,23128776,74
75063,23128776,23128863,87
75064,23128863,23128884,21
75065,23128884,23128997,113
75066,23128997,23129074,77
75067,23129074,23129227,153
75068,23129227,23129234,7
75069,23129234,23129266,32
75070,23129266,23129322,56
75071,23129322,23129345,23
75072,23129345,23129352,7
75073,23129352,23129358,6
75074,23129358,23129468,110
75075,23129468,23129495,27
75076,23129495,23129533,38
75077,23129533,23129634,101
75078,23129634,23129961,327
75079,23129961,23129976,15
75080,23129976,23130055,79
75081,23130055,23130105,50
75082,23130105,23130195,90
75083,23130195,23130302,107
75084,23130302,23130369,67
75085,23130369,23130797,428
75086,23130797,23130871,74
75087,23130871,23130967,96
75088,23130967,23131018,51
75089,23131018,23131022,4
75090,23131022,23131040,18
75091,23131040,23131142,102
75092,23131142,23131370,228
75093,23131370,23131386,16
75094,23131386,23131470,84
75095,23131470,23131499,29
75096,23131499,23131504,5
75097,23131504,23131527,23
75098,23131527,23131923,396
75099,23131923,23132033,110
75100,23132033,23132041,8
75101,23132041,23132105,64
75102,23132105,23132108,3
75103,23132108,23132207,99
75104,23132207,23132491,284
75105,23132491,23132576,85
75106,23132576,23132752,176
75107,23132752,23132933,181
75108,23132933,23132967,34
75109,23132967,23132971,4
75110,23132971,23133088,117
75111,23133088,23133156,68
75112,23133156,23133199,43
75113,23133199,23133239,40
75114,23133239,23133253,14
75115,23133253,23133261,8
75116,23133261,23133312,51
75117,23133312,23133520,208
75118,23133520,23133544,24
75119,23133544,23133576,32
75120,23133576,23133666,90
75121,23133666,23133744,78
75122,23133744,23133929,185
75123,23133929,23133981,52
75124,23133981,23133985,4
75125,23133985,23133988,3
75126,23133988,23134105,117
75127,23134105,23134292,187
75128,23134292,23134315,23
75129,23134315,23134331,16
75130,23134331,23134397,66
75131,23134397,23134446,49
75132,23134446,23134483,37
75133,23134483,23134587,104
75134,23134587,23134661,74
75135,23134661,23134748,87
75136,23134748,23134769,21
75137,23134769,23134882,113
75138,23134882,23134959,77
75139,23134959,23135112,153
75140,23135112,23135119,7
75141,23135119,23135151,32
75142,23135151,23135207,56
75143,23135207,23135230,23
75144,23135230,23135237,7
75145,23135237,23135243,6
75146,23135243,23135353,110
75147,23135353,23135380,27
75148,23135380,23135418,38
75149,23135418,23135519,101
75150,23135519,23135846,327
75151,23135846,23135861,15
75152,23135861,23135940,79
75153,23135940,23135990,50
75154,23135990,23136080,90
75155,23136080,23136187,107
75156,23136187,23136254,67
75157,23136254,23136682,428
75158,23136682,23136756,74
75159,23136756,23136852,96
75160,23136852,23136903,51
75161,23136903,23136907,4
75162,23136907,23136925,18
75163,23136925,23137027,102
75164,23137027,23137255,228
75165,23137255,23137271,16
75166,23137271,23137355,84
75167,23137355,23137384,29
75168,23137384,23137389,5
75169,23137389,23137412,23
75170,23137412,23137808,396
75171,23137808,23137918,110
75172,23137918,23137926,8
75173,23137926,23137990,64
75174,23137990,23137993,3
75175,23137993,23138092,99
75176,23138092,23138376,284
75177,23138376,23138461,85
75178,23138461,23138637,176
75179,23138637,23138818,181
75180,23138818,23138852,34
75181,23138852,23138856,4
75182,23138856,23138973,117
75183,23138973,23139041,68
75184,23139041,23139084,43
75185,23139084,23139124,40
75186,23139124,23139138,14
75187,23139138,23139146,8
75188,23139146,23139197,51
75189,23139197,23139405,208
75190,23139405,23139429,24
75191,23139429,23139461,32
75192,23139461,23139551,90
75193,23139551,23139629,78
75194,23139629,23139814,185
75195,23139814,23139866,52
75196,23139866,23139870,4
75197,23139870,23139873,3
75198,23139873,23139990,117
75199,23139990,23140177,187
75200,23140177,23140200,23
75201,23140200,23140216,16
75202,23140216,23140282,66
75203,23140282,23140331,49
75204,23140331,23140368,37
75205,23140368,23140472,104
75206,23140472,23140546,74
75207,23140546,23140633,87
75208,23140633,23140654,21
75209,23140654,23140767,113
75210,23140767,23140844,77
75211,23140844,23140997,153
75212,23140997,23141004,7
75213,23141004,23141036,32
75214,23141036,23141092,56
75215,23141092,23141115,23
75216,23141115,23141122,7
75217,23141122,23141128,6
75218,23141128,23141238,110
75219,23141238,23141265,27
75220,23141265,23141303,38
75221,23141303,23141404,101
75222,23141404,23141731,327
75223,23141731,23141746,15
75224,23141746,23141825,79
75225,23141825,23141875,50
75226,23141875,23141965,90
75227,23141965,23142072,107
75228,23142072,23142139,67
75229,23142139,23142567,428
75230,23142567,23142641,74
75231,23142641,23142737,96
75232,23142737,23142788,51
75233,23142788,23142792,4
75234,23142792,23142810,18
75235,23142810,23142912,102
75236,23142912,23143140,228
75237,23143140,23143156,16
75238,23143156,23143240,84
75239,23143240,23143269,29
75240,23143269,23143274,5
75241,23143274,23143297,23
75242,23143297,23143696,399
75243,23143696,23143806,110
75244,23143806,23143814,8
75245,23143814,23143878,64
75246,23143878,23143881,3
75247,23143881,23143980,99
75248,23143980,23144264,284
75249,23144264,23144349,85
75250,23144349,23144525,176
75251,23144525,23144706,181
75252,23144706,23144740,34
75253,23144740,23144744,4
75254,23144744,23144861,117
75255,23144861,23144929,68
75256,23144929,23144972,43
75257,23144972,23145012,40
75258,23145012,23145026,14
75259,23145026,23145034,8
75260,23145034,23145085,51
75261,23145085,23145293,208
75262,23145293,23145317,24
75263,23145317,23145349,32
75264,23145349,23145439,90
75265,23145439,23145517,78
75266,23145517,23145702,185
75267,23145702,23145754,52
75268,23145754,23145758,4
75269,23145758,23145761,3
75270,23145761,23145878,117
75271,23145878,23146065,187
75272,23146065,23146088,23
75273,23146088,23146104,16
75274,23146104,23146170,66
75275,23146170,23146219,49
75276,23146219,23146256,37
75277,23146256,23146360,104
75278,23146360,23146434,74
75279,23146434,23146521,87
75280,23146521,23146542,21
75281,23146542,23146655,113
75282,23146655,23146732,77
75283,23146885,23146892,7
75284,23146892,23146924,32
75285,23146924,23146980,56
75286,23146980,23147003,23
75287,23147003,23147010,7
75288,23147010,23147016,6
75289,23147016,23147126,110
75290,23147126,23147153,27
75291,23147153,23147191,38
75292,23147191,23147292,101
75293,23147292,23147572,280
75294,23147572,23147619,47
75295,23147619,23147634,15
75296,23147634,23147713,79
75297,23147713,23147763,50
75298,23147763,23147853,90
75299,23147853,23147960,107
75300,23147960,23148027,67
75301,23148027,23148455,428
75302,23148455,23148529,74
75303,23148529,23148625,96
75304,23148675,23148679,4
75305,23148679,23148697,18
75306,23149012,23149028,16
75307,23149028,23149112,84
75308,23149112,23149141,29
75309,23149141,23149146,5
75310,23149146,23149169,23
75311,23149169,23149568,399
75312,23149568,23149678,110
75313,23149678,23149686,8
75314,23149686,23149750,64
75315,23149750,23149753,3
75316,23149753,23149852,99
75317,23149852,23150136,284
75318,23150136,23150221,85
75319,23150221,23150397,176
75320,23150397,23150578,181
75321,23150578,23150612,34
75322,23150612,23150616,4
75323,23150733,23150801,68
75324,23151471,23151474,3
75325,23151700,23151708,8
75326,23151795,23151798,3
75327,23151894,23151897,3
75328,23152489,23152497,8
75329,23152497,23152504,7
75330,23152872,23152880,8
75331,23152880,23152887,7
75332,23153552,23153559,7
75333,23154086,23154102,16
75334,23154102,23154186,84
75335,23154186,23154215,29
75336,23154215,23154220,5
75337,23154925,23154931,6
75338,23155005,23155076,71
75339,23155076,23155103,27
75340,23155103,23155174,71
75341,23155174,23155201,27
75342,23155343,23155381,38
75343,23155616,23155620,4
75344,23155824,23155827,3
75345,23155827,23155834,7
75346,23155834,23155841,7
75347,23156550,23156554,4
75348,23157262,23157267,5
75349,23157267,23157271,4
75350,23157271,23157279,8
75351,23158076,23158095,19
75352,23158551,23158559,8
75353,23158559,23158615,56
75354,23160095,23160098,3
75355,23160169,23160178,9
75356,23160323,23160326,3
75357,23160562,23160567,5
75358,23161686,23161690,4
75359,23162323,23162330,7
75360,23163274,23163297,23
75361,23163469,23163479,10
75362,23163975,23163981,6
75363,23164255,23164258,3
75364,23164258,23164265,7
75365,23164682,23164689,7
75366,23165309,23165317,8
75367,23165494,23165497,3
75368,23166714,23166726,12
75369,23167836,23167844,8
75370,23168098,23168106,8
75371,23168668,23168671,3
75372,23170302,23170308,6
75373,23170731,23170738,7
75374,23171024,23171035,11
75375,23171035,23171040,5
75376,23171154,23171157,3
75377,23171483,23171486,3
75378,23171693,23171700,7
75379,23172622,23172630,8
75380,23172630,23172686,56
75381,23172948,23172955,7
75382,23172955,23172961,6
75383,23174667,23174673,6
75384,23174673,23174676,3
75385,23174763,23174779,16
75386,23175064,23175081,17
75387,23175318,23175338,20
75388,23175596,23175599,3
75389,23176840,23176849,9
75390,23176849,23176852,3
75391,23179045,23179050,5
75392,23179357,23179364,7
75393,23179739,23179744,5
75394,23180419,23180422,3
75395,23180754,23180760,6
75396,23180798,23180801,3
75397,23180826,23180834,8
75398,23180834,23180842,8
75399,23181251,23181255,4
75400,23181255,23181263,8
75401,23181302,23181308,6
75402,23184206,23184222,16
75403,23184379,23184386,7
75404,23185003,23185008,5
75405,23185337,23185349,12
75406,23185814,23185850,36
75407,23186629,23186636,7
75408,23187666,23187669,3
75409,23187704,23187707,3
75410,23187870,23187879,9
75411,23187914,23187919,5
75412,23188363,23188370,7
75413,23188614,23188618,4
75414,23189342,23189346,4
75415,23189443,23189450,7
75416,23190477,23190482,5
75417,23191131,23191134,3
75418,23192149,23192157,8
75419,23193503,23193513,10
75420,23194398,23194406,8
75421,23195025,23195028,3
75422,23195170,23195177,7
75423,23195589,23195594,5
75424,23195630,23195636,6
75425,23197729,23197734,5
75426,23197918,23197942,24
75427,23197977,23198007,30
75428,23198349,23198375,26
75429,23198678,23198686,8
75430,23198798,23198806,8
75431,23198806,23198850,44
75432,23199102,23199112,10
75433,23199241,23199253,12
75434,23199253,23199286,33
75435,23199358,23199367,9
75436,23199394,23199410,16
75437,23200187,23200194,7
75438,23200605,23200610,5
75439,23200690,23200745,55
75440,23200864,23200871,7
75441,23201256,23201264,8
75442,23201414,23201437,23
75443,23201437,23201458,21
75444,23201493,23201496,3
75445,23201496,23201531,35
75446,23202056,23202064,8
75447,23203194,23203199,5
75448,23203235,23203238,3
75449,23203238,23203247,9
75450,23203247,23203250,3
75451,23204043,23204050,7
75452,23204709,23204720,11
75453,23204932,23204937,5
75454,23204937,23204942,5
75455,23204942,23204947,5
75456,23205094,23205103,9
75457,23205271,23205291,20
75458,23205493,23205505,12
75459,23205973,23206017,44
75460,23206082,23206090,8
75461,23206090,23206093,3
75462,23206119,23206179,60
75463,23206179,23206267,88
75464,23206476,23206480,4
75465,23206480,23206489,9
75466,23206704,23206726,22
75467,23206841,23206864,23
75468,23206864,23206885,21
75469,23206923,23206958,35
75470,23207040,23207063,23
75471,23207305,23207308,3
75472,23207308,23207342,34
75473,23207358,23207368,10
75474,23207735,23207744,9
75475,23207744,23207791,47
75476,23207791,23207869,78
75477,23207869,23207873,4
75478,23207873,23207906,33
75479,23208049,23208056,7
75480,23208056,23208117,61
75481,23208292,23208296,4
75482,23208296,23208309,13
75483,23208309,23208312,3
75484,23208312,23208396,84
75485,23208396,23208399,3
75486,23208399,23208453,54
75487,23208453,23208481,28
75488,23208896,23208907,11
75489,23208969,23208987,18
75490,23209543,23209552,9
75491,23209642,23209652,10
75492,23210307,23210359,52
75493,23210806,23210815,9
75494,23211207,23211287,80
75495,23211287,23211306,19
75496,23211411,23211419,8
75497,23211419,23211443,24
75498,23211443,23211454,11
75499,23211454,23211480,26
75500,23211480,23211511,31
75501,23211566,23211921,355
75502,23212254,23212259,5
75503,23212259,23212286,27
75504,23212495,23212499,4
75505,23212557,23212576,19
75506,23212576,23212607,31
75507,23212607,23212618,11
75508,23212776,23212798,22
75509,23212798,23212808,10
75510,23213016,23213047,31
75511,23213047,23213101,54
75512,23213158,23213247,89
75513,23213247,23213287,40
75514,23213720,23213729,9
75515,23213729,23213807,78
75516,23214124,23214136,12
75517,23214292,23214351,59
75518,23214603,23214647,44
75519,23214712,23214720,8
75520,23214720,23214723,3
75521,23214749,23214809,60
75522,23214809,23214897,88
75523,23215096,23215107,11
75524,23215107,23215111,4
75525,23215111,23215120,9
75526,23215120,23215170,50
75527,23215170,23215187,17
75528,23215187,23215203,16
75529,23215203,23215210,7
75530,23215210,23215273,63
75531,23215273,23215313,40
75532,23215313,23215328,15
75533,23215446,23215463,17
75534,23215524,23215601,77
75535,23215601,23215655,54
75536,23215655,23215679,24
75537,23215729,23215749,20
75538,23215800,23215847,47
75539,23215847,23215889,42
75540,23215993,23216002,9
75541,23216002,23216005,3
75542,23216480,23216489,9
75543,23216489,23216525,36
75544,23216632,23216668,36
75545,23216668,23216683,15
75546,23216683,23216689,6
75547,23216689,23216702,13
75548,23216702,23216708,6
75549,23216708,23216721,13
75550,23217976,23217987,11
75551,23217987,23218092,105
75552,23218092,23218215,123
75553,23218215,23218281,66
75554,23218281,23218320,39
75555,23218320,23218334,14
75556,23218572,23218585,13
75557,23218585,23218622,37
75558,23218622,23218628,6
75559,23218628,23218658,30
75560,23218658,23218830,172
75561,23218830,23218945,115
75562,23218945,23218992,47
75563,23218992,23219001,9
75564,23219001,23219064,63
75565,23219064,23219109,45
75566,23219109,23219181,72
75567,23219181,23219214,33
75568,23219214,23219357,143
75569,23219357,23219412,55
75570,23219412,23219433,21
75571,23219433,23219614,181
75572,23219727,23219755,28
75573,23219755,23219841,86
75574,23219841,23219856,15
75575,23219856,23219862,6
75576,23219862,23219939,77
75577,23219939,23219943,4
75578,23219943,23219967,24
75579,23219967,23220002,35
75580,23220002,23220032,30
75581,23220032,23220062,30
75582,23220062,23220069,7
75583,23220376,23220398,22
75584,23220513,23220536,23
75585,23220536,23220557,21
75586,23220570,23220578,8
75587,23220592,23220595,3
75588,23220713,23220736,23
75589,23221124,23221140,16
75590,23221140,23221169,29
75591,23221261,23221271,10
75592,23221632,23221640,8
75593,23221640,23221651,11
75594,23221692,23221715,23
75595,23221715,23221733,18
75596,23222012,23222015,3
75597,23222015,23222041,26
75598,23222041,23222075,34
75599,23222075,23222200,125
75600,23222271,23222310,39
75601,23222432,23222445,13
75602,23222445,23222460,15
75603,23222480,23222488,8
75604,23222657,23222661,4
75605,23222922,23222927,5
75606,23223128,23223133,5
75607,23223170,23223173,3
75608,23223173,23223198,25
75609,23223237,23223292,55
75610,23223318,23223322,4
75611,23224065,23224073,8
75612,23224073,23224111,38
75613,23224306,23224317,11
75614,23224317,23224422,105
75615,23224422,23224545,123
75616,23224545,23224611,66
75617,23224611,23224650,39
75618,23224650,23224664,14
75619,23224902,23224915,13
75620,23224915,23224952,37
75621,23224952,23224958,6
75622,23224958,23224988,30
75623,23224988,23225160,172
75624,23225160,23225275,115
75625,23225275,23225322,47
75626,23225322,23225331,9
75627,23225331,23225394,63
75628,23225394,23225439,45
75629,23225439,23225511,72
75630,23225511,23225544,33
75631,23225544,23225687,143
75632,23225687,23225742,55
75633,23225742,23225763,21
75634,23225763,23225944,181
75635,23226057,23226085,28
75636,23226085,23226171,86
75637,23226171,23226186,15
75638,23226186,23226192,6
75639,23226192,23226269,77
75640,23226269,23226273,4
75641,23226273,23226297,24
75642,23226297,23226332,35
75643,23226332,23226362,30
75644,23226362,23226392,30
75645,23226392,23226399,7
75646,23226631,23226640,9
75647,23226640,23226646,6
75648,23226820,23226832,12
75649,23226832,23226847,15
75650,23226847,23226858,11
75651,23226991,23227043,52
75652,23227099,23227133,34
75653,23227133,23227137,4
75654,23227137,23227188,51
75655,23227660,23227728,68
75656,23227885,23227956,71
75657,23227969,23227976,7
75658,23227976,23228046,70
75659,23228046,23228070,24
75660,23228070,23228087,17
75661,23228121,23228136,15
75662,23228136,23228171,35
75663,23228190,23228193,3
75664,23228345,23228350,5
75665,23228571,23228581,10
75666,23228581,23228592,11
75667,23229074,23229077,3
75668,23229077,23229103,26
75669,23229103,23229137,34
75670,23229137,23229262,125
75671,23229334,23229373,39
75672,23229495,23229508,13
75673,23229508,23229523,15
75674,23229543,23229551,8
75675,23229720,23229724,4
75676,23229985,23229990,5
75677,23230191,23230196,5
75678,23230233,23230236,3
75679,23230236,23230261,25
75680,23230300,23230355,55
75681,23230381,23230385,4
75682,23230860,23230869,9
75683,23230869,23230932,63
75684,23230932,23230977,45
75685,23231049,23231082,33
75686,23231082,23231280,198
75687,23231280,23231301,21
75688,23231595,23231623,28
75689,23231709,23231724,15
75690,23231724,23231730,6
75691,23231730,23231807,77
75692,23231807,23231811,4
75693,23231811,23231835,24
75694,23231870,23231900,30
75695,23231900,23231930,30
75696,23231930,23231937,7
75697,23231937,23232051,114
75698,23232051,23232169,118
75699,23232169,23232178,9
75700,23232178,23232184,6
75701,23232184,23232240,56
75702,23232358,23232370,12
75703,23232370,23232385,15
75704,23232385,23232396,11
75705,23232566,23232591,25
75706,23232591,23232622,31
75707,23232622,23232660,38
75708,23232660,23232711,51
75709,23232989,23233109,120
75710,23233109,23233183,74
75711,23233251,23233297,46
75712,23233407,23233478,71
75713,23233478,23233491,13
75714,23233491,23233498,7
75715,23233572,23233596,24
75716,23233596,23233613,17
75717,23233613,23233647,34
75718,23233647,23233662,15
75719,23233662,23233697,35
75720,23233697,23233716,19
75721,23233716,23233719,3
75722,23234097,23234107,10
75723,23234107,23234118,11
75724,23234118,23234333,215
75725,23234333,23234375,42
75726,23234721,23234729,8
75727,23234729,23234767,38
75728,23235210,23235221,11
75729,23235221,23235326,105
75730,23235326,23235449,123
75731,23235523,23235562,39
75732,23235562,23235576,14
75733,23235796,23235809,13
75734,23235809,23235846,37
75735,23235846,23235852,6
75736,23235852,23235882,30
75737,23236225,23236288,63
75738,23236405,23236438,33
75739,23236438,23236636,198
75740,23236636,23236657,21
75741,23236951,23236979,28
75742,23236979,23237065,86
75743,23237065,23237080,15
75744,23237080,23237163,83
75745,23237163,23237167,4
75746,23237167,23237191,24
75747,23237191,23237223,32
75748,23237223,23237253,30
75749,23237253,23237283,30
75750,23237283,23237290,7
75751,23237522,23237531,9
75752,23237531,23237537,6
75753,23237537,23237593,56
75754,23237593,23237711,118
75755,23237711,23237738,27
75756,23237749,23237882,133
75757,23237934,23237959,25
75758,23237959,23237990,31
75759,23237990,23238028,38
75760,23238028,23238079,51
75761,23238553,23238621,68
75762,23238621,23238667,46
75763,23238667,23238778,111
75764,23238778,23238849,71
75765,23238849,23238862,13
75766,23238862,23238869,7
75767,23238869,23238939,70
75768,23238939,23238963,24
75769,23238963,23238980,17
75770,23238980,23239014,34
75771,23239014,23239029,15
75772,23239064,23239083,19
75773,23239083,23239086,3
75774,23239086,23239238,152
75775,23239463,23239473,10
75776,23239473,23239484,11
75777,23240400,23240408,8
75778,23240763,23240768,5
75779,23240804,23240811,7
75780,23240811,23240819,8
75781,23240965,23240968,3
75782,23240968,23240973,5
75783,23241168,23241177,9
75784,23241265,23241280,15
75785,23241321,23241352,31
75786,23241439,23241478,39
75787,23241478,23241485,7
75788,23241901,23241908,7
75789,23242122,23242143,21
75790,23242143,23242163,20
75791,23242327,23242334,7
75792,23242334,23242403,69
75793,23242403,23242426,23
75794,23242426,23242438,12
75795,23242438,23242466,28
75796,23242589,23242594,5
75797,23242594,23242643,49
75798,23242643,23242706,63
75799,23242706,23242856,150
75800,23242856,23242939,83
75801,23242939,23243077,138
75802,23243077,23243210,133
75803,23243210,23243317,107
75804,23243317,23243534,217
75805,23243832,23243939,107
75806,23243939,23244203,264
75807,23244203,23244206,3
75808,23244206,23244278,72
75809,23244278,23244353,75
75810,23244353,23244401,48
75811,23244401,23244496,95
75812,23244496,23244547,51
75813,23244547,23244621,74
75814,23244621,23244893,272
75815,23244893,23245021,128
75816,23245021,23245024,3
75817,23245024,23245033,9
75818,23245033,23245165,132
75819,23245165,23245174,9
75820,23245174,23245211,37
75821,23245211,23245237,26
75822,23245237,23245425,188
75823,23245425,23245447,22
75824,23245447,23245556,109
75825,23245556,23245579,23
75826,23245579,23245818,239
75827,23245818,23245840,22
75828,23245840,23245870,30
75829,23245870,23245894,24
75830,23245894,23245899,5
75831,23245899,23245975,76
75832,23245975,23245980,5
75833,23245980,23246029,49
75834,23246029,23246092,63
75835,23246092,23246242,150
75836,23246242,23246325,83
75837,23246325,23246463,138
75838,23246463,23246596,133
75839,23246596,23246703,107
75840,23246703,23246920,217
75841,23246920,23247217,297
75842,23247217,23247324,107
75843,23247324,23247588,264
75844,23247588,23247591,3
75845,23247591,23247663,72
75846,23247663,23247738,75
75847,23247738,23247786,48
75848,23247786,23247881,95
75849,23247881,23247932,51
75850,23247932,23248006,74
75851,23248006,23248278,272
75852,23248278,23248406,128
75853,23248406,23248409,3
75854,23248409,23248418,9
75855,23248418,23248550,132
75856,23248550,23248559,9
75857,23248559,23248596,37
75858,23248596,23248622,26
75859,23248622,23248810,188
75860,23248810,23248832,22
75861,23248832,23248941,109
75862,23248941,23248964,23
75863,23248964,23249203,239
75864,23249203,23249225,22
75865,23249225,23249255,30
75866,23249255,23249279,24
75867,23249279,23249284,5
75868,23249284,23249360,76
75869,23249360,23249365,5
75870,23249365,23249414,49
75871,23249414,23249477,63
75872,23249477,23249627,150
75873,23249627,23249710,83
75874,23249710,23249848,138
75875,23249848,23249981,133
75876,23249981,23250088,107
75877,23250088,23250305,217
75878,23250305,23250602,297
75879,23250602,23250709,107
75880,23250709,23250973,264
75881,23250973,23250976,3
75882,23250976,23251048,72
75883,23251048,23251123,75
75884,23251123,23251171,48
75885,23251171,23251266,95
75886,23251266,23251317,51
75887,23251317,23251391,74
75888,23251391,23251663,272
75889,23251663,23251791,128
75890,23251791,23251794,3
75891,23251794,23251803,9
75892,23251803,23251935,132
75893,23251935,23251944,9
75894,23251944,23251981,37
75895,23251981,23252007,26
75896,23252007,23252195,188
75897,23252195,23252217,22
75898,23252217,23252326,109
75899,23252326,23252349,23
75900,23252349,23252588,239
75901,23252588,23252610,22
75902,23252610,23252640,30
75903,23252640,23252664,24
75904,23252664,23252669,5
75905,23252669,23252745,76
75906,23252745,23252750,5
75907,23252750,23252799,49
75908,23252799,23252862,63
75909,23252862,23253012,150
75910,23253012,23253095,83
75911,23253095,23253233,138
75912,23254225,23254332,107
75913,23254588,23254591,3
75914,23254591,23254663,72
75915,23254663,23254738,75
75916,23254738,23254786,48
75917,23254786,23254881,95
75918,23254881,23254932,51
75919,23254932,23255006,74
75920,23255006,23255278,272
75921,23255401,23255406,5
75922,23255406,23255409,3
75923,23255409,23255418,9
75924,23255418,23255550,132
75925,23255550,23255559,9
75926,23255559,23255596,37
75927,23255596,23255622,26
75928,23255622,23255810,188
75929,23255810,23255832,22
75930,23255832,23255941,109
75931,23255941,23255964,23
75932,23255964,23256203,239
75933,23256203,23256225,22
75934,23256225,23256255,30
75935,23256255,23256279,24
75936,23256279,23256284,5
75937,23256284,23256360,76
75938,23256360,23256365,5
75939,23256365,23256414,49
75940,23256477,23256627,150
75941,23256627,23256710,83
75942,23256710,23256848,138
75943,23257065,23257362,297
75944,23257362,23257469,107
75945,23257733,23257736,3
75946,23257808,23257883,75
75947,23257883,23257931,48
75948,23257931,23258026,95
75949,23258026,23258077,51
75950,23258077,23258151,74
75951,23258151,23258423,272
75952,23258423,23258551,128
75953,23258551,23258554,3
75954,23258554,23258563,9
75955,23258563,23258695,132
75956,23258695,23258704,9
75957,23258704,23258741,37
75958,23258741,23258767,26
75959,23258767,23258955,188
75960,23258955,23258977,22
75961,23258977,23259086,109
75962,23259086,23259109,23
75963,23259348,23259370,22
75964,23259400,23259408,8
75965,23259811,23259822,11
75966,23260245,23260252,7
75967,23260691,23260700,9
75968,23261056,23261064,8
75969,23261064,23261076,12
75970,23261076,23261143,67
75971,23261143,23261164,21
75972,23261521,23261553,32
75973,23261553,23261578,25
75974,23261578,23261613,35
75975,23261613,23261645,32
75976,23261645,23261670,25
75977,23261670,23261705,35
75978,23261705,23261737,32
75979,23261737,23261789,52
75980,23261789,23261803,14
75981,23261931,23261938,7
75982,23262314,23262337,23
75983,23262337,23262439,102
75984,23262439,23262443,4
75985,23262816,23262879,63
75986,23264067,23264084,17
75987,23264201,23264218,17
75988,23266371,23266379,8
75989,23266409,23266413,4
75990,23266581,23266589,8
75991,23267343,23267347,4
75992,23268349,23268354,5
75993,23268415,23268424,9
75994,23268454,23268461,7
75995,23269001,23269010,9
75996,23270316,23270321,5
75997,23270672,23270735,63
75998,23270858,23270866,8
75999,23270866,23270901,35
76000,23270999,23271064,65
76001,23271141,23271148,7
76002,23271148,23271172,24
76003,23271172,23271216,44
76004,23271482,23271494,12
76005,23271737,23271800,63
76006,23272525,23272542,17
76007,23272542,23272554,12
76008,23272554,23272574,20
76009,23272740,23272839,99
76010,23272839,23272911,72
76011,23272911,23272922,11
76012,23272922,23272925,3
76013,23272925,23272935,10
76014,23273039,23273044,5
76015,23273044,23273070,26
76016,23273646,23273690,44
76017,23273690,23273697,7
76018,23273697,23273700,3
76019,23273798,23273869,71
76020,23273869,23274012,143
76021,23274012,23274016,4
76022,23274229,23274269,40
76023,23274369,23274395,26
76024,23274917,23274966,49
76025,23275054,23275071,17
76026,23275071,23275203,132
76027,23275255,23275269,14
76028,23275269,23275371,102
76029,23275428,23275442,14
76030,23276469,23276473,4
76031,23276806,23276815,9
76032,23276853,23276863,10
76033,23276962,23276966,4
76034,23277073,23277111,38
76035,23277158,23277176,18
76036,23277207,23277213,6
76037,23277213,23277280,67
76038,23277547,23277555,8
76039,23277589,23277605,16
76040,23277707,23277723,16
76041,23277778,23277804,26
76042,23277804,23277863,59
76043,23278092,23278125,33
76044,23278765,23278806,41
76045,23278806,23278811,5
76046,23278879,23278887,8
76047,23278887,23278924,37
76048,23279548,23279677,129
76049,23280167,23280186,19
76050,23280507,23280511,4
76051,23280511,23280574,63
76052,23280574,23280670,96
76053,23280670,23280673,3
76054,23280673,23280702,29
76055,23280702,23280735,33
76056,23281884,23281915,31
76057,23281915,23281998,83
76058,23282612,23282632,20
76059,23282632,23282658,26
76060,23282658,23282693,35
76061,23282693,23282701,8
76062,23282701,23282806,105
76063,23283341,23283344,3
76064,23283494,23283510,16
76065,23283510,23283555,45
76066,23284656,23284662,6
76067,23284662,23284709,47
76068,23284709,23284796,87
76069,23284796,23284803,7
76070,23284803,23284830,27
76071,23284917,23284924,7
76072,23285013,23285052,39
76073,23285052,23285084,32
76074,23285391,23285410,19
76075,23285506,23285518,12
76076,23285518,23285530,12
76077,23285627,23285635,8
76078,23285635,23285685,50
76079,23285685,23285689,4
76080,23285823,23285854,31
76081,23285854,23285863,9
76082,23285863,23285926,63
76083,23285926,23285946,20
76084,23285946,23286026,80
76085,23286126,23286133,7
76086,23286530,23286622,92
76087,23286622,23286633,11
76088,23286633,23286684,51
76089,23286879,23286887,8
76090,23286907,23286916,9
76091,23286962,23286968,6
76092,23286968,23286993,25
76093,23287322,23287476,154
76094,23287476,23287498,22
76095,23287945,23287952,7
76096,23288245,23288268,23
76097,23288268,23288277,9
76098,23288277,23288355,78
76099,23288355,23288427,72
76100,23288487,23288499,12
76101,23288499,23288533,34
76102,23288533,23288537,4
76103,23288537,23288550,13
76104,23288550,23288581,31
76105,23288581,23288605,24
76106,23288605,23288622,17
76107,23288921,23288954,33
76108,23289215,23289245,30
76109,23289380,23289391,11
76110,23289391,23289403,12
76111,23289632,23289638,6
76112,23290118,23290128,10
76113,23290699,23290708,9
76114,23291388,23291397,9
76115,23291562,23291582,20
76116,23292353,23292414,61
76117,23292414,23292419,5
76118,23292419,23292430,11
76119,23292430,23292458,28
76120,23292458,23292472,14
76121,23292472,23292497,25
76122,23292497,23292551,54
76123,23292551,23292569,18
76124,23292569,23292605,36
76125,23292605,23292692,87
76126,23292692,23292715,23
76127,23292715,23292719,4
76128,23292719,23292782,63
76129,23292782,23292819,37
76130,23292819,23292837,18
76131,23292837,23292880,43
76132,23292880,23293011,131
76133,23293011,23293033,22
76134,23293033,23293155,122
76135,23293155,23293159,4
76136,23293159,23293187,28
76137,23293187,23293285,98
76138,23293285,23293311,26
76139,23293311,23293314,3
76140,23293314,23293321,7
76141,23293321,23293368,47
76142,23293368,23293439,71
76143,23293439,23293532,93
76144,23293532,23293550,18
76145,23293550,23293558,8
76146,23293558,23293639,81
76147,23293639,23293666,27
76148,23293666,23293677,11
76149,23293677,23293774,97
76150,23293774,23293972,198
76151,23293972,23294097,125
76152,23294097,23294145,48
76153,23294145,23294162,17
76154,23294162,23294295,133
76155,23294295,23294351,56
76156,23294351,23294399,48
76157,23294399,23294426,27
76158,23294426,23294470,44
76159,23294470,23294527,57
76160,23294527,23294582,55
76161,23294582,23294596,14
76162,23294596,23294621,25
76163,23294621,23294665,44
76164,23294665,23294726,61
76165,23294726,23294754,28
76166,23294754,23294760,6
76167,23294760,23294791,31
76168,23294791,23294872,81
76169,23294872,23294947,75
76170,23294947,23294995,48
76171,23294995,23295034,39
76172,23295034,23295045,11
76173,23295045,23295086,41
76174,23295086,23295212,126
76175,23295212,23295378,166
76176,23295378,23295397,19
76177,23295397,23295418,21
76178,23295418,23295426,8
76179,23295426,23295529,103
76180,23295529,23295625,96
76181,23295625,23295712,87
76182,23295712,23295738,26
76183,23295738,23295924,186
76184,23295924,23295967,43
76185,23295967,23296027,60
76186,23296027,23296080,53
76187,23296080,23296090,10
76188,23296090,23296098,8
76189,23296098,23296111,13
76190,23296111,23296198,87
76191,23296198,23296223,25
76192,23296223,23296226,3
76193,23296226,23296293,67
76194,23296293,23296359,66
76195,23296359,23296369,10
76196,23296369,23296477,108
76197,23296477,23296574,97
76198,23296574,23296660,86
76199,23296660,23296762,102
76200,23296762,23296801,39
76201,23296801,23296813,12
76202,23296813,23296851,38
76203,23296851,23296875,24
76204,23296875,23296914,39
76205,23296914,23296979,65
76206,23296979,23296984,5
76207,23296984,23297079,95
76208,23297079,23297114,35
76209,23297114,23297127,13
76210,23297127,23297148,21
76211,23297148,23297215,67
76212,23297215,23297239,24
76213,23297239,23297293,54
76214,23297293,23297347,54
76215,23297347,23297416,69
76216,23297416,23297446,30
76217,23297446,23297456,10
76218,23297456,23297490,34
76219,23297490,23297561,71
76220,23297561,23297769,208
76221,23297769,23297776,7
76222,23297776,23297796,20
76223,23297796,23297817,21
76224,23297817,23297820,3
76225,23297820,23297908,88
76226,23297908,23297932,24
76227,23297932,23298140,208
76228,23298140,23298154,14
76229,23298154,23298213,59
76230,23298213,23298260,47
76231,23298260,23298316,56
76232,23298316,23298394,78
76233,23298394,23298470,76
76234,23298470,23298545,75
76235,23298545,23298654,109
76236,23298654,23298796,142
76237,23298796,23298923,127
76238,23298923,23299068,145
76239,23299068,23299128,60
76240,23299128,23299158,30
76241,23299158,23299173,15
76242,23299173,23299197,24
76243,23299197,23299236,39
76244,23299236,23299251,15
76245,23299251,23299275,24
76246,23299275,23299290,15
76247,23299290,23299305,15
76248,23299305,23299329,24
76249,23299329,23299344,15
76250,23299344,23299442,98
76251,23299743,23299788,45
76252,23299788,23299827,39
76253,23299827,23299903,76
76254,23299903,23299928,25
76255,23299928,23299966,38
76256,23299966,23300305,339
76257,23300305,23300366,61
76258,23300366,23300371,5
76259,23300371,23300382,11
76260,23300382,23300410,28
76261,23300410,23300424,14
76262,23300424,23300449,25
76263,23300449,23300503,54
76264,23300503,23300521,18
76265,23300521,23300557,36
76266,23300557,23300644,87
76267,23300644,23300667,23
76268,23300667,23300671,4
76269,23300734,23300771,37
76270,23300771,23300789,18
76271,23300789,23300832,43
76272,23300832,23300963,131
76273,23300963,23300985,22
76274,23300985,23301107,122
76275,23301107,23301111,4
76276,23301111,23301139,28
76277,23301139,23301237,98
76278,23301237,23301263,26
76279,23301263,23301266,3
76280,23301266,23301273,7
76281,23301273,23301320,47
76282,23301320,23301391,71
76283,23301391,23301484,93
76284,23301484,23301502,18
76285,23301502,23301510,8
76286,23301510,23301591,81
76287,23301591,23301618,27
76288,23301618,23301629,11
76289,23301629,23301726,97
76290,23301726,23301924,198
76291,23301924,23302049,125
76292,23302049,23302097,48
76293,23302097,23302114,17
76294,23302114,23302247,133
76295,23302247,23302303,56
76296,23302303,23302351,48
76297,23302351,23302378,27
76298,23302378,23302422,44
76299,23302422,23302479,57
76300,23302479,23302534,55
76301,23302534,23302548,14
76302,23302548,23302573,25
76303,23302573,23302617,44
76304,23302617,23302678,61
76305,23302678,23302706,28
76306,23302706,23302712,6
76307,23302712,23302743,31
76308,23302743,23302824,81
76309,23302824,23302899,75
76310,23302899,23302947,48
76311,23302947,23302986,39
76312,23302986,23302997,11
76313,23302997,23303038,41
76314,23303038,23303164,126
76315,23303164,23303330,166
76316,23303330,23303349,19
76317,23303349,23303370,21
76318,23303370,23303378,8
76319,23303378,23303481,103
76320,23303481,23303577,96
76321,23303577,23303664,87
76322,23303664,23303690,26
76323,23303690,23303876,186
76324,23303876,23303919,43
76325,23303919,23303979,60
76326,23303979,23304032,53
76327,23304032,23304042,10
76328,23304042,23304050,8
76329,23304050,23304063,13
76330,23304063,23304150,87
76331,23304150,23304175,25
76332,23304175,23304178,3
76333,23304178,23304245,67
76334,23304245,23304311,66
76335,23304311,23304321,10
76336,23304321,23304429,108
76337,23304429,23304526,97
76338,23304526,23304612,86
76339,23304612,23304714,102
76340,23304714,23304753,39
76341,23304753,23304765,12
76342,23304765,23304803,38
76343,23304803,23304827,24
76344,23304827,23304866,39
76345,23304866,23304931,65
76346,23304931,23304936,5
76347,23304936,23305031,95
76348,23305031,23305066,35
76349,23305066,23305079,13
76350,23305079,23305100,21
76351,23305100,23305167,67
76352,23305167,23305191,24
76353,23305191,23305245,54
76354,23305245,23305299,54
76355,23305299,23305368,69
76356,23305368,23305398,30
76357,23305398,23305408,10
76358,23305408,23305442,34
76359,23305442,23305513,71
76360,23305513,23305721,208
76361,23305721,23305728,7
76362,23305728,23305748,20
76363,23305748,23305769,21
76364,23305769,23305772,3
76365,23305772,23305860,88
76366,23305860,23305884,24
76367,23305884,23306092,208
76368,23306092,23306106,14
76369,23306106,23306165,59
76370,23306165,23306212,47
76371,23306212,23306268,56
76372,23306268,23306346,78
76373,23306346,23306422,76
76374,23306422,23306497,75
76375,23306497,23306606,109
76376,23306606,23306748,142
76377,23306748,23306875,127
76378,23306875,23307020,145
76379,23307020,23307080,60
76380,23307080,23307110,30
76381,23307110,23307125,15
76382,23307125,23307149,24
76383,23307149,23307188,39
76384,23307188,23307203,15
76385,23307203,23307227,24
76386,23307227,23307242,15
76387,23307242,23307257,15
76388,23307257,23307281,24
76389,23307281,23307296,15
76390,23307296,23307394,98
76391,23307597,23307696,99
76392,23307696,23307741,45
76393,23307741,23307780,39
76394,23307780,23307856,76
76395,23307856,23307881,25
76396,23307881,23307919,38
76397,23307919,23308258,339
76398,23308258,23308319,61
76399,23308319,23308324,5
76400,23308324,23308335,11
76401,23308363,23308377,14
76402,23308393,23308447,54
76403,23308447,23308465,18
76404,23308465,23308501,36
76405,23308501,23308588,87
76406,23308588,23308611,23
76407,23308611,23308615,4
76408,23308615,23308678,63
76409,23308678,23308715,37
76410,23308715,23308733,18
76411,23308733,23308776,43
76412,23308776,23308907,131
76413,23308907,23308929,22
76414,23308929,23309051,122
76415,23309051,23309055,4
76416,23309055,23309083,28
76417,23309083,23309181,98
76418,23309181,23309207,26
76419,23309207,23309210,3
76420,23309210,23309217,7
76421,23309217,23309264,47
76422,23309264,23309335,71
76423,23309335,23309428,93
76424,23309428,23309446,18
76425,23309446,23309454,8
76426,23309535,23309562,27
76427,23309562,23309573,11
76428,23309573,23309670,97
76429,23309670,23309868,198
76430,23309868,23309993,125
76431,23309993,23310041,48
76432,23310041,23310058,17
76433,23310058,23310191,133
76434,23310247,23310295,48
76435,23310295,23310322,27
76436,23310322,23310366,44
76437,23310366,23310423,57
76438,23310423,23310478,55
76439,23310478,23310492,14
76440,23310492,23310517,25
76441,23310517,23310561,44
76442,23310561,23310622,61
76443,23310622,23310650,28
76444,23310650,23310656,6
76445,23310656,23310687,31
76446,23310687,23310768,81
76447,23310768,23310843,75
76448,23310843,23310891,48
76449,23310891,23310930,39
76450,23310930,23310941,11
76451,23310941,23310982,41
76452,23310982,23311108,126
76453,23311108,23311274,166
76454,23311274,23311293,19
76455,23311293,23311314,21
76456,23311314,23311322,8
76457,23311425,23311521,96
76458,23311521,23311608,87
76459,23311608,23311634,26
76460,23311634,23311820,186
76461,23311820,23311863,43
76462,23311863,23311923,60
76463,23311923,23311976,53
76464,23311976,23311986,10
76465,23311986,23311994,8
76466,23311994,23312007,13
76467,23312094,23312119,25
76468,23312119,23312189,70
76469,23312189,23312255,66
76470,23312255,23312265,10
76471,23312265,23312373,108
76472,23312658,23312697,39
76473,23312697,23312709,12
76474,23312747,23312771,24
76475,23312771,23312810,39
76476,23312810,23312875,65
76477,23312875,23312880,5
76478,23312880,23312975,95
76479,23312975,23313010,35
76480,23313010,23313021,11
76481,23313053,23313066,13
76482,23313066,23313087,21
76483,23313087,23313155,68
76484,23313155,23313179,24
76485,23313179,23313233,54
76486,23313233,23313287,54
76487,23313287,23313389,102
76488,23313389,23313424,35
76489,23313528,23313545,17
76490,23313545,23313588,43
76491,23313588,23313649,61
76492,23313649,23313659,10
76493,23313693,23313763,70
76494,23313968,23313975,7
76495,23313975,23313995,20
76496,23313995,23314016,21
76497,23314016,23314019,3
76498,23314019,23314107,88
76499,23314107,23314131,24
76500,23314131,23314339,208
76501,23314339,23314353,14
76502,23314353,23314412,59
76503,23314412,23314459,47
76504,23314459,23314515,56
76505,23314593,23314669,76
76506,23314745,23314854,109
76507,23315268,23315328,60
76508,23315431,23315453,22
76509,23315453,23315468,15
76510,23315468,23315483,15
76511,23315483,23315507,24
76512,23315507,23315522,15
76513,23315522,23315620,98
76514,23315820,23315919,99
76515,23315964,23316003,39
76516,23316003,23316079,76
76517,23316079,23316104,25
76518,23316104,23316132,28
76519,23316435,23316450,15
76520,23316703,23316828,125
76521,23316828,23316857,29
76522,23316857,23316913,56
76523,23316913,23316944,31
76524,23316944,23317013,69
76525,23317013,23317026,13
76526,23317085,23317154,69
76527,23317154,23317169,15
76528,23317169,23317268,99
76529,23317268,23317286,18
76530,23317286,23317317,31
76531,23317586,23317601,15
76532,23318099,23318109,10
76533,23318109,23318120,11
76534,23318657,23318681,24
76535,23318681,23318725,44
76536,23318899,23318910,11
76537,23318910,23318944,34
76538,23319073,23319079,6
76539,23319079,23319091,12
76540,23319696,23319785,89
76541,23319785,23319851,66
76542,23319851,23319918,67
76543,23320057,23320116,59
76544,23320116,23320147,31
76545,23320373,23320382,9
76546,23320382,23320521,139
76547,23320521,23320554,33
76548,23320554,23320598,44
76549,23320598,23320608,10
76550,23320608,23320731,123
76551,23320731,23320739,8
76552,23320739,23320743,4
76553,23320743,23320825,82
76554,23320825,23320875,50
76555,23320875,23320907,32
76556,23320907,23321006,99
76557,23321006,23321011,5
76558,23321011,23321072,61
76559,23321313,23321330,17
76560,23321330,23321341,11
76561,23321341,23321347,6
76562,23321347,23321378,31
76563,23321378,23321459,81
76564,23321459,23321531,72
76565,23321531,23321579,48
76566,23321579,23321618,39
76567,23321618,23321629,11
76568,23321925,23321951,26
76569,23322137,23322180,43
76570,23322180,23322240,60
76571,23322240,23322293,53
76572,23322293,23322303,10
76573,23322303,23322311,8
76574,23322311,23322324,13
76575,23322411,23322436,25
76576,23322436,23322439,3
76577,23322439,23322506,67
76578,23322572,23322582,10
76579,23322582,23322690,108
76580,23322690,23322787,97
76581,23322787,23322873,86
76582,23322873,23322975,102
76583,23322975,23323014,39
76584,23323014,23323026,12
76585,23323026,23323064,38
76586,23323064,23323088,24
76587,23323088,23323127,39
76588,23323127,23323192,65
76589,23323192,23323197,5
76590,23323197,23323292,95
76591,23323327,23323338,11
76592,23323338,23323370,32
76593,23323370,23323377,7
76594,23323377,23323383,6
76595,23323383,23323404,21
76596,23323471,23323495,24
76597,23323495,23323549,54
76598,23323549,23323603,54
76599,23323603,23323705,102
76600,23323705,23323740,35
76601,23323740,23323847,107
76602,23323847,23323864,17
76603,23323864,23323907,43
76604,23323907,23323968,61
76605,23323968,23323978,10
76606,23323978,23324012,34
76607,23324012,23324287,275
76608,23324287,23324314,27
76609,23324314,23324338,24
76610,23324338,23324426,88
76611,23324426,23324450,24
76612,23324658,23324672,14
76613,23324672,23324731,59
76614,23324778,23324834,56
76615,23324912,23324977,65
76616,23325158,23325363,205
76617,23325489,23325549,60
76618,23325629,23325667,38
76619,23325694,23325713,19
76620,23326150,23326157,7
76621,23326157,23326201,44
76622,23326240,23326284,44
76623,23326372,23326485,113
76624,23327095,23327101,6
76625,23327101,23327138,37
76626,23327138,23327283,145
76627,23327283,23327314,31
76628,23327498,23327505,7
76629,23327505,23327588,83
76630,23327765,23327788,23
76631,23327788,23327800,12
76632,23327828,23327834,6
76633,23327951,23327956,5
76634,23328667,23328701,34
76635,23328701,23328757,56
76636,23328757,23328763,6
76637,23328763,23328774,11
76638,23329117,23329151,34
76639,23329151,23329168,17
76640,23329168,23329186,18
76641,23329186,23329189,3
76642,23329189,23329199,10
76643,23329199,23329217,18
76644,23329217,23329239,22
76645,23329239,23329254,15
76646,23329862,23329880,18
76647,23329922,23329941,19
76648,23329941,23329952,11
76649,23330240,23330258,18
76650,23330258,23330264,6
76651,23330264,23330279,15
76652,23330324,23330437,113
76653,23330675,23330736,61
76654,23330736,23330741,5
76655,23330741,23330752,11
76656,23330752,23330778,26
76657,23330778,23330794,16
76658,23330794,23330819,25
76659,23330819,23330873,54
76660,23330873,23330891,18
76661,23330891,23330927,36
76662,23331037,23331041,4
76663,23331132,23331141,9
76664,23331141,23331159,18
76665,23331159,23331202,43
76666,23331333,23331355,22
76667,23331355,23331484,129
76668,23331484,23331488,4
76669,23331488,23331516,28
76670,23331516,23331614,98
76671,23331640,23331643,3
76672,23331643,23331650,7
76673,23331650,23331697,47
76674,23331697,23331768,71
76675,23331768,23331861,93
76676,23331861,23331879,18
76677,23331879,23331887,8
76678,23331887,23331968,81
76679,23331968,23331995,27
76680,23332297,23332422,125
76681,23332422,23332470,48
76682,23332470,23332487,17
76683,23332487,23332620,133
76684,23332693,23332710,17
76685,23332710,23332721,11
76686,23332721,23332727,6
76687,23332727,23332758,31
76688,23332758,23332839,81
76689,23332839,23332911,72
76690,23332911,23332959,48
76691,23332959,23332998,39
76692,23332998,23333009,11
76693,23333342,23333361,19
76694,23333361,23333382,21
76695,23333382,23333390,8
76696,23333617,23333704,87
76697,23333704,23333730,26
76698,23333730,23333916,186
76699,23333916,23333959,43
76700,23334072,23334082,10
76701,23334082,23334090,8
76702,23334190,23334215,25
76703,23334215,23334285,70
76704,23334285,23334351,66
76705,23334351,23334361,10
76706,23334361,23334469,108
76707,23334566,23334652,86
76708,23334754,23334793,39
76709,23334793,23334805,12
76710,23334805,23334843,38
76711,23334843,23334867,24
76712,23334867,23334906,39
76713,23334906,23334971,65
76714,23334971,23334976,5
76715,23334976,23335071,95
76716,23335106,23335117,11
76717,23335117,23335149,32
76718,23335149,23335162,13
76719,23335162,23335183,21
76720,23335183,23335251,68
76721,23335251,23335275,24
76722,23335275,23335329,54
76723,23335329,23335383,54
76724,23335383,23335485,102
76725,23335485,23335520,35
76726,23335520,23335627,107
76727,23335627,23335644,17
76728,23335644,23335687,43
76729,23335687,23335748,61
76730,23335748,23335758,10
76731,23335758,23335792,34
76732,23335792,23336067,275
76733,23336067,23336094,27
76734,23336094,23336118,24
76735,23336118,23336206,88
76736,23336206,23336230,24
76737,23336438,23336452,14
76738,23336452,23336511,59
76739,23336511,23336558,47
76740,23336692,23336768,76
76741,23336844,23336953,109
76742,23337367,23337427,60
76743,23337519,23337527,8
76744,23337527,23337549,22
76745,23337564,23337588,24
76746,23337588,23337603,15
76747,23337618,23337642,24
76748,23337657,23337755,98
76749,23338054,23338099,45
76750,23338099,23338138,39
76751,23338239,23338267,28
76752,23338560,23338575,15
76753,23339046,23339075,29
76754,23339075,23339131,56
76755,23339131,23339162,31
76756,23339162,23339231,69
76757,23339231,23339244,13
76758,23339303,23339372,69
76759,23339490,23339501,11
76760,23339501,23339535,34
76761,23339535,23339603,68
76762,23339664,23339670,6
76763,23339670,23339682,12
76764,23340284,23340373,89
76765,23340373,23340439,66
76766,23340439,23340506,67
76767,23340658,23340717,59
76768,23340717,23340748,31
76769,23340974,23340983,9
76770,23340983,23341122,139
76771,23341122,23341155,33
76772,23341155,23341199,44
76773,23341199,23341209,10
76774,23341209,23341332,123
76775,23341332,23341340,8
76776,23341340,23341344,4
76777,23341344,23341426,82
76778,23341426,23341476,50
76779,23341476,23341508,32
76780,23341508,23341607,99
76781,23341607,23341612,5
76782,23341612,23341673,61
76783,23341792,23341898,106
76784,23342551,23342559,8
76785,23342737,23342795,58
76786,23343088,23343110,22
76787,23343325,23343416,91
76788,23343438,23343453,15
76789,23344134,23344147,13
76790,23344147,23344162,15
76791,23344219,23344245,26
76792,23344271,23344286,15
76793,23344496,23344505,9
76794,23344531,23344548,17
76795,23344548,23344560,12
76796,23344675,23344682,7
76797,23345207,23345216,9
76798,23345697,23345700,3
76799,23345700,23345703,3
76800,23346271,23346282,11
76801,23346282,23346316,34
76802,23346316,23346384,68
76803,23346445,23346451,6
76804,23346451,23346463,12
76805,23346644,23346662,18
76806,23346662,23346693,31
76807,23346871,23346959,88
76808,23346959,23346974,15
76809,23347025,23347042,17
76810,23348293,23348302,9
76811,23348302,23348305,3
76812,23348833,23348840,7
76813,23348853,23348856,3
76814,23348856,23348860,4
76815,23349301,23349309,8
76816,23349309,23349318,9
76817,23349558,23349564,6
76818,23349686,23349690,4
76819,23349805,23349808,3
76820,23349934,23349943,9
76821,23350405,23350413,8
76822,23350515,23350524,9
76823,23351128,23351138,10
76824,23351138,23351143,5
76825,23351512,23351529,17
76826,23352037,23352162,125
76827,23352162,23352191,29
76828,23352191,23352247,56
76829,23352247,23352278,31
76830,23352278,23352347,69
76831,23352347,23352360,13
76832,23352488,23352503,15
76833,23352503,23352602,99
76834,23352602,23352620,18
76835,23352620,23352651,31
76836,23352921,23352936,15
76837,23353451,23353461,10
76838,23353461,23353472,11
76839,23354053,23354061,8
76840,23354061,23354099,38
76841,23354289,23354322,33
76842,23354354,23354368,14
76843,23354590,23354629,39
76844,23354629,23354638,9
76845,23354638,23354652,14
76846,23354698,23354709,11
76847,23354929,23354970,41
76848,23354970,23354976,6
76849,23354976,23354983,7
76850,23355732,23355747,15
76851,23355747,23355757,10
76852,23355757,23355760,3
76853,23355839,23355862,23
76854,23355862,23355909,47
76855,23355909,23355961,52
76856,23355961,23356054,93
76857,23356054,23356126,72
76858,23356326,23356331,5
76859,23358386,23358389,3
76860,23358406,23358410,4
76861,23358423,23358431,8
76862,23358431,23358471,40
76863,23358640,23358676,36
76864,23358875,23358880,5
76865,23358880,23358888,8
76866,23359439,23359457,18
76867,23359656,23359683,27
76868,23360041,23360094,53
76869,23360094,23360110,16
76870,23360470,23360474,4
76871,23360474,23360480,6
76872,23360480,23360489,9
76873,23360551,23360605,54
76874,23360772,23360786,14
76875,23360840,23360849,9
76876,23360849,23360897,48
76877,23361059,23361089,30
76878,23361089,23361096,7
76879,23361339,23361354,15
76880,23361354,23361366,12
76881,23361366,23361378,12
76882,23361410,23361423,13
76883,23361423,23361432,9
76884,23361432,23361441,9
76885,23361638,23361644,6
76886,23362310,23362333,23
76887,23362333,23362380,47
76888,23362380,23362432,52
76889,23362432,23362525,93
76890,23362525,23362597,72
76891,23362757,23362776,19
76892,23362776,23362877,101
76893,23363039,23363044,5
76894,23363044,23363156,112
76895,23363156,23363164,8
76896,23363164,23363287,123
76897,23363287,23363306,19
76898,23363306,23363458,152
76899,23363458,23363486,28
76900,23363486,23363494,8
76901,23363494,23363506,12
76902,23363538,23363567,29
76903,23363567,23363575,8
76904,23363575,23363596,21
76905,23363596,23363793,197
76906,23363793,23363825,32
76907,23363825,23363831,6
76908,23363831,23363848,17
76909,23363848,23363859,11
76910,23363859,23363920,61
76911,23363920,23363926,6
76912,23363926,23363978,52
76913,23363978,23364048,70
76914,23364048,23364058,10
76915,23364058,23364160,102
76916,23364160,23364163,3
76917,23364163,23364243,80
76918,23364261,23364320,59
76919,23364320,23364363,43
76920,23364363,23364370,7
76921,23364370,23364397,27
76922,23364397,23364431,34
76923,23364431,23364493,62
76924,23364493,23364676,183
76925,23364676,23364708,32
76926,23364708,23364736,28
76927,23364736,23364762,26
76928,23364762,23364779,17
76929,23364779,23364804,25
76930,23364804,23364830,26
76931,23364830,23364919,89
76932,23364919,23364930,11
76933,23364930,23364969,39
76934,23364969,23365065,96
76935,23365065,23365124,59
76936,23365124,23365134,10
76937,23365134,23365212,78
76938,23365212,23365256,44
76939,23365256,23365263,7
76940,23365263,23365273,10
76941,23365273,23365357,84
76942,23365357,23365432,75
76943,23365432,23365451,19
76944,23365451,23365463,12
76945,23365463,23365503,40
76946,23365503,23365507,4
76947,23365507,23365548,41
76948,23365548,23365564,16
76949,23365564,23365580,16
76950,23365580,23365588,8
76951,23365588,23365637,49
76952,23365637,23365726,89
76953,23365726,23365735,9
76954,23365735,23365919,184
76955,23365919,23365946,27
76956,23365946,23366018,72
76957,23366018,23366078,60
76958,23366078,23366102,24
76959,23366102,23366161,59
76960,23366161,23366188,27
76961,23366188,23366194,6
76962,23366194,23366208,14
76963,23366355,23366361,6
76964,23366361,23366448,87
76965,23366530,23366555,25
76966,23366555,23366594,39
76967,23366594,23366635,41
76968,23366635,23366696,61
76969,23366696,23366710,14
76970,23366710,23366854,144
76971,23366854,23366859,5
76972,23366859,23366866,7
76973,23366866,23366872,6
76974,23366872,23366925,53
76975,23367102,23367142,40
76976,23367142,23367151,9
76977,23367151,23367277,126
76978,23367277,23367306,29
76979,23367306,23367322,16
76980,23367442,23367510,68
76981,23367510,23367534,24
76982,23367534,23367546,12
76983,23367546,23367655,109
76984,23367655,23367677,22
76985,23367832,23367840,8
76986,23367840,23367847,7
76987,23367847,23367861,14
76988,23367861,23367880,19
76989,23367880,23367888,8
76990,23367888,23367910,22
76991,23368107,23368117,10
76992,23368236,23368251,15
76993,23368312,23368365,53
76994,23368365,23368369,4
76995,23368556,23368595,39
76996,23368595,23368604,9
76997,23368604,23368618,14
76998,23368618,23368664,46
76999,23368664,23368675,11
77000,23368675,23368716,41
77001,23368716,23368897,181
77002,23368897,23369010,113
77003,23369010,23369038,28
77004,23369038,23369124,86
77005,23369124,23369139,15
77006,23369139,23369145,6
77007,23369145,23369222,77
77008,23369222,23369226,4
77009,23369226,23369250,24
77010,23369250,23369282,32
77011,23369282,23369312,30
77012,23369312,23369342,30
77013,23369342,23369349,7
77014,23369349,23369463,114
77015,23369463,23369581,118
77016,23369581,23369590,9
77017,23369590,23369596,6
77018,23369596,23369652,56
77019,23369652,23369732,80
77020,23369732,23369770,38
77021,23369770,23369782,12
77022,23369782,23369797,15
77023,23369797,23369808,11
77024,23369808,23369941,133
77025,23369941,23369993,52
77026,23370018,23370049,31
77027,23370049,23370083,34
77028,23370083,23370087,4
77029,23370087,23370138,51
77030,23370416,23370536,120
77031,23370536,23370610,74
77032,23370834,23370905,71
77033,23370905,23370918,13
77034,23370918,23370925,7
77035,23370925,23370995,70
77036,23370995,23371019,24
77037,23371019,23371036,17
77038,23371036,23371069,33
77039,23371069,23371084,15
77040,23371084,23371119,35
77041,23371119,23371138,19
77042,23371138,23371141,3
77043,23371518,23371528,10
77044,23371528,23371535,7
77045,23371535,23371750,215
77046,23371750,23371792,42
77047,23372255,23372288,33
77048,23372389,23372422,33
77049,23372641,23372822,181
77050,23372822,23372935,113
77051,23372935,23372963,28
77052,23372963,23373049,86
77053,23373049,23373064,15
77054,23373064,23373070,6
77055,23373070,23373147,77
77056,23373147,23373151,4
77057,23373151,23373175,24
77058,23373175,23373210,35
77059,23373210,23373240,30
77060,23373240,23373270,30
77061,23373270,23373277,7
77062,23373277,23373391,114
77063,23373391,23373509,118
77064,23373509,23373518,9
77065,23373518,23373524,6
77066,23373524,23373580,56
77067,23373580,23373660,80
77068,23373660,23373698,38
77069,23373698,23373710,12
77070,23373710,23373725,15
77071,23373725,23373736,11
77072,23373898,23373923,25
77073,23373923,23373954,31
77074,23373992,23374043,51
77075,23374321,23374441,120
77076,23374441,23374515,74
77077,23374583,23374629,46
77078,23374740,23374811,71
77079,23374811,23374824,13
77080,23374824,23374831,7
77081,23374831,23374901,70
77082,23374901,23374925,24
77083,23374942,23374975,33
77084,23374975,23374990,15
77085,23375025,23375044,19
77086,23375044,23375047,3
77087,23375450,23375458,8
77088,23375563,23375604,41
77089,23375604,23375610,6
77090,23375610,23375617,7
77091,23376190,23376215,25
77092,23376767,23376778,11
77093,23376920,23376953,33
77094,23377477,23377492,15
77095,23377492,23377502,10
77096,23377502,23377505,3
77097,23377655,23377674,19
77098,23377674,23377775,101
77099,23377812,23377822,10
77100,23377970,23377974,4
77101,23378406,23378411,5
77102,23378411,23378523,112
77103,23378523,23378531,8
77104,23378531,23378654,123
77105,23378654,23378673,19
77106,23378673,23378825,152
77107,23378825,23378853,28
77108,23378853,23378861,8
77109,23378861,23378873,12
77110,23378905,23378934,29
77111,23378934,23378942,8
77112,23378942,23378963,21
77113,23378963,23379160,197
77114,23379160,23379192,32
77115,23379192,23379198,6
77116,23379198,23379215,17
77117,23379215,23379226,11
77118,23379226,23379287,61
77119,23379287,23379293,6
77120,23379293,23379345,52
77121,23379345,23379415,70
77122,23379415,23379425,10
77123,23379425,23379527,102
77124,23379527,23379530,3
77125,23379530,23379610,80
77126,23379628,23379687,59
77127,23379687,23379730,43
77128,23379730,23379737,7
77129,23379737,23379764,27
77130,23379764,23379798,34
77131,23379798,23379860,62
77132,23379860,23380043,183
77133,23380043,23380075,32
77134,23380075,23380103,28
77135,23380103,23380129,26
77136,23380129,23380146,17
77137,23380146,23380171,25
77138,23380171,23380197,26
77139,23380197,23380286,89
77140,23380286,23380297,11
77141,23380297,23380336,39
77142,23380336,23380432,96
77143,23380432,23380491,59
77144,23380491,23380501,10
77145,23380501,23380579,78
77146,23380579,23380623,44
77147,23380623,23380630,7
77148,23380630,23380640,10
77149,23380640,23380724,84
77150,23380724,23380799,75
77151,23380799,23380818,19
77152,23380818,23380830,12
77153,23380830,23380870,40
77154,23380870,23380874,4
77155,23380874,23380915,41
77156,23380915,23380931,16
77157,23380931,23380947,16
77158,23380947,23380955,8
77159,23380955,23381004,49
77160,23381004,23381093,89
77161,23381093,23381102,9
77162,23381102,23381286,184
77163,23381286,23381313,27
77164,23381313,23381385,72
77165,23381385,23381445,60
77166,23381445,23381469,24
77167,23381469,23381528,59
77168,23381528,23381555,27
77169,23381555,23381561,6
77170,23381561,23381575,14
77171,23381715,23381721,6
77172,23381721,23381808,87
77173,23381893,23381918,25
77174,23381918,23381957,39
77175,23381957,23381998,41
77176,23381998,23382059,61
77177,23382059,23382073,14
77178,23382073,23382217,144
77179,23382217,23382222,5
77180,23382222,23382229,7
77181,23382229,23382235,6
77182,23382235,23382288,53
77183,23382465,23382505,40
77184,23382505,23382514,9
77185,23382514,23382640,126
77186,23382640,23382669,29
77187,23382669,23382685,16
77188,23382805,23382873,68
77189,23382873,23382897,24
77190,23382897,23382909,12
77191,23382909,23383018,109
77192,23383018,23383040,22
77193,23383195,23383203,8
77194,23383203,23383210,7
77195,23383210,23383224,14
77196,23383224,23383243,19
77197,23383243,23383251,8
77198,23383251,23383273,22
77199,23383470,23383480,10
77200,23383599,23383614,15
77201,23383676,23383729,53
77202,23383729,23383733,4
77203,23383920,23383959,39
77204,23383959,23383968,9
77205,23383983,23384029,46
77206,23384029,23384040,11
77207,23384040,23384081,41
77208,23384262,23384375,113
77209,23384375,23384403,28
77210,23384403,23384489,86
77211,23384489,23384504,15
77212,23384504,23384510,6
77213,23384510,23384516,6
77214,23384516,23384522,6
77215,23384522,23384525,3
77216,23384525,23384549,24
77217,23384549,23384581,32
77218,23384581,23384611,30
77219,23384611,23384641,30
77220,23384641,23384648,7
77221,23384648,23384762,114
77222,23384880,23384889,9
77223,23384889,23384895,6
77224,23385069,23385081,12
77225,23385081,23385096,15
77226,23385096,23385107,11
77227,23385240,23385292,52
77228,23385292,23385317,25
77229,23385317,23385348,31
77230,23385348,23385382,34
77231,23385382,23385386,4
77232,23385386,23385437,51
77233,23385909,23385977,68
77234,23385977,23386023,46
77235,23386023,23386134,111
77236,23386134,23386205,71
77237,23386205,23386218,13
77238,23386218,23386225,7
77239,23386225,23386295,70
77240,23386295,23386319,24
77241,23386319,23386336,17
77242,23386336,23386370,34
77243,23386370,23386385,15
77244,23386385,23386420,35
77245,23386420,23386439,19
77246,23386439,23386442,3
77247,23386442,23386594,152
77248,23386808,23386818,10
77249,23386818,23386825,7
77250,23387040,23387074,34
77251,23387074,23387082,8
77252,23387427,23387435,8
77253,23387435,23387473,38
77254,23387696,23387728,32
77255,23387913,23387924,11
77256,23387924,23388029,105
77257,23388029,23388152,123
77258,23388152,23388218,66
77259,23388218,23388257,39
77260,23388257,23388271,14
77261,23388271,23388396,125
77262,23388396,23388509,113
77263,23388509,23388522,13
77264,23388522,23388559,37
77265,23388559,23388565,6
77266,23388882,23388929,47
77267,23388929,23388938,9
77268,23389046,23389118,72
77269,23389283,23389338,55
77270,23389338,23389359,21
77271,23389359,23389540,181
77272,23389540,23389653,113
77273,23389653,23389681,28
77274,23389681,23389767,86
77275,23389767,23389782,15
77276,23389865,23389869,4
77277,23389869,23389893,24
77278,23389893,23389925,32
77279,23389925,23389955,30
77280,23389955,23389985,30
77281,23389985,23389992,7
77282,23390106,23390224,118
77283,23390224,23390233,9
77284,23390233,23390239,6
77285,23390413,23390425,12
77286,23390425,23390440,15
77287,23390440,23390451,11
77288,23390451,23390584,133
77289,23390584,23390636,52
77290,23390661,23390692,31
77291,23391110,23391184,74
77292,23391184,23391252,68
77293,23391298,23391409,111
77294,23391409,23391480,71
77295,23391480,23391493,13
77296,23391493,23391500,7
77297,23391500,23391570,70
77298,23391570,23391594,24
77299,23391594,23391611,17
77300,23391611,23391645,34
77301,23391645,23391660,15
77302,23391660,23391695,35
77303,23391695,23391714,19
77304,23391714,23391717,3
77305,23391717,23391869,152
77306,23392094,23392104,10
77307,23392104,23392115,11
77308,23392330,23392364,34
77309,23392364,23392372,8
77310,23392495,23392718,223
77311,23392718,23392726,8
77312,23392726,23392764,38
77313,23392764,23392938,174
77314,23392938,23392954,16
77315,23392954,23392987,33
77316,23393018,23393103,85
77317,23393103,23393203,100
77318,23393203,23393214,11
77319,23393214,23393319,105
77320,23393442,23393508,66
77321,23393508,23393547,39
77322,23393547,23393561,14
77323,23393561,23393686,125
77324,23393686,23393799,113
77325,23393799,23393812,13
77326,23393812,23393849,37
77327,23393849,23393855,6
77328,23394143,23394214,71
77329,23394214,23394247,33
77330,23394247,23394329,82
77331,23394384,23394405,21
77332,23394405,23394586,181
77333,23394861,23394885,24
77334,23396580,23396587,7
77335,23397183,23397186,3
77336,23397649,23397655,6
77337,23398678,23398721,43
77338,23398721,23398761,40
77339,23398761,23398824,63
77340,23398824,23398932,108
77341,23398932,23399073,141
77342,23399073,23399130,57
77343,23399130,23399181,51
77344,23399181,23399292,111
77345,23399292,23399309,17
77346,23399446,23399505,59
77347,23399520,23399602,82
77348,23399602,23399618,16
77349,23399853,23399907,54
77350,23400029,23400052,23
77351,23400098,23400114,16
77352,23400411,23400425,14
77353,23400425,23400431,6
77354,23400479,23400482,3
77355,23400482,23400489,7
77356,23400708,23400769,61
77357,23400891,23400913,22
77358,23400913,23400920,7
77359,23401024,23401052,28
77360,23401052,23401080,28
77361,23401164,23401175,11
77362,23401175,23401180,5
77363,23401180,23401194,14
77364,23401194,23401217,23
77365,23402270,23402330,60
77366,23402330,23402342,12
77367,23402342,23402376,34
77368,23402376,23402380,4
77369,23402380,23402393,13
77370,23402424,23402448,24
77371,23402448,23402465,17
77372,23403058,23403088,30
77373,23403223,23403234,11
77374,23403234,23403246,12
77375,23403669,23403697,28
77376,23403697,23403783,86
77377,23403783,23403798,15
77378,23403798,23403804,6
77379,23403804,23403881,77
77380,23403881,23403885,4
77381,23403885,23403909,24
77382,23403909,23403941,32
77383,23403941,23403971,30
77384,23403971,23404001,30
77385,23404001,23404008,7
77386,23404008,23404122,114
77387,23404122,23404240,118
77388,23404240,23404249,9
77389,23404249,23404255,6
77390,23404429,23404441,12
77391,23404441,23404456,15
77392,23404456,23404467,11
77393,23404600,23404652,52
77394,23404652,23404677,25
77395,23404677,23404708,31
77396,23404708,23404742,34
77397,23405073,23405193,120
77398,23405193,23405267,74
77399,23405267,23405335,68
77400,23405335,23405381,46
77401,23405491,23405562,71
77402,23405562,23405575,13
77403,23405575,23405582,7
77404,23405582,23405652,70
77405,23405652,23405676,24
77406,23405727,23405742,15
77407,23405742,23405777,35
77408,23405777,23405796,19
77409,23405796,23405799,3
77410,23406140,23406150,10
77411,23406150,23406161,11
77412,23406161,23406376,215
77413,23406742,23406750,8
77414,23406750,23406788,38
77415,23406962,23406978,16
77416,23406978,23407011,33
77417,23407245,23407256,11
77418,23407361,23407484,123
77419,23407550,23407589,39
77420,23407589,23407603,14
77421,23407840,23407853,13
77422,23407853,23407890,37
77423,23407890,23407896,6
77424,23407896,23407926,30
77425,23408213,23408260,47
77426,23408260,23408269,9
77427,23408332,23408377,45
77428,23408377,23408449,72
77429,23408449,23408482,33
77430,23408482,23408564,82
77431,23408564,23408619,55
77432,23408619,23408640,21
77433,23408934,23408962,28
77434,23408962,23409048,86
77435,23409048,23409063,15
77436,23409063,23409069,6
77437,23409069,23409146,77
77438,23409146,23409150,4
77439,23409150,23409174,24
77440,23409206,23409236,30
77441,23409236,23409266,30
77442,23409266,23409273,7
77443,23409273,23409387,114
77444,23409387,23409505,118
77445,23409505,23409514,9
77446,23409514,23409520,6
77447,23409520,23409576,56
77448,23409576,23409694,118
77449,23409694,23409721,27
77450,23409721,23409732,11
77451,23409917,23409942,25
77452,23410007,23410011,4
77453,23410655,23410766,111
77454,23410837,23410850,13
77455,23410850,23410857,7
77456,23410946,23410963,17
77457,23410963,23410997,34
77458,23410997,23411012,15
77459,23411012,23411047,35
77460,23411047,23411066,19
77461,23411066,23411069,3
77462,23411069,23411221,152
77463,23411446,23411456,10
77464,23411456,23411467,11
77465,23411683,23411717,34
77466,23411717,23411725,8
77467,23411725,23411848,123
77468,23411848,23412071,223
77469,23412071,23412079,8
77470,23412079,23412117,38
77471,23412291,23412307,16
77472,23412307,23412340,33
77473,23412340,23412372,32
77474,23412372,23412457,85
77475,23412457,23412557,100
77476,23412557,23412568,11
77477,23412568,23412673,105
77478,23412673,23412796,123
77479,23412901,23412915,14
77480,23413153,23413166,13
77481,23413166,23413203,37
77482,23413203,23413209,6
77483,23413209,23413239,30
77484,23413497,23413568,71
77485,23413568,23413601,33
77486,23413683,23413738,55
77487,23413738,23413759,21
77488,23414053,23414081,28
77489,23414081,23414167,86
77490,23414167,23414182,15
77491,23414182,23414265,83
77492,23414265,23414269,4
77493,23414269,23414293,24
77494,23414293,23414325,32
77495,23414325,23414355,30
77496,23414355,23414385,30
77497,23414385,23414392,7
77498,23414392,23414506,114
77499,23414506,23414624,118
77500,23414624,23414633,9
77501,23414633,23414639,6
77502,23414639,23414695,56
77503,23414813,23414825,12
77504,23414825,23414840,15
77505,23414840,23414851,11
77506,23414984,23415036,52
77507,23415061,23415092,31
77508,23415092,23415126,34
77509,23415126,23415130,4
77510,23415579,23415653,74
77511,23415653,23415721,68
77512,23415721,23415767,46
77513,23415767,23415878,111
77514,23415950,23415963,13
77515,23415963,23415970,7
77516,23416059,23416076,17
77517,23416076,23416110,34
77518,23416150,23416169,19
77519,23416169,23416172,3
77520,23416548,23416558,10
77521,23416558,23416569,11
77522,23416785,23416819,34
77523,23416819,23416827,8
77524,23416827,23416950,123
77525,23416950,23417173,223
77526,23417173,23417181,8
77527,23417181,23417219,38
77528,23417219,23417393,174
77529,23417393,23417409,16
77530,23417409,23417442,33
77531,23417442,23417474,32
77532,23417474,23417559,85
77533,23417658,23417669,11
77534,23417669,23417774,105
77535,23417949,23417970,21
77536,23417970,23417990,20
77537,23418154,23418161,7
77538,23418161,23418230,69
77539,23418230,23418253,23
77540,23418253,23418265,12
77541,23418293,23418299,6
77542,23418416,23418421,5
77543,23418477,23418630,153
77544,23418630,23418645,15
77545,23418645,23418680,35
77546,23418680,23418752,72
77547,23418833,23418941,108
77548,23418941,23419033,92
77549,23419033,23419076,43
77550,23419076,23419110,34
77551,23419110,23419166,56
77552,23419166,23419172,6
77553,23419172,23419183,11
77554,23419526,23419560,34
77555,23419560,23419577,17
77556,23419577,23419595,18
77557,23419595,23419598,3
77558,23419598,23419608,10
77559,23419608,23419626,18
77560,23419626,23419648,22
77561,23419648,23419663,15
77562,23419663,23419755,92
77563,23420145,23420163,18
77564,23420205,23420224,19
77565,23420224,23420235,11
77566,23420318,23420425,107
77567,23420425,23420443,18
77568,23420443,23420449,6
77569,23420449,23420464,15
77570,23420464,23420510,46
77571,23420936,23420942,6
77572,23420942,23420979,37
77573,23420979,23421124,145
77574,23421124,23421155,31
77575,23421155,23421247,92
77576,23421247,23421339,92
77577,23421339,23421431,92
77578,23421431,23421532,101
77579,23421532,23421608,76
77580,23421608,23421623,15
77581,23421623,23421664,41
77582,23421664,23421695,31
77583,23421695,23421730,35
77584,23421730,23421782,52
77585,23421782,23421821,39
77586,23421821,23421857,36
77587,23421857,23421907,50
77588,23421907,23421958,51
77589,23421958,23422012,54
77590,23422012,23422180,168
77591,23422180,23422251,71
77592,23422251,23422258,7
77593,23422258,23422341,83
77594,23422477,23422498,21
77595,23422498,23422518,20
77596,23422682,23422689,7
77597,23422689,23422758,69
77598,23422758,23422781,23
77599,23422781,23422793,12
77600,23422793,23422821,28
77601,23422821,23422944,123
77602,23422944,23422949,5
77603,23422949,23422998,49
77604,23422998,23423061,63
77605,23423061,23423214,153
77606,23423214,23423229,15
77607,23423229,23423264,35
77608,23423264,23423336,72
77609,23423336,23423418,82
77610,23423418,23423526,108
77611,23423526,23423618,92
77612,23423618,23423661,43
77613,23423661,23423695,34
77614,23423695,23423751,56
77615,23423751,23423757,6
77616,23423757,23423768,11
77617,23423768,23424111,343
77618,23424111,23424145,34
77619,23424145,23424162,17
77620,23424162,23424180,18
77621,23424180,23424183,3
77622,23424183,23424193,10
77623,23424193,23424211,18
77624,23424211,23424234,23
77625,23424234,23424249,15
77626,23424249,23424341,92
77627,23424341,23424655,314
77628,23424655,23424857,202
77629,23424857,23424875,18
77630,23424875,23424917,42
77631,23424917,23424936,19
77632,23424936,23425031,95
77633,23425031,23425138,107
77634,23425138,23425156,18
77635,23425156,23425162,6
77636,23425162,23425177,15
77637,23425177,23425223,46
77638,23425649,23425655,6
77639,23425655,23425692,37
77640,23425692,23425837,145
77641,23425837,23425868,31
77642,23425868,23425960,92
77643,23425960,23426052,92
77644,23426052,23426144,92
77645,23426144,23426245,101
77646,23426245,23426321,76
77647,23426321,23426336,15
77648,23426336,23426377,41
77649,23426377,23426408,31
77650,23426408,23426443,35
77651,23426443,23426495,52
77652,23426495,23426534,39
77653,23426534,23426570,36
77654,23426570,23426620,50
77655,23426620,23426671,51
77656,23426671,23426725,54
77657,23426725,23426893,168
77658,23426893,23426964,71
77659,23426964,23426971,7
77660,23426971,23427054,83
77661,23427190,23427211,21
77662,23427211,23427231,20
77663,23427395,23427402,7
77664,23427402,23427471,69
77665,23427471,23427494,23
77666,23427494,23427506,12
77667,23427506,23427534,28
77668,23427534,23427657,123
77669,23427657,23427662,5
77670,23427662,23427711,49
77671,23427711,23427774,63
77672,23427774,23427927,153
77673,23427927,23427942,15
77674,23427942,23427977,35
77675,23427977,23428049,72
77676,23428049,23428131,82
77677,23428131,23428239,108
77678,23428331,23428374,43
77679,23428374,23428408,34
77680,23428408,23428464,56
77681,23428464,23428470,6
77682,23428470,23428481,11
77683,23428481,23428824,343
77684,23428824,23428858,34
77685,23428858,23428875,17
77686,23428875,23428893,18
77687,23428893,23428896,3
77688,23428896,23428906,10
77689,23428906,23428924,18
77690,23428924,23428947,23
77691,23428947,23428962,15
77692,23428962,23429054,92
77693,23429054,23429368,314
77694,23429368,23429570,202
77695,23429570,23429588,18
77696,23429588,23429630,42
77697,23429630,23429649,19
77698,23429649,23429744,95
77699,23429744,23429851,107
77700,23429851,23429869,18
77701,23429869,23429875,6
77702,23429875,23429890,15
77703,23429890,23429936,46
77704,23430362,23430368,6
77705,23430368,23430405,37
77706,23430405,23430550,145
77707,23430550,23430581,31
77708,23430581,23430673,92
77709,23430673,23430765,92
77710,23430765,23430857,92
77711,23431697,23431706,9
77712,23431886,23431895,9
77713,23432024,23432104,80
77714,23432104,23432123,19
77715,23432209,23432217,8
77716,23432217,23432241,24
77717,23432241,23432252,11
77718,23432252,23432278,26
77719,23432278,23432309,31
77720,23432364,23432719,355
77721,23433066,23433071,5
77722,23433071,23433098,27
77723,23433307,23433311,4
77724,23433369,23433388,19
77725,23433388,23433419,31
77726,23433419,23433430,11
77727,23433588,23433610,22
77728,23433610,23433620,10
77729,23435547,23435551,4
77730,23437648,23437657,9
77731,23438729,23438760,31
77732,23438760,23438814,54
77733,23438871,23438960,89
77734,23438960,23439000,40
77735,23439433,23439442,9
77736,23439442,23439520,78
77737,23439613,23439633,20
77738,23440001,23440060,59
77739,23440484,23440495,11
77740,23440495,23440499,4
77741,23440499,23440508,9
77742,23440508,23440558,50
77743,23440558,23440575,17
77744,23440575,23440591,16
77745,23440591,23440598,7
77746,23440598,23440661,63
77747,23440661,23440701,40
77748,23440701,23440716,15
77749,23440834,23440851,17
77750,23440912,23440989,77
77751,23440989,23441043,54
77752,23441043,23441067,24
77753,23441117,23441137,20
77754,23441188,23441235,47
77755,23441235,23441277,42
77756,23441390,23441393,3
77757,23441861,23441870,9
77758,23441870,23441906,36
77759,23442012,23442048,36
77760,23442048,23442063,15
77761,23442063,23442069,6
77762,23442069,23442082,13
77763,23442082,23442088,6
77764,23442088,23442101,13
77765,23442292,23442308,16
77766,23442308,23442337,29
77767,23442405,23442415,10
77768,23442705,23442713,8
77769,23442713,23442724,11
77770,23442765,23442788,23
77771,23442788,23442806,18
77772,23443054,23443062,8
77773,23443104,23443109,5
77774,23443283,23443287,4
77775,23443287,23443311,24
77776,23443376,23443406,30
77777,23443406,23443413,7
77778,23443413,23443527,114
77779,23443651,23443660,9
77780,23443660,23443666,6
77781,23443666,23443722,56
77782,23443838,23443850,12
77783,23443850,23443865,15
77784,23443865,23443876,11
77785,23444875,23444959,84
77786,23444959,23444965,6
77787,23444965,23444968,3
77788,23445212,23445227,15
77789,23446152,23446156,4
77790,23446416,23446421,5
77791,23446467,23446473,6
77792,23446989,23446997,8
77793,23447397,23447400,3
77794,23447414,23447422,8
77795,23448658,23448665,7
77796,23450060,23450066,6
77797,23450942,23450947,5
77798,23451403,23451411,8
77799,23451411,23451419,8
77800,23452216,23452222,6
77801,23453395,23453403,8
77802,23453523,23453528,5
77803,23453839,23453845,6
77804,23454644,23454655,11
77805,23454979,23455016,37
77806,23455870,23455901,31
77807,23455901,23455984,83
77808,23456598,23456618,20
77809,23456618,23456644,26
77810,23456644,23456679,35
77811,23456679,23456687,8
77812,23456687,23456792,105
77813,23457501,23457517,16
77814,23457517,23457562,45
77815,23458034,23458042,8
77816,23458361,23458370,9
77817,23458427,23458430,3
77818,23458582,23458591,9
77819,23459118,23459125,7
77820,23461291,23461303,12
77821,23461303,23461308,5
77822,23461427,23461443,16
77823,23461773,23461930,157
77824,23461930,23461942,12
77825,23461942,23461949,7
77826,23461949,23461956,7
77827,23461956,23461965,9
77828,23461965,23462056,91
77829,23462056,23462076,20
77830,23462076,23462139,63
77831,23462139,23462284,145
77832,23462284,23462360,76
77833,23462360,23462446,86
77834,23462446,23462508,62
77835,23462508,23462528,20
77836,23462528,23462592,64
77837,23462592,23462614,22
77838,23462614,23462811,197
77839,23462811,23462886,75
77840,23462886,23462908,22
77841,23462908,23462912,4
77842,23462912,23462959,47
77843,23462959,23462993,34
77844,23462993,23462996,3
77845,23462996,23463223,227
77846,23463223,23463242,19
77847,23463242,23463300,58
77848,23463300,23463325,25
77849,23463325,23463370,45
77850,23463370,23463565,195
77851,23463565,23463570,5
77852,23463570,23463704,134
77853,23463704,23463924,220
77854,23463924,23463962,38
77855,23464139,23464473,334
77856,23464473,23464479,6
77857,23464479,23464490,11
77858,23464490,23464548,58
77859,23464548,23464707,159
77860,23464707,23464799,92
77861,23464799,23464817,18
77862,23465036,23465059,23
77863,23465059,23465062,3
77864,23465062,23465077,15
77865,23465149,23465163,14
77866,23465163,23465238,75
77867,23465238,23465317,79
77868,23465317,23465404,87
77869,23465404,23465603,199
77870,23465603,23465624,21
77871,23465624,23465729,105
77872,23465775,23465800,25
77873,23465800,23465921,121
77874,23465921,23466097,176
77875,23466097,23466136,39
77876,23466136,23466229,93
77877,23466229,23466380,151
77878,23466380,23466405,25
77879,23466405,23466495,90
77880,23466495,23466524,29
77881,23466524,23466681,157
77882,23466681,23466693,12
77883,23466693,23466700,7
77884,23466700,23466707,7
77885,23466707,23466716,9
77886,23467625,23467631,6
77887,23467631,23467678,47
77888,23467678,23467765,87
77889,23467765,23467772,7
77890,23467772,23467799,27
77891,23467886,23467893,7
77892,23467982,23468021,39
77893,23468021,23468053,32
77894,23468360,23468379,19
77895,23468473,23468485,12
77896,23468485,23468497,12
77897,23468594,23468602,8
77898,23468602,23468652,50
77899,23468652,23468656,4
77900,23468790,23468821,31
77901,23468821,23468830,9
77902,23468830,23468893,63
77903,23468893,23468913,20
77904,23468913,23468993,80
77905,23469457,23469549,92
77906,23469549,23469560,11
77907,23469560,23469611,51
77908,23469834,23469843,9
77909,23469889,23469895,6
77910,23470250,23470404,154
77911,23470404,23470426,22
77912,23470870,23470873,3
77913,23470873,23470880,7
77914,23471165,23471188,23
77915,23471188,23471197,9
77916,23471197,23471275,78
77917,23471275,23471347,72
77918,23471347,23471407,60
77919,23471453,23471457,4
77920,23471457,23471470,13
77921,23471470,23471501,31
77922,23471842,23471875,33
77923,23472123,23472175,52
77924,23472175,23472189,14
77925,23472699,23472722,23
77926,23472722,23472824,102
77927,23472824,23472828,4
77928,23473113,23473121,8
77929,23473121,23473156,35
77930,23473254,23473319,65
77931,23473396,23473403,7
77932,23473667,23473684,17
77933,23473816,23473868,52
77934,23473868,23473882,14
77935,23474037,23474248,211
77936,23474248,23474481,233
77937,23474481,23474539,58
77938,23474539,23474556,17
77939,23474556,23474568,12
77940,23474568,23474588,20
77941,23474588,23474754,166
77942,23474754,23474853,99
77943,23474853,23474925,72
77944,23474925,23474936,11
77945,23474936,23474939,3
77946,23474939,23474949,10
77947,23474949,23475023,74
77948,23475023,23475058,35
77949,23475058,23475084,26
77950,23475084,23475120,36
77951,23475120,23475357,237
77952,23475357,23475525,168
77953,23475525,23475754,229
77954,23475754,23475963,209
77955,23475963,23475986,23
77956,23475986,23476120,134
77957,23476120,23476129,9
77958,23476129,23476234,105
77959,23476234,23476240,6
77960,23476240,23476409,169
77961,23476442,23476554,112
77962,23476554,23476619,65
77963,23476619,23476835,216
77964,23476835,23476948,113
77965,23476948,23476971,23
77966,23476971,23476982,11
77967,23476982,23476989,7
77968,23476989,23477157,168
77969,23477157,23477188,31
77970,23477188,23477210,22
77971,23477210,23477436,226
77972,23477436,23477522,86
77973,23477522,23477570,48
77974,23477570,23477578,8
77975,23477578,23477611,33
77976,23477611,23477741,130
77977,23477741,23477813,72
77978,23477813,23478051,238
77979,23478051,23478212,161
77980,23478212,23478321,109
77981,23478321,23478468,147
77982,23478468,23478525,57
77983,23478525,23478535,10
77984,23478535,23478633,98
77985,23478633,23478770,137
77986,23478770,23478805,35
77987,23478805,23478837,32
77988,23478837,23478863,26
77989,23478863,23478954,91
77990,23478954,23479020,66
77991,23479020,23479067,47
77992,23479067,23479106,39
77993,23479106,23479123,17
77994,23479123,23479158,35
77995,23479158,23479256,98
77996,23479256,23479317,61
77997,23479317,23479413,96
77998,23479413,23479493,80
77999,23479493,23479555,62
78000,23479555,23479614,59
78001,23479614,23479675,61
78002,23479675,23479823,148
78003,23479823,23479839,16
78004,23479839,23479898,59
78005,23479898,23479958,60
78006,23479958,23480008,50
78007,23480008,23480018,10
78008,23480018,23480045,27
78009,23480045,23480105,60
78010,23480105,23480260,155
78011,23480260,23480301,41
78012,23480301,23480362,61
78013,23480362,23480401,39
78014,23480401,23480555,154
78015,23480555,23480572,17
78016,23480572,23480587,15
78017,23480587,23480622,35
78018,23480622,23480762,140
78019,23480762,23480795,33
78020,23480795,23480848,53
78021,23480848,23480865,17
78022,23480865,23481009,144
78023,23481009,23481037,28
78024,23481037,23481040,3
78025,23481040,23481100,60
78026,23481100,23481112,12
78027,23481112,23481141,29
78028,23481141,23481282,141
78029,23481282,23481341,59
78030,23481341,23481522,181
78031,23481522,23481625,103
78032,23481625,23481796,171
78033,23481796,23481907,111
78034,23481907,23482182,275
78035,23482182,23482281,99
78036,23482281,23482386,105
78037,23482386,23482429,43
78038,23482429,23482601,172
78039,23482601,23482689,88
78040,23482689,23482733,44
78041,23482733,23482791,58
78042,23482791,23482890,99
78043,23482890,23482930,40
78044,23482930,23483030,100
78045,23483030,23483056,26
78046,23483056,23483124,68
78047,23483124,23483477,353
78048,23483477,23483501,24
78049,23483501,23483545,44
78050,23483545,23483635,90
78051,23483635,23483662,27
78052,23483662,23483702,40
78053,23483702,23483861,159
78054,23483861,23483935,74
78055,23483935,23483945,10
78056,23483945,23483957,12
78057,23483957,23484007,50
78058,23484007,23484058,51
78059,23484058,23484178,120
78060,23484178,23484200,22
78061,23484200,23484263,63
78062,23484263,23484400,137
78063,23484400,23484479,79
78064,23484479,23484719,240
78065,23484719,23484812,93
78066,23484812,23484869,57
78067,23484869,23485010,141
78068,23485010,23485025,15
78069,23485025,23485029,4
78070,23485029,23485085,56
78071,23485085,23485342,257
78072,23485342,23485352,10
78073,23485352,23485424,72
78074,23485424,23485436,12
78075,23485436,23485529,93
78076,23485529,23485607,78
78077,23485702,23485913,211
78078,23486146,23486204,58
78079,23486204,23486221,17
78080,23486221,23486233,12
78081,23486233,23486253,20
78082,23486253,23486419,166
78083,23486419,23486518,99
78084,23486590,23486601,11
78085,23486601,23486604,3
78086,23486604,23486614,10
78087,23486614,23486688,74
78088,23486688,23486723,35
78089,23486723,23486749,26
78090,23486749,23486785,36
78091,23487592,23487600,8
78092,23487600,23487610,10
78093,23487918,23487921,3
78094,23488405,23488408,3
78095,23489229,23489342,113
78096,23489561,23489622,61
78097,23489622,23489627,5
78098,23489627,23489638,11
78099,23489638,23489664,26
78100,23489664,23489680,16
78101,23489680,23489705,25
78102,23489705,23489759,54
78103,23489759,23489777,18
78104,23489777,23489813,36
78105,23489923,23489927,4
78106,23490027,23490045,18
78107,23490045,23490088,43
78108,23490219,23490241,22
78109,23490241,23490370,129
78110,23490370,23490374,4
78111,23490374,23490402,28
78112,23490500,23490526,26
78113,23490526,23490529,3
78114,23490529,23490536,7
78115,23490536,23490583,47
78116,23490654,23490747,93
78117,23491061,23491069,8
78118,23491069,23491150,81
78119,23491150,23491177,27
78120,23491177,23491188,11
78121,23491480,23491605,125
78122,23491605,23491653,48
78123,23491653,23491670,17
78124,23491670,23491803,133
78125,23491803,23491859,56
78126,23491859,23491907,48
78127,23491907,23491934,27
78128,23491934,23491978,44
78129,23492090,23492104,14
78130,23492104,23492129,25
78131,23492129,23492173,44
78132,23492234,23492251,17
78133,23492262,23492268,6
78134,23492380,23492452,72
78135,23492538,23492549,11
78136,23493244,23493270,26
78137,23493456,23493499,43
78138,23493559,23493612,53
78139,23493612,23493622,10
78140,23493622,23493630,8
78141,23493630,23493643,13
78142,23493643,23493730,87
78143,23493730,23493755,25
78144,23493755,23493758,3
78145,23493758,23493825,67
78146,23493891,23493901,10
78147,23493901,23494009,108
78148,23494009,23494106,97
78149,23494294,23494333,39
78150,23494333,23494345,12
78151,23494345,23494383,38
78152,23494383,23494407,24
78153,23494407,23494446,39
78154,23494446,23494511,65
78155,23494511,23494516,5
78156,23494678,23494713,35
78157,23494804,23494821,17
78158,23494821,23494864,43
78159,23494864,23494925,61
78160,23494925,23494935,10
78161,23494969,23495039,70
78162,23495244,23495271,27
78163,23495271,23495295,24
78164,23495383,23495407,24
78165,23495613,23495627,14
78166,23495627,23495686,59
78167,23495733,23495789,56
78168,23495867,23495932,65
78169,23496113,23496318,205
78170,23496442,23496502,60
78171,23496586,23496624,38
78172,23496651,23496670,19
78173,23497134,23497141,7
78174,23497141,23497185,44
78175,23497224,23497268,44
78176,23497969,23497978,9
78177,23498089,23498094,5
78178,23498407,23498417,10
78179,23498447,23498451,4
78180,23498583,23498591,8
78181,23498946,23498951,5
78182,23498951,23498956,5
78183,23500054,23500082,28
78184,23500082,23500128,46
78185,23500128,23500152,24
78186,23500152,23500196,44
78187,23500196,23500314,118
78188,23500314,23500338,24
78189,23500338,23500344,6
78190,23500344,23500355,11
78191,23500355,23500421,66
78192,23500544,23500550,6
78193,23500550,23500583,33
78194,23500608,23500668,60
78195,23500668,23500687,19
78196,23500687,23500773,86
78197,23500773,23500830,57
78198,23500830,23500857,27
78199,23500857,23500860,3
78200,23500860,23500881,21
78201,23500881,23501052,171
78202,23501052,23501238,186
78203,23501238,23501327,89
78204,23501327,23501435,108
78205,23501435,23501570,135
78206,23501570,23501670,100
78207,23501670,23501818,148
78208,23501818,23501892,74
78209,23502089,23502105,16
78210,23502281,23502295,14
78211,23502295,23502303,8
78212,23502303,23502529,226
78213,23502529,23502578,49
78214,23502578,23502590,12
78215,23502590,23502607,17
78216,23502607,23502663,56
78217,23502663,23502716,53
78218,23502716,23502811,95
78219,23502811,23502835,24
78220,23502835,23503003,168
78221,23503003,23503014,11
78222,23503014,23503085,71
78223,23503085,23503150,65
78224,23503150,23503205,55
78225,23503361,23503404,43
78226,23503404,23503410,6
78227,23503873,23503973,100
78228,23503973,23504034,61
78229,23504034,23504044,10
78230,23504044,23504062,18
78231,23504062,23504197,135
78232,23504379,23504433,54
78233,23504433,23504476,43
78234,23504476,23504499,23
78235,23504582,23504591,9
78236,23504591,23504596,5
78237,23504596,23504658,62
78238,23504704,23504785,81
78239,23504876,23504940,64
78240,23504940,23505002,62
78241,23505002,23505020,18
78242,23505020,23505025,5
78243,23505025,23505072,47
78244,23505072,23505176,104
78245,23505176,23505282,106
78246,23505282,23505311,29
78247,23505404,23505420,16
78248,23505483,23505539,56
78249,23505640,23505644,4
78250,23505644,23505671,27
78251,23505671,23505704,33
78252,23505704,23505749,45
78253,23505749,23505791,42
78254,23505791,23505903,112
78255,23505903,23506005,102
78256,23506005,23506115,110
78257,23506115,23506125,10
78258,23506197,23506232,35
78259,23506232,23506245,13
78260,23506245,23506338,93
78261,23506338,23506478,140
78262,23506478,23506584,106
78263,23506640,23506782,142
78264,23506782,23506870,88
78265,23506870,23506898,28
78266,23507309,23507339,30
78267,23507339,23507360,21
78268,23507360,23507482,122
78269,23507482,23507503,21
78270,23507754,23507764,10
78271,23507764,23507794,30
78272,23507794,23507826,32
78273,23508333,23508409,76
78274,23508409,23508459,50
78275,23508459,23508487,28
78276,23508487,23508533,46
78277,23508533,23508557,24
78278,23508557,23508601,44
78279,23508601,23508719,118
78280,23508719,23508743,24
78281,23508743,23508749,6
78282,23508749,23508760,11
78283,23508760,23508826,66
78284,23509028,23509031,3
78285,23511127,23511151,24
78286,23511151,23511195,44
78287,23511195,23511285,90
78288,23511285,23511312,27
78289,23511312,23511352,40
78290,23511352,23511511,159
78291,23511511,23511585,74
78292,23511585,23511595,10
78293,23511595,23511607,12
78294,23511607,23511657,50
78295,23511657,23511708,51
78296,23511828,23511850,22
78297,23511850,23511913,63
78298,23512050,23512129,79
78299,23512335,23512345,10
78300,23512345,23512417,72
78301,23512417,23512429,12
78302,23512429,23512522,93
78303,23512522,23512600,78
78304,23512695,23512906,211
78305,23512906,23513139,233
78306,23513139,23513197,58
78307,23513197,23513214,17
78308,23513214,23513226,12
78309,23513226,23513246,20
78310,23513246,23513412,166
78311,23513412,23513511,99
78312,23513511,23513583,72
78313,23513583,23513594,11
78314,23513594,23513597,3
78315,23513597,23513607,10
78316,23513607,23513681,74
78317,23513681,23513716,35
78318,23513716,23513742,26
78319,23513742,23513778,36
78320,23513778,23514015,237
78321,23514015,23514183,168
78322,23514183,23514412,229
78323,23514412,23514621,209
78324,23514621,23514644,23
78325,23514644,23514778,134
78326,23514778,23514787,9
78327,23514787,23514892,105
78328,23514892,23514898,6
78329,23514898,23515067,169
78330,23515100,23515212,112
78331,23515212,23515277,65
78332,23515277,23515493,216
78333,23515493,23515606,113
78334,23515606,23515629,23
78335,23515629,23515640,11
78336,23515640,23515647,7
78337,23515647,23515815,168
78338,23515815,23515846,31
78339,23515846,23515868,22
78340,23515868,23516094,226
78341,23516094,23516180,86
78342,23516180,23516228,48
78343,23516228,23516236,8
78344,23516236,23516269,33
78345,23516269,23516399,130
78346,23516399,23516471,72
78347,23516471,23516709,238
78348,23516709,23516870,161
78349,23516870,23516979,109
78350,23516979,23517126,147
78351,23517126,23517183,57
78352,23517183,23517193,10
78353,23517193,23517291,98
78354,23517291,23517428,137
78355,23517428,23517463,35
78356,23517463,23517495,32
78357,23517495,23517521,26
78358,23517521,23517612,91
78359,23517612,23517678,66
78360,23517678,23517725,47
78361,23517725,23517764,39
78362,23517764,23517781,17
78363,23517781,23517816,35
78364,23517816,23517914,98
78365,23517914,23517975,61
78366,23517975,23518071,96
78367,23518071,23518151,80
78368,23518151,23518213,62
78369,23518213,23518272,59
78370,23518272,23518333,61
78371,23518333,23518481,148
78372,23518481,23518497,16
78373,23518497,23518556,59
78374,23518556,23518616,60
78375,23518616,23518666,50
78376,23518666,23518676,10
78377,23518676,23518703,27
78378,23518703,23518763,60
78379,23518763,23518918,155
78380,23518918,23518959,41
78381,23518959,23519020,61
78382,23519020,23519059,39
78383,23519059,23519213,154
78384,23519213,23519230,17
78385,23519230,23519245,15
78386,23519245,23519280,35
78387,23519280,23519420,140
78388,23519420,23519453,33
78389,23519453,23519506,53
78390,23519506,23519523,17
78391,23519523,23519667,144
78392,23519667,23519695,28
78393,23519695,23519698,3
78394,23519698,23519758,60
78395,23519758,23519770,12
78396,23519770,23519799,29
78397,23519799,23519940,141
78398,23519940,23519999,59
78399,23519999,23520180,181
78400,23520180,23520283,103
78401,23520283,23520454,171
78402,23520454,23520565,111
78403,23520565,23520840,275
78404,23520840,23520939,99
78405,23520939,23521044,105
78406,23521044,23521087,43
78407,23521087,23521259,172
78408,23521259,23521347,88
78409,23521347,23521391,44
78410,23521391,23521449,58
78411,23521449,23521548,99
78412,23521548,23521588,40
78413,23521588,23521688,100
78414,23521688,23521714,26
78415,23521714,23521782,68
78416,23521782,23522135,353
78417,23522135,23522159,24
78418,23522159,23522203,44
78419,23522203,23522293,90
78420,23522293,23522320,27
78421,23522320,23522360,40
78422,23522360,23522519,159
78423,23522519,23522593,74
78424,23522593,23522603,10
78425,23522603,23522615,12
78426,23522615,23522665,50
78427,23522665,23522716,51
78428,23522716,23522836,120
78429,23522836,23522858,22
78430,23522858,23522921,63
78431,23522921,23523058,137
78432,23523058,23523137,79
78433,23523137,23523377,240
78434,23523377,23523470,93
78435,23523470,23523527,57
78436,23523527,23523668,141
78437,23523668,23523683,15
78438,23523683,23523687,4
78439,23523687,23523743,56
78440,23523743,23524000,257
78441,23524000,23524010,10
78442,23524082,23524094,12
78443,23524094,23524187,93
78444,23524187,23524265,78
78445,23524799,23524857,58
78446,23524857,23524874,17
78447,23524874,23524886,12
78448,23524886,23524906,20
78449,23525011,23525110,99
78450,23525182,23525193,11
78451,23525193,23525196,3
78452,23525196,23525206,10
78453,23525206,23525280,74
78454,23525280,23525315,35
78455,23526151,23526177,26
78456,23526244,23526247,3
78457,23526572,23526596,24
78458,23526596,23526640,44
78459,23526909,23526936,27
78460,23526936,23526976,40
78461,23527135,23527209,74
78462,23527209,23527219,10
78463,23527219,23527231,12
78464,23527281,23527332,51
78465,23527446,23527452,6
78466,23527452,23527474,22
78467,23527474,23527537,63
78468,23527674,23527753,79
78469,23527987,23527993,6
78470,23528086,23528143,57
78471,23528143,23528284,141
78472,23528284,23528299,15
78473,23528299,23528303,4
78474,23528303,23528359,56
78475,23528616,23528626,10
78476,23528626,23528698,72
78477,23528698,23528710,12
78478,23528710,23528803,93
78479,23528803,23528881,78
78480,23529421,23529479,58
78481,23529479,23529496,17
78482,23529496,23529508,12
78483,23529694,23529793,99
78484,23529793,23529865,72
78485,23529865,23529876,11
78486,23529876,23529879,3
78487,23529879,23529889,10
78488,23529963,23529998,35
78489,23529998,23530024,26
78490,23530024,23530060,36
78491,23530738,23530809,71
78492,23530809,23530952,143
78493,23531469,23531518,49
78494,23531623,23531755,132
78495,23531755,23531807,52
78496,23531807,23531821,14
78497,23531821,23531923,102
78498,23531980,23531994,14
78499,23532097,23532102,5
78500,23533028,23533032,4
78501,23533365,23533374,9
78502,23533412,23533422,10
78503,23533526,23533530,4
78504,23533637,23533675,38
78505,23533722,23533740,18
78506,23533771,23533777,6
78507,23533777,23533844,67
78508,23534111,23534119,8
78509,23534153,23534169,16
78510,23534271,23534287,16
78511,23534342,23534368,26
78512,23534368,23534427,59
78513,23535199,23535210,11
78514,23535708,23535741,33
78515,23536404,23536445,41
78516,23536445,23536450,5
78517,23536518,23536526,8
78518,23536526,23536563,37
78519,23536917,23536920,3
78520,23537174,23537303,129
78521,23538074,23538093,19
78522,23538414,23538418,4
78523,23538418,23538481,63
78524,23538481,23538577,96
78525,23538577,23538580,3
78526,23538580,23538609,29
78527,23538609,23538642,33
78528,23538757,23538760,3
78529,23538760,23538877,117
78530,23538877,23538900,23
78531,23539001,23539052,51
78532,23539052,23539069,17
78533,23539310,23539330,20
78534,23539330,23539359,29
78535,23539359,23539378,19
78536,23540683,23540687,4
78537,481,870,389
78538,7065,7738,673
78539,7738,8066,328
78540,8066,8678,612
78541,8678,11246,2568
78542,67134,67807,673
78543,67807,68135,328
78544,68135,68747,612
78545,68747,71315,2568
78546,74130,74519,389
78547,97519,99631,2112
78548,103485,105597,2112
78549,300762,301576,814
78550,425436,425445,9
78551,1035300,1036114,814
78552,1362586,1362684,98
78553,1438821,1438932,111
78554,1438932,1439043,111
78555,1439043,1439154,111
78556,1439154,1439265,111
78557,1443150,1443261,111
78558,1443483,1443594,111
78559,1520126,1520157,31
78560,1957497,1957573,76
78561,1957573,1959798,2225
78562,1959798,1960029,231
78563,3078641,3080670,2029
78564,3991841,3992655,814
78565,4421853,4421862,9
78566,5204704,5204710,6
78567,5428475,5428482,7
78568,5730779,5730877,98
78569,6312294,6312300,6
78570,6396243,6396341,98
78571,6607887,6608390,503
78572,7264254,7264260,6
78573,7340997,7341005,8
78574,9502538,9502545,7
78575,10064140,10064146,6
78576,10064146,10064152,6
78577,10140064,10140878,814
78578,10319292,10319303,11
78579,10807817,10807828,11
78580,10818714,10818723,9
78581,11050512,11050520,8
78582,11314668,11314744,76
78583,11314744,11316969,2225
78584,11316969,11317200,231
78585,11739892,11740283,391
78586,11740283,11740383,100
78587,11740383,11741254,871
78588,11741254,11742556,1302
78589,11742556,11742646,90
78590,11753160,11753551,391
78591,11753551,11753651,100
78592,11753651,11754522,871
78593,11754522,11755824,1302
78594,11755824,11755914,90
78595,11984334,11984341,7
78596,12066300,12066306,6
78597,12710134,12710142,8
78598,14639351,14640374,1023
78599,14779370,14779468,98
78600,15938663,15938669,6
78601,16218519,16218526,7
78602,16349992,16349999,7
78603,16856739,16856747,8
78604,17183584,17183591,7
78605,17623019,17623027,8
78606,17992141,17992148,7
78607,18432505,18434534,2029
78608,19061744,19061842,98
78609,19138402,19139216,814
78610,19919398,19920539,1141
78611,19952571,19953712,1141
78612,19957305,19958446,1141
78613,20290806,20296304,5498
78614,20296304,20298404,2100
78615,20300713,20306211,5498
78616,20306211,20308311,2100
78617,20959871,20960894,1023
78618,21147468,21148345,877
78619,21158687,21159564,877
78620,21609390,21610792,1402
78621,21610792,21612702,1910
78622,21615482,21616884,1402
78623,21616884,21618794,1910
78624,21646070,21646884,814
78625,21650205,21650281,76
78626,21652506,21652737,231
78627,21675355,21675453,98
78628,21778418,21778453,35
78629,21815644,21816300,656
78630,21825140,21826272,1132
78631,21826272,21827811,1539
78632,21833971,21835510,1539
78633,21835510,21835762,252
78634,21852521,21852773,252
78635,21852773,21853905,1132
78636,21862257,21862313,56
78637,21862313,21862401,88
78638,21862401,21862544,143
78639,21862544,21862648,104
78640,21885270,21886674,1404
78641,21886674,21886730,56
78642,21886730,21886818,88
78643,21886818,21886961,143
78644,21886961,21887065,104
78645,21913661,21913759,98
78646,21924908,21924943,35
78647,21985343,21985999,656
78648,21991979,21993383,1404
78649,21993383,21993439,56
78650,21993439,21993527,88
78651,21993813,21993917,104
78652,21993917,21993991,74
78653,22013163,22013198,35
78654,22019118,22019153,35
78655,22022405,22022496,91
78656,22048285,22048320,35
78657,22055545,22055580,35
78658,22058833,22058924,91
78659,22084488,22084523,35
78660,22139369,22139460,91
78661,22149691,22150618,927
78662,22154744,22155671,927
78663,22179407,22180270,863
78664,22184291,22185154,863
78665,22215157,22216515,1358
78666,22224356,22225714,1358
78667,22228477,22229363,886
78668,22233472,22234358,886
78669,22376093,22377981,1888
78670,22377981,22378051,70
78671,22379273,22381161,1888
78672,22381161,22381231,70
78673,22390170,22391026,856
78674,22395466,22396322,856
78675,22567021,22567052,31
78676,22912577,22913080,503
78677,23111843,23112494,651
78678,23112494,23114189,1695
78679,23114189,23115321,1132
78680,23115321,23116534,1213
78681,23116534,23117728,1194
78682,23117728,23118379,651
78683,23120077,23121209,1132
78684,23122423,23123617,1194
78685,23123617,23124268,651
78686,23124268,23125963,1695
78687,23125963,23127095,1132
78688,23127095,23128308,1213
78689,23128308,23129502,1194
78690,23129502,23130153,651
78691,23130153,23131848,1695
78692,23131848,23132980,1132
78693,23132980,23134193,1213
78694,23134193,23135387,1194
78695,23135387,23136038,651
78696,23136038,23137733,1695
78697,23137733,23138865,1132
78698,23138865,23140078,1213
78699,23140078,23141272,1194
78700,23141272,23141923,651
78701,23143621,23144753,1132
78702,23144753,23145966,1213
78703,23147160,23147811,651
78704,23149493,23150625,1132
78705,23200146,23200155,9
78706,23293896,23298498,4602
78707,23301848,23306450,4602
78708,23478270,23478346,76
78709,23478346,23480562,2216
78710,23480562,23480986,424
78711,23480986,23483266,2280
78712,23507295,23507383,88
78713,23507383,23507526,143
78714,23507526,23507630,104
78715,23507630,23507704,74
78716,23516928,23517004,76
78717,23517004,23519220,2216
78718,23519220,23519644,424
78719,23519644,23521924,2280
