,startIdx,endIdx,length
0,432,647,215
1,647,878,231
2,7679,7724,45
3,12164,12209,45
4,12209,12424,215
5,12424,12469,45
6,12469,12592,123
7,12592,12607,15
8,12607,12632,25
9,12632,12704,72
10,12704,13225,521
11,13225,13663,438
12,13663,13802,139
13,13802,14096,294
14,14096,14335,239
15,14335,14843,508
16,14843,14959,116
17,14959,15014,55
18,15014,15080,66
19,15080,15658,578
20,17287,17941,654
21,17941,18697,756
22,18697,18808,111
23,18808,19289,481
24,19289,19459,170
25,19459,19858,399
26,19858,20383,525
27,20383,20431,48
28,20431,20498,67
29,20498,21241,743
30,21241,21286,45
31,21286,21674,388
32,21674,21905,231
33,21905,22264,359
34,22264,22303,39
35,22303,22574,271
36,22574,23311,737
37,23311,23356,45
38,23356,23571,215
39,23571,23616,45
40,23616,23739,123
41,23739,23754,15
42,23754,23779,25
43,23779,23851,72
44,23851,24372,521
45,24372,24810,438
46,24810,24949,139
47,24949,25243,294
48,25243,25482,239
49,25482,25990,508
50,25990,26106,116
51,26106,26161,55
52,26161,26227,66
53,26227,26805,578
54,28793,29447,654
55,29447,30203,756
56,30203,30314,111
57,30314,30795,481
58,30795,30965,170
59,30965,31364,399
60,31364,31889,525
61,31889,31937,48
62,31937,32004,67
63,32004,32747,743
64,32747,32792,45
65,32792,33180,388
66,33180,33411,231
67,33411,33770,359
68,33770,33809,39
69,33809,34080,271
70,34080,34817,737
71,34817,34862,45
72,34862,35077,215
73,35077,35122,45
74,35122,35245,123
75,35245,35260,15
76,35260,35285,25
77,35285,35357,72
78,35357,35878,521
79,35878,36316,438
80,36316,36455,139
81,36455,36749,294
82,36749,36988,239
83,36988,37496,508
84,37496,37612,116
85,37612,37667,55
86,37667,37733,66
87,37733,38311,578
88,40464,41118,654
89,41118,41874,756
90,41874,41985,111
91,41985,42466,481
92,42466,42636,170
93,42636,43035,399
94,43035,43560,525
95,43560,43608,48
96,43608,43675,67
97,43675,44418,743
98,44418,44463,45
99,44463,44851,388
100,44851,45082,231
101,45082,45441,359
102,45441,45480,39
103,45480,45751,271
104,45751,46488,737
105,46488,46533,45
106,46533,46748,215
107,46748,46793,45
108,46793,46916,123
109,46916,46931,15
110,46931,46956,25
111,46956,47028,72
112,47028,47549,521
113,47549,47987,438
114,47987,48126,139
115,48126,48420,294
116,48420,48659,239
117,48659,49167,508
118,49167,49283,116
119,49283,49338,55
120,49338,49404,66
121,49404,49982,578
