,startIdx,endIdx,length
0,432,877,445
1,1673,5027,3354
2,6600,11245,4645
3,12164,15657,3493
4,17287,26804,9517
5,28793,38310,9517
6,40464,49981,9517
7,50854,51506,652
8,55655,56998,1343
9,59577,60229,652
10,64052,64192,140
11,66669,71314,4645
12,74081,74526,445
13,75322,78676,3354
14,80408,81899,1491
15,82330,82360,30
16,83367,83412,45
17,86736,88227,1491
18,88658,88688,30
19,89695,89740,45
20,97519,101246,3727
21,103485,107212,3727
22,118881,119310,429
23,120892,120956,64
24,129860,129864,4
25,130322,130327,5
26,132922,132926,4
27,135084,135089,5
28,151460,151465,5
29,155549,155576,27
30,158557,158562,5
31,162244,163027,783
32,163638,165700,2062
33,165870,167752,1882
34,168430,168445,15
35,196304,196307,3
36,197215,197218,3
37,199215,199220,5
38,256028,256031,3
39,258558,258563,5
40,282469,282490,21
41,286673,286678,5
42,287357,287360,3
43,287415,287419,4
44,297093,297867,774
45,299778,301575,1797
46,309997,310004,7
47,323034,323261,227
48,327880,327883,3
49,328260,328263,3
50,337459,337464,5
51,337713,337718,5
52,342229,342237,8
53,347949,347954,5
54,369398,369405,7
55,371400,371411,11
56,372377,372380,3
57,378943,378949,6
58,383601,383607,6
59,383789,383792,3
60,384864,384869,5
61,384898,384904,6
62,387055,387063,8
63,387078,387086,8
64,387640,387644,4
65,392140,392145,5
66,394952,394959,7
67,395618,395637,19
68,401292,401295,3
69,409373,409381,8
70,420325,420340,15
71,421151,421158,7
72,422281,422287,6
73,422414,422419,5
74,422613,422616,3
75,424123,424129,6
76,425436,425444,8
77,430725,430729,4
78,435373,435384,11
79,435676,435681,5
80,444503,444521,18
81,448713,448724,11
82,450838,450841,3
83,457638,457643,5
84,462783,462786,3
85,464979,464986,7
86,477180,477185,5
87,493450,493454,4
88,509491,509497,6
89,510094,510101,7
90,518833,518838,5
91,526889,526903,14
92,528393,528398,5
93,550201,550207,6
94,553342,553865,523
95,554682,555132,450
96,557043,558623,1580
97,563637,565412,1775
98,567197,567203,6
99,573320,573323,3
100,578735,578762,27
101,591436,591441,5
102,598506,598512,6
103,599997,600001,4
104,627173,627179,6
105,635426,635430,4
106,637684,637688,4
107,637842,637849,7
108,640079,640084,5
109,644228,644546,318
110,644762,645080,318
111,646439,646444,5
112,651404,651409,5
113,653572,653578,6
114,653694,653711,17
115,665675,665680,5
116,667718,667721,3
117,684471,684482,11
118,688037,688040,3
119,697265,697272,7
120,705285,705306,21
121,710691,710706,15
122,721739,721744,5
123,733671,733682,11
124,754687,754690,3
125,754872,754875,3
126,769070,769076,6
127,769403,769409,6
128,770242,770247,5
129,788078,788085,7
130,798664,798672,8
131,805021,805025,4
132,808341,808356,15
133,813194,813638,444
134,814400,814415,15
135,814654,814785,131
136,815202,816399,1197
137,829025,833486,4461
138,833829,835138,1309
139,836290,836297,7
140,876328,876335,7
141,907963,907987,24
142,908712,908718,6
143,911544,911548,4
144,924896,924899,3
145,938202,938207,5
146,977768,977776,8
147,985481,985487,6
148,1025455,1025463,8
149,1035300,1037099,1799
150,1039010,1039258,248
151,1049034,1049037,3
152,1062159,1062164,5
153,1065260,1067165,1905
154,1068180,1072294,4114
155,1077239,1077247,8
156,1077408,1077416,8
157,1079579,1079582,3
158,1080178,1080181,3
159,1093267,1093270,3
160,1095518,1095522,4
161,1108759,1108767,8
162,1125488,1125492,4
163,1125502,1125510,8
164,1145095,1145110,15
165,1146259,1146264,5
166,1181252,1181258,6
167,1188720,1188726,6
168,1194514,1194519,5
169,1212566,1212577,11
170,1215456,1215459,3
171,1221185,1221190,5
172,1223287,1223294,7
173,1230149,1230155,6
174,1239374,1239378,4
175,1246321,1246326,5
176,1251970,1251973,3
177,1261516,1261530,14
178,1262312,1262318,6
179,1283252,1283255,3
180,1297176,1297179,3
181,1298787,1298793,6
182,1298835,1298852,17
183,1301012,1301015,3
184,1303787,1303815,28
185,1307479,1307492,13
186,1318112,1318126,14
187,1324047,1324052,5
188,1327898,1327901,3
189,1329825,1329831,6
190,1333836,1333842,6
191,1334126,1334139,13
192,1340717,1340723,6
193,1342238,1342241,3
194,1345075,1345078,3
195,1353766,1353772,6
196,1358052,1358138,86
197,1358735,1358754,19
198,1359560,1361784,2224
199,1362101,1362417,316
200,1362586,1362683,97
201,1364592,1365976,1384
202,1366450,1366551,101
203,1382327,1382336,9
204,1382352,1382356,4
205,1382382,1382386,4
206,1382835,1382840,5
207,1383557,1383566,9
208,1383699,1383703,4
209,1385642,1385646,4
210,1387723,1387731,8
211,1389410,1389414,4
212,1397189,1397203,14
213,1402025,1402032,7
214,1404005,1404009,4
215,1427842,1427849,7
216,1433710,1433713,3
217,1438821,1439264,443
218,1440728,1440734,6
219,1443150,1443260,110
220,1443483,1443593,110
221,1451064,1451069,5
222,1451521,1451530,9
223,1453055,1453058,3
224,1454999,1455002,3
225,1460267,1460271,4
226,1464057,1464063,6
227,1472339,1472347,8
228,1492001,1492008,7
229,1492037,1492043,6
230,1515571,1515575,4
231,1517069,1517073,4
232,1518235,1518257,22
233,1518742,1519804,1062
234,1520126,1520156,30
235,1521163,1521704,541
236,1521795,1522430,635
237,1522677,1523141,464
238,1523202,1523237,35
239,1532759,1532766,7
240,1535025,1535032,7
241,1559310,1559314,4
242,1564559,1564563,4
243,1568368,1568450,82
244,1591497,1591504,7
245,1592960,1592966,6
246,1593760,1593763,3
247,1600368,1600375,7
248,1601933,1601937,4
249,1603447,1603454,7
250,1604101,1604105,4
251,1611602,1611609,7
252,1611939,1611943,4
253,1611967,1611980,13
254,1617037,1617041,4
255,1621046,1621050,4
256,1627619,1627626,7
257,1628079,1628165,86
258,1629602,1629723,121
259,1630280,1630418,138
260,1631048,1632182,1134
261,1632694,1633149,455
262,1634995,1635081,86
263,1635512,1635516,4
264,1640013,1640019,6
265,1640689,1640692,3
266,1642150,1642154,4
267,1650516,1650528,12
268,1652739,1652745,6
269,1654822,1654830,8
270,1659794,1659799,5
271,1671091,1671097,6
272,1673283,1673294,11
273,1679401,1679415,14
274,1681100,1681104,4
275,1684459,1684465,6
276,1688256,1688265,9
277,1690264,1690269,5
278,1690381,1690387,6
279,1691681,1691686,5
280,1706623,1706628,5
281,1737412,1740369,2957
282,1740487,1742403,1916
283,1742926,1744831,1905
284,1746328,1746333,5
285,1757669,1757673,4
286,1794548,1794553,5
287,1801174,1801178,4
288,1818910,1818931,21
289,1825730,1825733,3
290,1834806,1834811,5
291,1843419,1843423,4
292,1846699,1846718,19
293,1854008,1854013,5
294,1854740,1854753,13
295,1856656,1856660,4
296,1857482,1857488,6
297,1869673,1869677,4
298,1871460,1871469,9
299,1882675,1882681,6
300,1889424,1889431,7
301,1893503,1893506,3
302,1902668,1902675,7
303,1905271,1905279,8
304,1920719,1920727,8
305,1930749,1931699,950
306,1932134,1932610,476
307,1932951,1933233,282
308,1934117,1934339,222
309,1935235,1935974,739
310,1937201,1937479,278
311,1937746,1937966,220
312,1939086,1939094,8
313,1939812,1939817,5
314,1955190,1955212,22
315,1956666,1960028,3362
316,1962649,1962671,22
317,1982741,1982746,5
318,1983653,1983659,6
319,1997046,1997049,3
320,2002692,2002703,11
321,2007166,2007171,5
322,2013715,2013719,4
323,2017941,2017952,11
324,2018218,2018222,4
325,2024552,2024559,7
326,2036657,2036666,9
327,2039509,2039512,3
328,2045569,2045574,5
329,2046817,2046822,5
330,2048346,2048352,6
331,2050070,2050079,9
332,2050462,2050468,6
333,2050537,2050540,3
334,2050954,2050961,7
335,2054372,2054377,5
336,2060777,2060782,5
337,2062482,2062488,6
338,2067257,2067264,7
339,2068006,2068010,4
340,2068647,2068654,7
341,2080758,2080765,7
342,2083274,2083280,6
343,2085002,2085010,8
344,2091162,2091173,11
345,2091328,2091336,8
346,2109287,2109290,3
347,2112998,2113003,5
348,2114016,2114021,5
349,2117101,2117105,4
350,2117436,2117819,383
351,2120735,2120809,74
352,2121937,2121940,3
353,2127379,2127762,383
354,2130639,2130713,74
355,2133925,2133930,5
356,2144445,2144453,8
357,2149267,2149270,3
358,2154081,2154092,11
359,2155026,2155030,4
360,2156640,2156644,4
361,2157191,2157196,5
362,2188098,2188103,5
363,2195124,2195135,11
364,2195475,2195480,5
365,2199957,2199965,8
366,2200122,2200130,8
367,2204447,2204451,4
368,2219688,2219694,6
369,2219782,2219786,4
370,2219914,2219917,3
371,2224461,2224469,8
372,2224719,2224727,8
373,2230838,2230843,5
374,2248773,2248783,10
375,2249654,2249660,6
376,2250691,2250695,4
377,2253324,2253329,5
378,2254257,2254261,4
379,2254811,2254816,5
380,2255630,2255635,5
381,2261951,2261956,5
382,2266899,2266905,6
383,2271703,2271708,5
384,2295134,2295139,5
385,2302639,2302653,14
386,2308859,2311929,3070
387,2312409,2316372,3963
388,2316475,2316967,492
389,2317567,2317572,5
390,2336822,2336828,6
391,2342037,2342040,3
392,2343113,2343117,4
393,2344036,2344044,8
394,2360186,2360192,6
395,2365212,2365219,7
396,2365793,2365799,6
397,2374993,2375000,7
398,2375862,2375869,7
399,2376895,2376899,4
400,2380258,2380262,4
401,2387155,2387166,11
402,2387330,2387345,15
403,2391049,2391052,3
404,2395329,2395335,6
405,2401324,2405785,4461
406,2406505,2406691,186
407,2407195,2407935,740
408,2411996,2412004,8
409,2416268,2416287,19
410,2425136,2425141,5
411,2430624,2430627,3
412,2432734,2432741,7
413,2433782,2433788,6
414,2435337,2435344,7
415,2438866,2438884,18
416,2439585,2439593,8
417,2439663,2439669,6
418,2451162,2451165,3
419,2454202,2454208,6
420,2454967,2454973,6
421,2461228,2461232,4
422,2464673,2464686,13
423,2467498,2467505,7
424,2474499,2474506,7
425,2474875,2474879,4
426,2481210,2481216,6
427,2482114,2482122,8
428,2482756,2482762,6
429,2485865,2485872,7
430,2488667,2488674,7
431,2500787,2500790,3
432,2521331,2521338,7
433,2530012,2530017,5
434,2531363,2531374,11
435,2535615,2535624,9
436,2537760,2537765,5
437,2538309,2538318,9
438,2540169,2540172,3
439,2540394,2540398,4
440,2544603,2544611,8
441,2549061,2549067,6
442,2578393,2578399,6
443,2579817,2579822,5
444,2580478,2580487,9
445,2582543,2582548,5
446,2584895,2584898,3
447,2587117,2587123,6
448,2598213,2598222,9
449,2600936,2600942,6
450,2601563,2601569,6
451,2601686,2601692,6
452,2607193,2607199,6
453,2610468,2615684,5216
454,2616997,2617266,269
455,2622253,2622258,5
456,2623037,2623042,5
457,2631329,2631343,14
458,2660084,2660097,13
459,2662742,2662748,6
460,2667276,2667288,12
461,2667327,2667331,4
462,2667552,2667567,15
463,2670747,2670752,5
464,2672338,2672343,5
465,2673111,2673119,8
466,2673378,2673383,5
467,2677178,2677183,5
468,2678656,2678659,3
469,2689883,2689890,7
470,2727920,2727923,3
471,2733107,2733112,5
472,2771041,2771048,7
473,2782331,2782338,7
474,2791964,2791968,4
475,2792469,2792476,7
476,2813047,2813052,5
477,2825355,2830891,5536
478,2845060,2845251,191
479,2846411,2846861,450
480,2848802,2850245,1443
481,2850852,2850963,111
482,2851743,2851843,100
483,2851971,2852162,191
484,2897811,2897815,4
485,2908773,2908780,7
486,2920791,2920794,3
487,2929693,2929696,3
488,2937472,2937489,17
489,2940472,2940478,6
490,2941122,2941125,3
491,2945990,2945995,5
492,2946470,2946477,7
493,2946865,2946878,13
494,2947012,2947016,4
495,2947106,2947114,8
496,2964209,2964212,3
497,2979605,2979608,3
498,2985753,2985761,8
499,2985771,2985779,8
500,2987469,2987474,5
501,2997469,2997474,5
502,3004408,3004414,6
503,3018209,3018235,26
504,3020264,3020268,4
505,3028706,3028709,3
506,3064447,3064470,23
507,3075804,3076026,222
508,3076750,3080669,3919
509,3080723,3080879,156
510,3086631,3086637,6
511,3136945,3136954,9
512,3149755,3149764,9
513,3149779,3149786,7
514,3150077,3150084,7
515,3150313,3150321,8
516,3163987,3163993,6
517,3169089,3169093,4
518,3171984,3171990,6
519,3178656,3178876,220
520,3185745,3185965,220
521,3188588,3188594,6
522,3188711,3188716,5
523,3210192,3210197,5
524,3218807,3220127,1320
525,3220851,3221037,186
526,3221757,3223790,2033
527,3224313,3224543,230
528,3225429,3226212,783
529,3241579,3241583,4
530,3268198,3268205,7
531,3301148,3301152,4
532,3314973,3314976,3
533,3315058,3315064,6
534,3340991,3340994,3
535,3352282,3352287,5
536,3353999,3354005,6
537,3418938,3418942,4
538,3434333,3434339,6
539,3437197,3437202,5
540,3438328,3438336,8
541,3457975,3457990,15
542,3467843,3467849,6
543,3490630,3490643,13
544,3493393,3494702,1309
545,3495265,3500221,4956
546,3500789,3500801,12
547,3516863,3516870,7
548,3517478,3517482,4
549,3530295,3530302,7
550,3549417,3549423,6
551,3597782,3600943,3161
552,3601464,3602500,1036
553,3602999,3607273,4274
554,3607390,3609108,1718
555,3610348,3615068,4720
556,3615567,3616566,999
557,3617286,3619319,2033
558,3675488,3675492,4
559,3699520,3699533,13
560,3720274,3720278,4
561,3753051,3753064,13
562,3753276,3753289,13
563,3753595,3753889,294
564,3760581,3760875,294
565,3760986,3760999,13
566,3774461,3774469,8
567,3787715,3787724,9
568,3790759,3791374,615
569,3792193,3792196,3
570,3792687,3793915,1228
571,3794317,3794805,488
572,3796494,3796497,3
573,3799842,3800457,615
574,3801274,3801277,3
575,3801780,3803008,1228
576,3803410,3803898,488
577,3815993,3816007,14
578,3816627,3816640,13
579,3817004,3817015,11
580,3822134,3822141,7
581,3826175,3826188,13
582,3826550,3826563,13
583,3827485,3827492,7
584,3831190,3831196,6
585,3837954,3837958,4
586,3862635,3862638,3
587,3870006,3870013,7
588,3876838,3876844,6
589,3888802,3888805,3
590,3895672,3895679,7
591,3937051,3937080,29
592,3937555,3937683,128
593,3939354,3939539,185
594,3941252,3941921,669
595,3942594,3943777,1183
596,3945448,3946117,669
597,3946790,3947787,997
598,3947839,3947973,134
599,3956463,3956467,4
600,3961483,3961488,5
601,3962411,3962415,4
602,3966041,3966047,6
603,3968407,3968411,4
604,3988107,3988881,774
605,3990792,3991242,450
606,3991841,3992654,813
607,3995804,3995812,8
608,4027099,4027102,3
609,4040303,4040311,8
610,4046380,4046385,5
611,4050790,4050796,6
612,4053982,4053986,4
613,4056451,4056458,7
614,4078578,4078583,5
615,4082221,4082229,8
616,4087528,4087535,7
617,4109579,4109582,3
618,4110318,4110353,35
619,4130256,4130589,333
620,4134075,4134080,5
621,4141509,4141512,3
622,4142657,4142663,6
623,4158833,4158962,129
624,4160039,4160844,805
625,4161559,4163140,1581
626,4163335,4163464,129
627,4164302,4164803,501
628,4166834,4166839,5
629,4179111,4179117,6
630,4192616,4192619,3
631,4218794,4218799,5
632,4221677,4221757,80
633,4222585,4222591,6
634,4270807,4270813,6
635,4280116,4280125,9
636,4284888,4284938,50
637,4286026,4286784,758
638,4287703,4288789,1086
639,4313591,4313600,9
640,4349274,4349279,5
641,4353530,4353539,9
642,4357001,4357005,4
643,4379496,4379502,6
644,4379654,4379659,5
645,4384128,4384459,331
646,4390953,4390957,4
647,4391878,4391891,13
648,4393049,4393056,7
649,4397076,4397080,4
650,4403339,4403346,7
651,4406666,4406671,5
652,4414475,4414480,5
653,4419996,4420000,4
654,4421853,4421861,8
655,4440273,4440277,4
656,4441526,4441531,5
657,4442950,4442955,5
658,4451972,4451980,8
659,4456859,4456863,4
660,4456994,4457000,6
661,4457327,4457334,7
662,4470374,4470381,7
663,4470390,4470405,15
664,4471238,4471244,6
665,4474559,4474566,7
666,4474670,4474673,3
667,4479451,4479457,6
668,4483700,4483711,11
669,4483751,4483756,5
670,4486440,4486444,4
671,4504259,4504262,3
672,4510910,4510914,4
673,4519766,4519776,10
674,4528470,4528476,6
675,4528520,4528525,5
676,4528795,4528801,6
677,4531992,4531997,5
678,4534394,4534402,8
679,4547429,4547434,5
680,4558278,4558295,17
681,4562212,4562225,13
682,4563054,4563060,6
683,4567419,4567432,13
684,4568102,4568113,11
685,4570048,4570052,4
686,4570198,4570204,6
687,4572579,4572586,7
688,4574153,4574157,4
689,4576491,4576494,3
690,4580724,4580733,9
691,4584700,4584706,6
692,4589039,4589045,6
693,4603007,4603015,8
694,4604794,4604800,6
695,4629495,4629558,63
696,4633633,4633696,63
697,4640733,4640738,5
698,4645920,4645925,5
699,4648181,4648189,8
700,4650474,4650480,6
701,4664141,4664158,17
702,4665263,4665266,3
703,4673518,4673523,5
704,4680701,4680709,8
705,4700500,4700535,35
706,4701624,4701627,3
707,4710155,4710160,5
708,4719291,4719296,5
709,4725561,4725568,7
710,4731918,4731953,35
711,4732377,4732628,251
712,4737959,4737964,5
713,4763464,4763486,22
714,4770635,4770641,6
715,4771029,4771032,3
716,4776262,4776278,16
717,4776573,4776866,293
718,4776997,4777013,16
719,4780302,4780306,4
720,4785519,4785522,3
721,4792485,4792520,35
722,4827221,4827225,4
723,4828115,4828289,174
724,4828720,4828874,154
725,4831272,4831915,643
726,4833721,4833919,198
727,4834998,4835172,174
728,4882174,4882180,6
729,4901799,4901804,5
730,4908176,4908181,5
731,4908471,4908474,3
732,4913903,4913908,5
733,4916719,4916726,7
734,4956333,4956339,6
735,4960639,4960643,4
736,4962602,4962609,7
737,4963372,4963381,9
738,4963856,4963861,5
739,4968212,4968217,5
740,4972296,4972300,4
741,4987250,4987254,4
742,4989788,4989794,6
743,4991599,4991802,203
744,4992694,4995480,2786
745,4995807,4995819,12
746,5002546,5002553,7
747,5010050,5010064,14
748,5010712,5010719,7
749,5014755,5014761,6
750,5021085,5021091,6
751,5021741,5021745,4
752,5045513,5045520,7
753,5046002,5046007,5
754,5048227,5048230,3
755,5051845,5051852,7
756,5059869,5059874,5
757,5059941,5059945,4
758,5063623,5063628,5
759,5087281,5087289,8
760,5097200,5097210,10
761,5098595,5098603,8
762,5099363,5099983,620
763,5100477,5100994,517
764,5101200,5101406,206
765,5102222,5102544,322
766,5175665,5175673,8
767,5202470,5202479,9
768,5204704,5204709,5
769,5227753,5227756,3
770,5247866,5247871,5
771,5248924,5248932,8
772,5256631,5256636,5
773,5269547,5269550,3
774,5290299,5290305,6
775,5290831,5290834,3
776,5297838,5297851,13
777,5308162,5308167,5
778,5318298,5318302,4
779,5322243,5322247,4
780,5331281,5331287,6
781,5334163,5334176,13
782,5338819,5339283,464
783,5344020,5344026,6
784,5352541,5352544,3
785,5355751,5355754,3
786,5389932,5391612,1680
787,5391842,5391971,129
788,5396065,5396099,34
789,5404794,5404798,4
790,5428475,5428481,6
791,5428893,5428900,7
792,5429713,5429726,13
793,5430718,5430723,5
794,5431420,5431426,6
795,5481763,5482908,1145
796,5484263,5484345,82
797,5496104,5496109,5
798,5501848,5501855,7
799,5521259,5523058,1799
800,5526773,5526906,133
801,5527010,5528341,1331
802,5546297,5546300,3
803,5555066,5555072,6
804,5568776,5568782,6
805,5591598,5591613,15
806,5606195,5606206,11
807,5620614,5620618,4
808,5626702,5626719,17
809,5628029,5628033,4
810,5631378,5631383,5
811,5632503,5632511,8
812,5632744,5632747,3
813,5641641,5641647,6
814,5643117,5643126,9
815,5645860,5645867,7
816,5647176,5647183,7
817,5660592,5660597,5
818,5665162,5665165,3
819,5670946,5670951,5
820,5674619,5674622,3
821,5675989,5675993,4
822,5683172,5683176,4
823,5685781,5685786,5
824,5686705,5686710,5
825,5687375,5687382,7
826,5690063,5690075,12
827,5695962,5695970,8
828,5700037,5700043,6
829,5700549,5700555,6
830,5700685,5700689,4
831,5705807,5705811,4
832,5705842,5705845,3
833,5718432,5718445,13
834,5723310,5723314,4
835,5727753,5728115,362
836,5728436,5730610,2174
837,5730779,5730876,97
838,5739691,5739702,11
839,5739785,5739796,11
840,5750617,5750623,6
841,5754184,5754188,4
842,5754324,5754328,4
843,5761369,5761373,4
844,5764681,5764687,6
845,5768681,5768700,19
846,5769161,5769174,13
847,5774868,5774872,4
848,5777723,5777728,5
849,5782406,5782411,5
850,5795386,5795392,6
851,5801610,5801613,3
852,5862645,5862650,5
853,5869618,5869623,5
854,5872629,5872642,13
855,5878827,5878833,6
856,5882864,5882874,10
857,5903677,5903682,5
858,5903853,5903858,5
859,5927522,5927572,50
860,5928661,5929419,758
861,5930338,5931424,1086
862,5938870,5938874,4
863,5940262,5940276,14
864,5941466,5941517,51
865,5941596,5941610,14
866,5942658,5942961,303
867,5945108,5945159,51
868,5945238,5945252,14
869,5945736,5946039,303
870,5955695,5955710,15
871,5956943,5956962,19
872,5958060,5958064,4
873,5962852,5962856,4
874,5985108,5985113,5
875,5986215,5986219,4
876,5989008,5989023,15
877,5989172,5989180,8
878,5997771,5997777,6
879,6000067,6000075,8
880,6002926,6002950,24
881,6003692,6003698,6
882,6008622,6008630,8
883,6010434,6010440,6
884,6015244,6015254,10
885,6021848,6021853,5
886,6022759,6022766,7
887,6022991,6023011,20
888,6025219,6025225,6
889,6025249,6025264,15
890,6028533,6028581,48
891,6029268,6029284,16
892,6030414,6030439,25
893,6045839,6045843,4
894,6049779,6049788,9
895,6052666,6052673,7
896,6056729,6056732,3
897,6061376,6061402,26
898,6061412,6061423,11
899,6070569,6070575,6
900,6084950,6084955,5
901,6086020,6086023,3
902,6094806,6094820,14
903,6115325,6115332,7
904,6145634,6145642,8
905,6145652,6145660,8
906,6159847,6159853,6
907,6164858,6164864,6
908,6168126,6168133,7
909,6171685,6172035,350
910,6178402,6178752,350
911,6184758,6184765,7
912,6199506,6199512,6
913,6220331,6220337,6
914,6228562,6228569,7
915,6233936,6233943,7
916,6238629,6238633,4
917,6240309,6240318,9
918,6244736,6244742,6
919,6250618,6250626,8
920,6258848,6258854,6
921,6261524,6261530,6
922,6263340,6263344,4
923,6268798,6268802,4
924,6268897,6268905,8
925,6271115,6271119,4
926,6271298,6271303,5
927,6272234,6272239,5
928,6277262,6277517,255
929,6277718,6277826,108
930,6277946,6278201,255
931,6278283,6278429,146
932,6278511,6278657,146
933,6285679,6285682,3
934,6290221,6290228,7
935,6290937,6290943,6
936,6291825,6291832,7
937,6294586,6294593,7
938,6304829,6304834,5
939,6312294,6312299,5
940,6355856,6355865,9
941,6356601,6356613,12
942,6363215,6363227,12
943,6365436,6365448,12
944,6371098,6371103,5
945,6371646,6371655,9
946,6372105,6372108,3
947,6389560,6389563,3
948,6393243,6394240,997
949,6395157,6395757,600
950,6396243,6396340,97
951,6402954,6402958,4
952,6429146,6429151,5
953,6430867,6430874,7
954,6445473,6445974,501
955,6446963,6448708,1745
956,6448947,6450759,1812
957,6456646,6456650,4
958,6508854,6508863,9
959,6525792,6525797,5
960,6528460,6528465,5
961,6537233,6537240,7
962,6539575,6539581,6
963,6542857,6542862,5
964,6547181,6547187,6
965,6551940,6551944,4
966,6556002,6556009,7
967,6562884,6565954,3070
968,6566434,6570601,4167
969,6584891,6584898,7
970,6605738,6606249,511
971,6606852,6608426,1574
972,6609533,6609539,6
973,6610896,6610902,6
974,6612606,6612613,7
975,6612656,6612665,9
976,6612818,6612824,6
977,6613229,6613237,8
978,6619413,6619418,5
979,6619559,6619565,6
980,6619653,6619657,4
981,6619722,6619735,13
982,6629148,6629151,3
983,6629678,6629686,8
984,6636609,6636614,5
985,6640578,6640581,3
986,6640650,6640653,3
987,6644870,6644874,4
988,6645083,6645090,7
989,6646639,6646645,6
990,6648962,6648970,8
991,6666222,6666225,3
992,6668651,6668654,3
993,6669293,6669299,6
994,6673359,6673366,7
995,6676133,6676139,6
996,6676957,6676966,9
997,6677556,6677561,5
998,6679910,6679916,6
999,6681775,6681779,4
1000,6689552,6689558,6
1001,6698004,6698009,5
1002,6706275,6706281,6
1003,6714313,6714345,32
1004,6723265,6723283,18
1005,6724434,6724437,3
1006,6729441,6729445,4
1007,6730472,6730477,5
1008,6733791,6733796,5
1009,6738071,6738075,4
1010,6742440,6742446,6
1011,6746817,6746822,5
1012,6747966,6747985,19
1013,6748746,6748749,3
1014,6751570,6751576,6
1015,6755076,6755081,5
1016,6775937,6775940,3
1017,6776451,6776458,7
1018,6779179,6779186,7
1019,6779734,6779738,4
1020,6782755,6782759,4
1021,6784817,6784824,7
1022,6799255,6799259,4
1023,6800442,6800448,6
1024,6813286,6813292,6
1025,6813303,6813310,7
1026,6814945,6814949,4
1027,6815135,6815139,4
1028,6828498,6828504,6
1029,6842713,6842716,3
1030,6854430,6854434,4
1031,6861992,6861998,6
1032,6920185,6920191,6
1033,6952786,6952791,5
1034,6965096,6965104,8
1035,6965451,6965468,17
1036,6967271,6967277,6
1037,6977437,6977442,5
1038,6979903,6979912,9
1039,6990278,6990286,8
1040,6993458,6993472,14
1041,6997040,6997046,6
1042,7001825,7001839,14
1043,7036978,7036981,3
1044,7050152,7050160,8
1045,7073299,7073302,3
1046,7073376,7073381,5
1047,7093091,7093097,6
1048,7096263,7096269,6
1049,7104127,7104132,5
1050,7126742,7130375,3633
1051,7131087,7131203,116
1052,7132279,7133420,1141
1053,7134502,7134531,29
1054,7141512,7141525,13
1055,7155254,7155260,6
1056,7156271,7156279,8
1057,7161425,7161430,5
1058,7169090,7169101,11
1059,7171254,7171261,7
1060,7173480,7173487,7
1061,7179191,7179197,6
1062,7189643,7189649,6
1063,7193074,7193083,9
1064,7193479,7193487,8
1065,7207313,7207319,6
1066,7209282,7209285,3
1067,7218173,7218179,6
1068,7235791,7235797,6
1069,7235987,7236013,26
1070,7252686,7252690,4
1071,7262540,7262547,7
1072,7264254,7264259,5
1073,7266052,7266058,6
1074,7272051,7272058,7
1075,7295821,7295825,4
1076,7299275,7299282,7
1077,7311879,7311887,8
1078,7312369,7312383,14
1079,7313851,7313857,6
1080,7314546,7314553,7
1081,7315932,7315937,5
1082,7321877,7321886,9
1083,7327594,7327601,7
1084,7340997,7341004,7
1085,7342758,7342765,7
1086,7373704,7373710,6
1087,7407404,7407411,7
1088,7480880,7481344,464
1089,7482804,7482810,6
1090,7489173,7489178,5
1091,7494414,7494616,202
1092,7494942,7495033,91
1093,7495345,7495378,33
1094,7500311,7500513,202
1095,7500839,7500930,91
1096,7501242,7501275,33
1097,7524496,7524502,6
1098,7524952,7524956,4
1099,7528404,7528408,4
1100,7530273,7530279,6
1101,7530888,7530894,6
1102,7534712,7534718,6
1103,7538284,7538290,6
1104,7546781,7546786,5
1105,7546809,7546815,6
1106,7555747,7555751,4
1107,7559376,7559390,14
1108,7560401,7560407,6
1109,7561364,7561371,7
1110,7563771,7563777,6
1111,7568228,7568234,6
1112,7569499,7569518,19
1113,7569554,7569565,11
1114,7575254,7575259,5
1115,7576339,7576344,5
1116,7582368,7582399,31
1117,7602225,7602233,8
1118,7612327,7612331,4
1119,7616089,7616106,17
1120,7616719,7616726,7
1121,7633695,7633703,8
1122,7674256,7674259,3
1123,7691084,7691090,6
1124,7691218,7691228,10
1125,7703240,7703275,35
1126,7707829,7707836,7
1127,7709065,7709072,7
1128,7709090,7709097,7
1129,7733935,7733941,6
1130,7738764,7738767,3
1131,7739257,7739263,6
1132,7768529,7768534,5
1133,7774428,7774433,5
1134,7784330,7784365,35
1135,7784591,7784596,5
1136,7786802,7786809,7
1137,7788609,7788617,8
1138,7815738,7816095,357
1139,7819314,7819671,357
1140,7853904,7853909,5
1141,7871211,7871231,20
1142,7871289,7871309,20
1143,7871367,7871543,176
1144,7873182,7873185,3
1145,7883489,7883495,6
1146,7885930,7885933,3
1147,7886342,7886349,7
1148,7889289,7889293,4
1149,7897548,7898009,461
1150,7898738,7899199,461
1151,7905785,7905791,6
1152,7906447,7906456,9
1153,7914745,7914750,5
1154,7921003,7921009,6
1155,7934168,7934224,56
1156,7935337,7935393,56
1157,7938725,7938728,3
1158,7940093,7940096,3
1159,7945947,7945950,3
1160,7952049,7952054,5
1161,7962007,7962010,3
1162,7975940,7975944,4
1163,7978503,7978509,6
1164,7988362,7988367,5
1165,8033345,8034311,966
1166,8034631,8035201,570
1167,8053401,8053404,3
1168,8065618,8065623,5
1169,8066714,8066722,8
1170,8067146,8067152,6
1171,8068719,8068725,6
1172,8070736,8070741,5
1173,8073646,8073651,5
1174,8078781,8078784,3
1175,8081874,8081888,14
1176,8088483,8088490,7
1177,8091114,8091117,3
1178,8107089,8107093,4
1179,8129706,8129712,6
1180,8132385,8132392,7
1181,8135875,8135882,7
1182,8136575,8136580,5
1183,8147346,8147351,5
1184,8148422,8148438,16
1185,8155482,8155485,3
1186,8155845,8155850,5
1187,8161598,8161605,7
1188,8162671,8162678,7
1189,8164769,8164777,8
1190,8167813,8167818,5
1191,8172144,8172148,4
1192,8182366,8182906,540
1193,8183087,8183629,542
1194,8183807,8184168,361
1195,8233164,8233173,9
1196,8239128,8239131,3
1197,8243092,8243098,6
1198,8249899,8249902,3
1199,8250830,8250833,3
1200,8250858,8250866,8
1201,8253397,8253402,5
1202,8260451,8260460,9
1203,8267630,8267636,6
1204,8282921,8282924,3
1205,8312322,8312326,4
1206,8362265,8362284,19
1207,8364907,8364935,28
1208,8425790,8425795,5
1209,8425820,8425885,65
1210,8425910,8425915,5
1211,8425940,8425945,5
1212,8425970,8425975,5
1213,8426000,8426005,5
1214,8426027,8426032,5
1215,8426054,8426059,5
1216,8428147,8428152,5
1217,8429811,8429815,4
1218,8436857,8436864,7
1219,8438947,8438952,5
1220,8440709,8440713,4
1221,8446787,8446792,5
1222,8454893,8454897,4
1223,8454931,8454937,6
1224,8456240,8456267,27
1225,8456616,8456625,9
1226,8457027,8457044,17
1227,8457248,8457348,100
1228,8457461,8457495,34
1229,8465146,8465173,27
1230,8465521,8465530,9
1231,8465779,8465796,17
1232,8466000,8466100,100
1233,8466213,8466247,34
1234,8475365,8475371,6
1235,8476364,8476369,5
1236,8486725,8486733,8
1237,8498018,8498025,7
1238,8498101,8498105,4
1239,8500783,8500788,5
1240,8506981,8506988,7
1241,8515778,8515781,3
1242,8532128,8532134,6
1243,8537551,8537558,7
1244,8555804,8555809,5
1245,8556440,8556445,5
1246,8559581,8559587,6
1247,8563229,8563238,9
1248,8572801,8572804,3
1249,8572964,8572970,6
1250,8582170,8582181,11
1251,8583983,8583989,6
1252,8606332,8606336,4
1253,8611340,8611347,7
1254,8619528,8619534,6
1255,8625800,8625804,4
1256,8629820,8629837,17
1257,8643563,8643569,6
1258,8644109,8644115,6
1259,8646721,8646725,4
1260,8649067,8649071,4
1261,8654047,8654053,6
1262,8656462,8656484,22
1263,8668208,8668215,7
1264,8668240,8668247,7
1265,8672945,8672949,4
1266,8683482,8683491,9
1267,8687078,8687091,13
1268,8711387,8711392,5
1269,8713119,8713123,4
1270,8714104,8714109,5
1271,8722304,8722313,9
1272,8723330,8723334,4
1273,8732546,8732553,7
1274,8763374,8763377,3
1275,8776445,8776460,15
1276,8776917,8776924,7
1277,8777062,8777068,6
1278,8825497,8825500,3
1279,8869857,8869861,4
1280,8870209,8870214,5
1281,8873924,8873930,6
1282,8877731,8877737,6
1283,8890808,8890811,3
1284,8898357,8898360,3
1285,8922665,8922700,35
1286,8923536,8923541,5
1287,8948039,8948050,11
1288,8950244,8953753,3509
1289,8953962,8956013,2051
1290,8969237,8969242,5
1291,9001215,9001220,5
1292,9002023,9002028,5
1293,9021583,9021588,5
1294,9022042,9022045,3
1295,9035653,9035659,6
1296,9037678,9037686,8
1297,9040220,9040227,7
1298,9041708,9041715,7
1299,9043832,9043839,7
1300,9045011,9045035,24
1301,9045356,9045363,7
1302,9046137,9046144,7
1303,9049807,9049812,5
1304,9050532,9050535,3
1305,9063652,9063665,13
1306,9070206,9070210,4
1307,9094103,9094106,3
1308,9099097,9099110,13
1309,9103463,9103472,9
1310,9106398,9106404,6
1311,9114656,9114660,4
1312,9115342,9115350,8
1313,9115360,9115365,5
1314,9127722,9127727,5
1315,9128890,9128893,3
1316,9133797,9133821,24
1317,9160322,9160327,5
1318,9166235,9166258,23
1319,9167934,9167940,6
1320,9167991,9167997,6
1321,9207210,9207217,7
1322,9210289,9210295,6
1323,9214410,9214415,5
1324,9214905,9214911,6
1325,9236133,9236136,3
1326,9244592,9244600,8
1327,9246998,9247003,5
1328,9249096,9249101,5
1329,9250659,9250665,6
1330,9251121,9251126,5
1331,9254163,9254170,7
1332,9259630,9259634,4
1333,9266069,9266072,3
1334,9278847,9278855,8
1335,9279525,9279528,3
1336,9281545,9281553,8
1337,9288696,9288700,4
1338,9309856,9309863,7
1339,9325239,9325242,3
1340,9328805,9328809,4
1341,9330241,9330247,6
1342,9331008,9331012,4
1343,9366972,9366984,12
1344,9390221,9390227,6
1345,9428878,9428884,6
1346,9445641,9445646,5
1347,9502538,9502544,6
1348,9508876,9509586,710
1349,9523353,9523359,6
1350,9547981,9547986,5
1351,9560438,9560443,5
1352,9564178,9564188,10
1353,9565340,9565346,6
1354,9568003,9568007,4
1355,9572099,9572105,6
1356,9572731,9572736,5
1357,9576365,9576372,7
1358,9595114,9595117,3
1359,9598917,9598922,5
1360,9603956,9603961,5
1361,9626707,9626718,11
1362,9627140,9627144,4
1363,9630802,9630807,5
1364,9648095,9648101,6
1365,9651219,9651224,5
1366,9666319,9666322,3
1367,9667358,9667361,3
1368,9673071,9673076,5
1369,9676470,9676477,7
1370,9683328,9683337,9
1371,9689879,9689886,7
1372,9691163,9691168,5
1373,9698456,9698465,9
1374,9702651,9702657,6
1375,9719606,9719613,7
1376,9723366,9723371,5
1377,9724863,9724868,5
1378,9741867,9741873,6
1379,9744207,9744214,7
1380,9751243,9751248,5
1381,9764232,9764244,12
1382,9778101,9778108,7
1383,9780694,9780701,7
1384,9788648,9788651,3
1385,9798693,9800373,1680
1386,9801476,9804681,3205
1387,9834212,9834218,6
1388,9865098,9865102,4
1389,9868223,9868231,8
1390,9878563,9878576,13
1391,9879070,9879078,8
1392,9879088,9879096,8
1393,9879209,9879217,8
1394,9885091,9885097,6
1395,9886344,9886351,7
1396,9932742,9932746,4
1397,9947939,9947944,5
1398,9966778,9966785,7
1399,9968634,9968637,3
1400,9980472,9980479,7
1401,9988185,9988188,3
1402,9989760,9989782,22
1403,9991031,9991037,6
1404,10004736,10004744,8
1405,10009639,10009644,5
1406,10013772,10013781,9
1407,10024835,10024841,6
1408,10030129,10030140,11
1409,10039463,10039466,3
1410,10041473,10041479,6
1411,10057172,10057175,3
1412,10060684,10060688,4
1413,10064140,10064151,11
1414,10077303,10077309,6
1415,10080147,10080153,6
1416,10083560,10083563,3
1417,10086548,10086554,6
1418,10095511,10097693,2182
1419,10098110,10099307,1197
1420,10100470,10100971,501
1421,10122436,10122444,8
1422,10123052,10123057,5
1423,10140064,10140877,813
1424,10141413,10141863,450
1425,10143774,10144548,774
1426,10191343,10191351,8
1427,10211543,10211547,4
1428,10215728,10215733,5
1429,10216280,10216286,6
1430,10220476,10220484,8
1431,10228543,10228548,5
1432,10236798,10236812,14
1433,10237882,10237885,3
1434,10254810,10254813,3
1435,10267604,10268831,1227
1436,10269476,10271378,1902
1437,10271503,10275012,3509
1438,10279082,10279089,7
1439,10319292,10319302,10
1440,10322111,10322114,3
1441,10325924,10325928,4
1442,10326289,10326294,5
1443,10334777,10334785,8
1444,10372507,10372510,3
1445,10388604,10388609,5
1446,10391227,10391232,5
1447,10422364,10422368,4
1448,10445788,10445793,5
1449,10458758,10458764,6
1450,10469051,10469062,11
1451,10471845,10471850,5
1452,10486315,10486319,4
1453,10493633,10493640,7
1454,10498300,10498308,8
1455,10501681,10501685,4
1456,10524718,10524723,5
1457,10525419,10526456,1037
1458,10527218,10527603,385
1459,10528020,10530319,2299
1460,10530515,10530644,129
1461,10531499,10532000,501
1462,10535221,10535224,3
1463,10537476,10537487,11
1464,10537831,10537838,7
1465,10551795,10552107,312
1466,10556195,10556199,4
1467,10557228,10557233,5
1468,10566374,10566378,4
1469,10572718,10572721,3
1470,10576103,10576109,6
1471,10580334,10580342,8
1472,10582681,10582686,5
1473,10584978,10584985,7
1474,10588369,10588373,4
1475,10591433,10591439,6
1476,10597733,10597741,8
1477,10600359,10600363,4
1478,10602054,10602057,3
1479,10602831,10602837,6
1480,10612151,10612156,5
1481,10626303,10626309,6
1482,10631288,10631295,7
1483,10648718,10648726,8
1484,10657856,10657862,6
1485,10680464,10680468,4
1486,10687321,10689748,2427
1487,10699605,10699609,4
1488,10701066,10701071,5
1489,10705812,10705817,5
1490,10707506,10707514,8
1491,10710825,10710828,3
1492,10715269,10715280,11
1493,10716190,10716195,5
1494,10716514,10716519,5
1495,10718429,10718437,8
1496,10760860,10760868,8
1497,10775704,10775707,3
1498,10776894,10776900,6
1499,10777725,10777730,5
1500,10807322,10807326,4
1501,10807817,10807827,10
1502,10808043,10808059,16
1503,10808124,10808141,17
1504,10810844,10810851,7
1505,10812100,10812107,7
1506,10812124,10812139,15
1507,10812610,10812616,6
1508,10813291,10813297,6
1509,10813445,10813448,3
1510,10818714,10818722,8
1511,10826807,10826813,6
1512,10828842,10828855,13
1513,10829301,10829305,4
1514,10829346,10829368,22
1515,10829601,10829609,8
1516,10836880,10836885,5
1517,10842179,10842182,3
1518,10853541,10853547,6
1519,10856067,10856070,3
1520,10857784,10857792,8
1521,10860636,10860647,11
1522,10868844,10868852,8
1523,10881795,10881803,8
1524,10882304,10882309,5
1525,10882745,10882751,6
1526,10883943,10883949,6
1527,10888784,10888791,7
1528,10892890,10892896,6
1529,10901047,10901054,7
1530,10904480,10904485,5
1531,10911211,10911214,3
1532,10915496,10915499,3
1533,10916373,10916378,5
1534,10921736,10921739,3
1535,10924005,10924009,4
1536,10932209,10932217,8
1537,10933263,10933269,6
1538,10944060,10944064,4
1539,10956136,10956152,16
1540,10968120,10968126,6
1541,10979510,10979514,4
1542,11048724,11048727,3
1543,11050512,11050519,7
1544,11083527,11083544,17
1545,11086225,11086236,11
1546,11086649,11086655,6
1547,11088416,11088421,5
1548,11103311,11103315,4
1549,11103624,11103633,9
1550,11104500,11104507,7
1551,11112612,11112647,35
1552,11116771,11116776,5
1553,11145408,11145411,3
1554,11150826,11150832,6
1555,11157445,11157451,6
1556,11161586,11161591,5
1557,11181522,11181528,6
1558,11184462,11186235,1773
1559,11187569,11188454,885
1560,11200228,11200334,106
1561,11232674,11232679,5
1562,11236398,11236409,11
1563,11252391,11252398,7
1564,11268978,11269076,98
1565,11310730,11310736,6
1566,11312368,11312390,22
1567,11313837,11314085,248
1568,11314485,11317199,2714
1569,11319233,11319255,22
1570,11327316,11327321,5
1571,11328320,11328325,5
1572,11328856,11328861,5
1573,11330638,11330644,6
1574,11330827,11330832,5
1575,11331847,11331858,11
1576,11331871,11331882,11
1577,11336559,11336562,3
1578,11343482,11343488,6
1579,11343993,11343997,4
1580,11344093,11344099,6
1581,11345625,11345633,8
1582,11347362,11347368,6
1583,11352223,11352226,3
1584,11353557,11353568,11
1585,11357579,11357585,6
1586,11358538,11358547,9
1587,11391684,11391691,7
1588,11395220,11395226,6
1589,11397313,11397320,7
1590,11399601,11399605,4
1591,11400842,11400846,4
1592,11403653,11403657,4
1593,11409352,11409356,4
1594,11410859,11410866,7
1595,11414794,11414800,6
1596,11422776,11422789,13
1597,11424320,11424326,6
1598,11427091,11427097,6
1599,11429701,11429708,7
1600,11433260,11433264,4
1601,11433348,11433356,8
1602,11436258,11436262,4
1603,11438919,11438925,6
1604,11439016,11439027,11
1605,11442585,11442594,9
1606,11443874,11443879,5
1607,11444301,11444308,7
1608,11464056,11464060,4
1609,11477327,11477336,9
1610,11477347,11477361,14
1611,11477401,11477404,3
1612,11481333,11481338,5
1613,11483682,11483691,9
1614,11483764,11483772,8
1615,11508199,11508207,8
1616,11508360,11508375,15
1617,11509380,11509391,11
1618,11510850,11510854,4
1619,11511531,11511536,5
1620,11511567,11511572,5
1621,11514871,11514880,9
1622,11520546,11520550,4
1623,11528013,11528016,3
1624,11535303,11535814,511
1625,11539491,11541164,1673
1626,11547288,11547292,4
1627,11568020,11568027,7
1628,11568992,11569000,8
1629,11586604,11586707,103
1630,11587934,11590893,2959
1631,11592120,11592986,866
1632,11594213,11597068,2855
1633,11598399,11599265,866
1634,11616922,11616939,17
1635,11617395,11617400,5
1636,11619585,11619589,4
1637,11633587,11635072,1485
1638,11636370,11637983,1613
1639,11638029,11639575,1546
1640,11684920,11684926,6
1641,11689165,11689171,6
1642,11694534,11694538,4
1643,11703187,11703190,3
1644,11706959,11706962,3
1645,11711118,11711123,5
1646,11711142,11711146,4
1647,11721524,11721527,3
1648,11725755,11725761,6
1649,11731340,11731345,5
1650,11734645,11734651,6
1651,11735384,11735392,8
1652,11735749,11735753,4
1653,11737609,11743454,5845
1654,11745062,11745074,12
1655,11745642,11749523,3881
1656,11749826,11750405,579
1657,11750877,11756722,5845
1658,11759612,11759616,4
1659,11762555,11762562,7
1660,11763174,11763178,4
1661,11765739,11765748,9
1662,11778710,11778713,3
1663,11784085,11784094,9
1664,11784322,11784333,11
1665,11794176,11794182,6
1666,11799947,11799951,4
1667,11802957,11802964,7
1668,11811248,11811256,8
1669,11823762,11823769,7
1670,11835762,11835766,4
1671,11841052,11841057,5
1672,11841277,11841284,7
1673,11846560,11846565,5
1674,11849333,11849339,6
1675,11849966,11849977,11
1676,11858981,11858984,3
1677,11862394,11862398,4
1678,11878206,11878209,3
1679,11878611,11878618,7
1680,11881249,11881254,5
1681,11884873,11884883,10
1682,11884910,11884927,17
1683,11887764,11887769,5
1684,11889466,11889825,359
1685,11890186,11890545,359
1686,11893816,11893822,6
1687,11895717,11895728,11
1688,11898864,11898869,5
1689,11898974,11898978,4
1690,11900176,11900181,5
1691,11902440,11902445,5
1692,11903001,11903006,5
1693,11908014,11908018,4
1694,11910822,11910828,6
1695,11916679,11916687,8
1696,11918746,11918761,15
1697,11919667,11919682,15
1698,11934846,11934851,5
1699,11936002,11936006,4
1700,11936357,11936362,5
1701,11936375,11936380,5
1702,11938485,11938491,6
1703,11938985,11938990,5
1704,11957340,11957343,3
1705,11960613,11960620,7
1706,11964303,11964306,3
1707,11971306,11971311,5
1708,11971691,11971694,3
1709,11976549,11976566,17
1710,11984334,11984340,6
1711,11986718,11986728,10
1712,11987656,11987661,5
1713,11997415,11997422,7
1714,12004869,12004873,4
1715,12009282,12009289,7
1716,12021794,12021807,13
1717,12038575,12038586,11
1718,12056113,12056118,5
1719,12061282,12061941,659
1720,12062041,12063261,1220
1721,12063328,12063591,263
1722,12064779,12064783,4
1723,12066300,12066305,5
1724,12070162,12070166,4
1725,12102534,12102540,6
1726,12119963,12119966,3
1727,12142390,12142397,7
1728,12149420,12149426,6
1729,12162791,12162796,5
1730,12170323,12171468,1145
1731,12172823,12172905,82
1732,12221400,12221408,8
1733,12221965,12221969,4
1734,12234861,12234866,5
1735,12236632,12236646,14
1736,12242913,12242916,3
1737,12249108,12249113,5
1738,12263784,12263791,7
1739,12296904,12296910,6
1740,12297199,12297207,8
1741,12298355,12298362,7
1742,12302243,12302283,40
1743,12303738,12303744,6
1744,12327585,12327590,5
1745,12331124,12331131,7
1746,12331905,12331913,8
1747,12332690,12332695,5
1748,12333092,12333095,3
1749,12356364,12356371,7
1750,12367238,12367241,3
1751,12375841,12375848,7
1752,12376314,12376320,6
1753,12381181,12381185,4
1754,12381875,12381878,3
1755,12382086,12383063,977
1756,12384011,12384896,885
1757,12402289,12402294,5
1758,12412966,12412970,4
1759,12447327,12447332,5
1760,12450741,12450751,10
1761,12455033,12455036,3
1762,12476010,12476024,14
1763,12479473,12479478,5
1764,12482800,12482815,15
1765,12483415,12483419,4
1766,12486627,12486633,6
1767,12488744,12488750,6
1768,12490204,12490210,6
1769,12491786,12491789,3
1770,12501882,12501885,3
1771,12502214,12502220,6
1772,12503843,12503867,24
1773,12509719,12509723,4
1774,12517893,12517907,14
1775,12517930,12517949,19
1776,12519957,12519962,5
1777,12544648,12544653,5
1778,12581255,12581259,4
1779,12588373,12588379,6
1780,12599812,12599817,5
1781,12606714,12606722,8
1782,12607221,12607227,6
1783,12619692,12619695,3
1784,12621400,12621403,3
1785,12624672,12624680,8
1786,12629480,12629483,3
1787,12631727,12631731,4
1788,12638690,12638695,5
1789,12648701,12648709,8
1790,12651133,12651138,5
1791,12663894,12663898,4
1792,12668994,12669005,11
1793,12671793,12671799,6
1794,12702689,12702722,33
1795,12708004,12708009,5
1796,12710134,12710141,7
1797,12722685,12722691,6
1798,12724183,12724189,6
1799,12725989,12725997,8
1800,12761036,12761041,5
1801,12767116,12767122,6
1802,12786424,12786428,4
1803,12788622,12788631,9
1804,12793720,12793726,6
1805,12794372,12794377,5
1806,12802229,12802236,7
1807,12830957,12830963,6
1808,12833684,12833690,6
1809,12841097,12841106,9
1810,12892121,12892128,7
1811,12927330,12927333,3
1812,12930666,12935882,5216
1813,12937187,12937456,269
1814,12945330,12945336,6
1815,12945568,12945572,4
1816,12993140,12993145,5
1817,13033863,13033866,3
1818,13033933,13033941,8
1819,13059949,13059957,8
1820,13062231,13062235,4
1821,13083032,13083043,11
1822,13083381,13083384,3
1823,13091277,13091281,4
1824,13091695,13091701,6
1825,13092350,13092353,3
1826,13106208,13106216,8
1827,13106706,13106714,8
1828,13108000,13108004,4
1829,13108317,13108331,14
1830,13115128,13115131,3
1831,13116523,13116538,15
1832,13130583,13130586,3
1833,13141024,13141033,9
1834,13144062,13144068,6
1835,13145004,13145023,19
1836,13148324,13148329,5
1837,13151262,13151270,8
1838,13151402,13151408,6
1839,13151813,13151819,6
1840,13153684,13153883,199
1841,13153942,13154141,199
1842,13156175,13156180,5
1843,13176283,13176297,14
1844,13177832,13177961,129
1845,13178121,13178479,358
1846,13179283,13180075,792
1847,13182765,13182779,14
1848,13184305,13184434,129
1849,13184594,13184952,358
1850,13185757,13186549,792
1851,13189084,13189098,14
1852,13199342,13199348,6
1853,13206726,13206731,5
1854,13207590,13207597,7
1855,13209052,13209055,3
1856,13223743,13223749,6
1857,13228577,13228588,11
1858,13229696,13229699,3
1859,13242155,13242161,6
1860,13244808,13244821,13
1861,13251287,13251293,6
1862,13251889,13251900,11
1863,13256997,13257004,7
1864,13274115,13274128,13
1865,13276440,13276447,7
1866,13286767,13286772,5
1867,13295727,13295733,6
1868,13295816,13295823,7
1869,13299351,13299356,5
1870,13302402,13302407,5
1871,13306932,13306935,3
1872,13317676,13317682,6
1873,13326808,13326813,5
1874,13328557,13328560,3
1875,13332796,13332800,4
1876,13379278,13379283,5
1877,13382044,13382048,4
1878,13392378,13392384,6
1879,13392914,13392919,5
1880,13396265,13396268,3
1881,13401734,13401769,35
1882,13403780,13403788,8
1883,13404794,13404798,4
1884,13407297,13407302,5
1885,13408345,13408351,6
1886,13410318,13410325,7
1887,13416550,13416556,6
1888,13422010,13422015,5
1889,13429835,13430086,251
1890,13430510,13430545,35
1891,13457578,13457584,6
1892,13468919,13468926,7
1893,13514678,13514681,3
1894,13528360,13528365,5
1895,13532889,13532892,3
1896,13534769,13534775,6
1897,13577402,13577406,4
1898,13596814,13596819,5
1899,13603134,13603140,6
1900,13610897,13610904,7
1901,13616290,13616295,5
1902,13617814,13617817,3
1903,13641714,13641717,3
1904,13659672,13659680,8
1905,13661487,13661490,3
1906,13662640,13662650,10
1907,13663862,13663867,5
1908,13672087,13672092,5
1909,13678573,13678580,7
1910,13685828,13685834,6
1911,13698745,13698750,5
1912,13710340,13710355,15
1913,13710485,13710488,3
1914,13720733,13720739,6
1915,13720877,13720880,3
1916,13728396,13728399,3
1917,13728715,13728723,8
1918,13733063,13733070,7
1919,13733093,13733098,5
1920,13733314,13733319,5
1921,13749935,13749939,4
1922,13751127,13751133,6
1923,13760412,13760415,3
1924,13772367,13772371,4
1925,13776085,13776088,3
1926,13802309,13802315,6
1927,13806725,13806729,4
1928,13814501,13814507,6
1929,13822051,13822055,4
1930,13839782,13839796,14
1931,13840203,13840212,9
1932,13841233,13841241,8
1933,13888321,13888327,6
1934,13911986,13912000,14
1935,13928807,13928814,7
1936,13936481,13936484,3
1937,13938687,13940490,1803
1938,13943002,13943008,6
1939,13944988,13944991,3
1940,13948516,13948535,19
1941,13979718,13979724,6
1942,14001702,14002538,836
1943,14003101,14003382,281
1944,14003637,14004473,836
1945,14005269,14006805,1536
1946,14016168,14016237,69
1947,14016773,14016842,69
1948,14019296,14019302,6
1949,14022894,14022899,5
1950,14025516,14025526,10
1951,14025652,14025658,6
1952,14027596,14027603,7
1953,14034905,14034909,4
1954,14039196,14039201,5
1955,14047030,14047111,81
1956,14047240,14047479,239
1957,14048269,14048350,81
1958,14048479,14048493,14
1959,14048593,14048718,125
1960,14049538,14049987,449
1961,14050807,14051256,449
1962,14052158,14053569,1411
1963,14053670,14053795,125
1964,14054615,14055064,449
1965,14055966,14057602,1636
1966,14058504,14058763,259
1967,14059692,14060141,449
1968,14060960,14061301,341
1969,14069787,14069795,8
1970,14071613,14071620,7
1971,14086810,14086814,4
1972,14102989,14102994,5
1973,14106509,14107292,783
1974,14108184,14110970,2786
1975,14111690,14111876,186
1976,14112046,14113917,1871
1977,14117671,14117677,6
1978,14147982,14147989,7
1979,14150417,14150423,6
1980,14151819,14151823,4
1981,14152199,14152204,5
1982,14152271,14152274,3
1983,14157763,14158264,501
1984,14159631,14161150,1519
1985,14161912,14162356,444
1986,14166348,14166356,8
1987,14171860,14171901,41
1988,14198325,14198328,3
1989,14199200,14199206,6
1990,14201978,14201983,5
1991,14202044,14202049,5
1992,14202062,14202073,11
1993,14239396,14239404,8
1994,14242257,14242260,3
1995,14250729,14250732,3
1996,14259816,14259824,8
1997,14260728,14260735,7
1998,14269171,14269176,5
1999,14270025,14270032,7
2000,14272301,14272308,7
2001,14275311,14275322,11
2002,14289034,14289040,6
2003,14294290,14294305,15
2004,14304228,14304522,294
2005,14309870,14310164,294
2006,14310582,14310586,4
2007,14314880,14314943,63
2008,14316411,14316432,21
2009,14317586,14317590,4
2010,14322445,14322450,5
2011,14323475,14323481,6
2012,14345272,14345277,5
2013,14379518,14379539,21
2014,14381108,14381129,21
2015,14411941,14411948,7
2016,14417609,14417812,203
2017,14418568,14418758,190
2018,14455630,14455633,3
2019,14460819,14460825,6
2020,14475000,14475005,5
2021,14480008,14480019,11
2022,14485891,14485894,3
2023,14490170,14490174,4
2024,14510336,14510343,7
2025,14511736,14511740,4
2026,14521139,14521152,13
2027,14522458,14522465,7
2028,14523371,14523378,7
2029,14548699,14548702,3
2030,14551856,14552806,950
2031,14553243,14553719,476
2032,14554060,14554342,282
2033,14555226,14555448,222
2034,14556343,14557082,739
2035,14558397,14558675,278
2036,14558941,14559161,220
2037,14583359,14583364,5
2038,14585640,14585647,7
2039,14586877,14586881,4
2040,14593822,14593825,3
2041,14597638,14597643,5
2042,14597960,14597963,3
2043,14604897,14604904,7
2044,14604987,14604993,6
2045,14628977,14628983,6
2046,14637176,14640373,3197
2047,14657499,14657505,6
2048,14676894,14676902,8
2049,14688387,14688392,5
2050,14719194,14719215,21
2051,14751566,14751574,8
2052,14766902,14766907,5
2053,14768590,14768593,3
2054,14768673,14768690,17
2055,14770497,14770518,21
2056,14777811,14777814,3
2057,14779370,14779467,97
2058,14779955,14782495,2540
2059,14791514,14791537,23
2060,14807218,14807226,8
2061,14812671,14812677,6
2062,14815746,14815761,15
2063,14819193,14819243,50
2064,14820331,14821089,758
2065,14822008,14823094,1086
2066,14827429,14827432,3
2067,14833492,14833495,3
2068,14833675,14833678,3
2069,14843619,14843652,33
2070,14847596,14847629,33
2071,14851909,14851914,5
2072,14853248,14853256,8
2073,14854601,14854605,4
2074,14856547,14856566,19
2075,14864086,14864091,5
2076,14869198,14869211,13
2077,14881484,14881499,15
2078,14885133,14885138,5
2079,14902466,14902472,6
2080,14902833,14902841,8
2081,14912894,14912897,3
2082,14920637,14920640,3
2083,14921476,14921482,6
2084,14921850,14921855,5
2085,14921955,14921960,5
2086,14925848,14925853,5
2087,14928324,14928329,5
2088,14931078,14931085,7
2089,14931849,14931853,4
2090,14934420,14934427,7
2091,14938441,14945119,6678
2092,14946462,14946468,6
2093,14950035,14950040,5
2094,14950300,14950306,6
2095,14950916,14950922,6
2096,14971395,14971400,5
2097,14996791,14996798,7
2098,15002425,15002431,6
2099,15017993,15018014,21
2100,15019918,15019921,3
2101,15030871,15030877,6
2102,15031849,15031854,5
2103,15034356,15034475,119
2104,15041459,15041578,119
2105,15050876,15050882,6
2106,15054091,15054101,10
2107,15057845,15057856,11
2108,15072928,15072933,5
2109,15073088,15073093,5
2110,15073314,15073325,11
2111,15086168,15086177,9
2112,15086464,15086470,6
2113,15099099,15099105,6
2114,15106272,15106276,4
2115,15114772,15114777,5
2116,15122924,15122930,6
2117,15125423,15125429,6
2118,15128629,15128634,5
2119,15141368,15141373,5
2120,15143007,15143012,5
2121,15144188,15144194,6
2122,15144261,15144266,5
2123,15149711,15149714,3
2124,15155993,15156000,7
2125,15157503,15157508,5
2126,15159248,15159252,4
2127,15181207,15181212,5
2128,15181225,15181230,5
2129,15206527,15206533,6
2130,15217389,15217393,4
2131,15221070,15221076,6
2132,15239270,15239280,10
2133,15263819,15263823,4
2134,15266578,15266585,7
2135,15329039,15329044,5
2136,15330702,15330707,5
2137,15341734,15341772,38
2138,15342278,15342284,6
2139,15344245,15344283,38
2140,15345691,15345697,6
2141,15346137,15346148,11
2142,15346227,15346238,11
2143,15349687,15349692,5
2144,15349867,15349878,11
2145,15352909,15352914,5
2146,15359611,15359621,10
2147,15360948,15360952,4
2148,15365193,15365199,6
2149,15371703,15371709,6
2150,15378517,15378520,3
2151,15389582,15389587,5
2152,15392326,15392332,6
2153,15399499,15399505,6
2154,15408595,15408599,4
2155,15413632,15414202,570
2156,15414863,15415137,274
2157,15422970,15423131,161
2158,15428711,15428717,6
2159,15435936,15435984,48
2160,15436047,15436064,17
2161,15442955,15442961,6
2162,15462970,15462976,6
2163,15466137,15466145,8
2164,15466269,15466273,4
2165,15480202,15480210,8
2166,15480238,15480246,8
2167,15484224,15484232,8
2168,15495463,15495469,6
2169,15495965,15495971,6
2170,15501813,15501821,8
2171,15504272,15504277,5
2172,15514962,15514968,6
2173,15515787,15515793,6
2174,15528825,15528832,7
2175,15540184,15540191,7
2176,15545613,15545622,9
2177,15545751,15545755,4
2178,15555110,15555115,5
2179,15555392,15555520,128
2180,15556486,15556507,21
2181,15574804,15574819,15
2182,15575086,15575214,128
2183,15576047,15576051,4
2184,15578352,15578356,4
2185,15584611,15584614,3
2186,15584908,15584916,8
2187,15585965,15585987,22
2188,15587247,15587253,6
2189,15592967,15592971,4
2190,15597139,15597148,9
2191,15610462,15610468,6
2192,15610481,15610488,7
2193,15610604,15610612,8
2194,15620369,15620376,7
2195,15622676,15622695,19
2196,15626426,15626445,19
2197,15631810,15631817,7
2198,15632305,15632332,27
2199,15639668,15639683,15
2200,15655399,15655404,5
2201,15664048,15664055,7
2202,15666270,15666275,5
2203,15669193,15669216,23
2204,15672109,15672116,7
2205,15673389,15673395,6
2206,15674872,15674877,5
2207,15680131,15680139,8
2208,15693649,15693656,7
2209,15693793,15693799,6
2210,15697587,15697591,4
2211,15701981,15701987,6
2212,15711146,15711151,5
2213,15714278,15714283,5
2214,15715954,15715962,8
2215,15721313,15721320,7
2216,15727404,15727409,5
2217,15730929,15730940,11
2218,15735501,15735511,10
2219,15740561,15740569,8
2220,15745450,15745455,5
2221,15748294,15748299,5
2222,15748324,15748332,8
2223,15756447,15756476,29
2224,15766130,15766133,3
2225,15779570,15779577,7
2226,15781073,15781079,6
2227,15781729,15781739,10
2228,15786374,15786379,5
2229,15792622,15792634,12
2230,15794386,15794787,401
2231,15796172,15796178,6
2232,15796692,15796704,12
2233,15797556,15797957,401
2234,15799306,15799312,6
2235,15800165,15800173,8
2236,15811580,15811587,7
2237,15819403,15819409,6
2238,15825267,15825275,8
2239,15830583,15830586,3
2240,15837464,15837470,6
2241,15837544,15837553,9
2242,15843085,15843091,6
2243,15846791,15846799,8
2244,15874442,15874445,3
2245,15879065,15879068,3
2246,15882511,15882514,3
2247,15892943,15892952,9
2248,15903232,15903253,21
2249,15914720,15914726,6
2250,15917147,15917154,7
2251,15938663,15938668,5
2252,15939280,15939285,5
2253,15948299,15948316,17
2254,15948736,15948741,5
2255,15950294,15950301,7
2256,15954112,15954125,13
2257,15976414,15976418,4
2258,15990976,15990981,5
2259,15997732,15997740,8
2260,16039642,16039830,188
2261,16043971,16044159,188
2262,16044778,16045347,569
2263,16045633,16046202,569
2264,16048780,16049064,284
2265,16049921,16050205,284
2266,16050779,16051633,854
2267,16052490,16052774,284
2268,16053917,16054486,569
2269,16055627,16055911,284
2270,16056197,16056481,284
2271,16075025,16075034,9
2272,16080989,16080994,5
2273,16094401,16094406,5
2274,16111524,16111528,4
2275,16118857,16118863,6
2276,16119136,16119143,7
2277,16119156,16119161,5
2278,16122064,16122069,5
2279,16124389,16124403,14
2280,16124534,16124539,5
2281,16129083,16129088,5
2282,16133414,16133437,23
2283,16141929,16141935,6
2284,16151540,16151543,3
2285,16154156,16154162,6
2286,16156644,16156650,6
2287,16168070,16168076,6
2288,16188252,16188259,7
2289,16195708,16195712,4
2290,16198671,16198675,4
2291,16204055,16204061,6
2292,16211106,16211118,12
2293,16213117,16213122,5
2294,16214423,16214427,4
2295,16215558,16215564,6
2296,16218519,16218525,6
2297,16223079,16223819,740
2298,16224155,16224510,355
2299,16225230,16225346,116
2300,16226058,16229691,3633
2301,16281455,16281461,6
2302,16292985,16292991,6
2303,16304451,16304457,6
2304,16305472,16305478,6
2305,16306131,16306136,5
2306,16311099,16311107,8
2307,16311124,16311128,4
2308,16312074,16312079,5
2309,16315653,16315661,8
2310,16320630,16320636,6
2311,16322857,16322861,4
2312,16323272,16323275,3
2313,16340969,16345960,4991
2314,16346714,16348388,1674
2315,16349992,16349998,6
2316,16352956,16352959,3
2317,16367017,16367020,3
2318,16367570,16367575,5
2319,16375114,16375120,6
2320,16397553,16397560,7
2321,16400407,16400410,3
2322,16410431,16410438,7
2323,16418686,16418694,8
2324,16436344,16436349,5
2325,16439947,16439951,4
2326,16440127,16440133,6
2327,16451342,16451347,5
2328,16453993,16453997,4
2329,16487400,16487407,7
2330,16487864,16487867,3
2331,16499524,16499529,5
2332,16500361,16500367,6
2333,16503529,16503535,6
2334,16504556,16504561,5
2335,16517248,16517259,11
2336,16521398,16521404,6
2337,16521416,16521422,6
2338,16541592,16541597,5
2339,16542568,16542573,5
2340,16542991,16542995,4
2341,16544285,16544288,3
2342,16547845,16547850,5
2343,16556455,16556458,3
2344,16558300,16558377,77
2345,16558705,16558794,89
2346,16566899,16566976,77
2347,16567304,16567393,89
2348,16567875,16567880,5
2349,16597608,16597614,6
2350,16606154,16606157,3
2351,16606305,16606308,3
2352,16618444,16618447,3
2353,16620573,16620596,23
2354,16620828,16620836,8
2355,16621558,16621563,5
2356,16626132,16626148,16
2357,16628365,16628371,6
2358,16656553,16656556,3
2359,16664264,16664269,5
2360,16664552,16664558,6
2361,16675461,16675470,9
2362,16680245,16680252,7
2363,16682579,16682586,7
2364,16689481,16689486,5
2365,16689872,16689877,5
2366,16693403,16693406,3
2367,16698271,16698277,6
2368,16698465,16698474,9
2369,16701246,16701250,4
2370,16706485,16706492,7
2371,16707462,16707468,6
2372,16713478,16713486,8
2373,16719745,16719750,5
2374,16721361,16721365,4
2375,16726448,16726455,7
2376,16728133,16728143,10
2377,16733339,16733346,7
2378,16733428,16733439,11
2379,16733542,16733548,6
2380,16737526,16737540,14
2381,16767626,16767633,7
2382,16775516,16775529,13
2383,16776054,16776062,8
2384,16799332,16799335,3
2385,16806777,16806782,5
2386,16807634,16807637,3
2387,16807790,16807799,9
2388,16808072,16808077,5
2389,16818656,16818668,12
2390,16824014,16824024,10
2391,16826358,16826361,3
2392,16827771,16827779,8
2393,16833492,16833496,4
2394,16834920,16834927,7
2395,16835311,16835316,5
2396,16839160,16839167,7
2397,16856543,16856552,9
2398,16856739,16856746,7
2399,16860414,16860422,8
2400,16865149,16865153,4
2401,16866072,16866076,4
2402,16866110,16866113,3
2403,16869320,16869325,5
2404,16875014,16875020,6
2405,16881027,16881035,8
2406,16884976,16884982,6
2407,16894645,16894651,6
2408,16897066,16897072,6
2409,16904655,16904669,14
2410,16907152,16907161,9
2411,16907798,16907817,19
2412,16909121,16909144,23
2413,16928778,16928788,10
2414,16933164,16933178,14
2415,16935015,16935023,8
2416,16936345,16936380,35
2417,16943356,16943364,8
2418,16947266,16947285,19
2419,16949300,16949306,6
2420,16951390,16951395,5
2421,16954627,16954632,5
2422,16960897,16960902,5
2423,16962019,16962024,5
2424,16964169,16964174,5
2425,16970813,16970824,11
2426,16979374,16979378,4
2427,17008167,17008173,6
2428,17022485,17022496,11
2429,17070787,17070791,4
2430,17072483,17072488,5
2431,17073020,17073043,23
2432,17073292,17073297,5
2433,17087356,17087361,5
2434,17099398,17099401,3
2435,17101309,17101318,9
2436,17106588,17106593,5
2437,17114509,17115897,1388
2438,17116763,17118260,1497
2439,17118372,17118967,595
2440,17132591,17132598,7
2441,17134622,17134625,3
2442,17153956,17153959,3
2443,17160627,17160632,5
2444,17166536,17166539,3
2445,17179638,17179647,9
2446,17183584,17183590,6
2447,17187548,17187553,5
2448,17191143,17191150,7
2449,17195420,17195545,125
2450,17195774,17197193,1419
2451,17198527,17199412,885
2452,17201183,17201188,5
2453,17202184,17202188,4
2454,17224470,17224476,6
2455,17224578,17224585,7
2456,17235456,17235461,5
2457,17247691,17247696,5
2458,17250074,17250085,11
2459,17255958,17255964,6
2460,17262370,17262410,40
2461,17269639,17269642,3
2462,17271755,17271763,8
2463,17280211,17280216,5
2464,17280393,17280397,4
2465,17283618,17283633,15
2466,17286996,17287010,14
2467,17289279,17289282,3
2468,17310391,17310396,5
2469,17327428,17327434,6
2470,17328419,17328422,3
2471,17330229,17330251,22
2472,17337972,17337978,6
2473,17341324,17341330,6
2474,17354762,17354784,22
2475,17356329,17356335,6
2476,17363962,17363966,4
2477,17364387,17364390,3
2478,17365043,17365049,6
2479,17369203,17369206,3
2480,17372868,17372874,6
2481,17377594,17377600,6
2482,17378917,17378924,7
2483,17382158,17382165,7
2484,17395172,17395177,5
2485,17402392,17402396,4
2486,17408464,17408468,4
2487,17408786,17408790,4
2488,17415639,17415648,9
2489,17422921,17422926,5
2490,17431458,17431493,35
2491,17444117,17444123,6
2492,17446995,17447002,7
2493,17459354,17459361,7
2494,17469404,17469407,3
2495,17475129,17475143,14
2496,17475719,17475722,3
2497,17484185,17484191,6
2498,17488731,17488745,14
2499,17506319,17506326,7
2500,17513776,17513783,7
2501,17514348,17514355,7
2502,17514372,17514387,15
2503,17520255,17520263,8
2504,17522570,17522581,11
2505,17525514,17525519,5
2506,17534212,17534217,5
2507,17543192,17543196,4
2508,17543947,17543952,5
2509,17546672,17546677,5
2510,17557284,17557328,44
2511,17559773,17559776,3
2512,17564434,17564439,5
2513,17571390,17571395,5
2514,17571568,17571571,3
2515,17582974,17582977,3
2516,17604262,17604269,7
2517,17622116,17622121,5
2518,17623019,17623026,7
2519,17636157,17636164,7
2520,17641362,17641365,3
2521,17658876,17658880,4
2522,17662986,17662993,7
2523,17664381,17664386,5
2524,17665883,17665889,6
2525,17671978,17671982,4
2526,17696132,17696135,3
2527,17698448,17698457,9
2528,17699240,17699249,9
2529,17703546,17703550,4
2530,17728049,17728057,8
2531,17738408,17738412,4
2532,17740901,17740907,6
2533,17741160,17741164,4
2534,17741671,17741678,7
2535,17744044,17744057,13
2536,17749543,17749551,8
2537,17752018,17752026,8
2538,17756048,17756052,4
2539,17759602,17759619,17
2540,17770823,17770829,6
2541,17770902,17770905,3
2542,17770920,17770929,9
2543,17775511,17775520,9
2544,17777660,17777665,5
2545,17785908,17785911,3
2546,17795726,17795953,227
2547,17796774,17796783,9
2548,17801094,17801101,7
2549,17804773,17804780,7
2550,17804789,17804796,7
2551,17806703,17806709,6
2552,17807514,17807528,14
2553,17815423,17815470,47
2554,17827380,17827384,4
2555,17831355,17831363,8
2556,17837902,17837908,6
2557,17839295,17839301,6
2558,17843942,17843945,3
2559,17852364,17852371,7
2560,17854263,17854268,5
2561,17865508,17865514,6
2562,17869399,17869403,4
2563,17869928,17869933,5
2564,17875262,17875270,8
2565,17876320,17876344,24
2566,17879875,17879888,13
2567,17884035,17884040,5
2568,17888499,17892750,4251
2569,17895122,17895446,324
2570,17896419,17896838,419
2571,17897301,17898454,1153
2572,17898654,17902905,4251
2573,17903839,17904258,419
2574,17904723,17905876,1153
2575,17907150,17907154,4
2576,17908243,17908247,4
2577,17919607,17919615,8
2578,17923088,17923095,7
2579,17927469,17927472,3
2580,17930921,17930930,9
2581,17931815,17931821,6
2582,17936371,17936380,9
2583,17937223,17937226,3
2584,17950221,17950224,3
2585,17957592,17957597,5
2586,17992141,17992147,6
2587,18000277,18000289,12
2588,18007340,18007363,23
2589,18013401,18013408,7
2590,18014155,18014160,5
2591,18025182,18025189,7
2592,18026549,18026555,6
2593,18028178,18028186,8
2594,18047597,18047600,3
2595,18067838,18067844,6
2596,18069811,18069816,5
2597,18070891,18070899,8
2598,18074886,18074889,3
2599,18075692,18075695,3
2600,18076417,18076421,4
2601,18077217,18077224,7
2602,18077555,18077558,3
2603,18079677,18079684,7
2604,18082337,18082341,4
2605,18083834,18083837,3
2606,18089190,18089203,13
2607,18106921,18106927,6
2608,18113212,18113218,6
2609,18116868,18116872,4
2610,18117189,18117194,5
2611,18122580,18122589,9
2612,18158530,18158535,5
2613,18170041,18170047,6
2614,18201344,18201350,6
2615,18206235,18206242,7
2616,18208422,18208431,9
2617,18209674,18209679,5
2618,18209704,18209709,5
2619,18212048,18212053,5
2620,18212472,18212477,5
2621,18220663,18220667,4
2622,18222030,18222034,4
2623,18242999,18243004,5
2624,18244992,18245008,16
2625,18248428,18248432,4
2626,18253226,18253233,7
2627,18255579,18255604,25
2628,18257912,18257923,11
2629,18260345,18260358,13
2630,18260473,18260478,5
2631,18261353,18261356,3
2632,18265063,18265068,5
2633,18267251,18267256,5
2634,18271119,18271128,9
2635,18271658,18271662,4
2636,18280848,18280855,7
2637,18280886,18280889,3
2638,18284897,18284908,11
2639,18287666,18287669,3
2640,18289324,18289338,14
2641,18289866,18289871,5
2642,18290022,18290049,27
2643,18290064,18290070,6
2644,18293493,18293501,8
2645,18303384,18303387,3
2646,18304918,18304923,5
2647,18306743,18306752,9
2648,18311026,18311031,5
2649,18317094,18317097,3
2650,18372113,18372121,8
2651,18373695,18373698,3
2652,18376200,18376203,3
2653,18386350,18386354,4
2654,18388740,18388747,7
2655,18393287,18393294,7
2656,18403415,18403418,3
2657,18404416,18404419,3
2658,18404928,18404935,7
2659,18423778,18423784,6
2660,18429664,18429887,223
2661,18430614,18434533,3919
2662,18434587,18434744,157
2663,18436145,18436149,4
2664,18443848,18443861,13
2665,18454777,18454782,5
2666,18459368,18459439,71
2667,18480595,18480603,8
2668,18481046,18481050,4
2669,18481486,18481489,3
2670,18484975,18484981,6
2671,18485621,18485625,4
2672,18489369,18489372,3
2673,18490172,18490177,5
2674,18496996,18497001,5
2675,18508725,18508736,11
2676,18509312,18509315,3
2677,18509746,18509754,8
2678,18510621,18510630,9
2679,18511461,18511466,5
2680,18529056,18529063,7
2681,18539439,18539443,4
2682,18539696,18539704,8
2683,18540200,18540206,6
2684,18552055,18552061,6
2685,18555525,18555667,142
2686,18556405,18556561,156
2687,18558429,18558443,14
2688,18560056,18560070,14
2689,18560097,18560116,19
2690,18562278,18562285,7
2691,18598161,18598165,4
2692,18619943,18619964,21
2693,18622617,18622623,6
2694,18627796,18627802,6
2695,18630923,18630934,11
2696,18631121,18631127,6
2697,18633180,18633188,8
2698,18634568,18634575,7
2699,18634630,18634633,3
2700,18644709,18644718,9
2701,18647267,18647272,5
2702,18656186,18656191,5
2703,18663942,18663949,7
2704,18673962,18673986,24
2705,18676903,18676909,6
2706,18679666,18679689,23
2707,18679960,18679966,6
2708,18681735,18681764,29
2709,18684597,18684612,15
2710,18684756,18684762,6
2711,18690225,18690231,6
2712,18694485,18694494,9
2713,18696219,18696230,11
2714,18698241,18698246,5
2715,18701383,18701397,14
2716,18755278,18755407,129
2717,18756559,18756944,385
2718,18757376,18757877,501
2719,18776718,18776725,7
2720,18780985,18781049,64
2721,18782739,18782782,43
2722,18783067,18783071,4
2723,18784518,18784524,6
2724,18785908,18785972,64
2725,18787424,18787467,43
2726,18787752,18787756,4
2727,18789574,18789587,13
2728,18791798,18791805,7
2729,18792275,18792279,4
2730,18804221,18804234,13
2731,18812564,18812585,21
2732,18825517,18825524,7
2733,18838768,18838781,13
2734,18839997,18840007,10
2735,18843245,18843266,21
2736,18843980,18843983,3
2737,18854551,18854557,6
2738,18855464,18855470,6
2739,18856620,18856625,5
2740,18857562,18857568,6
2741,18874158,18874163,5
2742,18880995,18880999,4
2743,18881028,18881032,4
2744,18892475,18892483,8
2745,18895454,18895459,5
2746,18896773,18896778,5
2747,18896797,18896802,5
2748,18899596,18899604,8
2749,18903200,18903206,6
2750,18931117,18931129,12
2751,18958757,18959112,355
2752,18959832,18964293,4461
2753,18966824,18966831,7
2754,18974372,18974378,6
2755,18975429,18975436,7
2756,18985653,18985659,6
2757,18991544,18991550,6
2758,18991986,18991990,4
2759,19000103,19000109,6
2760,19028139,19028144,5
2761,19028840,19028850,10
2762,19035193,19035198,5
2763,19061744,19061841,97
2764,19062329,19064869,2540
2765,19072199,19072204,5
2766,19074539,19074543,4
2767,19074631,19074639,8
2768,19076536,19076542,6
2769,19122276,19122283,7
2770,19122339,19122344,5
2771,19138402,19140201,1799
2772,19156457,19156463,6
2773,19158011,19158014,3
2774,19164352,19164360,8
2775,19170388,19170392,4
2776,19170819,19170823,4
2777,19172216,19172223,7
2778,19175106,19175111,5
2779,19181325,19181332,7
2780,19183590,19183598,8
2781,19184716,19184719,3
2782,19184803,19184812,9
2783,19189583,19189587,4
2784,19190353,19190388,35
2785,19192343,19192348,5
2786,19196513,19196516,3
2787,19197167,19197173,6
2788,19207164,19207167,3
2789,19222132,19222151,19
2790,19222205,19222211,6
2791,19222238,19222246,8
2792,19241906,19241910,4
2793,19244014,19244022,8
2794,19246534,19246539,5
2795,19250987,19250993,6
2796,19259600,19259609,9
2797,19259905,19259911,6
2798,19264033,19264038,5
2799,19269902,19269908,6
2800,19287747,19287752,5
2801,19300776,19300781,5
2802,19311850,19311855,5
2803,19312359,19312364,5
2804,19314903,19314909,6
2805,19315786,19315789,3
2806,19321141,19321145,4
2807,19330719,19330724,5
2808,19349848,19349853,5
2809,19382142,19382145,3
2810,19394124,19394130,6
2811,19394911,19394915,4
2812,19403321,19403325,4
2813,19411806,19411811,5
2814,19420339,19420343,4
2815,19472214,19472249,35
2816,19472673,19472678,5
2817,19475324,19475329,5
2818,19479188,19479196,8
2819,19480484,19480491,7
2820,19484209,19484218,9
2821,19484239,19484243,4
2822,19488804,19488819,15
2823,19491127,19491131,4
2824,19498201,19498205,4
2825,19498241,19498245,4
2826,19498849,19498854,5
2827,19517970,19517973,3
2828,19527702,19527705,3
2829,19532419,19532433,14
2830,19532899,19532932,33
2831,19533787,19533790,3
2832,19533802,19533808,6
2833,19538649,19538657,8
2834,19543732,19543739,7
2835,19545303,19545307,4
2836,19545318,19545323,5
2837,19562880,19562885,5
2838,19565228,19565232,4
2839,19567016,19567023,7
2840,19583858,19583865,7
2841,19589237,19589245,8
2842,19590441,19590459,18
2843,19593088,19593091,3
2844,19607739,19607743,4
2845,19627050,19627056,6
2846,19641859,19641867,8
2847,19659256,19659263,7
2848,19669928,19669937,9
2849,19671033,19671044,11
2850,19679283,19679286,3
2851,19682322,19682327,5
2852,19688119,19688127,8
2853,19692636,19692644,8
2854,19710056,19710060,4
2855,19710622,19710646,24
2856,19715472,19715508,36
2857,19716608,19716616,8
2858,19724269,19724274,5
2859,19726588,19726593,5
2860,19728463,19728470,7
2861,19729041,19729047,6
2862,19738355,19738360,5
2863,19739408,19739416,8
2864,19740639,19740652,13
2865,19742588,19742611,23
2866,19743779,19743783,4
2867,19745788,19745795,7
2868,19747596,19747602,6
2869,19755098,19755117,19
2870,19769721,19769727,6
2871,19783279,19783283,4
2872,19786801,19786806,5
2873,19797472,19797646,174
2874,19798076,19798230,154
2875,19803078,19803276,198
2876,19804321,19804495,174
2877,19810141,19810146,5
2878,19857352,19857357,5
2879,19872964,19872985,21
2880,19885342,19885347,5
2881,19888947,19888953,6
2882,19891609,19891616,7
2883,19907734,19907747,13
2884,19908048,19908965,917
2885,19909811,19913957,4146
2886,19914481,19915070,589
2887,19915116,19918075,2959
2888,19918560,19918813,253
2889,19919398,19920538,1140
2890,19920573,19921510,937
2891,19921596,19922259,663
2892,19922426,19925126,2700
2893,19926015,19926272,257
2894,19927098,19928414,1316
2895,19928722,19928967,245
2896,19929013,19929313,300
2897,19929652,19933188,3536
2898,19933540,19933846,306
2899,19933997,19934137,140
2900,19935830,19936387,557
2901,19937229,19939129,1900
2902,19939468,19942832,3364
2903,19943356,19943990,634
2904,19944282,19944943,661
2905,19945171,19945215,44
2906,19945679,19946242,563
2907,19947084,19947555,471
2908,19948078,19950975,2897
2909,19951730,19952288,558
2910,19952571,19955710,3139
2911,19956237,19957023,786
2912,19957305,19958445,1140
2913,19960845,19960866,21
2914,19962790,19962796,6
2915,19965648,19965651,3
2916,19966164,19966170,6
2917,19966416,19966424,8
2918,19998969,19998974,5
2919,20005961,20005966,5
2920,20009469,20009473,4
2921,20015571,20015586,15
2922,20030610,20030618,8
2923,20033664,20034701,1037
2924,20035463,20035716,253
2925,20036312,20036813,501
2926,20037033,20037038,5
2927,20051968,20051973,5
2928,20093862,20093867,5
2929,20102212,20102216,4
2930,20134524,20134528,4
2931,20143715,20143720,5
2932,20146174,20146180,6
2933,20154877,20154884,7
2934,20171403,20171409,6
2935,20171533,20171680,147
2936,20172029,20172105,76
2937,20175135,20176499,1364
2938,20176865,20177568,703
2939,20178242,20181808,3566
2940,20182233,20182575,342
2941,20183250,20187471,4221
2942,20187593,20187629,36
2943,20188731,20195725,6994
2944,20196447,20196977,530
2945,20197385,20203441,6056
2946,20204171,20204701,530
2947,20205427,20207490,2063
2948,20209233,20212803,3570
2949,20213122,20213252,130
2950,20213607,20214074,467
2951,20214337,20214600,263
2952,20214912,20215511,599
2953,20216889,20218763,1874
2954,20219518,20220455,937
2955,20220774,20220904,130
2956,20221289,20226498,5209
2957,20227253,20227783,530
2958,20228614,20228956,342
2959,20229343,20230702,1359
2960,20238093,20238096,3
2961,20239276,20239281,5
2962,20240195,20240200,5
2963,20245738,20245747,9
2964,20249048,20249056,8
2965,20250488,20250492,4
2966,20263455,20263461,6
2967,20283961,20283967,6
2968,20284205,20284211,6
2969,20290806,20300293,9487
2970,20300713,20310200,9487
2971,20311148,20311156,8
2972,20328285,20328291,6
2973,20335750,20335755,5
2974,20358218,20358229,11
2975,20376068,20376076,8
2976,20378257,20378569,312
2977,20395033,20395044,11
2978,20407704,20407714,10
2979,20411625,20411631,6
2980,20413510,20413525,15
2981,20420012,20420016,4
2982,20424246,20424251,5
2983,20431912,20431916,4
2984,20442656,20442933,277
2985,20446465,20446483,18
2986,20460981,20460986,5
2987,20463596,20463604,8
2988,20464909,20465186,277
2989,20471109,20471115,6
2990,20474332,20474340,8
2991,20478969,20478974,5
2992,20481232,20481237,5
2993,20482418,20482421,3
2994,20494948,20494959,11
2995,20504271,20504413,142
2996,20505152,20505308,156
2997,20516273,20516276,3
2998,20517684,20517687,3
2999,20518197,20518202,5
3000,20520427,20520436,9
3001,20527034,20527055,21
3002,20527727,20527888,161
3003,20541613,20541619,6
3004,20552653,20552659,6
3005,20574386,20574547,161
3006,20576119,20576168,49
3007,20591717,20591723,6
3008,20605741,20605747,6
3009,20616802,20616810,8
3010,20633601,20633606,5
3011,20638759,20638763,4
3012,20645192,20645196,4
3013,20645849,20645856,7
3014,20662445,20662452,7
3015,20663106,20663110,4
3016,20664594,20664602,8
3017,20669818,20669863,45
3018,20670212,20670257,45
3019,20671860,20671867,7
3020,20673716,20673898,182
3021,20675440,20675622,182
3022,20675954,20676017,63
3023,20676532,20676595,63
3024,20684034,20684040,6
3025,20685496,20685501,5
3026,20692619,20692625,6
3027,20692850,20692857,7
3028,20693058,20693062,4
3029,20695686,20695693,7
3030,20713608,20713625,17
3031,20725741,20725745,4
3032,20745502,20745505,3
3033,20747343,20747346,3
3034,20751582,20751588,6
3035,20753944,20753973,29
3036,20761330,20761333,3
3037,20770382,20770388,6
3038,20779077,20779086,9
3039,20783145,20783152,7
3040,20783199,20783204,5
3041,20786091,20786110,19
3042,20794094,20794100,6
3043,20796243,20796248,5
3044,20801302,20801309,7
3045,20803952,20803956,4
3046,20806402,20806423,21
3047,20838206,20842667,4461
3048,20865216,20865222,6
3049,20888938,20888943,5
3050,20894909,20894916,7
3051,20894953,20894968,15
3052,20909212,20909223,11
3053,20928976,20928981,5
3054,20930603,20930624,21
3055,20948247,20948250,3
3056,20957696,20960893,3197
3057,20977514,20977526,12
3058,21002527,21002532,5
3059,21004819,21004824,5
3060,21024453,21024456,3
3061,21025174,21025177,3
3062,21026877,21026880,3
3063,21031994,21031997,3
3064,21035559,21035563,4
3065,21037061,21037082,21
3066,21037789,21037794,5
3067,21039198,21039205,7
3068,21048697,21048705,8
3069,21052121,21052129,8
3070,21061255,21061258,3
3071,21065995,21066003,8
3072,21067743,21067751,8
3073,21067976,21067990,14
3074,21069668,21069676,8
3075,21070777,21070784,7
3076,21072135,21072138,3
3077,21072204,21072211,7
3078,21077297,21077302,5
3079,21078422,21078433,11
3080,21079219,21079223,4
3081,21082251,21082258,7
3082,21082944,21082949,5
3083,21086240,21086950,710
3084,21088084,21088089,5
3085,21090323,21090328,5
3086,21094695,21094701,6
3087,21097210,21097215,5
3088,21105559,21105567,8
3089,21111087,21111095,8
3090,21125641,21125648,7
3091,21129214,21129219,5
3092,21147468,21148344,876
3093,21148394,21148618,224
3094,21149655,21149696,41
3095,21150272,21152644,2372
3096,21152836,21152887,51
3097,21153707,21154398,691
3098,21158687,21159563,876
3099,21159613,21159837,224
3100,21160874,21160915,41
3101,21161448,21163820,2372
3102,21164012,21164063,51
3103,21164853,21165544,691
3104,21177890,21177897,7
3105,21191367,21191372,5
3106,21216385,21216390,5
3107,21220771,21220778,7
3108,21232595,21232604,9
3109,21255409,21255412,3
3110,21270535,21270544,9
3111,21280717,21280728,11
3112,21285533,21285537,4
3113,21289086,21289093,7
3114,21291499,21291506,7
3115,21295493,21295501,8
3116,21309922,21309927,5
3117,21313056,21313061,5
3118,21315787,21315792,5
3119,21317315,21317322,7
3120,21320299,21320308,9
3121,21329867,21329882,15
3122,21329904,21329911,7
3123,21352317,21352322,5
3124,21357782,21357789,7
3125,21362564,21362582,18
3126,21379677,21379687,10
3127,21381569,21381574,5
3128,21389605,21389611,6
3129,21392283,21392297,14
3130,21393461,21393466,5
3131,21398596,21398603,7
3132,21440895,21440902,7
3133,21452260,21452265,5
3134,21458971,21459057,86
3135,21459654,21459673,19
3136,21460778,21461067,289
3137,21461697,21462162,465
3138,21462636,21462818,182
3139,21468822,21468827,5
3140,21471480,21471491,11
3141,21472869,21472875,6
3142,21526484,21526505,21
3143,21532311,21532316,5
3144,21534260,21534272,12
3145,21535958,21536459,501
3146,21536517,21536561,44
3147,21538730,21539087,357
3148,21541580,21541594,14
3149,21544519,21545839,1320
3150,21545966,21546924,958
3151,21547447,21548772,1325
3152,21549340,21549352,12
3153,21550831,21550846,15
3154,21551608,21552643,1035
3155,21553848,21553911,63
3156,21556251,21556256,5
3157,21558757,21558763,6
3158,21591376,21591379,3
3159,21595397,21595402,5
3160,21605095,21605102,7
3161,21606092,21606185,93
3162,21606516,21606669,153
3163,21606850,21608628,1778
3164,21608760,21614990,6230
3165,21615432,21622029,6597
3166,21623057,21623583,526
3167,21635509,21635512,3
3168,21639771,21639776,5
3169,21640269,21640291,22
3170,21642401,21643175,774
3171,21645086,21646883,1797
3172,21649374,21650021,647
3173,21650205,21650280,75
3174,21650889,21651764,875
3175,21652506,21652736,230
3176,21655365,21655387,22
3177,21660242,21660248,6
3178,21662258,21662386,128
3179,21662932,21663595,663
3180,21663762,21665705,1943
3181,21673490,21673804,314
3182,21674554,21674869,315
3183,21675355,21675452,97
3184,21678266,21678420,154
3185,21680650,21680824,174
3186,21681259,21681413,154
3187,21683811,21684454,643
3188,21686261,21686459,198
3189,21687481,21687503,22
3190,21687923,21688148,225
3191,21689382,21689551,169
3192,21690631,21692074,1443
3193,21692667,21692778,111
3194,21693558,21693658,100
3195,21693786,21693977,191
3196,21695310,21695760,450
3197,21696892,21697083,191
3198,21698852,21698860,8
3199,21701298,21701489,191
3200,21702846,21703071,225
3201,21704335,21704526,191
3202,21704779,21704953,174
3203,21706075,21706175,100
3204,21709631,21709653,22
3205,21710084,21710238,154
3206,21712537,21712543,6
3207,21714039,21714079,40
3208,21714697,21715053,356
3209,21715667,21715731,64
3210,21718842,21719199,357
3211,21721680,21721694,14
3212,21723905,21724340,435
3213,21724834,21724844,10
3214,21726261,21726269,8
3215,21727029,21727649,620
3216,21728143,21728660,517
3217,21728866,21729072,206
3218,21729888,21730210,322
3219,21731130,21731565,435
3220,21731867,21731967,100
3221,21738286,21738292,6
3222,21742076,21742279,203
3223,21743035,21743225,190
3224,21744393,21744547,154
3225,21747645,21747745,100
3226,21751176,21751184,8
3227,21752204,21752368,164
3228,21759273,21759437,164
3229,21763069,21763091,22
3230,21764064,21764095,31
3231,21765547,21765557,10
3232,21772608,21772631,23
3233,21772743,21773344,601
3234,21774538,21774600,62
3235,21778418,21778452,34
3236,21786498,21786539,41
3237,21796748,21796761,13
3238,21797231,21797258,27
3239,21797564,21797621,57
3240,21799204,21799673,469
3241,21800439,21800462,23
3242,21800919,21801033,114
3243,21802779,21806315,3536
3244,21814230,21816299,2069
3245,21816876,21817137,261
3246,21817951,21819011,1060
3247,21819918,21822080,2162
3248,21822544,21822576,32
3249,21825140,21827810,2670
3250,21828078,21828553,475
3251,21831283,21831389,106
3252,21833898,21836252,2354
3253,21837945,21838066,121
3254,21838622,21838760,138
3255,21839390,21840524,1134
3256,21841036,21841491,455
3257,21843849,21843871,22
3258,21844791,21844822,31
3259,21852508,21853904,1396
3260,21855089,21855486,397
3261,21860087,21861493,1406
3262,21862257,21862647,390
3263,21865459,21865691,232
3264,21866654,21866711,57
3265,21869591,21870060,469
3266,21870822,21870845,23
3267,21871302,21871340,38
3268,21873116,21875454,2338
3269,21875758,21878788,3030
3270,21879868,21880899,1031
3271,21883013,21884853,1840
3272,21885138,21887064,1926
3273,21888646,21890644,1998
3274,21891570,21892777,1207
3275,21893240,21894227,987
3276,21896001,21897906,1905
3277,21898429,21900462,2033
3278,21901178,21901533,355
3279,21902096,21903416,1320
3280,21903867,21905654,1787
3281,21907817,21907878,61
3282,21908627,21909074,447
3283,21913661,21913758,97
3284,21914244,21914357,113
3285,21917994,21918022,28
3286,21920204,21920227,23
3287,21920339,21920940,601
3288,21922134,21922196,62
3289,21924908,21924942,34
3290,21927715,21927737,22
3291,21929362,21929403,41
3292,21939290,21939303,13
3293,21939773,21939800,27
3294,21942520,21942886,366
3295,21942979,21942989,10
3296,21944224,21944338,114
3297,21946187,21946231,44
3298,21953613,21953617,4
3299,21954827,21954867,40
3300,21955485,21955841,356
3301,21956458,21956522,64
3302,21956911,21956926,15
3303,21959172,21959194,22
3304,21963835,21963990,155
3305,21964279,21964896,617
3306,21965235,21966915,1680
3307,21968018,21968497,479
3308,21969212,21970017,805
3309,21971094,21971223,129
3310,21972805,21972835,30
3311,21977524,21977607,83
3312,21977964,21978586,622
3313,21979785,21979823,38
3314,21980051,21980389,338
3315,21980997,21981390,393
3316,21982397,21982993,596
3317,21983490,21984457,967
3318,21984574,21985998,1424
3319,21986577,21987608,1031
3320,21989722,21991213,1491
3321,21991563,21993526,1963
3322,21993813,21993990,177
3323,21996083,21997637,1554
3324,21998563,21998646,83
3325,21999878,22003796,3918
3326,22005611,22005643,32
3327,22006645,22007566,921
3328,22010443,22010510,67
3329,22010777,22010799,22
3330,22012348,22012360,12
3331,22013116,22013241,125
3332,22015561,22016364,803
3333,22017637,22017971,334
3334,22019071,22019196,125
3335,22021116,22021130,14
3336,22022405,22022495,90
3337,22023802,22023876,74
3338,22024405,22025356,951
3339,22026282,22026365,83
3340,22026867,22029874,3007
3341,22030376,22031437,1061
3342,22032344,22032374,30
3343,22033888,22034406,518
3344,22034974,22035006,32
3345,22035688,22035726,38
3346,22036291,22036740,449
3347,22038079,22038882,803
3348,22040698,22040730,32
3349,22041760,22042681,921
3350,22044868,22044902,34
3351,22045666,22045922,256
3352,22047470,22047482,12
3353,22048238,22048363,125
3354,22049389,22049879,490
3355,22051948,22052194,246
3356,22052258,22052814,556
3357,22054059,22054393,334
3358,22055498,22055623,125
3359,22057544,22057558,14
3360,22058833,22058923,90
3361,22059784,22059939,155
3362,22060228,22060406,178
3363,22060831,22060845,14
3364,22061752,22061782,30
3365,22062672,22064318,1646
3366,22065225,22066264,1039
3367,22066766,22066921,155
3368,22067210,22067284,74
3369,22067851,22067883,32
3370,22071476,22072728,1252
3371,22076683,22076715,32
3372,22078308,22078666,358
3373,22080766,22080800,34
3374,22081456,22081523,67
3375,22081556,22081812,256
3376,22083361,22083373,12
3377,22083977,22084005,28
3378,22084441,22084566,125
3379,22085606,22086096,490
3380,22086708,22086836,128
3381,22093553,22093681,128
3382,22094306,22094461,155
3383,22094750,22095367,617
3384,22096262,22096292,30
3385,22097218,22097301,83
3386,22097803,22098321,518
3387,22098850,22098864,14
3388,22099771,22099801,30
3389,22100727,22101311,584
3390,22101756,22101934,178
3391,22102359,22102373,14
3392,22103280,22103310,30
3393,22104236,22104820,584
3394,22104977,22105443,466
3395,22105868,22105882,14
3396,22106789,22107828,1039
3397,22108328,22108950,622
3398,22109375,22109389,14
3399,22110296,22111251,955
3400,22111835,22112457,622
3401,22112921,22112953,32
3402,22113325,22113594,269
3403,22114295,22114352,57
3404,22118307,22118339,32
3405,22120650,22121097,447
3406,22124380,22124493,113
3407,22137457,22137479,22
3408,22137578,22137592,14
3409,22139369,22139459,90
3410,22140694,22141020,326
3411,22142817,22143283,466
3412,22145669,22146286,617
3413,22147542,22148014,472
3414,22149691,22150687,996
3415,22150766,22150798,32
3416,22152595,22153067,472
3417,22154744,22156385,1641
3418,22160544,22160785,241
3419,22160853,22160885,32
3420,22162682,22162805,123
3421,22163716,22164761,1045
3422,22165541,22166158,617
3423,22167538,22168447,909
3424,22169943,22171138,1195
3425,22172395,22172518,123
3426,22172867,22173433,566
3427,22175153,22175468,315
3428,22177259,22177382,123
3429,22177731,22178297,566
3430,22179342,22180417,1075
3431,22180451,22180991,540
3432,22182247,22182370,123
3433,22184226,22185868,1642
3434,22187124,22187247,123
3435,22187596,22188162,566
3436,22189553,22190233,680
3437,22194457,22195137,680
3438,22196933,22197399,466
3439,22200030,22200140,110
3440,22201937,22202975,1038
3441,22204676,22204695,19
3442,22205800,22206718,918
3443,22207158,22207177,19
3444,22207648,22207830,182
3445,22210210,22210286,76
3446,22212082,22213120,1038
3447,22215157,22216514,1357
3448,22217133,22217256,123
3449,22221087,22222592,1505
3450,22224356,22225713,1357
3451,22226332,22226798,466
3452,22227366,22228411,1045
3453,22228477,22229532,1055
3454,22230074,22234527,4453
3455,22235069,22238401,3332
3456,22238854,22239534,680
3457,22241331,22241797,466
3458,22243904,22244231,327
3459,22244447,22244557,110
3460,22246354,22246477,123
3461,22246826,22247392,566
3462,22248437,22248887,450
3463,22249216,22249568,352
3464,22251465,22252374,909
3465,22258457,22258530,73
3466,22259854,22259876,22
3467,22260697,22260804,107
3468,22263213,22263218,5
3469,22267654,22267661,7
3470,22270162,22272566,2404
3471,22273532,22275179,1647
3472,22275759,22276253,494
3473,22276879,22276893,14
3474,22277338,22277368,30
3475,22279006,22279500,494
3476,22280471,22280485,14
3477,22280930,22280960,30
3478,22314972,22316777,1805
3479,22317045,22317525,480
3480,22350316,22350441,125
3481,22350709,22351189,480
3482,22351474,22353488,2014
3483,22355590,22355604,14
3484,22356054,22356084,30
3485,22356711,22356725,14
3486,22357004,22357034,30
3487,22357811,22360499,2688
3488,22360600,22360985,385
3489,22363599,22365671,2072
3490,22365743,22366214,471
3491,22366438,22367596,1158
3492,22368585,22368619,34
3493,22369585,22371232,1647
3494,22374692,22374765,73
3495,22375559,22381918,6359
3496,22382333,22382355,22
3497,22389911,22391074,1163
3498,22395207,22396370,1163
3499,22398932,22399021,89
3500,22399518,22399540,22
3501,22401674,22401763,89
3502,22402815,22402821,6
3503,22409229,22409236,7
3504,22416961,22416968,7
3505,22417406,22417413,7
3506,22421849,22421854,5
3507,22425153,22425181,28
3508,22425442,22425478,36
3509,22429562,22429569,7
3510,22431662,22431666,4
3511,22435158,22435162,4
3512,22435364,22435385,21
3513,22435622,22435627,5
3514,22440248,22440346,98
3515,22441382,22441406,24
3516,22477117,22477122,5
3517,22484809,22484814,5
3518,22486309,22486314,5
3519,22491549,22491568,19
3520,22506253,22506258,5
3521,22511733,22511739,6
3522,22513352,22513357,5
3523,22516658,22516663,5
3524,22527655,22527659,4
3525,22552363,22552933,570
3526,22553594,22553868,274
3527,22561850,22561874,24
3528,22565130,22565152,22
3529,22565637,22566699,1062
3530,22567021,22567051,30
3531,22568058,22568599,541
3532,22568690,22569577,887
3533,22570001,22570036,35
3534,22576151,22576156,5
3535,22584987,22584992,5
3536,22586276,22586281,5
3537,22592486,22592491,5
3538,22600113,22600118,5
3539,22602059,22602064,5
3540,22620835,22623437,2602
3541,22624152,22624631,479
3542,22626130,22626631,501
3543,22629233,22629238,5
3544,22640872,22640887,15
3545,22642695,22642703,8
3546,22645617,22645622,5
3547,22651517,22651532,15
3548,22653856,22653861,5
3549,22694184,22694189,5
3550,22699400,22701256,1856
3551,22702909,22702917,8
3552,22713350,22713355,5
3553,22742270,22742275,5
3554,22757794,22757815,21
3555,22763405,22763412,7
3556,22766014,22766027,13
3557,22771676,22773161,1485
3558,22773774,22773903,129
3559,22780641,22780646,5
3560,22784414,22784420,6
3561,22789134,22789139,5
3562,22806577,22806592,15
3563,22810946,22810952,6
3564,22812074,22812202,128
3565,22812748,22813411,663
3566,22813572,22814961,1389
3567,22815312,22816272,960
3568,22829251,22829254,3
3569,22835166,22835171,5
3570,22838107,22838128,21
3571,22849676,22849697,21
3572,22856002,22856007,5
3573,22862776,22862783,7
3574,22874373,22874379,6
3575,22875668,22875673,5
3576,22876256,22876260,4
3577,22877699,22877705,6
3578,22886923,22887036,113
3579,22887567,22887608,41
3580,22887804,22888039,235
3581,22888681,22888816,135
3582,22889924,22889929,5
3583,22891116,22891120,4
3584,22893594,22893602,8
3585,22898531,22898536,5
3586,22899649,22899673,24
3587,22899925,22899945,20
3588,22904183,22904188,5
3589,22905594,22905615,21
3590,22909225,22909736,511
3591,22911168,22912068,900
3592,22912447,22913116,669
3593,22924138,22924143,5
3594,22933147,22933228,81
3595,22939364,22939477,113
3596,22940041,22940082,41
3597,22940331,22940566,235
3598,22941204,22941339,135
3599,22952635,22952742,107
3600,22952871,22953107,236
3601,22953248,22953840,592
3602,22954595,22954610,15
3603,22962172,22962178,6
3604,22968102,22968139,37
3605,22975930,22976037,107
3606,22976166,22976402,236
3607,22976543,22977135,592
3608,22977891,22977906,15
3609,22986706,22986711,5
3610,22995390,22995394,4
3611,22997787,23000214,2427
3612,23001048,23003286,2238
3613,23017648,23017721,73
3614,23017865,23017994,129
3615,23018886,23018907,21
3616,23024132,23024147,15
3617,23028147,23028153,6
3618,23029479,23029494,15
3619,23031758,23031763,5
3620,23033202,23033206,4
3621,23037321,23037482,161
3622,23040119,23040192,73
3623,23040336,23040465,129
3624,23043708,23043713,5
3625,23044845,23044850,5
3626,23046667,23046670,3
3627,23046895,23046902,7
3628,23047778,23047782,4
3629,23054132,23055417,1285
3630,23056785,23057621,836
3631,23058184,23058465,281
3632,23058720,23059556,836
3633,23060496,23062032,1536
3634,23063033,23064318,1285
3635,23065391,23065396,5
3636,23066926,23066931,5
3637,23069044,23069051,7
3638,23069783,23069788,5
3639,23074239,23074244,5
3640,23079959,23079964,5
3641,23088513,23088517,4
3642,23090993,23091014,21
3643,23094963,23095093,130
3644,23100899,23100905,6
3645,23103484,23103614,130
3646,23104768,23104789,21
3647,23110199,23111223,1024
3648,23111568,23118378,6810
3649,23119244,23119247,3
3650,23120077,23121972,1895
3651,23122423,23146541,24118
3652,23146885,23147810,925
3653,23148675,23148678,3
3654,23149012,23150624,1612
3655,23155343,23155380,37
3656,23163274,23163296,22
3657,23164682,23164688,6
3658,23188363,23188369,6
3659,23198798,23198805,7
3660,23200146,23200154,8
3661,23204043,23204049,6
3662,23208056,23208116,60
3663,23211411,23211479,68
3664,23218628,23219063,435
3665,23219755,23220061,306
3666,23224958,23225393,435
3667,23226085,23226391,306
3668,23228121,23228170,49
3669,23228571,23228591,20
3670,23232566,23232621,55
3671,23233596,23233718,122
3672,23234097,23234332,235
3673,23237191,23237282,91
3674,23237934,23237989,55
3675,23238621,23239013,392
3676,23239064,23239085,21
3677,23239463,23239483,20
3678,23240804,23240810,6
3679,23242327,23242333,6
3680,23242594,23242642,48
3681,23243939,23252798,8859
3682,23254786,23254931,145
3683,23255596,23256413,817
3684,23257931,23258954,1023
3685,23260245,23260251,6
3686,23261056,23261163,107
3687,23261931,23261937,6
3688,23262337,23262438,101
3689,23266581,23266588,7
3690,23268349,23268353,4
3691,23273039,23273043,4
3692,23281884,23281997,113
3693,23282632,23282805,173
3694,23285854,23285925,71
3695,23287322,23287497,175
3696,23288245,23288276,31
3697,23292353,23293284,931
3698,23293774,23298497,4723
3699,23299928,23300666,738
3700,23300963,23301236,273
3701,23301726,23306449,4723
3702,23307881,23308257,376
3703,23308447,23309180,733
3704,23310247,23310981,734
3705,23311425,23311985,560
3706,23312747,23312874,127
3707,23313010,23313020,10
3708,23313995,23314411,416
3709,23316828,23316943,115
3710,23317154,23317285,131
3711,23318099,23318119,20
3712,23318899,23318943,44
3713,23320057,23320146,89
3714,23320373,23320824,451
3715,23322293,23322302,9
3716,23323064,23323191,127
3717,23323327,23323337,10
3718,23324672,23324730,58
3719,23328757,23328773,16
3720,23330675,23330926,251
3721,23331333,23331354,21
3722,23334072,23334081,9
3723,23334843,23334970,127
3724,23335106,23335116,10
3725,23336452,23336510,58
3726,23339046,23339161,115
3727,23339490,23339534,44
3728,23340658,23340747,89
3729,23340974,23341425,451
3730,23344271,23344285,14
3731,23344496,23344504,8
3732,23345207,23345215,8
3733,23346271,23346315,44
3734,23346644,23346661,17
3735,23352162,23352277,115
3736,23352488,23352619,131
3737,23353451,23353471,20
3738,23355839,23355960,121
3739,23358875,23358879,4
3740,23360094,23360109,15
3741,23362310,23362431,121
3742,23363793,23364057,264
3743,23364320,23366101,1781
3744,23366530,23366924,394
3745,23367142,23367150,8
3746,23367442,23367533,91
3747,23367832,23367887,55
3748,23369038,23369341,303
3749,23371069,23371140,71
3750,23371518,23371749,231
3751,23372963,23373174,211
3752,23373898,23373953,55
3753,23375025,23375046,21
3754,23376190,23376214,24
3755,23379160,23379424,264
3756,23379687,23381468,1781
3757,23381893,23382287,394
3758,23382505,23382513,8
3759,23382805,23382896,91
3760,23383195,23383250,55
3761,23384549,23384640,91
3762,23385292,23385347,55
3763,23385977,23386441,464
3764,23386808,23386824,16
3765,23388218,23388564,346
3766,23389893,23389984,91
3767,23391594,23391716,122
3768,23392094,23392114,20
3769,23393508,23393854,346
3770,23396580,23396586,6
3771,23398678,23398760,82
3772,23400891,23400919,28
3773,23401180,23401216,36
3774,23403697,23404000,303
3775,23404652,23404707,55
3776,23405727,23405798,71
3777,23406140,23406375,235
3778,23408962,23409173,211
3779,23410946,23411068,122
3780,23411446,23411466,20
3781,23414293,23414384,91
3782,23416059,23416109,50
3783,23416150,23416171,21
3784,23416548,23416568,20
3785,23418154,23418160,6
3786,23418645,23418679,34
3787,23419166,23419182,16
3788,23421124,23421781,657
3789,23422682,23423263,581
3790,23423751,23425161,1410
3791,23425837,23426494,657
3792,23427395,23427976,581
3793,23428464,23429874,1410
3794,23432209,23432277,68
3795,23446989,23446996,7
3796,23448658,23448664,6
3797,23455870,23455983,113
3798,23456618,23456791,173
3799,23459118,23459124,6
3800,23461930,23463703,1773
3801,23465238,23465623,385
3802,23468821,23468892,71
3803,23470250,23470425,175
3804,23471165,23471196,31
3805,23472722,23472823,101
3806,23474037,23476408,2371
3807,23476554,23485084,8530
3808,23485702,23485912,210
3809,23486604,23486722,118
3810,23489561,23489812,251
3811,23490219,23490240,21
3812,23492090,23492103,13
3813,23493612,23493621,9
3814,23494383,23494510,127
3815,23495627,23495685,58
3816,23506232,23506477,245
3817,23507295,23507703,408
3818,23511151,23511707,556
3819,23512695,23515066,2371
3820,23515212,23523742,8530
3821,23525196,23525314,118
3822,23527209,23527230,21
3823,23527281,23527331,50
3824,23528303,23528358,55
