index,startIdx,endIdx,length
0,432,647,215
1,647,878,231
2,1673,2291,618
3,2291,2464,173
4,2464,3684,1220
5,3684,5028,1344
6,6600,7679,1079
7,7679,7724,45
8,7724,8131,407
9,8131,8377,246
10,8377,8561,184
11,8561,8592,31
12,8592,9591,999
13,9591,9813,222
14,9813,9969,156
15,9969,10110,141
16,10110,10996,886
17,12164,12209,45
18,12209,12424,215
19,12424,12469,45
20,12469,12592,123
21,12592,12607,15
22,12607,12632,25
23,12632,12704,72
24,12704,13225,521
25,13225,13663,438
26,13663,13802,139
27,13802,14096,294
28,14096,14335,239
29,14335,14843,508
30,14843,14959,116
31,14959,15014,55
32,15014,15080,66
33,15080,15658,578
34,17287,17941,654
35,17941,18697,756
36,18697,18808,111
37,18808,19289,481
38,19289,19459,170
39,19459,19858,399
40,19858,20383,525
41,20383,20431,48
42,20431,20498,67
43,20498,21241,743
44,21241,21286,45
45,21286,21674,388
46,21674,21905,231
47,21905,22264,359
48,22264,22303,39
49,22303,22574,271
50,22574,23311,737
51,23311,23356,45
52,23356,23571,215
53,23571,23616,45
54,23616,23739,123
55,23739,23754,15
56,23754,23779,25
57,23779,23851,72
58,23851,24372,521
59,24372,24810,438
60,24810,24949,139
61,24949,25243,294
62,25243,25482,239
63,25482,25990,508
64,25990,26106,116
65,26106,26161,55
66,26161,26227,66
67,26227,26805,578
68,28793,29447,654
69,29447,30203,756
70,30203,30314,111
71,30314,30795,481
72,30795,30965,170
73,30965,31364,399
74,31364,31889,525
75,31889,31937,48
76,31937,32004,67
77,32004,32747,743
78,32747,32792,45
79,32792,33180,388
80,33180,33411,231
81,33411,33770,359
82,33770,33809,39
83,33809,34080,271
84,34080,34817,737
85,34817,34862,45
86,34862,35077,215
87,35077,35122,45
88,35122,35245,123
89,35245,35260,15
90,35260,35285,25
91,35285,35357,72
92,35357,35878,521
93,35878,36316,438
94,36316,36455,139
95,36455,36749,294
96,36749,36988,239
97,36988,37496,508
98,37496,37612,116
99,37612,37667,55
100,37667,37733,66
101,37733,38311,578
102,40464,41118,654
103,41118,41874,756
104,41874,41985,111
105,41985,42466,481
106,42466,42636,170
107,42636,43035,399
108,43035,43560,525
109,43560,43608,48
110,43608,43675,67
111,43675,44418,743
112,44418,44463,45
113,44463,44851,388
114,44851,45082,231
115,45082,45441,359
116,45441,45480,39
117,45480,45751,271
118,45751,46488,737
119,46488,46533,45
120,46533,46748,215
121,46748,46793,45
122,46793,46916,123
123,46916,46931,15
124,46931,46956,25
125,46956,47028,72
126,47028,47549,521
127,47549,47987,438
128,47987,48126,139
129,48126,48420,294
130,48420,48659,239
131,48659,49167,508
132,49167,49283,116
133,49283,49338,55
134,49338,49404,66
135,49404,49982,578
136,50854,51072,218
137,51072,51507,435
138,55655,56999,1344
139,59577,59795,218
140,59795,60230,435
141,64052,64193,141
142,66669,67748,1079
143,67748,67793,45
144,67793,68200,407
145,68200,68446,246
146,68446,68630,184
147,68630,68661,31
148,68661,69660,999
149,69660,69882,222
150,69882,70038,156
151,70038,70179,141
152,70179,71065,886
153,74081,74296,215
154,74296,74527,231
155,75322,75940,618
156,75940,76113,173
157,76113,77333,1220
158,77333,78677,1344
159,80408,81900,1492
160,82330,82361,31
161,83367,83413,46
162,86736,88228,1492
163,88658,88689,31
164,89695,89741,46
165,97861,98268,407
166,98268,98514,246
167,98514,98698,184
168,98698,100279,1581
169,100279,100299,20
170,100299,100344,45
171,100344,101247,903
172,103827,104234,407
173,104234,104480,246
174,104480,104664,184
175,104664,106245,1581
176,106245,106265,20
177,106265,106310,45
178,106310,107213,903
179,118881,119127,246
180,119127,119311,184
181,120892,120912,20
182,120912,120957,45
183,129860,129865,5
184,130322,130328,6
185,132922,132927,5
186,135084,135090,6
187,151460,151466,6
188,155549,155577,28
189,158557,158563,6
190,162244,162257,13
191,162257,162824,567
192,162824,162869,45
193,162869,163028,159
194,163638,163660,22
195,163660,163720,60
196,163720,163843,123
197,163843,163967,124
198,163967,164678,711
199,164678,164795,117
200,164795,165514,719
201,165514,165701,187
202,165870,166432,562
203,166432,166514,82
204,166514,167012,498
205,167012,167753,741
206,168430,168446,16
207,196304,196308,4
208,197215,197219,4
209,199215,199221,6
210,256028,256032,4
211,258558,258564,6
212,282469,282485,16
213,282485,282491,6
214,286673,286679,6
215,287357,287361,4
216,287415,287420,5
217,297093,297619,526
218,297619,297838,219
219,297838,297868,30
220,299778,300229,451
221,300229,301045,816
222,301045,301203,158
223,301203,301212,9
224,301212,301435,223
225,301435,301508,73
226,301508,301557,49
227,301557,301569,12
228,309997,310005,8
229,323034,323262,228
230,327880,327884,4
231,328260,328264,4
232,337459,337465,6
233,337713,337719,6
234,342229,342238,9
235,347949,347955,6
236,369398,369406,8
237,371400,371404,4
238,371404,371408,4
239,371408,371412,4
240,372377,372381,4
241,378943,378950,7
242,383601,383608,7
243,383789,383793,4
244,384864,384870,6
245,384898,384905,7
246,387055,387064,9
247,387078,387082,4
248,387082,387087,5
249,387640,387645,5
250,392140,392146,6
251,394952,394960,8
252,395618,395629,11
253,395629,395638,9
254,401292,401296,4
255,409373,409382,9
256,420325,420333,8
257,420333,420341,8
258,421151,421159,8
259,422281,422288,7
260,422414,422420,6
261,422613,422617,4
262,424123,424130,7
263,430725,430730,5
264,435373,435378,5
265,435378,435385,7
266,435676,435682,6
267,444503,444510,7
268,444510,444516,6
269,444516,444522,6
270,448713,448719,6
271,448719,448725,6
272,450838,450842,4
273,457638,457644,6
274,462783,462787,4
275,464979,464987,8
276,477180,477186,6
277,493450,493455,5
278,509491,509498,7
279,510094,510102,8
280,518833,518839,6
281,526889,526894,5
282,526894,526899,5
283,526899,526904,5
284,528393,528399,6
285,550201,550208,7
286,553342,553354,12
287,553354,553403,49
288,553403,553476,73
289,553476,553699,223
290,553699,553708,9
291,553708,553866,158
292,554682,555133,451
293,557043,557073,30
294,557073,557292,219
295,557292,557818,526
296,557818,558624,806
297,563637,563785,148
298,563785,563933,148
299,563933,564081,148
300,564081,564229,148
301,564229,564377,148
302,564377,564525,148
303,564525,564673,148
304,564673,564821,148
305,564821,564969,148
306,564969,565117,148
307,565117,565265,148
308,565265,565413,148
309,567197,567204,7
310,573320,573324,4
311,578735,578742,7
312,578742,578749,7
313,578749,578756,7
314,578756,578763,7
315,591436,591442,6
316,598506,598513,7
317,599997,600002,5
318,627173,627180,7
319,635426,635431,5
320,637684,637689,5
321,637842,637850,8
322,640079,640085,6
323,644228,644451,223
324,644451,644547,96
325,644762,644985,223
326,644985,645081,96
327,646439,646445,6
328,651404,651410,6
329,653572,653579,7
330,653694,653700,6
331,653700,653706,6
332,653706,653712,6
333,665675,665681,6
334,667718,667722,4
335,684471,684477,6
336,684477,684483,6
337,688037,688041,4
338,697265,697273,8
339,705285,705291,6
340,705291,705307,16
341,710691,710707,16
342,721739,721745,6
343,733671,733677,6
344,733677,733683,6
345,754687,754691,4
346,754872,754876,4
347,769070,769077,7
348,769403,769410,7
349,770242,770248,6
350,788078,788086,8
351,798664,798673,9
352,805021,805026,5
353,808341,808346,5
354,808346,808351,5
355,808351,808357,6
356,813194,813324,130
357,813324,813639,315
358,814400,814416,16
359,814654,814741,87
360,814741,814786,45
361,815202,815206,4
362,815206,815920,714
363,815920,816400,480
364,829025,829038,13
365,829038,829605,567
366,829605,829650,45
367,829650,829809,159
368,829809,830700,891
369,830700,830931,231
370,830931,831453,522
371,831453,831945,492
372,831945,832026,81
373,832026,832330,304
374,832330,832352,22
375,832352,832412,60
376,832412,832535,123
377,832535,832659,124
378,832659,833370,711
379,833370,833487,117
380,833829,833911,82
381,833911,834409,498
382,834409,835139,730
383,836290,836298,8
384,876328,876336,8
385,907963,907988,25
386,908712,908719,7
387,911544,911549,5
388,924896,924900,4
389,938202,938208,6
390,977768,977777,9
391,985481,985488,7
392,1025455,1025464,9
393,1035309,1035321,12
394,1035321,1035370,49
395,1035370,1035443,73
396,1035443,1035666,223
397,1035666,1035675,9
398,1035675,1035833,158
399,1035833,1036649,816
400,1036649,1037100,451
401,1039010,1039040,30
402,1039040,1039259,219
403,1049034,1049038,4
404,1062159,1062165,6
405,1065260,1065273,13
406,1065273,1065840,567
407,1065840,1065885,45
408,1065885,1066044,159
409,1066044,1066935,891
410,1066935,1067166,231
411,1068180,1068202,22
412,1068202,1068262,60
413,1068262,1068385,123
414,1068385,1068509,124
415,1068509,1069220,711
416,1069220,1069337,117
417,1069337,1070056,719
418,1070056,1070243,187
419,1070243,1070412,169
420,1070412,1070974,562
421,1070974,1071056,82
422,1071056,1071554,498
423,1071554,1072295,741
424,1077239,1077248,9
425,1077408,1077417,9
426,1079579,1079583,4
427,1080178,1080182,4
428,1093267,1093271,4
429,1095518,1095523,5
430,1108759,1108768,9
431,1125488,1125493,5
432,1125502,1125511,9
433,1145095,1145111,16
434,1146259,1146265,6
435,1181252,1181259,7
436,1188720,1188727,7
437,1194514,1194520,6
438,1212566,1212572,6
439,1212572,1212578,6
440,1215456,1215460,4
441,1221185,1221191,6
442,1223287,1223295,8
443,1230149,1230156,7
444,1239374,1239379,5
445,1246321,1246327,6
446,1251970,1251974,4
447,1261516,1261521,5
448,1261521,1261526,5
449,1261526,1261531,5
450,1262312,1262319,7
451,1283252,1283256,4
452,1297176,1297180,4
453,1298787,1298794,7
454,1298835,1298841,6
455,1298841,1298847,6
456,1298847,1298853,6
457,1301012,1301016,4
458,1303787,1303794,7
459,1303794,1303801,7
460,1303801,1303808,7
461,1303808,1303816,8
462,1307479,1307486,7
463,1307486,1307493,7
464,1318112,1318122,10
465,1318122,1318127,5
466,1324047,1324053,6
467,1327898,1327902,4
468,1329825,1329832,7
469,1333836,1333843,7
470,1334126,1334133,7
471,1334133,1334140,7
472,1340717,1340724,7
473,1342238,1342242,4
474,1345075,1345079,4
475,1353766,1353773,7
476,1358052,1358139,87
477,1358735,1358755,20
478,1359560,1359923,363
479,1359923,1360243,320
480,1360243,1360558,315
481,1360558,1361500,942
482,1361500,1361582,82
483,1361582,1361712,130
484,1361712,1361785,73
485,1362101,1362418,317
486,1364592,1364882,290
487,1364882,1365209,327
488,1365209,1365511,302
489,1365511,1365957,446
490,1365957,1365977,20
491,1366450,1366469,19
492,1366469,1366552,83
493,1382327,1382332,5
494,1382332,1382337,5
495,1382352,1382357,5
496,1382382,1382387,5
497,1382835,1382841,6
498,1383557,1383567,10
499,1383699,1383704,5
500,1385642,1385647,5
501,1387723,1387732,9
502,1389410,1389415,5
503,1397189,1397194,5
504,1397194,1397204,10
505,1402025,1402029,4
506,1402029,1402033,4
507,1404005,1404010,5
508,1427842,1427850,8
509,1433710,1433714,4
510,1440728,1440735,7
511,1451064,1451070,6
512,1451521,1451526,5
513,1451526,1451531,5
514,1453055,1453059,4
515,1454999,1455003,4
516,1460267,1460272,5
517,1464057,1464064,7
518,1472339,1472348,9
519,1492001,1492009,8
520,1492037,1492044,7
521,1515571,1515576,5
522,1517069,1517074,5
523,1518235,1518258,23
524,1518742,1518884,142
525,1518884,1519184,300
526,1519184,1519436,252
527,1519436,1519715,279
528,1519715,1519805,90
529,1521163,1521180,17
530,1521180,1521577,397
531,1521577,1521613,36
532,1521613,1521705,92
533,1521795,1522431,636
534,1522677,1522683,6
535,1522683,1523106,423
536,1523106,1523142,36
537,1523202,1523238,36
538,1532759,1532767,8
539,1535025,1535033,8
540,1559310,1559315,5
541,1564559,1564564,5
542,1568368,1568451,83
543,1591497,1591505,8
544,1592960,1592967,7
545,1593760,1593764,4
546,1600368,1600376,8
547,1601933,1601938,5
548,1603447,1603455,8
549,1604101,1604106,5
550,1611602,1611610,8
551,1611939,1611944,5
552,1611967,1611974,7
553,1611974,1611981,7
554,1617037,1617042,5
555,1621046,1621051,5
556,1627619,1627627,8
557,1628079,1628166,87
558,1629602,1629724,122
559,1630280,1630302,22
560,1630302,1630419,117
561,1631048,1631387,339
562,1631387,1631435,48
563,1631435,1631595,160
564,1631595,1631666,71
565,1631666,1631844,178
566,1631844,1632183,339
567,1632694,1632705,11
568,1632705,1633145,440
569,1633145,1633150,5
570,1634995,1635082,87
571,1635512,1635517,5
572,1640013,1640020,7
573,1640689,1640693,4
574,1642150,1642155,5
575,1650516,1650523,7
576,1650523,1650529,6
577,1652739,1652746,7
578,1654822,1654831,9
579,1659794,1659800,6
580,1671091,1671098,7
581,1673283,1673289,6
582,1673289,1673295,6
583,1679401,1679410,9
584,1679410,1679416,6
585,1681100,1681105,5
586,1684459,1684466,7
587,1688256,1688266,10
588,1690264,1690270,6
589,1690381,1690388,7
590,1691681,1691687,6
591,1706623,1706629,6
592,1737412,1738153,741
593,1738153,1738651,498
594,1738651,1738733,82
595,1738733,1739295,562
596,1739295,1739464,169
597,1739464,1739651,187
598,1739651,1740370,719
599,1740487,1741198,711
600,1741198,1741322,124
601,1741322,1741445,123
602,1741445,1741505,60
603,1741505,1741527,22
604,1741527,1741831,304
605,1741831,1741912,81
606,1741912,1742404,492
607,1742926,1743157,231
608,1743157,1744048,891
609,1744048,1744207,159
610,1744207,1744252,45
611,1744252,1744819,567
612,1744819,1744832,13
613,1746328,1746334,6
614,1757669,1757674,5
615,1794548,1794554,6
616,1801174,1801179,5
617,1818910,1818926,16
618,1818926,1818932,6
619,1825730,1825734,4
620,1834806,1834812,6
621,1843419,1843424,5
622,1846699,1846704,5
623,1846704,1846714,10
624,1846714,1846719,5
625,1854008,1854014,6
626,1854740,1854747,7
627,1854747,1854754,7
628,1856656,1856661,5
629,1857482,1857489,7
630,1869673,1869678,5
631,1871460,1871470,10
632,1882675,1882682,7
633,1889424,1889432,8
634,1893503,1893507,4
635,1902668,1902676,8
636,1905271,1905280,9
637,1920719,1920728,9
638,1930749,1930970,221
639,1930970,1931121,151
640,1931121,1931501,380
641,1931501,1931700,199
642,1932134,1932160,26
643,1932160,1932611,451
644,1932951,1933234,283
645,1934117,1934340,223
646,1935235,1935975,740
647,1937201,1937480,279
648,1937746,1937967,221
649,1939086,1939095,9
650,1939812,1939818,6
651,1955190,1955213,23
652,1956666,1956699,33
653,1956699,1956708,9
654,1956708,1956808,100
655,1956808,1956841,33
656,1956841,1956915,74
657,1956915,1957314,399
658,1957314,1958181,867
659,1958181,1958784,603
660,1958784,1958825,41
661,1958825,1959057,232
662,1962649,1962672,23
663,1982741,1982747,6
664,1983653,1983660,7
665,1997046,1997050,4
666,2002692,2002698,6
667,2002698,2002704,6
668,2007166,2007172,6
669,2013715,2013720,5
670,2017941,2017945,4
671,2017945,2017953,8
672,2018218,2018223,5
673,2024552,2024560,8
674,2036657,2036667,10
675,2039509,2039513,4
676,2045569,2045575,6
677,2046817,2046823,6
678,2048346,2048353,7
679,2050070,2050080,10
680,2050462,2050469,7
681,2050537,2050541,4
682,2050954,2050962,8
683,2054372,2054378,6
684,2060777,2060783,6
685,2062482,2062489,7
686,2067257,2067265,8
687,2068006,2068011,5
688,2068647,2068655,8
689,2080758,2080766,8
690,2083274,2083281,7
691,2085002,2085011,9
692,2091162,2091168,6
693,2091168,2091174,6
694,2091328,2091337,9
695,2109287,2109291,4
696,2112998,2113004,6
697,2114016,2114022,6
698,2117101,2117106,5
699,2117436,2117812,376
700,2117812,2117820,8
701,2120735,2120810,75
702,2121937,2121941,4
703,2127379,2127755,376
704,2127755,2127763,8
705,2130639,2130714,75
706,2133925,2133931,6
707,2144445,2144454,9
708,2149267,2149271,4
709,2154081,2154087,6
710,2154087,2154093,6
711,2155026,2155031,5
712,2156640,2156645,5
713,2157191,2157197,6
714,2188098,2188104,6
715,2195124,2195129,5
716,2195129,2195136,7
717,2195475,2195481,6
718,2199957,2199966,9
719,2200122,2200131,9
720,2204447,2204452,5
721,2219688,2219695,7
722,2219782,2219787,5
723,2219914,2219918,4
724,2224461,2224470,9
725,2224719,2224723,4
726,2224723,2224728,5
727,2230838,2230844,6
728,2248773,2248778,5
729,2248778,2248784,6
730,2249654,2249661,7
731,2250691,2250696,5
732,2253324,2253330,6
733,2254257,2254262,5
734,2254811,2254817,6
735,2255630,2255636,6
736,2261951,2261957,6
737,2266899,2266906,7
738,2271703,2271709,6
739,2295134,2295140,6
740,2302639,2302644,5
741,2302644,2302654,10
742,2308859,2309331,472
743,2309331,2309556,225
744,2309556,2311509,1953
745,2311509,2311516,7
746,2311516,2311723,207
747,2311723,2311849,126
748,2311849,2311897,48
749,2311897,2311930,33
750,2312409,2312719,310
751,2312719,2312869,150
752,2312869,2312978,109
753,2312978,2313243,265
754,2313243,2313663,420
755,2313663,2313798,135
756,2313798,2314663,865
757,2314663,2316016,1353
758,2316016,2316161,145
759,2316161,2316270,109
760,2316270,2316373,103
761,2316475,2316577,102
762,2316577,2316679,102
763,2316679,2316968,289
764,2317567,2317573,6
765,2336822,2336829,7
766,2342037,2342041,4
767,2343113,2343118,5
768,2344036,2344045,9
769,2360186,2360193,7
770,2365212,2365220,8
771,2365793,2365800,7
772,2374993,2375001,8
773,2375862,2375870,8
774,2376895,2376900,5
775,2380258,2380263,5
776,2387155,2387161,6
777,2387161,2387167,6
778,2387330,2387338,8
779,2387338,2387342,4
780,2387342,2387346,4
781,2391049,2391053,4
782,2395329,2395336,7
783,2401324,2401337,13
784,2401337,2401904,567
785,2401904,2401949,45
786,2401949,2402108,159
787,2402108,2402999,891
788,2402999,2403230,231
789,2403230,2403752,522
790,2403752,2404244,492
791,2404244,2404325,81
792,2404325,2404629,304
793,2404629,2404651,22
794,2404651,2404711,60
795,2404711,2404834,123
796,2404834,2404958,124
797,2404958,2405669,711
798,2405669,2405786,117
799,2406505,2406692,187
800,2407195,2407936,741
801,2411996,2412005,9
802,2416268,2416273,5
803,2416273,2416279,6
804,2416279,2416288,9
805,2425136,2425142,6
806,2430624,2430628,4
807,2432734,2432742,8
808,2433782,2433789,7
809,2435337,2435345,8
810,2438866,2438873,7
811,2438873,2438885,12
812,2439585,2439594,9
813,2439663,2439670,7
814,2451162,2451166,4
815,2454202,2454209,7
816,2454967,2454974,7
817,2461228,2461233,5
818,2464673,2464680,7
819,2464680,2464687,7
820,2467498,2467506,8
821,2474499,2474507,8
822,2474875,2474880,5
823,2481210,2481217,7
824,2482114,2482123,9
825,2482756,2482763,7
826,2485865,2485873,8
827,2488667,2488675,8
828,2500787,2500791,4
829,2521331,2521339,8
830,2530012,2530018,6
831,2531363,2531369,6
832,2531369,2531375,6
833,2535615,2535625,10
834,2537760,2537766,6
835,2538309,2538314,5
836,2538314,2538319,5
837,2540169,2540173,4
838,2540394,2540399,5
839,2544603,2544612,9
840,2549061,2549068,7
841,2578393,2578400,7
842,2579817,2579823,6
843,2580478,2580483,5
844,2580483,2580488,5
845,2582543,2582549,6
846,2584895,2584899,4
847,2587117,2587124,7
848,2598213,2598218,5
849,2598218,2598223,5
850,2600936,2600943,7
851,2601563,2601570,7
852,2601686,2601693,7
853,2607193,2607200,7
854,2610468,2611066,598
855,2611066,2611451,385
856,2611451,2612565,1114
857,2612565,2613332,767
858,2613332,2613756,424
859,2613756,2615210,1454
860,2615210,2615685,475
861,2616997,2617267,270
862,2622253,2622259,6
863,2623037,2623043,6
864,2631329,2631334,5
865,2631334,2631339,5
866,2631339,2631344,5
867,2660084,2660091,7
868,2660091,2660098,7
869,2662742,2662749,7
870,2667276,2667281,5
871,2667281,2667289,8
872,2667327,2667332,5
873,2667552,2667556,4
874,2667556,2667560,4
875,2667560,2667568,8
876,2670747,2670753,6
877,2672338,2672344,6
878,2673111,2673116,5
879,2673116,2673120,4
880,2673378,2673384,6
881,2677178,2677184,6
882,2678656,2678660,4
883,2689883,2689891,8
884,2727920,2727924,4
885,2733107,2733113,6
886,2771041,2771049,8
887,2782331,2782339,8
888,2791964,2791969,5
889,2792469,2792477,8
890,2813047,2813053,6
891,2825355,2825524,169
892,2825524,2825711,187
893,2825711,2826430,719
894,2826430,2826547,117
895,2826547,2827258,711
896,2827258,2827382,124
897,2827382,2827505,123
898,2827505,2827565,60
899,2827565,2827587,22
900,2827587,2827891,304
901,2827891,2827972,81
902,2827972,2828464,492
903,2828464,2828986,522
904,2828986,2829217,231
905,2829217,2830108,891
906,2830108,2830267,159
907,2830267,2830312,45
908,2830312,2830879,567
909,2830879,2830892,13
910,2845060,2845082,22
911,2845082,2845105,23
912,2845105,2845252,147
913,2846411,2846637,226
914,2846637,2846862,225
915,2848802,2849954,1152
916,2849954,2849969,15
917,2849969,2850182,213
918,2850182,2850191,9
919,2850191,2850246,55
920,2850852,2850861,9
921,2850861,2850964,103
922,2851743,2851844,101
923,2851971,2851993,22
924,2851993,2852016,23
925,2852016,2852163,147
926,2897811,2897816,5
927,2908773,2908781,8
928,2920791,2920795,4
929,2929693,2929697,4
930,2937472,2937478,6
931,2937478,2937490,12
932,2940472,2940479,7
933,2941122,2941126,4
934,2945990,2945996,6
935,2946470,2946478,8
936,2946865,2946872,7
937,2946872,2946879,7
938,2947012,2947017,5
939,2947106,2947115,9
940,2964209,2964213,4
941,2979605,2979609,4
942,2985753,2985762,9
943,2985771,2985780,9
944,2987469,2987475,6
945,2997469,2997475,6
946,3004408,3004415,7
947,3018209,3018216,7
948,3018216,3018226,10
949,3018226,3018236,10
950,3020264,3020269,5
951,3028706,3028710,4
952,3064447,3064455,8
953,3064455,3064463,8
954,3064463,3064471,8
955,3075804,3075961,157
956,3075961,3076027,66
957,3076750,3077267,517
958,3077267,3077614,347
959,3077614,3077641,27
960,3077641,3077693,52
961,3077693,3077800,107
962,3077800,3077881,81
963,3077881,3078019,138
964,3078019,3078030,11
965,3078030,3078625,595
966,3078625,3078676,51
967,3078676,3079204,528
968,3079204,3079270,66
969,3079270,3079916,646
970,3079916,3080140,224
971,3080140,3080476,336
972,3080723,3080880,157
973,3086631,3086638,7
974,3136945,3136950,5
975,3136950,3136955,5
976,3149755,3149765,10
977,3149779,3149787,8
978,3150077,3150085,8
979,3150313,3150322,9
980,3163987,3163994,7
981,3169089,3169094,5
982,3171984,3171991,7
983,3178656,3178877,221
984,3185745,3185966,221
985,3188588,3188595,7
986,3188711,3188717,6
987,3210192,3210198,6
988,3218807,3219548,741
989,3219548,3220046,498
990,3220046,3220128,82
991,3220851,3221038,187
992,3221757,3221874,117
993,3221874,3222585,711
994,3222585,3222709,124
995,3222709,3222832,123
996,3222832,3222892,60
997,3222892,3222914,22
998,3222914,3223218,304
999,3223218,3223299,81
1000,3223299,3223791,492
1001,3224313,3224544,231
1002,3225429,3225588,159
1003,3225588,3225633,45
1004,3225633,3226200,567
1005,3226200,3226213,13
1006,3241579,3241584,5
1007,3268198,3268202,4
1008,3268202,3268206,4
1009,3301148,3301153,5
1010,3314973,3314977,4
1011,3315058,3315065,7
1012,3340991,3340995,4
1013,3352282,3352288,6
1014,3353999,3354006,7
1015,3418938,3418943,5
1016,3434333,3434340,7
1017,3437197,3437203,6
1018,3438328,3438337,9
1019,3457975,3457979,4
1020,3457979,3457983,4
1021,3457983,3457987,4
1022,3457987,3457991,4
1023,3467843,3467850,7
1024,3490630,3490636,6
1025,3490636,3490644,8
1026,3493393,3494123,730
1027,3494123,3494621,498
1028,3494621,3494703,82
1029,3495265,3495434,169
1030,3495434,3495621,187
1031,3495621,3496340,719
1032,3496340,3496457,117
1033,3496457,3497168,711
1034,3497168,3497292,124
1035,3497292,3497415,123
1036,3497415,3497475,60
1037,3497475,3497497,22
1038,3497497,3497801,304
1039,3497801,3497882,81
1040,3497882,3498374,492
1041,3498374,3498896,522
1042,3498896,3499127,231
1043,3499127,3500018,891
1044,3500018,3500177,159
1045,3500177,3500222,45
1046,3500789,3500802,13
1047,3516863,3516871,8
1048,3517478,3517483,5
1049,3530295,3530303,8
1050,3549417,3549424,7
1051,3597782,3599038,1256
1052,3599038,3599051,13
1053,3599051,3599618,567
1054,3599618,3599663,45
1055,3599663,3599822,159
1056,3599822,3600713,891
1057,3600713,3600944,231
1058,3601464,3601760,296
1059,3601760,3602501,741
1060,3602999,3603081,82
1061,3603081,3603643,562
1062,3603643,3603812,169
1063,3603812,3603999,187
1064,3603999,3604718,719
1065,3604718,3604835,117
1066,3604835,3605546,711
1067,3605546,3605670,124
1068,3605670,3605793,123
1069,3605793,3605853,60
1070,3605853,3605875,22
1071,3605875,3606179,304
1072,3606179,3606260,81
1073,3606260,3606752,492
1074,3606752,3607274,522
1075,3607390,3608109,719
1076,3608109,3608296,187
1077,3608296,3608465,169
1078,3608465,3609027,562
1079,3609027,3609109,82
1080,3610348,3611604,1256
1081,3611604,3611617,13
1082,3611617,3612184,567
1083,3612184,3612229,45
1084,3612229,3612388,159
1085,3612388,3613279,891
1086,3613279,3613510,231
1087,3613510,3614032,522
1088,3614032,3614328,296
1089,3614328,3615069,741
1090,3615567,3615649,82
1091,3615649,3616211,562
1092,3616211,3616380,169
1093,3616380,3616567,187
1094,3617286,3617403,117
1095,3617403,3618114,711
1096,3618114,3618238,124
1097,3618238,3618361,123
1098,3618361,3618421,60
1099,3618421,3618443,22
1100,3618443,3618747,304
1101,3618747,3618828,81
1102,3618828,3619320,492
1103,3675488,3675493,5
1104,3699520,3699534,14
1105,3720274,3720279,5
1106,3753051,3753065,14
1107,3753276,3753290,14
1108,3753595,3753890,295
1109,3760581,3760876,295
1110,3760986,3761000,14
1111,3774461,3774470,9
1112,3787715,3787720,5
1113,3787720,3787725,5
1114,3790759,3791233,474
1115,3791233,3791252,19
1116,3791252,3791304,52
1117,3791304,3791375,71
1118,3792193,3792197,4
1119,3792687,3793619,932
1120,3793619,3793796,177
1121,3793796,3793916,120
1122,3794317,3794409,92
1123,3794409,3794423,14
1124,3794423,3794436,13
1125,3794436,3794800,364
1126,3794800,3794806,6
1127,3796494,3796498,4
1128,3799842,3800316,474
1129,3800316,3800335,19
1130,3800335,3800387,52
1131,3800387,3800458,71
1132,3801274,3801278,4
1133,3801780,3802712,932
1134,3802712,3802889,177
1135,3802889,3803009,120
1136,3803410,3803502,92
1137,3803502,3803516,14
1138,3803516,3803529,13
1139,3803529,3803893,364
1140,3803893,3803899,6
1141,3815993,3816001,8
1142,3816001,3816008,7
1143,3816627,3816634,7
1144,3816634,3816641,7
1145,3817004,3817016,12
1146,3822134,3822142,8
1147,3826175,3826182,7
1148,3826182,3826189,7
1149,3826550,3826557,7
1150,3826557,3826564,7
1151,3827485,3827493,8
1152,3831190,3831197,7
1153,3837954,3837959,5
1154,3862635,3862639,4
1155,3870006,3870014,8
1156,3876838,3876845,7
1157,3888802,3888806,4
1158,3895672,3895680,8
1159,3937051,3937081,30
1160,3937555,3937591,36
1161,3937591,3937672,81
1162,3937672,3937684,12
1163,3939354,3939405,51
1164,3939405,3939482,77
1165,3939482,3939540,58
1166,3941252,3941289,37
1167,3941289,3941319,30
1168,3941319,3941793,474
1169,3941793,3941829,36
1170,3941829,3941910,81
1171,3941910,3941922,12
1172,3942594,3942890,296
1173,3942890,3943256,366
1174,3943256,3943465,209
1175,3943465,3943592,127
1176,3943592,3943643,51
1177,3943643,3943720,77
1178,3943720,3943778,58
1179,3945448,3945485,37
1180,3945485,3945515,30
1181,3945515,3945989,474
1182,3945989,3946025,36
1183,3946025,3946106,81
1184,3946106,3946118,12
1185,3946790,3947086,296
1186,3947086,3947452,366
1187,3947452,3947661,209
1188,3947661,3947788,127
1189,3947839,3947916,77
1190,3947916,3947974,58
1191,3956463,3956468,5
1192,3961483,3961489,6
1193,3962411,3962416,5
1194,3966041,3966048,7
1195,3968407,3968412,5
1196,3988107,3988633,526
1197,3988633,3988852,219
1198,3988852,3988882,30
1199,3990792,3991243,451
1200,3992124,3992282,158
1201,3992282,3992291,9
1202,3992291,3992514,223
1203,3992514,3992587,73
1204,3992587,3992636,49
1205,3992636,3992648,12
1206,3995804,3995813,9
1207,4027099,4027103,4
1208,4040303,4040312,9
1209,4046380,4046386,6
1210,4050790,4050797,7
1211,4053982,4053987,5
1212,4056451,4056459,8
1213,4078578,4078584,6
1214,4082221,4082230,9
1215,4087528,4087536,8
1216,4109579,4109583,4
1217,4110318,4110325,7
1218,4110325,4110332,7
1219,4110332,4110339,7
1220,4110339,4110344,5
1221,4110344,4110349,5
1222,4110349,4110354,5
1223,4130256,4130423,167
1224,4130423,4130590,167
1225,4134075,4134081,6
1226,4141509,4141513,4
1227,4142657,4142664,7
1228,4158833,4158963,130
1229,4160039,4160055,16
1230,4160055,4160293,238
1231,4160293,4160380,87
1232,4160380,4160425,45
1233,4160425,4160841,416
1234,4160841,4160845,4
1235,4161559,4162039,480
1236,4162039,4163141,1102
1237,4163335,4163465,130
1238,4164302,4164804,502
1239,4166834,4166840,6
1240,4179111,4179118,7
1241,4192616,4192620,4
1242,4218794,4218800,6
1243,4221677,4221689,12
1244,4221689,4221704,15
1245,4221704,4221716,12
1246,4221716,4221731,15
1247,4221731,4221743,12
1248,4221743,4221758,15
1249,4222585,4222592,7
1250,4270807,4270814,7
1251,4280116,4280121,5
1252,4280121,4280126,5
1253,4284888,4284934,46
1254,4284934,4284939,5
1255,4286026,4286763,737
1256,4286763,4286785,22
1257,4287703,4287713,10
1258,4287713,4287904,191
1259,4287904,4288028,124
1260,4288028,4288115,87
1261,4288115,4288634,519
1262,4288634,4288693,59
1263,4288693,4288790,97
1264,4313591,4313596,5
1265,4313596,4313601,5
1266,4349274,4349280,6
1267,4353530,4353540,10
1268,4357001,4357006,5
1269,4379496,4379503,7
1270,4379654,4379660,6
1271,4384128,4384255,127
1272,4384255,4384294,39
1273,4384294,4384421,127
1274,4384421,4384460,39
1275,4390953,4390958,5
1276,4391878,4391886,8
1277,4391886,4391892,6
1278,4393049,4393057,8
1279,4397076,4397081,5
1280,4403339,4403347,8
1281,4406666,4406672,6
1282,4414475,4414481,6
1283,4419996,4420001,5
1284,4440273,4440278,5
1285,4441526,4441532,6
1286,4442950,4442956,6
1287,4451972,4451981,9
1288,4456859,4456864,5
1289,4456994,4457001,7
1290,4457327,4457335,8
1291,4470374,4470382,8
1292,4470390,4470398,8
1293,4470398,4470406,8
1294,4471238,4471245,7
1295,4474559,4474567,8
1296,4474670,4474674,4
1297,4479451,4479458,7
1298,4483700,4483706,6
1299,4483706,4483712,6
1300,4483751,4483757,6
1301,4486440,4486445,5
1302,4504259,4504263,4
1303,4510910,4510915,5
1304,4519766,4519777,11
1305,4528470,4528477,7
1306,4528520,4528526,6
1307,4528795,4528802,7
1308,4531992,4531998,6
1309,4534394,4534403,9
1310,4547429,4547435,6
1311,4558278,4558284,6
1312,4558284,4558290,6
1313,4558290,4558296,6
1314,4562212,4562219,7
1315,4562219,4562226,7
1316,4563054,4563061,7
1317,4567419,4567426,7
1318,4567426,4567433,7
1319,4568102,4568108,6
1320,4568108,4568114,6
1321,4570048,4570053,5
1322,4570198,4570205,7
1323,4572579,4572587,8
1324,4574153,4574158,5
1325,4576491,4576495,4
1326,4580724,4580729,5
1327,4580729,4580734,5
1328,4584700,4584707,7
1329,4589039,4589046,7
1330,4603007,4603012,5
1331,4603012,4603016,4
1332,4604794,4604801,7
1333,4629495,4629559,64
1334,4633633,4633697,64
1335,4640733,4640739,6
1336,4645920,4645926,6
1337,4648181,4648190,9
1338,4650474,4650481,7
1339,4664141,4664149,8
1340,4664149,4664154,5
1341,4664154,4664159,5
1342,4665263,4665267,4
1343,4673518,4673524,6
1344,4680701,4680710,9
1345,4700500,4700536,36
1346,4701624,4701628,4
1347,4710155,4710161,6
1348,4719291,4719297,6
1349,4725561,4725569,8
1350,4731918,4731954,36
1351,4732377,4732383,6
1352,4732383,4732629,246
1353,4737959,4737965,6
1354,4763464,4763487,23
1355,4770635,4770642,7
1356,4771029,4771033,4
1357,4776262,4776279,17
1358,4776573,4776720,147
1359,4776720,4776867,147
1360,4776997,4777014,17
1361,4780302,4780307,5
1362,4785519,4785523,4
1363,4792485,4792521,36
1364,4827221,4827226,5
1365,4828115,4828267,152
1366,4828267,4828290,23
1367,4828720,4828875,155
1368,4831272,4831916,644
1369,4833721,4833781,60
1370,4833781,4833793,12
1371,4833793,4833822,29
1372,4833822,4833920,98
1373,4834998,4835150,152
1374,4835150,4835173,23
1375,4882174,4882181,7
1376,4901799,4901805,6
1377,4908176,4908182,6
1378,4908471,4908475,4
1379,4913903,4913909,6
1380,4916719,4916727,8
1381,4956333,4956340,7
1382,4960639,4960644,5
1383,4962602,4962610,8
1384,4963372,4963382,10
1385,4963856,4963862,6
1386,4968212,4968218,6
1387,4972296,4972301,5
1388,4987250,4987255,5
1389,4989788,4989795,7
1390,4991599,4991644,45
1391,4991644,4991803,159
1392,4992694,4992925,231
1393,4992925,4993447,522
1394,4993447,4993939,492
1395,4993939,4994020,81
1396,4994020,4994324,304
1397,4994324,4994346,22
1398,4994346,4994406,60
1399,4994406,4994529,123
1400,4994529,4994653,124
1401,4994653,4995364,711
1402,4995364,4995481,117
1403,4995807,4995820,13
1404,5002546,5002554,8
1405,5010050,5010058,8
1406,5010058,5010065,7
1407,5010712,5010716,4
1408,5010716,5010720,4
1409,5014755,5014762,7
1410,5021085,5021092,7
1411,5021741,5021746,5
1412,5045513,5045521,8
1413,5046002,5046008,6
1414,5048227,5048231,4
1415,5051845,5051853,8
1416,5059869,5059875,6
1417,5059941,5059946,5
1418,5063623,5063629,6
1419,5087281,5087290,9
1420,5097200,5097211,11
1421,5098595,5098604,9
1422,5099363,5099445,82
1423,5099445,5099559,114
1424,5099559,5099783,224
1425,5099783,5099913,130
1426,5099913,5099984,71
1427,5100477,5100641,164
1428,5100641,5100995,354
1429,5101200,5101407,207
1430,5102222,5102545,323
1431,5175665,5175674,9
1432,5202470,5202480,10
1433,5227753,5227757,4
1434,5247866,5247872,6
1435,5248924,5248933,9
1436,5256631,5256637,6
1437,5269547,5269551,4
1438,5290299,5290306,7
1439,5290831,5290835,4
1440,5297838,5297845,7
1441,5297845,5297852,7
1442,5308162,5308168,6
1443,5318298,5318303,5
1444,5322243,5322248,5
1445,5331281,5331288,7
1446,5334163,5334173,10
1447,5334173,5334177,4
1448,5338819,5338855,36
1449,5338855,5339278,423
1450,5339278,5339284,6
1451,5344020,5344027,7
1452,5352541,5352545,4
1453,5355751,5355755,4
1454,5389932,5390434,502
1455,5390434,5391288,854
1456,5391288,5391418,130
1457,5391418,5391613,195
1458,5391842,5391972,130
1459,5396065,5396072,7
1460,5396072,5396086,14
1461,5396086,5396093,7
1462,5396093,5396100,7
1463,5404794,5404799,5
1464,5428893,5428901,8
1465,5429713,5429720,7
1466,5429720,5429727,7
1467,5430718,5430724,6
1468,5431420,5431427,7
1469,5481763,5482542,779
1470,5482542,5482909,367
1471,5484263,5484346,83
1472,5496104,5496110,6
1473,5501848,5501856,8
1474,5521259,5521619,360
1475,5521619,5521979,360
1476,5521979,5522339,360
1477,5522339,5522699,360
1478,5522699,5523059,360
1479,5526773,5526785,12
1480,5526785,5526834,49
1481,5526834,5526907,73
1482,5527010,5527536,526
1483,5527536,5528342,806
1484,5546297,5546301,4
1485,5555066,5555073,7
1486,5568776,5568783,7
1487,5591598,5591606,8
1488,5591606,5591614,8
1489,5606195,5606201,6
1490,5606201,5606207,6
1491,5620614,5620619,5
1492,5626702,5626708,6
1493,5626708,5626714,6
1494,5626714,5626720,6
1495,5628029,5628034,5
1496,5631378,5631384,6
1497,5632503,5632512,9
1498,5632744,5632748,4
1499,5641641,5641648,7
1500,5643117,5643122,5
1501,5643122,5643127,5
1502,5645860,5645868,8
1503,5647176,5647184,8
1504,5660592,5660598,6
1505,5665162,5665166,4
1506,5670946,5670952,6
1507,5674619,5674623,4
1508,5675989,5675994,5
1509,5683172,5683177,5
1510,5685781,5685787,6
1511,5686705,5686711,6
1512,5687375,5687383,8
1513,5690063,5690071,8
1514,5690071,5690076,5
1515,5695962,5695971,9
1516,5700037,5700044,7
1517,5700549,5700556,7
1518,5700685,5700690,5
1519,5705807,5705812,5
1520,5705842,5705846,4
1521,5718432,5718437,5
1522,5718437,5718446,9
1523,5723310,5723315,5
1524,5727753,5728116,363
1525,5728436,5728751,315
1526,5728751,5729693,942
1527,5729693,5729775,82
1528,5729775,5729905,130
1529,5729905,5729978,73
1530,5729978,5730294,316
1531,5730294,5730611,317
1532,5739691,5739703,12
1533,5739785,5739797,12
1534,5750617,5750624,7
1535,5754184,5754189,5
1536,5754324,5754329,5
1537,5761369,5761374,5
1538,5764681,5764688,7
1539,5768681,5768685,4
1540,5768685,5768693,8
1541,5768693,5768701,8
1542,5769161,5769168,7
1543,5769168,5769175,7
1544,5774868,5774873,5
1545,5777723,5777729,6
1546,5782406,5782412,6
1547,5795386,5795393,7
1548,5801610,5801614,4
1549,5862645,5862651,6
1550,5869618,5869624,6
1551,5872629,5872638,9
1552,5872638,5872643,5
1553,5878827,5878834,7
1554,5882864,5882875,11
1555,5903677,5903683,6
1556,5903853,5903859,6
1557,5927522,5927568,46
1558,5927568,5927573,5
1559,5928661,5929398,737
1560,5929398,5929420,22
1561,5930338,5930348,10
1562,5930348,5930539,191
1563,5930539,5930663,124
1564,5930663,5930750,87
1565,5930750,5931269,519
1566,5931269,5931328,59
1567,5931328,5931425,97
1568,5938870,5938875,5
1569,5940262,5940268,6
1570,5940268,5940277,9
1571,5941466,5941518,52
1572,5941596,5941611,15
1573,5942658,5942962,304
1574,5945108,5945160,52
1575,5945238,5945253,15
1576,5945736,5946040,304
1577,5955695,5955704,9
1578,5955704,5955711,7
1579,5956943,5956948,5
1580,5956948,5956953,5
1581,5956953,5956958,5
1582,5956958,5956963,5
1583,5958060,5958065,5
1584,5962852,5962857,5
1585,5985108,5985114,6
1586,5986215,5986220,5
1587,5989008,5989012,4
1588,5989012,5989020,8
1589,5989020,5989024,4
1590,5989172,5989181,9
1591,5997771,5997778,7
1592,6000067,6000076,9
1593,6002926,6002931,5
1594,6002931,6002941,10
1595,6002941,6002946,5
1596,6002946,6002951,5
1597,6003692,6003699,7
1598,6008622,6008631,9
1599,6010434,6010441,7
1600,6015244,6015251,7
1601,6015251,6015255,4
1602,6021848,6021854,6
1603,6022759,6022767,8
1604,6022991,6022998,7
1605,6022998,6023005,7
1606,6023005,6023012,7
1607,6025219,6025226,7
1608,6025249,6025257,8
1609,6025257,6025265,8
1610,6028533,6028540,7
1611,6028540,6028547,7
1612,6028547,6028554,7
1613,6028554,6028561,7
1614,6028561,6028568,7
1615,6028568,6028575,7
1616,6028575,6028582,7
1617,6029268,6029275,7
1618,6029275,6029285,10
1619,6030414,6030422,8
1620,6030422,6030428,6
1621,6030428,6030440,12
1622,6045839,6045844,5
1623,6049779,6049789,10
1624,6052666,6052674,8
1625,6056729,6056733,4
1626,6061376,6061385,9
1627,6061385,6061394,9
1628,6061394,6061403,9
1629,6061412,6061418,6
1630,6061418,6061424,6
1631,6070569,6070576,7
1632,6084950,6084956,6
1633,6086020,6086024,4
1634,6094806,6094811,5
1635,6094811,6094816,5
1636,6094816,6094821,5
1637,6115325,6115333,8
1638,6145634,6145643,9
1639,6145652,6145661,9
1640,6159847,6159854,7
1641,6164858,6164865,7
1642,6168126,6168134,8
1643,6171685,6171888,203
1644,6171888,6172019,131
1645,6172019,6172036,17
1646,6178402,6178605,203
1647,6178605,6178736,131
1648,6178736,6178753,17
1649,6184758,6184766,8
1650,6199506,6199513,7
1651,6220331,6220338,7
1652,6228562,6228570,8
1653,6233936,6233944,8
1654,6238629,6238634,5
1655,6240309,6240319,10
1656,6244736,6244743,7
1657,6250618,6250627,9
1658,6258848,6258855,7
1659,6261524,6261531,7
1660,6263340,6263345,5
1661,6268798,6268803,5
1662,6268897,6268906,9
1663,6271115,6271120,5
1664,6271298,6271304,6
1665,6272234,6272240,6
1666,6277262,6277290,28
1667,6277290,6277371,81
1668,6277371,6277490,119
1669,6277490,6277518,28
1670,6277718,6277746,28
1671,6277746,6277827,81
1672,6277946,6277974,28
1673,6277974,6278055,81
1674,6278055,6278174,119
1675,6278174,6278202,28
1676,6278283,6278388,105
1677,6278388,6278402,14
1678,6278402,6278430,28
1679,6278511,6278616,105
1680,6278616,6278630,14
1681,6278630,6278658,28
1682,6285679,6285683,4
1683,6290221,6290229,8
1684,6290937,6290944,7
1685,6291825,6291833,8
1686,6294586,6294594,8
1687,6304829,6304835,6
1688,6355856,6355861,5
1689,6355861,6355866,5
1690,6356601,6356606,5
1691,6356606,6356614,8
1692,6363215,6363228,13
1693,6365436,6365449,13
1694,6371098,6371104,6
1695,6371646,6371656,10
1696,6372105,6372109,4
1697,6389560,6389564,4
1698,6393243,6393606,363
1699,6393606,6393926,320
1700,6393926,6394241,315
1701,6395157,6395239,82
1702,6395239,6395369,130
1703,6395369,6395442,73
1704,6395442,6395758,316
1705,6402954,6402959,5
1706,6429146,6429152,6
1707,6430867,6430875,8
1708,6445473,6445975,502
1709,6446963,6447443,480
1710,6447443,6448157,714
1711,6448157,6448161,4
1712,6448161,6448577,416
1713,6448577,6448622,45
1714,6448622,6448709,87
1715,6448947,6448963,16
1716,6448963,6449724,761
1717,6449724,6450039,315
1718,6450039,6450169,130
1719,6450169,6450760,591
1720,6456646,6456651,5
1721,6508854,6508864,10
1722,6525792,6525798,6
1723,6528460,6528466,6
1724,6537233,6537241,8
1725,6539575,6539582,7
1726,6542857,6542863,6
1727,6547181,6547188,7
1728,6551940,6551945,5
1729,6556002,6556010,8
1730,6562884,6563356,472
1731,6563356,6563581,225
1732,6563581,6565534,1953
1733,6565534,6565541,7
1734,6565541,6565748,207
1735,6565748,6565874,126
1736,6565874,6565922,48
1737,6565922,6565955,33
1738,6566434,6566744,310
1739,6566744,6566894,150
1740,6566894,6567003,109
1741,6567003,6567268,265
1742,6567268,6567688,420
1743,6567688,6567823,135
1744,6567823,6568688,865
1745,6568688,6570041,1353
1746,6570041,6570186,145
1747,6570186,6570295,109
1748,6570295,6570398,103
1749,6570398,6570500,102
1750,6570500,6570602,102
1751,6584891,6584899,8
1752,6605738,6605870,132
1753,6605870,6605968,98
1754,6605968,6606034,66
1755,6606034,6606250,216
1756,6606852,6606889,37
1757,6606889,6607340,451
1758,6607340,6607379,39
1759,6607379,6607757,378
1760,6607757,6608152,395
1761,6608152,6608427,275
1762,6609533,6609540,7
1763,6610896,6610903,7
1764,6612606,6612614,8
1765,6612656,6612666,10
1766,6612818,6612825,7
1767,6613229,6613238,9
1768,6619413,6619419,6
1769,6619559,6619566,7
1770,6619653,6619658,5
1771,6619722,6619729,7
1772,6619729,6619736,7
1773,6629148,6629152,4
1774,6629678,6629687,9
1775,6636609,6636615,6
1776,6640578,6640582,4
1777,6640650,6640654,4
1778,6644870,6644875,5
1779,6645083,6645091,8
1780,6646639,6646646,7
1781,6648962,6648971,9
1782,6666222,6666226,4
1783,6668651,6668655,4
1784,6669293,6669300,7
1785,6673359,6673367,8
1786,6676133,6676140,7
1787,6676957,6676967,10
1788,6677556,6677562,6
1789,6679910,6679917,7
1790,6681775,6681780,5
1791,6689552,6689559,7
1792,6698004,6698010,6
1793,6706275,6706282,7
1794,6714313,6714319,6
1795,6714319,6714331,12
1796,6714331,6714340,9
1797,6714340,6714346,6
1798,6723265,6723273,8
1799,6723273,6723277,4
1800,6723277,6723284,7
1801,6724434,6724438,4
1802,6729441,6729446,5
1803,6730472,6730478,6
1804,6733791,6733797,6
1805,6738071,6738076,5
1806,6742440,6742447,7
1807,6746817,6746823,6
1808,6747966,6747970,4
1809,6747970,6747978,8
1810,6747978,6747986,8
1811,6748746,6748750,4
1812,6751570,6751577,7
1813,6755076,6755082,6
1814,6775937,6775941,4
1815,6776451,6776459,8
1816,6779179,6779187,8
1817,6779734,6779739,5
1818,6782755,6782760,5
1819,6784817,6784821,4
1820,6784821,6784825,4
1821,6799255,6799260,5
1822,6800442,6800449,7
1823,6813286,6813293,7
1824,6813303,6813311,8
1825,6814945,6814950,5
1826,6815135,6815140,5
1827,6828498,6828505,7
1828,6842713,6842717,4
1829,6854430,6854435,5
1830,6861992,6861999,7
1831,6920185,6920192,7
1832,6952786,6952792,6
1833,6965096,6965105,9
1834,6965451,6965457,6
1835,6965457,6965463,6
1836,6965463,6965469,6
1837,6967271,6967278,7
1838,6977437,6977443,6
1839,6979903,6979913,10
1840,6990278,6990287,9
1841,6993458,6993463,5
1842,6993463,6993468,5
1843,6993468,6993473,5
1844,6997040,6997047,7
1845,7001825,7001832,7
1846,7001832,7001840,8
1847,7036978,7036982,4
1848,7050152,7050161,9
1849,7073299,7073303,4
1850,7073376,7073382,6
1851,7093091,7093098,7
1852,7096263,7096270,7
1853,7104127,7104133,6
1854,7126742,7126755,13
1855,7126755,7127322,567
1856,7127322,7127367,45
1857,7127367,7127526,159
1858,7127526,7128417,891
1859,7128417,7128648,231
1860,7128648,7129170,522
1861,7129170,7129662,492
1862,7129662,7129743,81
1863,7129743,7130047,304
1864,7130047,7130069,22
1865,7130069,7130129,60
1866,7130129,7130252,123
1867,7130252,7130376,124
1868,7131087,7131204,117
1869,7132279,7132841,562
1870,7132841,7132923,82
1871,7132923,7133421,498
1872,7134502,7134517,15
1873,7134517,7134532,15
1874,7141512,7141519,7
1875,7141519,7141526,7
1876,7155254,7155261,7
1877,7156271,7156280,9
1878,7161425,7161431,6
1879,7169090,7169102,12
1880,7171254,7171262,8
1881,7173480,7173488,8
1882,7179191,7179198,7
1883,7189643,7189650,7
1884,7193074,7193079,5
1885,7193079,7193084,5
1886,7193479,7193488,9
1887,7207313,7207320,7
1888,7209282,7209286,4
1889,7218173,7218180,7
1890,7235791,7235798,7
1891,7235987,7235994,7
1892,7235994,7236002,8
1893,7236002,7236008,6
1894,7236008,7236014,6
1895,7252686,7252691,5
1896,7262540,7262548,8
1897,7266052,7266059,7
1898,7272051,7272059,8
1899,7295821,7295826,5
1900,7299275,7299279,4
1901,7299279,7299283,4
1902,7311879,7311888,9
1903,7312369,7312374,5
1904,7312374,7312384,10
1905,7313851,7313858,7
1906,7314546,7314554,8
1907,7315932,7315938,6
1908,7321877,7321887,10
1909,7327594,7327602,8
1910,7342758,7342766,8
1911,7373704,7373711,7
1912,7407404,7407412,8
1913,7480880,7480916,36
1914,7480916,7481339,423
1915,7481339,7481345,6
1916,7482804,7482811,7
1917,7489173,7489179,6
1918,7494414,7494497,83
1919,7494497,7494551,54
1920,7494551,7494617,66
1921,7494942,7495034,92
1922,7495345,7495379,34
1923,7500311,7500394,83
1924,7500394,7500448,54
1925,7500448,7500514,66
1926,7500839,7500931,92
1927,7501242,7501276,34
1928,7524496,7524503,7
1929,7524952,7524957,5
1930,7528404,7528409,5
1931,7530273,7530280,7
1932,7530888,7530895,7
1933,7534712,7534719,7
1934,7538284,7538291,7
1935,7546781,7546787,6
1936,7546809,7546816,7
1937,7555747,7555752,5
1938,7559376,7559381,5
1939,7559381,7559386,5
1940,7559386,7559391,5
1941,7560401,7560408,7
1942,7561364,7561372,8
1943,7563771,7563778,7
1944,7568228,7568235,7
1945,7569499,7569504,5
1946,7569504,7569509,5
1947,7569509,7569519,10
1948,7569554,7569558,4
1949,7569558,7569566,8
1950,7575254,7575260,6
1951,7576339,7576345,6
1952,7582368,7582376,8
1953,7582376,7582384,8
1954,7582384,7582392,8
1955,7582392,7582400,8
1956,7602225,7602234,9
1957,7612327,7612332,5
1958,7616089,7616095,6
1959,7616095,7616107,12
1960,7616719,7616727,8
1961,7633695,7633704,9
1962,7674256,7674260,4
1963,7691084,7691091,7
1964,7691218,7691225,7
1965,7691225,7691229,4
1966,7703240,7703276,36
1967,7707829,7707837,8
1968,7709065,7709073,8
1969,7709090,7709098,8
1970,7733935,7733942,7
1971,7738764,7738768,4
1972,7739257,7739264,7
1973,7768529,7768535,6
1974,7774428,7774434,6
1975,7784330,7784366,36
1976,7784591,7784597,6
1977,7786802,7786810,8
1978,7788609,7788618,9
1979,7815738,7816096,358
1980,7819314,7819672,358
1981,7853904,7853910,6
1982,7871211,7871232,21
1983,7871289,7871310,21
1984,7871367,7871388,21
1985,7871388,7871445,57
1986,7871445,7871466,21
1987,7871466,7871523,57
1988,7871523,7871544,21
1989,7873182,7873186,4
1990,7883489,7883496,7
1991,7885930,7885934,4
1992,7886342,7886350,8
1993,7889289,7889294,5
1994,7897548,7898010,462
1995,7898738,7899200,462
1996,7905785,7905792,7
1997,7906447,7906457,10
1998,7914745,7914751,6
1999,7921003,7921010,7
2000,7934168,7934225,57
2001,7935337,7935394,57
2002,7938725,7938729,4
2003,7940093,7940097,4
2004,7945947,7945951,4
2005,7952049,7952055,6
2006,7962007,7962011,4
2007,7975940,7975945,5
2008,7978503,7978510,7
2009,7988362,7988368,6
2010,8033345,8033696,351
2011,8033696,8033843,147
2012,8033843,8033955,112
2013,8033955,8033966,11
2014,8033966,8033971,5
2015,8033971,8034312,341
2016,8034631,8034857,226
2017,8034857,8034902,45
2018,8034902,8035071,169
2019,8035071,8035202,131
2020,8053401,8053405,4
2021,8065618,8065624,6
2022,8066714,8066723,9
2023,8067146,8067153,7
2024,8068719,8068726,7
2025,8070736,8070742,6
2026,8073646,8073652,6
2027,8078781,8078785,4
2028,8081874,8081879,5
2029,8081879,8081884,5
2030,8081884,8081889,5
2031,8088483,8088487,4
2032,8088487,8088491,4
2033,8091114,8091118,4
2034,8107089,8107094,5
2035,8129706,8129713,7
2036,8132385,8132393,8
2037,8135875,8135883,8
2038,8136575,8136581,6
2039,8147346,8147352,6
2040,8148422,8148431,9
2041,8148431,8148439,8
2042,8155482,8155486,4
2043,8155845,8155851,6
2044,8161598,8161606,8
2045,8162671,8162679,8
2046,8164769,8164778,9
2047,8167813,8167819,6
2048,8172144,8172149,5
2049,8182366,8182546,180
2050,8182546,8182727,181
2051,8182727,8182907,180
2052,8183087,8183268,181
2053,8183268,8183449,181
2054,8183449,8183630,181
2055,8183807,8183988,181
2056,8183988,8184169,181
2057,8233164,8233169,5
2058,8233169,8233174,5
2059,8239128,8239132,4
2060,8243092,8243099,7
2061,8249899,8249903,4
2062,8250830,8250834,4
2063,8250858,8250867,9
2064,8253397,8253403,6
2065,8260451,8260461,10
2066,8267630,8267637,7
2067,8282921,8282925,4
2068,8312322,8312327,5
2069,8362265,8362273,8
2070,8362273,8362279,6
2071,8362279,8362285,6
2072,8364907,8364936,29
2073,8425790,8425796,6
2074,8425820,8425826,6
2075,8425826,8425850,24
2076,8425850,8425856,6
2077,8425856,8425880,24
2078,8425880,8425886,6
2079,8425910,8425916,6
2080,8425940,8425946,6
2081,8425970,8425976,6
2082,8426000,8426006,6
2083,8426027,8426033,6
2084,8426054,8426060,6
2085,8428147,8428153,6
2086,8429811,8429816,5
2087,8436857,8436865,8
2088,8438947,8438953,6
2089,8440709,8440714,5
2090,8446787,8446793,6
2091,8454893,8454898,5
2092,8454931,8454938,7
2093,8456240,8456268,28
2094,8456616,8456626,10
2095,8457027,8457045,18
2096,8457248,8457349,101
2097,8457461,8457496,35
2098,8465146,8465174,28
2099,8465521,8465531,10
2100,8465779,8465797,18
2101,8466000,8466101,101
2102,8466213,8466248,35
2103,8475365,8475372,7
2104,8476364,8476370,6
2105,8486725,8486734,9
2106,8498018,8498022,4
2107,8498022,8498026,4
2108,8498101,8498106,5
2109,8500783,8500789,6
2110,8506981,8506985,4
2111,8506985,8506989,4
2112,8515778,8515782,4
2113,8532128,8532135,7
2114,8537551,8537559,8
2115,8555804,8555810,6
2116,8556440,8556446,6
2117,8559581,8559588,7
2118,8563229,8563239,10
2119,8572801,8572805,4
2120,8572964,8572971,7
2121,8582170,8582177,7
2122,8582177,8582182,5
2123,8583983,8583990,7
2124,8606332,8606337,5
2125,8611340,8611348,8
2126,8619528,8619535,7
2127,8625800,8625805,5
2128,8629820,8629826,6
2129,8629826,8629832,6
2130,8629832,8629838,6
2131,8643563,8643570,7
2132,8644109,8644116,7
2133,8646721,8646726,5
2134,8649067,8649072,5
2135,8654047,8654054,7
2136,8656462,8656467,5
2137,8656467,8656472,5
2138,8656472,8656480,8
2139,8656480,8656485,5
2140,8668208,8668216,8
2141,8668240,8668248,8
2142,8672945,8672950,5
2143,8683482,8683487,5
2144,8683487,8683492,5
2145,8687078,8687085,7
2146,8687085,8687092,7
2147,8711387,8711393,6
2148,8713119,8713124,5
2149,8714104,8714110,6
2150,8722304,8722309,5
2151,8722309,8722314,5
2152,8723330,8723335,5
2153,8732546,8732554,8
2154,8763374,8763378,4
2155,8776445,8776453,8
2156,8776453,8776461,8
2157,8776917,8776925,8
2158,8777062,8777069,7
2159,8825497,8825501,4
2160,8869857,8869862,5
2161,8870209,8870215,6
2162,8873924,8873931,7
2163,8877731,8877738,7
2164,8890808,8890812,4
2165,8898357,8898361,4
2166,8922665,8922701,36
2167,8923536,8923542,6
2168,8948039,8948051,12
2169,8950244,8950257,13
2170,8950257,8950824,567
2171,8950824,8950869,45
2172,8950869,8951028,159
2173,8951028,8951919,891
2174,8951919,8952150,231
2175,8952150,8952672,522
2176,8952672,8953164,492
2177,8953164,8953245,81
2178,8953245,8953549,304
2179,8953549,8953571,22
2180,8953571,8953631,60
2181,8953631,8953754,123
2182,8953962,8954131,169
2183,8954131,8954693,562
2184,8954693,8954775,82
2185,8954775,8955273,498
2186,8955273,8956014,741
2187,8969237,8969243,6
2188,9001215,9001221,6
2189,9002023,9002029,6
2190,9021583,9021589,6
2191,9022042,9022046,4
2192,9035653,9035660,7
2193,9037678,9037687,9
2194,9040220,9040228,8
2195,9041708,9041716,8
2196,9043832,9043840,8
2197,9045011,9045021,10
2198,9045021,9045026,5
2199,9045026,9045031,5
2200,9045031,9045036,5
2201,9045356,9045364,8
2202,9046137,9046145,8
2203,9049807,9049813,6
2204,9050532,9050536,4
2205,9063652,9063659,7
2206,9063659,9063666,7
2207,9070206,9070211,5
2208,9094103,9094107,4
2209,9099097,9099104,7
2210,9099104,9099111,7
2211,9103463,9103473,10
2212,9106398,9106405,7
2213,9114656,9114661,5
2214,9115342,9115351,9
2215,9115360,9115366,6
2216,9127722,9127728,6
2217,9128890,9128894,4
2218,9133797,9133807,10
2219,9133807,9133812,5
2220,9133812,9133817,5
2221,9133817,9133822,5
2222,9160322,9160328,6
2223,9166235,9166247,12
2224,9166247,9166259,12
2225,9167934,9167941,7
2226,9167991,9167998,7
2227,9207210,9207218,8
2228,9210289,9210296,7
2229,9214410,9214416,6
2230,9214905,9214912,7
2231,9236133,9236137,4
2232,9244592,9244601,9
2233,9246998,9247004,6
2234,9249096,9249102,6
2235,9250659,9250666,7
2236,9251121,9251127,6
2237,9254163,9254171,8
2238,9259630,9259635,5
2239,9266069,9266073,4
2240,9278847,9278856,9
2241,9279525,9279529,4
2242,9281545,9281554,9
2243,9288696,9288701,5
2244,9309856,9309864,8
2245,9325239,9325243,4
2246,9328805,9328810,5
2247,9330241,9330248,7
2248,9331008,9331013,5
2249,9366972,9366977,5
2250,9366977,9366985,8
2251,9390221,9390228,7
2252,9428878,9428885,7
2253,9445641,9445647,6
2254,9508876,9509122,246
2255,9509122,9509128,6
2256,9509128,9509551,423
2257,9509551,9509587,36
2258,9523353,9523360,7
2259,9547981,9547987,6
2260,9560438,9560444,6
2261,9564178,9564185,7
2262,9564185,9564189,4
2263,9565340,9565347,7
2264,9568003,9568008,5
2265,9572099,9572106,7
2266,9572731,9572737,6
2267,9576365,9576373,8
2268,9595114,9595118,4
2269,9598917,9598923,6
2270,9603956,9603962,6
2271,9626707,9626711,4
2272,9626711,9626715,4
2273,9626715,9626719,4
2274,9627140,9627145,5
2275,9630802,9630808,6
2276,9648095,9648102,7
2277,9651219,9651225,6
2278,9666319,9666323,4
2279,9667358,9667362,4
2280,9673071,9673077,6
2281,9676470,9676478,8
2282,9683328,9683338,10
2283,9689879,9689887,8
2284,9691163,9691169,6
2285,9698456,9698466,10
2286,9702651,9702658,7
2287,9719606,9719614,8
2288,9723366,9723372,6
2289,9724863,9724869,6
2290,9741867,9741874,7
2291,9744207,9744215,8
2292,9751243,9751249,6
2293,9764232,9764236,4
2294,9764236,9764245,9
2295,9778101,9778109,8
2296,9780694,9780702,8
2297,9788648,9788652,4
2298,9798693,9799195,502
2299,9799195,9800049,854
2300,9800049,9800179,130
2301,9800179,9800374,195
2302,9801476,9801956,480
2303,9801956,9802670,714
2304,9802670,9802674,4
2305,9802674,9803090,416
2306,9803090,9803135,45
2307,9803135,9803222,87
2308,9803222,9803460,238
2309,9803460,9803476,16
2310,9803476,9804237,761
2311,9804237,9804552,315
2312,9804552,9804682,130
2313,9834212,9834219,7
2314,9865098,9865103,5
2315,9868223,9868232,9
2316,9878563,9878569,6
2317,9878569,9878577,8
2318,9879070,9879079,9
2319,9879088,9879097,9
2320,9879209,9879218,9
2321,9885091,9885098,7
2322,9886344,9886352,8
2323,9932742,9932747,5
2324,9947939,9947945,6
2325,9966778,9966786,8
2326,9968634,9968638,4
2327,9980472,9980480,8
2328,9988185,9988189,4
2329,9989760,9989767,7
2330,9989767,9989775,8
2331,9989775,9989783,8
2332,9991031,9991038,7
2333,10004736,10004745,9
2334,10009639,10009645,6
2335,10013772,10013782,10
2336,10024835,10024842,7
2337,10030129,10030134,5
2338,10030134,10030141,7
2339,10039463,10039467,4
2340,10041473,10041480,7
2341,10057172,10057176,4
2342,10060684,10060689,5
2343,10077303,10077310,7
2344,10080147,10080154,7
2345,10083560,10083564,4
2346,10086548,10086555,7
2347,10095511,10096102,591
2348,10096102,10096232,130
2349,10096232,10096547,315
2350,10096547,10097308,761
2351,10097308,10097324,16
2352,10097324,10097562,238
2353,10097562,10097649,87
2354,10097649,10097694,45
2355,10098110,10098114,4
2356,10098114,10098828,714
2357,10098828,10099308,480
2358,10100470,10100972,502
2359,10122436,10122445,9
2360,10123052,10123058,6
2361,10140073,10140085,12
2362,10140085,10140134,49
2363,10140134,10140207,73
2364,10140207,10140430,223
2365,10140430,10140439,9
2366,10140439,10140597,158
2367,10141413,10141864,451
2368,10143774,10143804,30
2369,10143804,10144023,219
2370,10144023,10144549,526
2371,10191343,10191352,9
2372,10211543,10211548,5
2373,10215728,10215734,6
2374,10216280,10216287,7
2375,10220476,10220485,9
2376,10228543,10228549,6
2377,10236798,10236803,5
2378,10236803,10236813,10
2379,10237882,10237886,4
2380,10254810,10254814,4
2381,10267604,10268334,730
2382,10268334,10268832,498
2383,10269476,10269645,169
2384,10269645,10269832,187
2385,10269832,10270551,719
2386,10270551,10270668,117
2387,10270668,10271379,711
2388,10271503,10271626,123
2389,10271626,10271686,60
2390,10271686,10271708,22
2391,10271708,10272012,304
2392,10272012,10272093,81
2393,10272093,10272585,492
2394,10272585,10273107,522
2395,10273107,10273338,231
2396,10273338,10274229,891
2397,10274229,10274388,159
2398,10274388,10274433,45
2399,10274433,10275000,567
2400,10275000,10275013,13
2401,10279082,10279090,8
2402,10322111,10322115,4
2403,10325924,10325929,5
2404,10326289,10326295,6
2405,10334777,10334786,9
2406,10372507,10372511,4
2407,10388604,10388610,6
2408,10391227,10391233,6
2409,10422364,10422369,5
2410,10445788,10445794,6
2411,10458758,10458765,7
2412,10469051,10469057,6
2413,10469057,10469063,6
2414,10471845,10471851,6
2415,10486315,10486320,5
2416,10493633,10493641,8
2417,10498300,10498309,9
2418,10501681,10501686,5
2419,10524718,10524724,6
2420,10525419,10526012,593
2421,10526012,10526142,130
2422,10526142,10526457,315
2423,10527218,10527234,16
2424,10527234,10527472,238
2425,10527472,10527559,87
2426,10527559,10527604,45
2427,10528020,10528024,4
2428,10528024,10528738,714
2429,10528738,10529218,480
2430,10529218,10530320,1102
2431,10530515,10530645,130
2432,10531499,10532001,502
2433,10535221,10535225,4
2434,10537476,10537480,4
2435,10537480,10537484,4
2436,10537484,10537488,4
2437,10537831,10537839,8
2438,10551795,10552108,313
2439,10556195,10556200,5
2440,10557228,10557234,6
2441,10566374,10566379,5
2442,10572718,10572722,4
2443,10576103,10576110,7
2444,10580334,10580339,5
2445,10580339,10580343,4
2446,10582681,10582687,6
2447,10584978,10584986,8
2448,10588369,10588374,5
2449,10591433,10591440,7
2450,10597733,10597742,9
2451,10600359,10600364,5
2452,10602054,10602058,4
2453,10602831,10602838,7
2454,10612151,10612157,6
2455,10626303,10626310,7
2456,10631288,10631296,8
2457,10648718,10648727,9
2458,10657856,10657863,7
2459,10680464,10680469,5
2460,10687321,10687843,522
2461,10687843,10688074,231
2462,10688074,10688965,891
2463,10688965,10689124,159
2464,10689124,10689169,45
2465,10689169,10689736,567
2466,10689736,10689749,13
2467,10699605,10699610,5
2468,10701066,10701072,6
2469,10705812,10705818,6
2470,10707506,10707515,9
2471,10710825,10710829,4
2472,10715269,10715281,12
2473,10716190,10716196,6
2474,10716514,10716520,6
2475,10718429,10718438,9
2476,10760860,10760869,9
2477,10775704,10775708,4
2478,10776894,10776901,7
2479,10777725,10777731,6
2480,10807322,10807327,5
2481,10808043,10808048,5
2482,10808048,10808054,6
2483,10808054,10808060,6
2484,10808124,10808133,9
2485,10808133,10808142,9
2486,10810844,10810852,8
2487,10812100,10812108,8
2488,10812124,10812132,8
2489,10812132,10812140,8
2490,10812610,10812617,7
2491,10813291,10813298,7
2492,10813445,10813449,4
2493,10826807,10826814,7
2494,10828842,10828848,6
2495,10828848,10828856,8
2496,10829301,10829306,5
2497,10829346,10829354,8
2498,10829354,10829362,8
2499,10829362,10829369,7
2500,10829601,10829610,9
2501,10836880,10836886,6
2502,10842179,10842183,4
2503,10853541,10853548,7
2504,10856067,10856071,4
2505,10857784,10857793,9
2506,10860636,10860648,12
2507,10868844,10868853,9
2508,10881795,10881804,9
2509,10882304,10882310,6
2510,10882745,10882752,7
2511,10883943,10883950,7
2512,10888784,10888792,8
2513,10892890,10892897,7
2514,10901047,10901055,8
2515,10904480,10904486,6
2516,10911211,10911215,4
2517,10915496,10915500,4
2518,10916373,10916379,6
2519,10921736,10921740,4
2520,10924005,10924010,5
2521,10932209,10932218,9
2522,10933263,10933270,7
2523,10944060,10944065,5
2524,10956136,10956142,6
2525,10956142,10956153,11
2526,10968120,10968127,7
2527,10979510,10979515,5
2528,11048724,11048728,4
2529,11083527,11083533,6
2530,11083533,11083539,6
2531,11083539,11083545,6
2532,11086225,11086237,12
2533,11086649,11086656,7
2534,11088416,11088422,6
2535,11103311,11103316,5
2536,11103624,11103634,10
2537,11104500,11104508,8
2538,11112612,11112618,6
2539,11112618,11112630,12
2540,11112630,11112636,6
2541,11112636,11112642,6
2542,11112642,11112648,6
2543,11116771,11116777,6
2544,11145408,11145412,4
2545,11150826,11150833,7
2546,11157445,11157452,7
2547,11161586,11161592,6
2548,11181522,11181529,7
2549,11184462,11184588,126
2550,11184588,11184816,228
2551,11184816,11184978,162
2552,11184978,11185060,82
2553,11185060,11185440,380
2554,11185440,11185755,315
2555,11185755,11186236,481
2556,11187569,11187771,202
2557,11187771,11188157,386
2558,11188157,11188455,298
2559,11200228,11200236,8
2560,11200236,11200335,99
2561,11232674,11232680,6
2562,11236398,11236404,6
2563,11236404,11236410,6
2564,11252391,11252399,8
2565,11268978,11269077,99
2566,11310730,11310737,7
2567,11312368,11312391,23
2568,11313837,11313870,33
2569,11313870,11313879,9
2570,11313879,11313979,100
2571,11313979,11314012,33
2572,11314012,11314086,74
2573,11314485,11315352,867
2574,11315352,11315955,603
2575,11315955,11315996,41
2576,11315996,11316228,232
2577,11319233,11319256,23
2578,11327316,11327322,6
2579,11328320,11328326,6
2580,11328856,11328862,6
2581,11330638,11330645,7
2582,11330827,11330833,6
2583,11331847,11331859,12
2584,11331871,11331883,12
2585,11336559,11336563,4
2586,11343482,11343489,7
2587,11343993,11343998,5
2588,11344093,11344100,7
2589,11345625,11345634,9
2590,11347362,11347369,7
2591,11352223,11352227,4
2592,11353557,11353563,6
2593,11353563,11353569,6
2594,11357579,11357586,7
2595,11358538,11358543,5
2596,11358543,11358548,5
2597,11391684,11391692,8
2598,11395220,11395227,7
2599,11397313,11397321,8
2600,11399601,11399606,5
2601,11400842,11400847,5
2602,11403653,11403658,5
2603,11409352,11409357,5
2604,11410859,11410867,8
2605,11414794,11414801,7
2606,11422776,11422783,7
2607,11422783,11422790,7
2608,11424320,11424327,7
2609,11427091,11427098,7
2610,11429701,11429709,8
2611,11433260,11433265,5
2612,11433348,11433357,9
2613,11436258,11436263,5
2614,11438919,11438926,7
2615,11439016,11439022,6
2616,11439022,11439028,6
2617,11442585,11442595,10
2618,11443874,11443880,6
2619,11444301,11444309,8
2620,11464056,11464061,5
2621,11477327,11477337,10
2622,11477347,11477352,5
2623,11477352,11477357,5
2624,11477357,11477362,5
2625,11477401,11477405,4
2626,11481333,11481339,6
2627,11483682,11483692,10
2628,11483764,11483773,9
2629,11508199,11508204,5
2630,11508204,11508208,4
2631,11508360,11508367,7
2632,11508367,11508376,9
2633,11509380,11509384,4
2634,11509384,11509388,4
2635,11509388,11509392,4
2636,11510850,11510855,5
2637,11511531,11511537,6
2638,11511567,11511573,6
2639,11514871,11514876,5
2640,11514876,11514881,5
2641,11520546,11520551,5
2642,11528013,11528017,4
2643,11535303,11535435,132
2644,11535435,11535533,98
2645,11535533,11535599,66
2646,11535599,11535815,216
2647,11539491,11539600,109
2648,11539600,11539865,265
2649,11539865,11539902,37
2650,11539902,11540353,451
2651,11540353,11540392,39
2652,11540392,11540770,378
2653,11540770,11541165,395
2654,11547288,11547293,5
2655,11568020,11568028,8
2656,11568992,11569001,9
2657,11586604,11586708,104
2658,11587934,11587950,16
2659,11587950,11588093,143
2660,11588093,11588697,604
2661,11588697,11588801,104
2662,11588801,11590027,1226
2663,11590027,11590043,16
2664,11590043,11590186,143
2665,11590186,11590790,604
2666,11590790,11590894,104
2667,11592120,11592136,16
2668,11592136,11592279,143
2669,11592279,11592883,604
2670,11592883,11592987,104
2671,11594213,11594229,16
2672,11594229,11594372,143
2673,11594372,11594976,604
2674,11594976,11595080,104
2675,11595080,11596306,1226
2676,11596306,11596322,16
2677,11596322,11596465,143
2678,11596465,11597069,604
2679,11598399,11598415,16
2680,11598415,11598558,143
2681,11598558,11599162,604
2682,11599162,11599266,104
2683,11616922,11616928,6
2684,11616928,11616934,6
2685,11616934,11616940,6
2686,11617395,11617401,6
2687,11619585,11619590,5
2688,11633587,11634089,502
2689,11634089,11634943,854
2690,11634943,11635073,130
2691,11636370,11636850,480
2692,11636850,11637564,714
2693,11637564,11637568,4
2694,11637568,11637984,416
2695,11638029,11638116,87
2696,11638116,11638354,238
2697,11638354,11638370,16
2698,11638370,11639131,761
2699,11639131,11639446,315
2700,11639446,11639576,130
2701,11684920,11684927,7
2702,11689165,11689172,7
2703,11694534,11694539,5
2704,11703187,11703191,4
2705,11706959,11706963,4
2706,11711118,11711124,6
2707,11711142,11711147,5
2708,11721524,11721528,4
2709,11725755,11725762,7
2710,11731340,11731346,6
2711,11734645,11734652,7
2712,11735384,11735393,9
2713,11735749,11735754,5
2714,11737609,11738790,1181
2715,11738790,11739936,1146
2716,11739936,11739992,56
2717,11739992,11740064,72
2718,11740064,11740516,452
2719,11740516,11741058,542
2720,11741058,11741065,7
2721,11741065,11741071,6
2722,11741071,11741078,7
2723,11741078,11741503,425
2724,11741503,11742002,499
2725,11742002,11742933,931
2726,11742933,11742997,64
2727,11742997,11743455,458
2728,11745062,11745075,13
2729,11745642,11745687,45
2730,11745687,11745846,159
2731,11745846,11746737,891
2732,11746737,11746968,231
2733,11746968,11747490,522
2734,11747490,11747982,492
2735,11747982,11748063,81
2736,11748063,11748367,304
2737,11748367,11748389,22
2738,11748389,11748449,60
2739,11748449,11748572,123
2740,11748572,11748696,124
2741,11748696,11749407,711
2742,11749407,11749524,117
2743,11749826,11749908,82
2744,11749908,11750406,498
2745,11750877,11752058,1181
2746,11752058,11753204,1146
2747,11753204,11753260,56
2748,11753260,11753332,72
2749,11753332,11753784,452
2750,11753784,11754326,542
2751,11754326,11754333,7
2752,11754333,11754339,6
2753,11754339,11754346,7
2754,11754346,11754771,425
2755,11754771,11755270,499
2756,11755270,11756201,931
2757,11756201,11756265,64
2758,11756265,11756723,458
2759,11759612,11759617,5
2760,11762555,11762563,8
2761,11763174,11763179,5
2762,11765739,11765749,10
2763,11778710,11778714,4
2764,11784085,11784095,10
2765,11784322,11784330,8
2766,11784330,11784334,4
2767,11794176,11794183,7
2768,11799947,11799952,5
2769,11802957,11802965,8
2770,11811248,11811257,9
2771,11823762,11823766,4
2772,11823766,11823770,4
2773,11835762,11835767,5
2774,11841052,11841058,6
2775,11841277,11841285,8
2776,11846560,11846566,6
2777,11849333,11849340,7
2778,11849966,11849974,8
2779,11849974,11849978,4
2780,11858981,11858985,4
2781,11862394,11862399,5
2782,11878206,11878210,4
2783,11878611,11878619,8
2784,11881249,11881255,6
2785,11884873,11884877,4
2786,11884877,11884884,7
2787,11884910,11884919,9
2788,11884919,11884928,9
2789,11887764,11887770,6
2790,11889466,11889826,360
2791,11890186,11890546,360
2792,11893816,11893823,7
2793,11895717,11895729,12
2794,11898864,11898870,6
2795,11898974,11898979,5
2796,11900176,11900182,6
2797,11902440,11902446,6
2798,11903001,11903007,6
2799,11908014,11908019,5
2800,11910822,11910829,7
2801,11916679,11916688,9
2802,11918746,11918762,16
2803,11919667,11919683,16
2804,11934846,11934852,6
2805,11936002,11936007,5
2806,11936357,11936363,6
2807,11936375,11936381,6
2808,11938485,11938492,7
2809,11938985,11938991,6
2810,11957340,11957344,4
2811,11960613,11960621,8
2812,11964303,11964307,4
2813,11971306,11971312,6
2814,11971691,11971695,4
2815,11976549,11976556,7
2816,11976556,11976563,7
2817,11976563,11976567,4
2818,11986718,11986729,11
2819,11987656,11987662,6
2820,11997415,11997423,8
2821,12004869,12004874,5
2822,12009282,12009290,8
2823,12021794,12021802,8
2824,12021802,12021808,6
2825,12038575,12038587,12
2826,12056113,12056119,6
2827,12061282,12061348,66
2828,12061348,12061381,33
2829,12061381,12061447,66
2830,12061447,12061480,33
2831,12061480,12061546,66
2832,12061546,12061579,33
2833,12061579,12061645,66
2834,12061645,12061678,33
2835,12061678,12061744,66
2836,12061744,12061777,33
2837,12061777,12061843,66
2838,12061843,12061876,33
2839,12061876,12061942,66
2840,12062041,12062074,33
2841,12062074,12062140,66
2842,12062140,12062173,33
2843,12062173,12062239,66
2844,12062239,12062272,33
2845,12062272,12062338,66
2846,12062338,12062371,33
2847,12062371,12062437,66
2848,12062437,12062470,33
2849,12062470,12062536,66
2850,12062536,12062569,33
2851,12062569,12062635,66
2852,12062635,12062701,66
2853,12062701,12062734,33
2854,12062734,12062800,66
2855,12062800,12062833,33
2856,12062833,12062899,66
2857,12062899,12062932,33
2858,12062932,12062998,66
2859,12062998,12063064,66
2860,12063064,12063097,33
2861,12063097,12063163,66
2862,12063163,12063196,33
2863,12063196,12063262,66
2864,12063328,12063361,33
2865,12063361,12063427,66
2866,12063427,12063460,33
2867,12063460,12063526,66
2868,12063526,12063592,66
2869,12064779,12064784,5
2870,12070162,12070167,5
2871,12102534,12102541,7
2872,12119963,12119967,4
2873,12142390,12142398,8
2874,12149420,12149427,7
2875,12162791,12162797,6
2876,12170323,12171102,779
2877,12171102,12171469,367
2878,12172823,12172906,83
2879,12221400,12221409,9
2880,12221965,12221970,5
2881,12234861,12234867,6
2882,12236632,12236640,8
2883,12236640,12236647,7
2884,12242913,12242917,4
2885,12249108,12249114,6
2886,12263784,12263792,8
2887,12296904,12296911,7
2888,12297199,12297203,4
2889,12297203,12297208,5
2890,12298355,12298363,8
2891,12302243,12302284,41
2892,12303738,12303745,7
2893,12327585,12327591,6
2894,12331124,12331132,8
2895,12331905,12331914,9
2896,12332690,12332696,6
2897,12333092,12333096,4
2898,12356364,12356372,8
2899,12367238,12367242,4
2900,12375841,12375849,8
2901,12376314,12376321,7
2902,12381181,12381186,5
2903,12381875,12381879,4
2904,12382086,12382212,126
2905,12382212,12382440,228
2906,12382440,12382602,162
2907,12382602,12382684,82
2908,12382684,12383064,380
2909,12384011,12384213,202
2910,12384213,12384599,386
2911,12384599,12384897,298
2912,12402289,12402295,6
2913,12412966,12412971,5
2914,12447327,12447333,6
2915,12450741,12450752,11
2916,12455033,12455037,4
2917,12476010,12476019,9
2918,12476019,12476025,6
2919,12479473,12479479,6
2920,12482800,12482804,4
2921,12482804,12482808,4
2922,12482808,12482816,8
2923,12483415,12483420,5
2924,12486627,12486634,7
2925,12488744,12488751,7
2926,12490204,12490211,7
2927,12491786,12491790,4
2928,12501882,12501886,4
2929,12502214,12502221,7
2930,12503843,12503848,5
2931,12503848,12503853,5
2932,12503853,12503858,5
2933,12503858,12503868,10
2934,12509719,12509724,5
2935,12517893,12517898,5
2936,12517898,12517903,5
2937,12517903,12517908,5
2938,12517930,12517935,5
2939,12517935,12517940,5
2940,12517940,12517945,5
2941,12517945,12517950,5
2942,12519957,12519963,6
2943,12544648,12544654,6
2944,12581255,12581260,5
2945,12588373,12588380,7
2946,12599812,12599818,6
2947,12606714,12606723,9
2948,12607221,12607228,7
2949,12619692,12619696,4
2950,12621400,12621404,4
2951,12624672,12624681,9
2952,12629480,12629484,4
2953,12631727,12631732,5
2954,12638690,12638696,6
2955,12648701,12648710,9
2956,12651133,12651139,6
2957,12663894,12663899,5
2958,12668994,12669000,6
2959,12669000,12669006,6
2960,12671793,12671800,7
2961,12702689,12702706,17
2962,12702706,12702723,17
2963,12708004,12708010,6
2964,12722685,12722692,7
2965,12724183,12724190,7
2966,12725989,12725998,9
2967,12761036,12761042,6
2968,12767116,12767123,7
2969,12786424,12786429,5
2970,12788622,12788632,10
2971,12793720,12793727,7
2972,12794372,12794378,6
2973,12802229,12802237,8
2974,12830957,12830964,7
2975,12833684,12833691,7
2976,12841097,12841102,5
2977,12841102,12841107,5
2978,12892121,12892129,8
2979,12927330,12927334,4
2980,12930666,12931264,598
2981,12931264,12931649,385
2982,12931649,12932763,1114
2983,12932763,12933530,767
2984,12933530,12933954,424
2985,12933954,12935408,1454
2986,12935408,12935883,475
2987,12937187,12937457,270
2988,12945330,12945337,7
2989,12945568,12945573,5
2990,12993140,12993146,6
2991,13033863,13033867,4
2992,13033933,13033942,9
2993,13059949,13059958,9
2994,13062231,13062236,5
2995,13083032,13083038,6
2996,13083038,13083044,6
2997,13083381,13083385,4
2998,13091277,13091282,5
2999,13091695,13091702,7
3000,13092350,13092354,4
3001,13106208,13106217,9
3002,13106706,13106715,9
3003,13108000,13108005,5
3004,13108317,13108324,7
3005,13108324,13108332,8
3006,13115128,13115132,4
3007,13116523,13116531,8
3008,13116531,13116539,8
3009,13130583,13130587,4
3010,13141024,13141034,10
3011,13144062,13144069,7
3012,13145004,13145012,8
3013,13145012,13145020,8
3014,13145020,13145024,4
3015,13148324,13148330,6
3016,13151262,13151271,9
3017,13151402,13151409,7
3018,13151813,13151820,7
3019,13153684,13153712,28
3020,13153712,13153770,58
3021,13153770,13153798,28
3022,13153798,13153856,58
3023,13153856,13153884,28
3024,13153942,13153970,28
3025,13153970,13154028,58
3026,13154028,13154056,28
3027,13154056,13154114,58
3028,13154114,13154142,28
3029,13156175,13156181,6
3030,13176283,13176298,15
3031,13177832,13177869,37
3032,13177869,13177962,93
3033,13178121,13178241,120
3034,13178241,13178369,128
3035,13178369,13178480,111
3036,13179283,13179627,344
3037,13179627,13179649,22
3038,13179649,13180076,427
3039,13182765,13182780,15
3040,13184305,13184342,37
3041,13184342,13184435,93
3042,13184594,13184714,120
3043,13184714,13184842,128
3044,13184842,13184953,111
3045,13185757,13186101,344
3046,13186101,13186123,22
3047,13186123,13186550,427
3048,13189084,13189091,7
3049,13189091,13189099,8
3050,13199342,13199349,7
3051,13206726,13206732,6
3052,13207590,13207598,8
3053,13209052,13209056,4
3054,13223743,13223750,7
3055,13228577,13228583,6
3056,13228583,13228589,6
3057,13229696,13229700,4
3058,13242155,13242162,7
3059,13244808,13244815,7
3060,13244815,13244822,7
3061,13251287,13251294,7
3062,13251889,13251894,5
3063,13251894,13251901,7
3064,13256997,13257005,8
3065,13274115,13274122,7
3066,13274122,13274129,7
3067,13276440,13276448,8
3068,13286767,13286773,6
3069,13295727,13295734,7
3070,13295816,13295824,8
3071,13299351,13299357,6
3072,13302402,13302408,6
3073,13306932,13306936,4
3074,13317676,13317683,7
3075,13326808,13326814,6
3076,13328557,13328561,4
3077,13332796,13332801,5
3078,13379278,13379284,6
3079,13382044,13382049,5
3080,13392378,13392385,7
3081,13392914,13392920,6
3082,13396265,13396269,4
3083,13401734,13401770,36
3084,13403780,13403789,9
3085,13404794,13404799,5
3086,13407297,13407303,6
3087,13408345,13408352,7
3088,13410318,13410322,4
3089,13410322,13410326,4
3090,13416550,13416557,7
3091,13422010,13422016,6
3092,13429835,13430081,246
3093,13430081,13430087,6
3094,13430510,13430546,36
3095,13457578,13457585,7
3096,13468919,13468927,8
3097,13514678,13514682,4
3098,13528360,13528366,6
3099,13532889,13532893,4
3100,13534769,13534776,7
3101,13577402,13577407,5
3102,13596814,13596820,6
3103,13603134,13603141,7
3104,13610897,13610905,8
3105,13616290,13616296,6
3106,13617814,13617818,4
3107,13641714,13641718,4
3108,13659672,13659681,9
3109,13661487,13661491,4
3110,13662640,13662646,6
3111,13662646,13662651,5
3112,13663862,13663868,6
3113,13672087,13672093,6
3114,13678573,13678581,8
3115,13685828,13685835,7
3116,13698745,13698751,6
3117,13710340,13710344,4
3118,13710344,13710349,5
3119,13710349,13710356,7
3120,13710485,13710489,4
3121,13720733,13720740,7
3122,13720877,13720881,4
3123,13728396,13728400,4
3124,13728715,13728724,9
3125,13733063,13733071,8
3126,13733093,13733099,6
3127,13733314,13733320,6
3128,13749935,13749940,5
3129,13751127,13751134,7
3130,13760412,13760416,4
3131,13772367,13772372,5
3132,13776085,13776089,4
3133,13802309,13802316,7
3134,13806725,13806730,5
3135,13814501,13814508,7
3136,13822051,13822056,5
3137,13839782,13839789,7
3138,13839789,13839797,8
3139,13840203,13840213,10
3140,13841233,13841242,9
3141,13888321,13888328,7
3142,13911986,13911996,10
3143,13911996,13912001,5
3144,13928807,13928815,8
3145,13936481,13936485,4
3146,13938687,13938770,83
3147,13938770,13940124,1354
3148,13940124,13940491,367
3149,13943002,13943009,7
3150,13944988,13944992,4
3151,13948516,13948521,5
3152,13948521,13948526,5
3153,13948526,13948536,10
3154,13979718,13979725,7
3155,14001702,14002539,837
3156,14003101,14003383,282
3157,14003637,14003759,122
3158,14003759,14003819,60
3159,14003819,14004028,209
3160,14004028,14004072,44
3161,14004072,14004375,303
3162,14004375,14004474,99
3163,14005269,14005432,163
3164,14005432,14005957,525
3165,14005957,14006294,337
3166,14006294,14006342,48
3167,14006342,14006692,350
3168,14006692,14006794,102
3169,14006794,14006806,12
3170,14016168,14016238,70
3171,14016773,14016843,70
3172,14019296,14019303,7
3173,14022894,14022900,6
3174,14025516,14025527,11
3175,14025652,14025659,7
3176,14027596,14027604,8
3177,14034905,14034910,5
3178,14039196,14039202,6
3179,14047030,14047112,82
3180,14047240,14047255,15
3181,14047255,14047354,99
3182,14047354,14047372,18
3183,14047372,14047480,108
3184,14048269,14048351,82
3185,14048479,14048494,15
3186,14048593,14048611,18
3187,14048611,14048719,108
3188,14049538,14049620,82
3189,14049620,14049748,128
3190,14049748,14049763,15
3191,14049763,14049862,99
3192,14049862,14049880,18
3193,14049880,14049988,108
3194,14050807,14050889,82
3195,14050889,14051017,128
3196,14051017,14051032,15
3197,14051032,14051131,99
3198,14051131,14051149,18
3199,14051149,14051257,108
3200,14052158,14052286,128
3201,14052286,14052301,15
3202,14052301,14052400,99
3203,14052400,14052418,18
3204,14052418,14052526,108
3205,14052526,14053345,819
3206,14053345,14053427,82
3207,14053427,14053555,128
3208,14053555,14053570,15
3209,14053670,14053688,18
3210,14053688,14053796,108
3211,14054615,14054697,82
3212,14054697,14054825,128
3213,14054825,14054840,15
3214,14054840,14054939,99
3215,14054939,14054957,18
3216,14054957,14055065,108
3217,14055966,14056094,128
3218,14056094,14056109,15
3219,14056109,14056208,99
3220,14056208,14056226,18
3221,14056226,14056334,108
3222,14056334,14057153,819
3223,14057153,14057235,82
3224,14057235,14057363,128
3225,14057363,14057378,15
3226,14057378,14057477,99
3227,14057477,14057495,18
3228,14057495,14057603,108
3229,14058504,14058632,128
3230,14058632,14058647,15
3231,14058647,14058746,99
3232,14058746,14058764,18
3233,14059692,14059774,82
3234,14059774,14059902,128
3235,14059902,14059917,15
3236,14059917,14060016,99
3237,14060016,14060034,18
3238,14060034,14060142,108
3239,14060960,14061042,82
3240,14061042,14061170,128
3241,14061170,14061185,15
3242,14061185,14061284,99
3243,14061284,14061302,18
3244,14069787,14069796,9
3245,14071613,14071621,8
3246,14086810,14086815,5
3247,14102989,14102995,6
3248,14106509,14106522,13
3249,14106522,14107089,567
3250,14107089,14107134,45
3251,14107134,14107293,159
3252,14108184,14108415,231
3253,14108415,14108937,522
3254,14108937,14109429,492
3255,14109429,14109510,81
3256,14109510,14109814,304
3257,14109814,14109836,22
3258,14109836,14109896,60
3259,14109896,14110019,123
3260,14110019,14110143,124
3261,14110143,14110854,711
3262,14110854,14110971,117
3263,14111690,14111877,187
3264,14112046,14112608,562
3265,14112608,14112690,82
3266,14112690,14113188,498
3267,14113188,14113918,730
3268,14117671,14117678,7
3269,14147982,14147990,8
3270,14150417,14150424,7
3271,14151819,14151824,5
3272,14152199,14152205,6
3273,14152271,14152275,4
3274,14157763,14158265,502
3275,14159631,14160345,714
3276,14160345,14160349,4
3277,14160349,14160765,416
3278,14160765,14160810,45
3279,14160810,14160897,87
3280,14160897,14161135,238
3281,14161135,14161151,16
3282,14161912,14162227,315
3283,14162227,14162357,130
3284,14166348,14166357,9
3285,14171860,14171902,42
3286,14198325,14198329,4
3287,14199200,14199207,7
3288,14201978,14201984,6
3289,14202044,14202050,6
3290,14202062,14202068,6
3291,14202068,14202074,6
3292,14239396,14239405,9
3293,14242257,14242261,4
3294,14250729,14250733,4
3295,14259816,14259825,9
3296,14260728,14260736,8
3297,14269171,14269177,6
3298,14270025,14270033,8
3299,14272301,14272309,8
3300,14275311,14275323,12
3301,14289034,14289041,7
3302,14294290,14294298,8
3303,14294298,14294306,8
3304,14304228,14304523,295
3305,14309870,14310165,295
3306,14310582,14310587,5
3307,14314880,14314922,42
3308,14314922,14314944,22
3309,14316411,14316433,22
3310,14317586,14317591,5
3311,14322445,14322451,6
3312,14323475,14323482,7
3313,14345272,14345278,6
3314,14379518,14379540,22
3315,14381108,14381130,22
3316,14411941,14411949,8
3317,14417609,14417714,105
3318,14417714,14417813,99
3319,14418568,14418629,61
3320,14418629,14418759,130
3321,14455630,14455634,4
3322,14460819,14460826,7
3323,14475000,14475006,6
3324,14480008,14480015,7
3325,14480015,14480020,5
3326,14485891,14485895,4
3327,14490170,14490175,5
3328,14510336,14510344,8
3329,14511736,14511741,5
3330,14521139,14521146,7
3331,14521146,14521153,7
3332,14522458,14522466,8
3333,14523371,14523379,8
3334,14548699,14548703,4
3335,14551856,14552077,221
3336,14552077,14552228,151
3337,14552228,14552608,380
3338,14552608,14552807,199
3339,14553243,14553269,26
3340,14553269,14553720,451
3341,14554060,14554343,283
3342,14555226,14555449,223
3343,14556343,14557083,740
3344,14558397,14558676,279
3345,14558941,14559162,221
3346,14583359,14583365,6
3347,14585640,14585648,8
3348,14586877,14586882,5
3349,14593822,14593826,4
3350,14597638,14597644,6
3351,14597960,14597964,4
3352,14604897,14604905,8
3353,14604987,14604994,7
3354,14628977,14628984,7
3355,14637176,14637259,83
3356,14637259,14638613,1354
3357,14638613,14638980,367
3358,14638980,14639759,779
3359,14657499,14657506,7
3360,14676894,14676903,9
3361,14688387,14688393,6
3362,14719194,14719216,22
3363,14751566,14751575,9
3364,14766902,14766908,6
3365,14768590,14768594,4
3366,14768673,14768682,9
3367,14768682,14768691,9
3368,14770497,14770503,6
3369,14770503,14770519,16
3370,14777811,14777815,4
3371,14779955,14780271,316
3372,14780271,14780344,73
3373,14780344,14780474,130
3374,14780474,14780556,82
3375,14780556,14781498,942
3376,14781498,14781813,315
3377,14781813,14782133,320
3378,14782133,14782496,363
3379,14791514,14791520,6
3380,14791520,14791526,6
3381,14791526,14791532,6
3382,14791532,14791538,6
3383,14807218,14807227,9
3384,14812671,14812678,7
3385,14815746,14815762,16
3386,14819193,14819239,46
3387,14819239,14819244,5
3388,14820331,14821068,737
3389,14821068,14821090,22
3390,14822008,14822018,10
3391,14822018,14822209,191
3392,14822209,14822333,124
3393,14822333,14822420,87
3394,14822420,14822939,519
3395,14822939,14822998,59
3396,14822998,14823095,97
3397,14827429,14827433,4
3398,14833492,14833496,4
3399,14833675,14833679,4
3400,14843619,14843653,34
3401,14847596,14847630,34
3402,14851909,14851915,6
3403,14853248,14853257,9
3404,14854601,14854606,5
3405,14856547,14856551,4
3406,14856551,14856555,4
3407,14856555,14856559,4
3408,14856559,14856567,8
3409,14864086,14864092,6
3410,14869198,14869205,7
3411,14869205,14869212,7
3412,14881484,14881492,8
3413,14881492,14881500,8
3414,14885133,14885139,6
3415,14902466,14902473,7
3416,14902833,14902842,9
3417,14912894,14912898,4
3418,14920637,14920641,4
3419,14921476,14921483,7
3420,14921850,14921856,6
3421,14921955,14921961,6
3422,14925848,14925854,6
3423,14928324,14928330,6
3424,14931078,14931086,8
3425,14931849,14931854,5
3426,14934420,14934428,8
3427,14938441,14938454,13
3428,14938454,14939021,567
3429,14939021,14939066,45
3430,14939066,14939225,159
3431,14939225,14940116,891
3432,14940116,14940347,231
3433,14940347,14940869,522
3434,14940869,14941361,492
3435,14941361,14941442,81
3436,14941442,14941746,304
3437,14941746,14941768,22
3438,14941768,14941828,60
3439,14941828,14941951,123
3440,14941951,14942075,124
3441,14942075,14942786,711
3442,14942786,14942903,117
3443,14942903,14943622,719
3444,14943622,14943809,187
3445,14943809,14943978,169
3446,14943978,14944540,562
3447,14944540,14944622,82
3448,14944622,14945120,498
3449,14946462,14946469,7
3450,14950035,14950041,6
3451,14950300,14950307,7
3452,14950916,14950923,7
3453,14971395,14971401,6
3454,14996791,14996799,8
3455,15002425,15002432,7
3456,15017993,15018009,16
3457,15018009,15018015,6
3458,15019918,15019922,4
3459,15030871,15030878,7
3460,15031849,15031855,6
3461,15034356,15034405,49
3462,15034405,15034458,53
3463,15034458,15034476,18
3464,15041459,15041508,49
3465,15041508,15041561,53
3466,15041561,15041579,18
3467,15050876,15050883,7
3468,15054091,15054102,11
3469,15057845,15057857,12
3470,15072928,15072934,6
3471,15073088,15073094,6
3472,15073314,15073319,5
3473,15073319,15073326,7
3474,15086168,15086178,10
3475,15086464,15086471,7
3476,15099099,15099106,7
3477,15106272,15106277,5
3478,15114772,15114778,6
3479,15122924,15122931,7
3480,15125423,15125430,7
3481,15128629,15128635,6
3482,15141368,15141374,6
3483,15143007,15143013,6
3484,15144188,15144195,7
3485,15144261,15144267,6
3486,15149711,15149715,4
3487,15155993,15156001,8
3488,15157503,15157509,6
3489,15159248,15159253,5
3490,15181207,15181213,6
3491,15181225,15181231,6
3492,15206527,15206534,7
3493,15217389,15217394,5
3494,15221070,15221077,7
3495,15239270,15239276,6
3496,15239276,15239281,5
3497,15263819,15263824,5
3498,15266578,15266586,8
3499,15329039,15329045,6
3500,15330702,15330708,6
3501,15341734,15341773,39
3502,15342278,15342285,7
3503,15344245,15344284,39
3504,15345691,15345698,7
3505,15346137,15346143,6
3506,15346143,15346149,6
3507,15346227,15346239,12
3508,15349687,15349693,6
3509,15349867,15349873,6
3510,15349873,15349879,6
3511,15352909,15352915,6
3512,15359611,15359616,5
3513,15359616,15359622,6
3514,15360948,15360953,5
3515,15365193,15365200,7
3516,15371703,15371710,7
3517,15378517,15378521,4
3518,15389582,15389588,6
3519,15392326,15392333,7
3520,15399499,15399506,7
3521,15408595,15408600,5
3522,15413632,15413763,131
3523,15413763,15413932,169
3524,15413932,15413977,45
3525,15413977,15414203,226
3526,15414863,15414868,5
3527,15414868,15414879,11
3528,15414879,15414991,112
3529,15414991,15415138,147
3530,15422970,15423132,162
3531,15428711,15428718,7
3532,15435936,15435985,49
3533,15436047,15436065,18
3534,15442955,15442962,7
3535,15462970,15462977,7
3536,15466137,15466146,9
3537,15466269,15466274,5
3538,15480202,15480211,9
3539,15480238,15480247,9
3540,15484224,15484233,9
3541,15495463,15495470,7
3542,15495965,15495972,7
3543,15501813,15501822,9
3544,15504272,15504278,6
3545,15514962,15514969,7
3546,15515787,15515794,7
3547,15528825,15528833,8
3548,15540184,15540192,8
3549,15545613,15545623,10
3550,15545751,15545756,5
3551,15555110,15555116,6
3552,15555392,15555521,129
3553,15556486,15556502,16
3554,15556502,15556508,6
3555,15574804,15574820,16
3556,15575086,15575215,129
3557,15576047,15576052,5
3558,15578352,15578357,5
3559,15584611,15584615,4
3560,15584908,15584917,9
3561,15585965,15585973,8
3562,15585973,15585984,11
3563,15585984,15585988,4
3564,15587247,15587254,7
3565,15592967,15592972,5
3566,15597139,15597144,5
3567,15597144,15597149,5
3568,15610462,15610469,7
3569,15610481,15610489,8
3570,15610604,15610613,9
3571,15620369,15620377,8
3572,15622676,15622684,8
3573,15622684,15622690,6
3574,15622690,15622696,6
3575,15626426,15626431,5
3576,15626431,15626436,5
3577,15626436,15626446,10
3578,15631810,15631818,8
3579,15632305,15632313,8
3580,15632313,15632321,8
3581,15632321,15632325,4
3582,15632325,15632329,4
3583,15632329,15632333,4
3584,15639668,15639676,8
3585,15639676,15639684,8
3586,15655399,15655405,6
3587,15664048,15664056,8
3588,15666270,15666276,6
3589,15669193,15669199,6
3590,15669199,15669205,6
3591,15669205,15669217,12
3592,15672109,15672117,8
3593,15673389,15673396,7
3594,15674872,15674878,6
3595,15680131,15680136,5
3596,15680136,15680140,4
3597,15693649,15693657,8
3598,15693793,15693800,7
3599,15697587,15697592,5
3600,15701981,15701988,7
3601,15711146,15711152,6
3602,15714278,15714284,6
3603,15715954,15715963,9
3604,15721313,15721321,8
3605,15727404,15727410,6
3606,15730929,15730933,4
3607,15730933,15730941,8
3608,15735501,15735512,11
3609,15740561,15740566,5
3610,15740566,15740570,4
3611,15745450,15745456,6
3612,15748294,15748300,6
3613,15748324,15748333,9
3614,15756447,15756453,6
3615,15756453,15756459,6
3616,15756459,15756465,6
3617,15756465,15756471,6
3618,15756471,15756477,6
3619,15766130,15766134,4
3620,15779570,15779578,8
3621,15781073,15781080,7
3622,15781729,15781740,11
3623,15786374,15786380,6
3624,15792622,15792635,13
3625,15794386,15794500,114
3626,15794500,15794788,288
3627,15796172,15796179,7
3628,15796692,15796705,13
3629,15797556,15797670,114
3630,15797670,15797958,288
3631,15799306,15799313,7
3632,15800165,15800174,9
3633,15811580,15811588,8
3634,15819403,15819410,7
3635,15825267,15825276,9
3636,15830583,15830587,4
3637,15837464,15837471,7
3638,15837544,15837554,10
3639,15843085,15843092,7
3640,15846791,15846800,9
3641,15874442,15874446,4
3642,15879065,15879069,4
3643,15882511,15882515,4
3644,15892943,15892948,5
3645,15892948,15892953,5
3646,15903232,15903238,6
3647,15903238,15903254,16
3648,15914720,15914727,7
3649,15917147,15917155,8
3650,15939280,15939286,6
3651,15948299,15948308,9
3652,15948308,15948317,9
3653,15948736,15948742,6
3654,15950294,15950302,8
3655,15954112,15954119,7
3656,15954119,15954126,7
3657,15976414,15976419,5
3658,15990976,15990982,6
3659,15997732,15997741,9
3660,16039642,16039831,189
3661,16043971,16044160,189
3662,16044778,16045063,285
3663,16045063,16045348,285
3664,16045633,16045918,285
3665,16045918,16046203,285
3666,16048780,16049065,285
3667,16049921,16050206,285
3668,16050779,16051064,285
3669,16051064,16051349,285
3670,16051349,16051634,285
3671,16052490,16052775,285
3672,16053917,16054202,285
3673,16054202,16054487,285
3674,16055627,16055912,285
3675,16056197,16056482,285
3676,16075025,16075035,10
3677,16080989,16080995,6
3678,16094401,16094407,6
3679,16111524,16111529,5
3680,16118857,16118864,7
3681,16119136,16119144,8
3682,16119156,16119162,6
3683,16122064,16122070,6
3684,16124389,16124399,10
3685,16124399,16124404,5
3686,16124534,16124540,6
3687,16129083,16129089,6
3688,16133414,16133422,8
3689,16133422,16133430,8
3690,16133430,16133438,8
3691,16141929,16141936,7
3692,16151540,16151544,4
3693,16154156,16154163,7
3694,16156644,16156651,7
3695,16168070,16168077,7
3696,16188252,16188260,8
3697,16195708,16195713,5
3698,16198671,16198676,5
3699,16204055,16204062,7
3700,16211106,16211111,5
3701,16211111,16211119,8
3702,16213117,16213123,6
3703,16214423,16214428,5
3704,16215558,16215565,7
3705,16223079,16223820,741
3706,16224155,16224324,169
3707,16224324,16224511,187
3708,16225230,16225347,117
3709,16226058,16226182,124
3710,16226182,16226305,123
3711,16226305,16226365,60
3712,16226365,16226387,22
3713,16226387,16226691,304
3714,16226691,16226772,81
3715,16226772,16227264,492
3716,16227264,16227786,522
3717,16227786,16228017,231
3718,16228017,16228908,891
3719,16228908,16229067,159
3720,16229067,16229112,45
3721,16229112,16229679,567
3722,16229679,16229692,13
3723,16281455,16281462,7
3724,16292985,16292992,7
3725,16304451,16304458,7
3726,16305472,16305479,7
3727,16306131,16306137,6
3728,16311099,16311103,4
3729,16311103,16311108,5
3730,16311124,16311129,5
3731,16312074,16312080,6
3732,16315653,16315662,9
3733,16320630,16320637,7
3734,16322857,16322862,5
3735,16323272,16323276,4
3736,16340969,16341710,741
3737,16341710,16342208,498
3738,16342208,16342290,82
3739,16342290,16342852,562
3740,16342852,16343021,169
3741,16343021,16343208,187
3742,16343208,16343927,719
3743,16343927,16344044,117
3744,16344044,16344755,711
3745,16344755,16344879,124
3746,16344879,16345002,123
3747,16345002,16345062,60
3748,16345062,16345084,22
3749,16345084,16345388,304
3750,16345388,16345469,81
3751,16345469,16345961,492
3752,16346714,16347605,891
3753,16347605,16347764,159
3754,16347764,16347809,45
3755,16347809,16348376,567
3756,16348376,16348389,13
3757,16352956,16352960,4
3758,16367017,16367021,4
3759,16367570,16367576,6
3760,16375114,16375121,7
3761,16397553,16397561,8
3762,16400407,16400411,4
3763,16410431,16410439,8
3764,16418686,16418695,9
3765,16436344,16436350,6
3766,16439947,16439952,5
3767,16440127,16440134,7
3768,16451342,16451348,6
3769,16453993,16453998,5
3770,16487400,16487408,8
3771,16487864,16487868,4
3772,16499524,16499530,6
3773,16500361,16500368,7
3774,16503529,16503536,7
3775,16504556,16504562,6
3776,16517248,16517260,12
3777,16521398,16521405,7
3778,16521416,16521423,7
3779,16541592,16541598,6
3780,16542568,16542574,6
3781,16542991,16542996,5
3782,16544285,16544289,4
3783,16547845,16547851,6
3784,16556455,16556459,4
3785,16558300,16558378,78
3786,16558705,16558795,90
3787,16566899,16566977,78
3788,16567304,16567394,90
3789,16567875,16567881,6
3790,16597608,16597615,7
3791,16606154,16606158,4
3792,16606305,16606309,4
3793,16618444,16618448,4
3794,16620573,16620581,8
3795,16620581,16620589,8
3796,16620589,16620597,8
3797,16620828,16620837,9
3798,16621558,16621564,6
3799,16626132,16626139,7
3800,16626139,16626149,10
3801,16628365,16628372,7
3802,16656553,16656557,4
3803,16664264,16664270,6
3804,16664552,16664559,7
3805,16675461,16675471,10
3806,16680245,16680253,8
3807,16682579,16682587,8
3808,16689481,16689487,6
3809,16689872,16689878,6
3810,16693403,16693407,4
3811,16698271,16698278,7
3812,16698465,16698475,10
3813,16701246,16701251,5
3814,16706485,16706493,8
3815,16707462,16707469,7
3816,16713478,16713487,9
3817,16719745,16719751,6
3818,16721361,16721366,5
3819,16726448,16726456,8
3820,16728133,16728144,11
3821,16733339,16733347,8
3822,16733428,16733434,6
3823,16733434,16733440,6
3824,16733542,16733549,7
3825,16737526,16737534,8
3826,16737534,16737541,7
3827,16767626,16767634,8
3828,16775516,16775523,7
3829,16775523,16775530,7
3830,16776054,16776063,9
3831,16799332,16799336,4
3832,16806777,16806783,6
3833,16807634,16807638,4
3834,16807790,16807800,10
3835,16808072,16808078,6
3836,16818656,16818662,6
3837,16818662,16818669,7
3838,16824014,16824019,5
3839,16824019,16824025,6
3840,16826358,16826362,4
3841,16827771,16827780,9
3842,16833492,16833497,5
3843,16834920,16834928,8
3844,16835311,16835317,6
3845,16839160,16839168,8
3846,16856543,16856553,10
3847,16860414,16860423,9
3848,16865149,16865154,5
3849,16866072,16866077,5
3850,16866110,16866114,4
3851,16869320,16869326,6
3852,16875014,16875021,7
3853,16881027,16881036,9
3854,16884976,16884983,7
3855,16894645,16894652,7
3856,16897066,16897073,7
3857,16904655,16904660,5
3858,16904660,16904670,10
3859,16907152,16907162,10
3860,16907798,16907803,5
3861,16907803,16907808,5
3862,16907808,16907813,5
3863,16907813,16907818,5
3864,16909121,16909129,8
3865,16909129,16909137,8
3866,16909137,16909145,8
3867,16928778,16928789,11
3868,16933164,16933170,6
3869,16933170,16933179,9
3870,16935015,16935024,9
3871,16936345,16936381,36
3872,16943356,16943365,9
3873,16947266,16947276,10
3874,16947276,16947286,10
3875,16949300,16949307,7
3876,16951390,16951396,6
3877,16954627,16954633,6
3878,16960897,16960903,6
3879,16962019,16962025,6
3880,16964169,16964175,6
3881,16970813,16970819,6
3882,16970819,16970825,6
3883,16979374,16979379,5
3884,17008167,17008174,7
3885,17022485,17022491,6
3886,17022491,17022497,6
3887,17070787,17070792,5
3888,17072483,17072489,6
3889,17073020,17073026,6
3890,17073026,17073032,6
3891,17073032,17073038,6
3892,17073038,17073044,6
3893,17073292,17073298,6
3894,17087356,17087362,6
3895,17099398,17099402,4
3896,17101309,17101319,10
3897,17106588,17106594,6
3898,17114509,17114819,310
3899,17114819,17114969,150
3900,17114969,17115078,109
3901,17115078,17115343,265
3902,17115343,17115763,420
3903,17115763,17115898,135
3904,17116763,17118116,1353
3905,17118116,17118261,145
3906,17118372,17118475,103
3907,17118475,17118577,102
3908,17118577,17118679,102
3909,17118679,17118968,289
3910,17132591,17132599,8
3911,17134622,17134626,4
3912,17153956,17153960,4
3913,17160627,17160633,6
3914,17166536,17166540,4
3915,17179638,17179643,5
3916,17179643,17179648,5
3917,17187548,17187554,6
3918,17191143,17191151,8
3919,17195420,17195546,126
3920,17195774,17195936,162
3921,17195936,17196018,82
3922,17196018,17196398,380
3923,17196398,17196713,315
3924,17196713,17197194,481
3925,17198527,17198729,202
3926,17198729,17199115,386
3927,17199115,17199413,298
3928,17201183,17201189,6
3929,17202184,17202189,5
3930,17224470,17224477,7
3931,17224578,17224586,8
3932,17235456,17235462,6
3933,17247691,17247697,6
3934,17250074,17250086,12
3935,17255958,17255965,7
3936,17262370,17262411,41
3937,17269639,17269643,4
3938,17271755,17271764,9
3939,17280211,17280217,6
3940,17280393,17280398,5
3941,17283618,17283634,16
3942,17286996,17287001,5
3943,17287001,17287005,4
3944,17287005,17287011,6
3945,17289279,17289283,4
3946,17310391,17310397,6
3947,17327428,17327435,7
3948,17328419,17328423,4
3949,17330229,17330236,7
3950,17330236,17330244,8
3951,17330244,17330252,8
3952,17337972,17337979,7
3953,17341324,17341331,7
3954,17354762,17354770,8
3955,17354770,17354778,8
3956,17354778,17354785,7
3957,17356329,17356336,7
3958,17363962,17363967,5
3959,17364387,17364391,4
3960,17365043,17365050,7
3961,17369203,17369207,4
3962,17372868,17372875,7
3963,17377594,17377601,7
3964,17378917,17378925,8
3965,17382158,17382166,8
3966,17395172,17395178,6
3967,17402392,17402397,5
3968,17408464,17408469,5
3969,17408786,17408791,5
3970,17415639,17415644,5
3971,17415644,17415649,5
3972,17422921,17422927,6
3973,17431458,17431494,36
3974,17444117,17444124,7
3975,17446995,17447003,8
3976,17459354,17459362,8
3977,17469404,17469408,4
3978,17475129,17475139,10
3979,17475139,17475144,5
3980,17475719,17475723,4
3981,17484185,17484192,7
3982,17488731,17488738,7
3983,17488738,17488746,8
3984,17506319,17506327,8
3985,17513776,17513784,8
3986,17514348,17514356,8
3987,17514372,17514380,8
3988,17514380,17514388,8
3989,17520255,17520264,9
3990,17522570,17522582,12
3991,17525514,17525520,6
3992,17534212,17534218,6
3993,17543192,17543197,5
3994,17543947,17543953,6
3995,17546672,17546678,6
3996,17557284,17557307,23
3997,17557307,17557329,22
3998,17559773,17559777,4
3999,17564434,17564440,6
4000,17571390,17571396,6
4001,17571568,17571572,4
4002,17582974,17582978,4
4003,17604262,17604270,8
4004,17622116,17622122,6
4005,17636157,17636165,8
4006,17641362,17641366,4
4007,17658876,17658881,5
4008,17662986,17662994,8
4009,17664381,17664387,6
4010,17665883,17665890,7
4011,17671978,17671983,5
4012,17696132,17696136,4
4013,17698448,17698453,5
4014,17698453,17698458,5
4015,17699240,17699245,5
4016,17699245,17699250,5
4017,17703546,17703551,5
4018,17728049,17728058,9
4019,17738408,17738413,5
4020,17740901,17740908,7
4021,17741160,17741165,5
4022,17741671,17741679,8
4023,17744044,17744054,10
4024,17744054,17744058,4
4025,17749543,17749552,9
4026,17752018,17752027,9
4027,17756048,17756053,5
4028,17759602,17759608,6
4029,17759608,17759614,6
4030,17759614,17759620,6
4031,17770823,17770830,7
4032,17770902,17770906,4
4033,17770920,17770930,10
4034,17775511,17775521,10
4035,17777660,17777666,6
4036,17785908,17785912,4
4037,17795726,17795954,228
4038,17796774,17796784,10
4039,17801094,17801102,8
4040,17804773,17804781,8
4041,17804789,17804797,8
4042,17806703,17806710,7
4043,17807514,17807519,5
4044,17807519,17807529,10
4045,17815423,17815431,8
4046,17815431,17815439,8
4047,17815439,17815447,8
4048,17815447,17815455,8
4049,17815455,17815463,8
4050,17815463,17815471,8
4051,17827380,17827385,5
4052,17831355,17831364,9
4053,17837902,17837909,7
4054,17839295,17839302,7
4055,17843942,17843946,4
4056,17852364,17852372,8
4057,17854263,17854269,6
4058,17865508,17865515,7
4059,17869399,17869404,5
4060,17869928,17869934,6
4061,17875262,17875271,9
4062,17876320,17876330,10
4063,17876330,17876335,5
4064,17876335,17876340,5
4065,17876340,17876345,5
4066,17879875,17879882,7
4067,17879882,17879889,7
4068,17884035,17884041,6
4069,17888499,17888550,51
4070,17888550,17888592,42
4071,17888592,17888682,90
4072,17888682,17888770,88
4073,17888770,17889712,942
4074,17889712,17889941,229
4075,17889941,17889948,7
4076,17889948,17889986,38
4077,17889986,17890114,128
4078,17890114,17890531,417
4079,17890531,17890600,69
4080,17890600,17890707,107
4081,17890707,17891133,426
4082,17891133,17891438,305
4083,17891438,17891508,70
4084,17891508,17891614,106
4085,17891614,17891680,66
4086,17891680,17891874,194
4087,17891874,17892225,351
4088,17892225,17892751,526
4089,17895122,17895252,130
4090,17895252,17895447,195
4091,17896419,17896513,94
4092,17896513,17896549,36
4093,17896549,17896601,52
4094,17896601,17896839,238
4095,17897301,17897692,391
4096,17897692,17897892,200
4097,17897892,17897903,11
4098,17897903,17897921,18
4099,17897921,17898191,270
4100,17898191,17898256,65
4101,17898256,17898298,42
4102,17898298,17898421,123
4103,17898421,17898455,34
4104,17898654,17898705,51
4105,17898705,17898747,42
4106,17898747,17898837,90
4107,17898837,17898925,88
4108,17898925,17899867,942
4109,17899867,17900096,229
4110,17900096,17900103,7
4111,17900103,17900141,38
4112,17900141,17900269,128
4113,17900269,17900686,417
4114,17900686,17900755,69
4115,17900755,17900862,107
4116,17900862,17901288,426
4117,17901288,17901593,305
4118,17901593,17901663,70
4119,17901663,17901769,106
4120,17901769,17901835,66
4121,17901835,17902029,194
4122,17902029,17902380,351
4123,17902380,17902906,526
4124,17903839,17903933,94
4125,17903933,17903969,36
4126,17903969,17904021,52
4127,17904021,17904259,238
4128,17904723,17905114,391
4129,17905114,17905314,200
4130,17905314,17905325,11
4131,17905325,17905343,18
4132,17905343,17905613,270
4133,17905613,17905678,65
4134,17905678,17905720,42
4135,17905720,17905843,123
4136,17905843,17905877,34
4137,17907150,17907155,5
4138,17908243,17908248,5
4139,17919607,17919616,9
4140,17923088,17923096,8
4141,17927469,17927473,4
4142,17930921,17930926,5
4143,17930926,17930931,5
4144,17931815,17931822,7
4145,17936371,17936381,10
4146,17937223,17937227,4
4147,17950221,17950225,4
4148,17957592,17957598,6
4149,18000277,18000284,7
4150,18000284,18000290,6
4151,18007340,18007346,6
4152,18007346,18007352,6
4153,18007352,18007358,6
4154,18007358,18007364,6
4155,18013401,18013409,8
4156,18014155,18014161,6
4157,18025182,18025190,8
4158,18026549,18026556,7
4159,18028178,18028187,9
4160,18047597,18047601,4
4161,18067838,18067845,7
4162,18069811,18069817,6
4163,18070891,18070900,9
4164,18074886,18074890,4
4165,18075692,18075696,4
4166,18076417,18076422,5
4167,18077217,18077225,8
4168,18077555,18077559,4
4169,18079677,18079685,8
4170,18082337,18082342,5
4171,18083834,18083838,4
4172,18089190,18089196,6
4173,18089196,18089204,8
4174,18106921,18106928,7
4175,18113212,18113219,7
4176,18116868,18116873,5
4177,18117189,18117195,6
4178,18122580,18122585,5
4179,18122585,18122590,5
4180,18158530,18158536,6
4181,18170041,18170048,7
4182,18201344,18201351,7
4183,18206235,18206243,8
4184,18208422,18208427,5
4185,18208427,18208432,5
4186,18209674,18209680,6
4187,18209704,18209710,6
4188,18212048,18212054,6
4189,18212472,18212478,6
4190,18220663,18220668,5
4191,18222030,18222035,5
4192,18242999,18243005,6
4193,18244992,18244999,7
4194,18244999,18245004,5
4195,18245004,18245009,5
4196,18248428,18248433,5
4197,18253226,18253234,8
4198,18255579,18255589,10
4199,18255589,18255597,8
4200,18255597,18255601,4
4201,18255601,18255605,4
4202,18257912,18257918,6
4203,18257918,18257924,6
4204,18260345,18260352,7
4205,18260352,18260359,7
4206,18260473,18260479,6
4207,18261353,18261357,4
4208,18265063,18265069,6
4209,18267251,18267257,6
4210,18271119,18271129,10
4211,18271658,18271663,5
4212,18280848,18280856,8
4213,18280886,18280890,4
4214,18284897,18284903,6
4215,18284903,18284909,6
4216,18287666,18287670,4
4217,18289324,18289329,5
4218,18289329,18289339,10
4219,18289866,18289872,6
4220,18290022,18290029,7
4221,18290029,18290036,7
4222,18290036,18290043,7
4223,18290043,18290050,7
4224,18290064,18290071,7
4225,18293493,18293502,9
4226,18303384,18303388,4
4227,18304918,18304924,6
4228,18306743,18306753,10
4229,18311026,18311032,6
4230,18317094,18317098,4
4231,18372113,18372122,9
4232,18373695,18373699,4
4233,18376200,18376204,4
4234,18386350,18386355,5
4235,18388740,18388748,8
4236,18393287,18393295,8
4237,18403415,18403419,4
4238,18404416,18404420,4
4239,18404928,18404936,8
4240,18423778,18423785,7
4241,18429664,18429822,158
4242,18429822,18429888,66
4243,18430614,18431131,517
4244,18431131,18431478,347
4245,18431478,18431505,27
4246,18431505,18431557,52
4247,18431557,18431664,107
4248,18431664,18431745,81
4249,18431745,18431883,138
4250,18431883,18431894,11
4251,18431894,18432489,595
4252,18432489,18432540,51
4253,18432540,18433068,528
4254,18433068,18433134,66
4255,18433134,18433780,646
4256,18433780,18434004,224
4257,18434004,18434340,336
4258,18434587,18434745,158
4259,18436145,18436150,5
4260,18443848,18443855,7
4261,18443855,18443862,7
4262,18454777,18454783,6
4263,18459368,18459404,36
4264,18459404,18459440,36
4265,18480595,18480604,9
4266,18481046,18481051,5
4267,18481486,18481490,4
4268,18484975,18484982,7
4269,18485621,18485626,5
4270,18489369,18489373,4
4271,18490172,18490178,6
4272,18496996,18497002,6
4273,18508725,18508731,6
4274,18508731,18508737,6
4275,18509312,18509316,4
4276,18509746,18509755,9
4277,18510621,18510631,10
4278,18511461,18511467,6
4279,18529056,18529064,8
4280,18539439,18539444,5
4281,18539696,18539705,9
4282,18540200,18540207,7
4283,18552055,18552062,7
4284,18555525,18555668,143
4285,18556405,18556562,157
4286,18558429,18558434,5
4287,18558434,18558439,5
4288,18558439,18558444,5
4289,18560056,18560066,10
4290,18560066,18560071,5
4291,18560097,18560102,5
4292,18560102,18560107,5
4293,18560107,18560112,5
4294,18560112,18560117,5
4295,18562278,18562286,8
4296,18598161,18598166,5
4297,18619943,18619959,16
4298,18619959,18619965,6
4299,18622617,18622624,7
4300,18627796,18627803,7
4301,18630923,18630929,6
4302,18630929,18630935,6
4303,18631121,18631128,7
4304,18633180,18633189,9
4305,18634568,18634576,8
4306,18634630,18634634,4
4307,18644709,18644719,10
4308,18647267,18647273,6
4309,18656186,18656192,6
4310,18663942,18663950,8
4311,18673962,18673967,5
4312,18673967,18673977,10
4313,18673977,18673982,5
4314,18673982,18673987,5
4315,18676903,18676910,7
4316,18679666,18679670,4
4317,18679670,18679674,4
4318,18679674,18679678,4
4319,18679678,18679682,4
4320,18679682,18679686,4
4321,18679686,18679690,4
4322,18679960,18679967,7
4323,18681735,18681740,5
4324,18681740,18681745,5
4325,18681745,18681750,5
4326,18681750,18681760,10
4327,18681760,18681765,5
4328,18684597,18684605,8
4329,18684605,18684613,8
4330,18684756,18684763,7
4331,18690225,18690232,7
4332,18694485,18694490,5
4333,18694490,18694495,5
4334,18696219,18696227,8
4335,18696227,18696231,4
4336,18698241,18698247,6
4337,18701383,18701393,10
4338,18701393,18701398,5
4339,18755278,18755408,130
4340,18756559,18756575,16
4341,18756575,18756813,238
4342,18756813,18756900,87
4343,18756900,18756945,45
4344,18757376,18757878,502
4345,18776718,18776726,8
4346,18780985,18781050,65
4347,18782739,18782783,44
4348,18783067,18783072,5
4349,18784518,18784525,7
4350,18785908,18785973,65
4351,18787424,18787468,44
4352,18787752,18787757,5
4353,18789574,18789580,6
4354,18789580,18789588,8
4355,18791798,18791806,8
4356,18792275,18792280,5
4357,18804221,18804228,7
4358,18804228,18804235,7
4359,18812564,18812570,6
4360,18812570,18812586,16
4361,18825517,18825525,8
4362,18838768,18838775,7
4363,18838775,18838782,7
4364,18839997,18840008,11
4365,18843245,18843261,16
4366,18843261,18843267,6
4367,18843980,18843984,4
4368,18854551,18854558,7
4369,18855464,18855471,7
4370,18856620,18856626,6
4371,18857562,18857569,7
4372,18874158,18874164,6
4373,18880995,18881000,5
4374,18881028,18881033,5
4375,18892475,18892484,9
4376,18895454,18895460,6
4377,18896773,18896779,6
4378,18896797,18896803,6
4379,18899596,18899605,9
4380,18903200,18903207,7
4381,18931117,18931125,8
4382,18931125,18931130,5
4383,18958757,18958926,169
4384,18958926,18959113,187
4385,18959832,18959949,117
4386,18959949,18960660,711
4387,18960660,18960784,124
4388,18960784,18960907,123
4389,18960907,18960967,60
4390,18960967,18960989,22
4391,18960989,18961293,304
4392,18961293,18961374,81
4393,18961374,18961866,492
4394,18961866,18962388,522
4395,18962388,18962619,231
4396,18962619,18963510,891
4397,18963510,18963669,159
4398,18963669,18963714,45
4399,18963714,18964281,567
4400,18964281,18964294,13
4401,18966824,18966832,8
4402,18974372,18974379,7
4403,18975429,18975437,8
4404,18985653,18985660,7
4405,18991544,18991551,7
4406,18991986,18991991,5
4407,19000103,19000110,7
4408,19028139,19028145,6
4409,19028840,19028851,11
4410,19035193,19035199,6
4411,19062329,19062645,316
4412,19062645,19062718,73
4413,19062718,19062848,130
4414,19062848,19062930,82
4415,19062930,19063872,942
4416,19063872,19064187,315
4417,19064187,19064507,320
4418,19064507,19064870,363
4419,19072199,19072205,6
4420,19074539,19074544,5
4421,19074631,19074640,9
4422,19076536,19076543,7
4423,19122276,19122284,8
4424,19122339,19122345,6
4425,19138411,19138423,12
4426,19138423,19138472,49
4427,19138472,19138545,73
4428,19138545,19138768,223
4429,19138768,19138777,9
4430,19138777,19138935,158
4431,19138935,19139751,816
4432,19139751,19140202,451
4433,19156457,19156464,7
4434,19158011,19158015,4
4435,19164352,19164361,9
4436,19170388,19170393,5
4437,19170819,19170824,5
4438,19172216,19172224,8
4439,19175106,19175112,6
4440,19181325,19181333,8
4441,19183590,19183599,9
4442,19184716,19184720,4
4443,19184803,19184808,5
4444,19184808,19184813,5
4445,19189583,19189588,5
4446,19190353,19190371,18
4447,19190371,19190389,18
4448,19192343,19192349,6
4449,19196513,19196517,4
4450,19197167,19197174,7
4451,19207164,19207168,4
4452,19222132,19222137,5
4453,19222137,19222147,10
4454,19222147,19222152,5
4455,19222205,19222212,7
4456,19222238,19222247,9
4457,19241906,19241911,5
4458,19244014,19244023,9
4459,19246534,19246540,6
4460,19250987,19250994,7
4461,19259600,19259610,10
4462,19259905,19259912,7
4463,19264033,19264039,6
4464,19269902,19269909,7
4465,19287747,19287753,6
4466,19300776,19300782,6
4467,19311850,19311856,6
4468,19312359,19312365,6
4469,19314903,19314910,7
4470,19315786,19315790,4
4471,19321141,19321146,5
4472,19330719,19330725,6
4473,19349848,19349854,6
4474,19382142,19382146,4
4475,19394124,19394131,7
4476,19394911,19394916,5
4477,19403321,19403326,5
4478,19411806,19411812,6
4479,19420339,19420344,5
4480,19472214,19472250,36
4481,19472673,19472679,6
4482,19475324,19475330,6
4483,19479188,19479197,9
4484,19480484,19480492,8
4485,19484209,19484214,5
4486,19484214,19484219,5
4487,19484239,19484244,5
4488,19488804,19488811,7
4489,19488811,19488820,9
4490,19491127,19491132,5
4491,19498201,19498206,5
4492,19498241,19498246,5
4493,19498849,19498855,6
4494,19517970,19517974,4
4495,19527702,19527706,4
4496,19532419,19532424,5
4497,19532424,19532429,5
4498,19532429,19532434,5
4499,19532899,19532904,5
4500,19532904,19532909,5
4501,19532909,19532915,6
4502,19532915,19532921,6
4503,19532921,19532927,6
4504,19532927,19532933,6
4505,19533787,19533791,4
4506,19533802,19533809,7
4507,19538649,19538658,9
4508,19543732,19543740,8
4509,19545303,19545308,5
4510,19545318,19545324,6
4511,19562880,19562886,6
4512,19565228,19565233,5
4513,19567016,19567024,8
4514,19583858,19583866,8
4515,19589237,19589246,9
4516,19590441,19590460,19
4517,19593088,19593092,4
4518,19607739,19607744,5
4519,19627050,19627057,7
4520,19641859,19641868,9
4521,19659256,19659264,8
4522,19669928,19669933,5
4523,19669933,19669938,5
4524,19671033,19671039,6
4525,19671039,19671045,6
4526,19679283,19679287,4
4527,19682322,19682328,6
4528,19688119,19688128,9
4529,19692636,19692645,9
4530,19710056,19710061,5
4531,19710622,19710647,25
4532,19715472,19715479,7
4533,19715479,19715486,7
4534,19715486,19715493,7
4535,19715493,19715501,8
4536,19715501,19715505,4
4537,19715505,19715509,4
4538,19716608,19716617,9
4539,19724269,19724275,6
4540,19726588,19726594,6
4541,19728463,19728471,8
4542,19729041,19729048,7
4543,19738355,19738361,6
4544,19739408,19739417,9
4545,19740639,19740646,7
4546,19740646,19740653,7
4547,19742588,19742600,12
4548,19742600,19742612,12
4549,19743779,19743784,5
4550,19745788,19745796,8
4551,19747596,19747603,7
4552,19755098,19755103,5
4553,19755103,19755108,5
4554,19755108,19755113,5
4555,19755113,19755118,5
4556,19769721,19769728,7
4557,19783279,19783284,5
4558,19786801,19786807,6
4559,19797472,19797624,152
4560,19797624,19797647,23
4561,19798076,19798231,155
4562,19803078,19803138,60
4563,19803138,19803150,12
4564,19803150,19803179,29
4565,19803179,19803277,98
4566,19804321,19804473,152
4567,19804473,19804496,23
4568,19810141,19810147,6
4569,19857352,19857358,6
4570,19872964,19872980,16
4571,19872980,19872986,6
4572,19885342,19885348,6
4573,19888947,19888954,7
4574,19891609,19891617,8
4575,19907734,19907748,14
4576,19908048,19908232,184
4577,19908232,19908411,179
4578,19908411,19908486,75
4579,19908486,19908794,308
4580,19908794,19908966,172
4581,19909811,19909907,96
4582,19909907,19909952,45
4583,19909952,19910255,303
4584,19910255,19910593,338
4585,19910593,19910743,150
4586,19910743,19911360,617
4587,19911360,19911757,397
4588,19911757,19912051,294
4589,19912051,19912258,207
4590,19912258,19912370,112
4591,19912370,19912504,134
4592,19912504,19912846,342
4593,19912846,19912898,52
4594,19912898,19912912,14
4595,19912912,19913212,300
4596,19913212,19913396,184
4597,19913396,19913575,179
4598,19913575,19913650,75
4599,19913650,19913958,308
4600,19914481,19914975,494
4601,19914975,19915071,96
4602,19915116,19915419,303
4603,19915419,19915757,338
4604,19915757,19915907,150
4605,19915907,19916524,617
4606,19916524,19916921,397
4607,19916921,19917215,294
4608,19917215,19917422,207
4609,19917422,19917534,112
4610,19917534,19917668,134
4611,19917668,19918010,342
4612,19918010,19918062,52
4613,19918062,19918076,14
4614,19918560,19918739,179
4615,19918739,19918814,75
4616,19919640,19920138,498
4617,19920138,19920234,96
4618,19920234,19920279,45
4619,19920573,19921235,662
4620,19921235,19921466,231
4621,19921466,19921511,45
4622,19921596,19921670,74
4623,19921670,19922145,475
4624,19922145,19922260,115
4625,19922426,19923220,794
4626,19923220,19923350,130
4627,19923350,19923411,61
4628,19923411,19923423,12
4629,19923423,19923739,316
4630,19923739,19923816,77
4631,19923816,19924166,350
4632,19924166,19924265,99
4633,19924265,19924370,105
4634,19924370,19925127,757
4635,19926015,19926273,258
4636,19927098,19927326,228
4637,19927326,19927413,87
4638,19927413,19927491,78
4639,19927491,19927687,196
4640,19927687,19927885,198
4641,19927885,19928415,530
4642,19928722,19928872,150
4643,19928872,19928968,96
4644,19929013,19929314,301
4645,19929652,19929802,150
4646,19929802,19930419,617
4647,19930419,19930816,397
4648,19930816,19931110,294
4649,19931110,19931317,207
4650,19931317,19931429,112
4651,19931429,19931563,134
4652,19931563,19931905,342
4653,19931905,19931957,52
4654,19931957,19931971,14
4655,19931971,19932271,300
4656,19932271,19932455,184
4657,19932455,19932634,179
4658,19932634,19932709,75
4659,19932709,19933017,308
4660,19933017,19933189,172
4661,19933540,19933847,307
4662,19933997,19934093,96
4663,19934093,19934138,45
4664,19935830,19936088,258
4665,19936088,19936388,300
4666,19937229,19937307,78
4667,19937307,19937503,196
4668,19937503,19937701,198
4669,19937701,19938231,530
4670,19938231,19938538,307
4671,19938538,19938688,150
4672,19938688,19938784,96
4673,19938784,19938829,45
4674,19938829,19939130,301
4675,19939468,19939618,150
4676,19939618,19940235,617
4677,19940235,19940632,397
4678,19940632,19940926,294
4679,19940926,19941133,207
4680,19941133,19941245,112
4681,19941245,19941379,134
4682,19941379,19941721,342
4683,19941721,19941773,52
4684,19941773,19941787,14
4685,19941787,19942087,300
4686,19942087,19942271,184
4687,19942271,19942450,179
4688,19942450,19942525,75
4689,19942525,19942833,308
4690,19943356,19943850,494
4691,19943850,19943946,96
4692,19943946,19943991,45
4693,19944282,19944944,662
4694,19945171,19945216,45
4695,19945679,19945943,264
4696,19945943,19946243,300
4697,19947084,19947162,78
4698,19947162,19947358,196
4699,19947358,19947556,198
4700,19948078,19948576,498
4701,19948576,19948672,96
4702,19948672,19948717,45
4703,19948717,19949012,295
4704,19949012,19949674,662
4705,19949674,19949905,231
4706,19949905,19949950,45
4707,19949950,19950412,462
4708,19950412,19950676,264
4709,19950676,19950976,300
4710,19951730,19951817,87
4711,19951817,19951895,78
4712,19951895,19952091,196
4713,19952091,19952289,198
4714,19952813,19953311,498
4715,19953311,19953407,96
4716,19953407,19953452,45
4717,19953452,19953747,295
4718,19953747,19954409,662
4719,19954409,19954640,231
4720,19954640,19954685,45
4721,19954685,19955147,462
4722,19955147,19955411,264
4723,19955411,19955711,300
4724,19956237,19956465,228
4725,19956465,19956552,87
4726,19956552,19956630,78
4727,19956630,19956826,196
4728,19956826,19957024,198
4729,19957547,19958045,498
4730,19958045,19958141,96
4731,19958141,19958186,45
4732,19960845,19960861,16
4733,19960861,19960867,6
4734,19962790,19962797,7
4735,19965648,19965652,4
4736,19966164,19966171,7
4737,19966416,19966425,9
4738,19998969,19998975,6
4739,20005961,20005967,6
4740,20009469,20009474,5
4741,20015571,20015579,8
4742,20015579,20015587,8
4743,20030610,20030619,9
4744,20033664,20034257,593
4745,20034257,20034387,130
4746,20034387,20034702,315
4747,20035463,20035479,16
4748,20035479,20035717,238
4749,20036312,20036814,502
4750,20037033,20037039,6
4751,20051968,20051974,6
4752,20093862,20093868,6
4753,20102212,20102217,5
4754,20134524,20134529,5
4755,20143715,20143721,6
4756,20146174,20146181,7
4757,20154877,20154885,8
4758,20171403,20171410,7
4759,20171533,20171598,65
4760,20171598,20171681,83
4761,20172029,20172070,41
4762,20172070,20172106,36
4763,20175135,20175423,288
4764,20175423,20175685,262
4765,20175685,20175819,134
4766,20175819,20175949,130
4767,20175949,20176265,316
4768,20176265,20176500,235
4769,20176865,20177569,704
4770,20178242,20178483,241
4771,20178483,20178696,213
4772,20178696,20178761,65
4773,20178761,20178844,83
4774,20178844,20179192,348
4775,20179192,20179233,41
4776,20179233,20179269,36
4777,20179269,20179597,328
4778,20179597,20179718,121
4779,20179718,20179723,5
4780,20179723,20179755,32
4781,20179755,20180117,362
4782,20180117,20180871,754
4783,20180871,20181026,155
4784,20181026,20181402,376
4785,20181402,20181809,407
4786,20182233,20182364,131
4787,20182364,20182576,212
4788,20183250,20183512,262
4789,20183512,20183646,134
4790,20183646,20183776,130
4791,20183776,20184087,311
4792,20184087,20184322,235
4793,20184322,20184687,365
4794,20184687,20185391,704
4795,20185391,20186117,726
4796,20186117,20186358,241
4797,20186358,20186571,213
4798,20186571,20186636,65
4799,20186636,20186719,83
4800,20186719,20187067,348
4801,20187067,20187108,41
4802,20187108,20187144,36
4803,20187144,20187472,328
4804,20187593,20187598,5
4805,20187598,20187630,32
4806,20188731,20188886,155
4807,20188886,20189262,376
4808,20189262,20189669,407
4809,20189669,20189987,318
4810,20189987,20190118,131
4811,20190118,20190265,147
4812,20190265,20190686,421
4813,20190686,20190974,288
4814,20190974,20191236,262
4815,20191236,20191370,134
4816,20191370,20191500,130
4817,20191500,20191816,316
4818,20191816,20192051,235
4819,20192051,20192416,365
4820,20192416,20193120,704
4821,20193120,20193847,727
4822,20193847,20194088,241
4823,20194088,20194301,213
4824,20194301,20194366,65
4825,20194366,20194449,83
4826,20194449,20194797,348
4827,20194797,20194838,41
4828,20194838,20194874,36
4829,20194874,20195206,332
4830,20195206,20195327,121
4831,20195327,20195332,5
4832,20195332,20195364,32
4833,20195364,20195726,362
4834,20196447,20196602,155
4835,20196602,20196978,376
4836,20197385,20197703,318
4837,20197703,20197834,131
4838,20197834,20197981,147
4839,20197981,20198402,421
4840,20198402,20198690,288
4841,20198690,20198952,262
4842,20198952,20199086,134
4843,20199086,20199216,130
4844,20199216,20199532,316
4845,20199532,20199767,235
4846,20199767,20200132,365
4847,20200132,20200836,704
4848,20200836,20201563,727
4849,20201563,20201804,241
4850,20201804,20202017,213
4851,20202017,20202082,65
4852,20202082,20202165,83
4853,20202165,20202513,348
4854,20202513,20202554,41
4855,20202554,20202590,36
4856,20202590,20202922,332
4857,20202922,20203043,121
4858,20203043,20203048,5
4859,20203048,20203080,32
4860,20203080,20203442,362
4861,20204171,20204326,155
4862,20204326,20204702,376
4863,20205427,20205558,131
4864,20205558,20205705,147
4865,20205705,20206126,421
4866,20206126,20206414,288
4867,20206414,20206676,262
4868,20206676,20206810,134
4869,20206810,20206940,130
4870,20206940,20207256,316
4871,20207256,20207491,235
4872,20209233,20209474,241
4873,20209474,20209687,213
4874,20209687,20209752,65
4875,20209752,20209835,83
4876,20209835,20210183,348
4877,20210183,20210224,41
4878,20210224,20210260,36
4879,20210260,20210592,332
4880,20210592,20210713,121
4881,20210713,20210718,5
4882,20210718,20210750,32
4883,20210750,20211112,362
4884,20211112,20211866,754
4885,20211866,20212021,155
4886,20212021,20212397,376
4887,20212397,20212804,407
4888,20213122,20213253,131
4889,20213607,20213787,180
4890,20213787,20214075,288
4891,20214337,20214471,134
4892,20214471,20214601,130
4893,20214912,20215147,235
4894,20215147,20215512,365
4895,20216889,20217130,241
4896,20217130,20217343,213
4897,20217343,20217408,65
4898,20217408,20217491,83
4899,20217491,20217839,348
4900,20217839,20217880,41
4901,20217880,20217916,36
4902,20217916,20218244,328
4903,20218244,20218365,121
4904,20218365,20218370,5
4905,20218370,20218402,32
4906,20218402,20218764,362
4907,20219518,20219673,155
4908,20219673,20220049,376
4909,20220049,20220456,407
4910,20220774,20220905,131
4911,20221289,20221469,180
4912,20221469,20221757,288
4913,20221757,20222019,262
4914,20222019,20222153,134
4915,20222153,20222283,130
4916,20222283,20222594,311
4917,20222594,20222829,235
4918,20222829,20223194,365
4919,20223194,20223898,704
4920,20223898,20224624,726
4921,20224624,20224865,241
4922,20224865,20225078,213
4923,20225078,20225143,65
4924,20225143,20225226,83
4925,20225226,20225574,348
4926,20225574,20225615,41
4927,20225615,20225651,36
4928,20225651,20225979,328
4929,20225979,20226100,121
4930,20226100,20226105,5
4931,20226105,20226137,32
4932,20226137,20226499,362
4933,20227253,20227408,155
4934,20227408,20227784,376
4935,20228614,20228745,131
4936,20228745,20228957,212
4937,20229343,20229631,288
4938,20229631,20229893,262
4939,20229893,20230027,134
4940,20230027,20230157,130
4941,20230157,20230468,311
4942,20230468,20230703,235
4943,20238093,20238097,4
4944,20239276,20239282,6
4945,20240195,20240201,6
4946,20245738,20245748,10
4947,20249048,20249057,9
4948,20250488,20250493,5
4949,20263455,20263462,7
4950,20283961,20283968,7
4951,20284205,20284212,7
4952,20291774,20292904,1130
4953,20292904,20293138,234
4954,20293138,20293556,418
4955,20293556,20294210,654
4956,20294210,20294255,45
4957,20294255,20294319,64
4958,20294319,20294453,134
4959,20294453,20295324,871
4960,20295324,20295612,288
4961,20295612,20295645,33
4962,20295645,20296798,1153
4963,20296798,20297968,1170
4964,20297968,20298886,918
4965,20298886,20299430,544
4966,20299430,20299726,296
4967,20299726,20300294,568
4968,20301681,20302811,1130
4969,20302811,20303045,234
4970,20303045,20303463,418
4971,20303463,20304117,654
4972,20304117,20304162,45
4973,20304162,20304226,64
4974,20304226,20304360,134
4975,20304360,20305231,871
4976,20305231,20305519,288
4977,20305519,20305552,33
4978,20305552,20306705,1153
4979,20306705,20307875,1170
4980,20307875,20308793,918
4981,20308793,20309337,544
4982,20309337,20309633,296
4983,20309633,20310201,568
4984,20311148,20311157,9
4985,20328285,20328292,7
4986,20335750,20335756,6
4987,20358218,20358224,6
4988,20358224,20358230,6
4989,20376068,20376077,9
4990,20378257,20378570,313
4991,20395033,20395039,6
4992,20395039,20395045,6
4993,20407704,20407715,11
4994,20411625,20411632,7
4995,20413510,20413518,8
4996,20413518,20413526,8
4997,20420012,20420017,5
4998,20424246,20424252,6
4999,20431912,20431917,5
5000,20442656,20442791,135
5001,20442791,20442912,121
5002,20442912,20442934,22
5003,20446465,20446484,19
5004,20460981,20460987,6
5005,20463596,20463605,9
5006,20464909,20465044,135
5007,20465044,20465165,121
5008,20465165,20465187,22
5009,20471109,20471116,7
5010,20474332,20474341,9
5011,20478969,20478975,6
5012,20481232,20481238,6
5013,20482418,20482422,4
5014,20494948,20494953,5
5015,20494953,20494960,7
5016,20504271,20504414,143
5017,20505152,20505309,157
5018,20516273,20516277,4
5019,20517684,20517688,4
5020,20518197,20518203,6
5021,20520427,20520437,10
5022,20527034,20527040,6
5023,20527040,20527056,16
5024,20527727,20527746,19
5025,20527746,20527889,143
5026,20541613,20541620,7
5027,20552653,20552660,7
5028,20574386,20574405,19
5029,20574405,20574548,143
5030,20576119,20576125,6
5031,20576125,20576141,16
5032,20576141,20576169,28
5033,20591717,20591724,7
5034,20605741,20605748,7
5035,20616802,20616811,9
5036,20633601,20633607,6
5037,20638759,20638764,5
5038,20645192,20645197,5
5039,20645849,20645857,8
5040,20662445,20662453,8
5041,20663106,20663111,5
5042,20664594,20664603,9
5043,20669818,20669864,46
5044,20670212,20670258,46
5045,20671860,20671868,8
5046,20673716,20673899,183
5047,20675440,20675623,183
5048,20675954,20676018,64
5049,20676532,20676596,64
5050,20684034,20684041,7
5051,20685496,20685502,6
5052,20692619,20692626,7
5053,20692850,20692858,8
5054,20693058,20693063,5
5055,20695686,20695694,8
5056,20713608,20713614,6
5057,20713614,20713620,6
5058,20713620,20713626,6
5059,20725741,20725746,5
5060,20745502,20745506,4
5061,20747343,20747347,4
5062,20751582,20751589,7
5063,20753944,20753950,6
5064,20753950,20753956,6
5065,20753956,20753962,6
5066,20753962,20753968,6
5067,20753968,20753974,6
5068,20761330,20761334,4
5069,20770382,20770389,7
5070,20779077,20779087,10
5071,20783145,20783153,8
5072,20783199,20783205,6
5073,20786091,20786101,10
5074,20786101,20786111,10
5075,20794094,20794101,7
5076,20796243,20796249,6
5077,20801302,20801310,8
5078,20803952,20803957,5
5079,20806402,20806418,16
5080,20806418,20806424,6
5081,20838206,20838219,13
5082,20838219,20838786,567
5083,20838786,20838831,45
5084,20838831,20838990,159
5085,20838990,20839881,891
5086,20839881,20840112,231
5087,20840112,20840634,522
5088,20840634,20841126,492
5089,20841126,20841207,81
5090,20841207,20841511,304
5091,20841511,20841533,22
5092,20841533,20841593,60
5093,20841593,20841716,123
5094,20841716,20841840,124
5095,20841840,20842551,711
5096,20842551,20842668,117
5097,20865216,20865223,7
5098,20888938,20888944,6
5099,20894909,20894917,8
5100,20894953,20894969,16
5101,20909212,20909218,6
5102,20909218,20909224,6
5103,20928976,20928982,6
5104,20930603,20930609,6
5105,20930609,20930625,16
5106,20948247,20948251,4
5107,20957696,20957779,83
5108,20957779,20959133,1354
5109,20959133,20959500,367
5110,20959500,20960279,779
5111,20977514,20977523,9
5112,20977523,20977527,4
5113,21002527,21002533,6
5114,21004819,21004825,6
5115,21024453,21024457,4
5116,21025174,21025178,4
5117,21026877,21026881,4
5118,21031994,21031998,4
5119,21035559,21035564,5
5120,21037061,21037067,6
5121,21037067,21037083,16
5122,21037789,21037795,6
5123,21039198,21039206,8
5124,21048697,21048706,9
5125,21052121,21052130,9
5126,21061255,21061259,4
5127,21065995,21066004,9
5128,21067743,21067752,9
5129,21067976,21067983,7
5130,21067983,21067991,8
5131,21069668,21069677,9
5132,21070777,21070785,8
5133,21072135,21072139,4
5134,21072204,21072208,4
5135,21072208,21072212,4
5136,21077297,21077303,6
5137,21078422,21078430,8
5138,21078430,21078434,4
5139,21079219,21079224,5
5140,21082251,21082259,8
5141,21082944,21082950,6
5142,21086240,21086276,36
5143,21086276,21086699,423
5144,21086699,21086705,6
5145,21086705,21086951,246
5146,21088084,21088090,6
5147,21090323,21090329,6
5148,21094695,21094702,7
5149,21097210,21097216,6
5150,21105559,21105568,9
5151,21111087,21111096,9
5152,21125641,21125649,8
5153,21129214,21129220,6
5154,21148394,21148619,225
5155,21149655,21149697,42
5156,21150272,21150608,336
5157,21150608,21150715,107
5158,21150715,21150996,281
5159,21150996,21151205,209
5160,21151205,21151217,12
5161,21151217,21151620,403
5162,21151620,21152198,578
5163,21152198,21152390,192
5164,21152390,21152558,168
5165,21152558,21152645,87
5166,21152836,21152872,36
5167,21152872,21152888,16
5168,21153707,21154277,570
5169,21154277,21154307,30
5170,21154307,21154357,50
5171,21154357,21154399,42
5172,21159613,21159838,225
5173,21160874,21160916,42
5174,21161448,21161784,336
5175,21161784,21161891,107
5176,21161891,21162172,281
5177,21162172,21162381,209
5178,21162381,21162393,12
5179,21162393,21162796,403
5180,21162796,21163374,578
5181,21163374,21163566,192
5182,21163566,21163734,168
5183,21163734,21163821,87
5184,21164012,21164048,36
5185,21164048,21164064,16
5186,21164853,21165423,570
5187,21165423,21165453,30
5188,21165453,21165503,50
5189,21165503,21165545,42
5190,21177890,21177898,8
5191,21191367,21191373,6
5192,21216385,21216391,6
5193,21220771,21220779,8
5194,21232595,21232600,5
5195,21232600,21232605,5
5196,21255409,21255413,4
5197,21270535,21270540,5
5198,21270540,21270545,5
5199,21280717,21280723,6
5200,21280723,21280729,6
5201,21285533,21285538,5
5202,21289086,21289094,8
5203,21291499,21291507,8
5204,21295493,21295502,9
5205,21309922,21309928,6
5206,21313056,21313062,6
5207,21315787,21315793,6
5208,21317315,21317323,8
5209,21320299,21320304,5
5210,21320304,21320309,5
5211,21329867,21329871,4
5212,21329871,21329879,8
5213,21329879,21329883,4
5214,21329904,21329908,4
5215,21329908,21329912,4
5216,21352317,21352323,6
5217,21357782,21357790,8
5218,21362564,21362583,19
5219,21379677,21379682,5
5220,21379682,21379688,6
5221,21381569,21381575,6
5222,21389605,21389612,7
5223,21392283,21392288,5
5224,21392288,21392298,10
5225,21393461,21393467,6
5226,21398596,21398604,8
5227,21440895,21440903,8
5228,21452260,21452266,6
5229,21458971,21459058,87
5230,21459654,21459674,20
5231,21460778,21461068,290
5232,21461697,21462143,446
5233,21462143,21462163,20
5234,21462636,21462655,19
5235,21462655,21462738,83
5236,21462738,21462819,81
5237,21468822,21468828,6
5238,21471480,21471486,6
5239,21471486,21471492,6
5240,21472869,21472876,7
5241,21526484,21526506,22
5242,21532311,21532317,6
5243,21534260,21534273,13
5244,21535958,21536460,502
5245,21536517,21536562,45
5246,21538730,21538773,43
5247,21538773,21538929,156
5248,21538929,21539088,159
5249,21541580,21541595,15
5250,21544519,21545260,741
5251,21545260,21545758,498
5252,21545758,21545840,82
5253,21545966,21546026,60
5254,21546026,21546048,22
5255,21546048,21546352,304
5256,21546352,21546433,81
5257,21546433,21546925,492
5258,21547447,21547678,231
5259,21547678,21548569,891
5260,21548569,21548728,159
5261,21548728,21548773,45
5262,21549340,21549353,13
5263,21550831,21550847,16
5264,21551608,21551923,315
5265,21551923,21552053,130
5266,21552053,21552644,591
5267,21553848,21553857,9
5268,21553857,21553912,55
5269,21556251,21556257,6
5270,21558757,21558764,7
5271,21591376,21591380,4
5272,21595397,21595403,6
5273,21605095,21605103,8
5274,21606092,21606103,11
5275,21606103,21606186,83
5276,21606516,21606670,154
5277,21606850,21607004,154
5278,21607004,21607055,51
5279,21607055,21607220,165
5280,21607220,21607609,389
5281,21607609,21607802,193
5282,21607802,21607899,97
5283,21607899,21607908,9
5284,21607908,21608290,382
5285,21608290,21608629,339
5286,21608760,21608833,73
5287,21608833,21608899,66
5288,21608899,21609340,441
5289,21609340,21609585,245
5290,21609585,21609813,228
5291,21609813,21609846,33
5292,21609846,21610857,1011
5293,21610857,21611017,160
5294,21611017,21611050,33
5295,21611050,21611384,334
5296,21611384,21611657,273
5297,21611657,21611926,269
5298,21611926,21612187,261
5299,21612187,21612198,11
5300,21612198,21612281,83
5301,21612281,21612611,330
5302,21612611,21612765,154
5303,21612765,21612942,177
5304,21612942,21613096,154
5305,21613096,21613147,51
5306,21613147,21613312,165
5307,21613312,21613701,389
5308,21613701,21613894,193
5309,21613894,21613991,97
5310,21613991,21614000,9
5311,21614000,21614382,382
5312,21614382,21614721,339
5313,21614721,21614852,131
5314,21614852,21614925,73
5315,21614925,21614991,66
5316,21615432,21615677,245
5317,21615677,21615905,228
5318,21615905,21615938,33
5319,21615938,21616949,1011
5320,21616949,21617109,160
5321,21617109,21617142,33
5322,21617142,21617476,334
5323,21617476,21617749,273
5324,21617749,21618018,269
5325,21618018,21618279,261
5326,21618279,21618290,11
5327,21618290,21618373,83
5328,21618373,21618703,330
5329,21618703,21618857,154
5330,21618857,21619034,177
5331,21619034,21619188,154
5332,21619188,21619239,51
5333,21619239,21619404,165
5334,21619404,21619793,389
5335,21619793,21619986,193
5336,21619986,21620083,97
5337,21620083,21620092,9
5338,21620092,21620474,382
5339,21620474,21620813,339
5340,21620813,21620944,131
5341,21620944,21621017,73
5342,21621017,21621083,66
5343,21621083,21621524,441
5344,21621524,21621769,245
5345,21621769,21621997,228
5346,21621997,21622030,33
5347,21623057,21623217,160
5348,21623217,21623250,33
5349,21623250,21623584,334
5350,21635509,21635513,4
5351,21639771,21639777,6
5352,21640269,21640292,23
5353,21642401,21642927,526
5354,21642927,21643146,219
5355,21643146,21643176,30
5356,21645086,21645537,451
5357,21645537,21646353,816
5358,21646353,21646511,158
5359,21646511,21646520,9
5360,21646520,21646743,223
5361,21646743,21646816,73
5362,21646816,21646865,49
5363,21646865,21646877,12
5364,21649374,21649407,33
5365,21649407,21649416,9
5366,21649416,21649516,100
5367,21649516,21649549,33
5368,21649549,21649623,74
5369,21649623,21650022,399
5370,21650889,21651492,603
5371,21651492,21651533,41
5372,21651533,21651765,232
5373,21655365,21655388,23
5374,21660242,21660249,7
5375,21662258,21662387,129
5376,21662932,21663006,74
5377,21663006,21663481,475
5378,21663481,21663596,115
5379,21663762,21664556,794
5380,21664556,21664686,130
5381,21664686,21664747,61
5382,21664747,21664759,12
5383,21664759,21665075,316
5384,21665075,21665152,77
5385,21665152,21665502,350
5386,21665502,21665601,99
5387,21665601,21665706,105
5388,21673490,21673805,315
5389,21674554,21674870,316
5390,21678266,21678421,155
5391,21680650,21680802,152
5392,21680802,21680825,23
5393,21681259,21681414,155
5394,21683811,21684455,644
5395,21686261,21686321,60
5396,21686321,21686333,12
5397,21686333,21686362,29
5398,21686362,21686460,98
5399,21687481,21687504,23
5400,21687923,21688149,226
5401,21689382,21689529,147
5402,21689529,21689552,23
5403,21690631,21691783,1152
5404,21691783,21691798,15
5405,21691798,21692011,213
5406,21692011,21692020,9
5407,21692020,21692075,55
5408,21692667,21692676,9
5409,21692676,21692779,103
5410,21693558,21693659,101
5411,21693786,21693808,22
5412,21693808,21693831,23
5413,21693831,21693978,147
5414,21695310,21695536,226
5415,21695536,21695761,225
5416,21696892,21697039,147
5417,21697039,21697062,23
5418,21697062,21697084,22
5419,21698852,21698861,9
5420,21701298,21701320,22
5421,21701320,21701343,23
5422,21701343,21701490,147
5423,21702846,21703072,226
5424,21704335,21704482,147
5425,21704482,21704505,23
5426,21704505,21704527,22
5427,21704779,21704931,152
5428,21704931,21704954,23
5429,21706075,21706135,60
5430,21706135,21706147,12
5431,21706147,21706176,29
5432,21709631,21709654,23
5433,21710084,21710239,155
5434,21712537,21712544,7
5435,21714039,21714080,41
5436,21714697,21714801,104
5437,21714801,21714852,51
5438,21714852,21715054,202
5439,21715667,21715732,65
5440,21718842,21718885,43
5441,21718885,21719041,156
5442,21719041,21719200,159
5443,21721680,21721695,15
5444,21723905,21723967,62
5445,21723967,21724341,374
5446,21724834,21724845,11
5447,21726261,21726270,9
5448,21727029,21727111,82
5449,21727111,21727225,114
5450,21727225,21727449,224
5451,21727449,21727579,130
5452,21727579,21727650,71
5453,21728143,21728307,164
5454,21728307,21728661,354
5455,21728866,21729073,207
5456,21729888,21730211,323
5457,21731130,21731192,62
5458,21731192,21731566,374
5459,21731867,21731927,60
5460,21731927,21731939,12
5461,21731939,21731968,29
5462,21738286,21738293,7
5463,21742076,21742181,105
5464,21742181,21742280,99
5465,21743035,21743096,61
5466,21743096,21743226,130
5467,21744393,21744548,155
5468,21747645,21747705,60
5469,21747705,21747717,12
5470,21747717,21747746,29
5471,21751176,21751185,9
5472,21752204,21752369,165
5473,21759273,21759438,165
5474,21763069,21763092,23
5475,21764064,21764096,32
5476,21765547,21765558,11
5477,21772608,21772632,24
5478,21772743,21772802,59
5479,21772802,21773345,543
5480,21774538,21774601,63
5481,21786498,21786540,42
5482,21796748,21796757,9
5483,21796757,21796762,5
5484,21797231,21797259,28
5485,21797564,21797622,58
5486,21799204,21799361,157
5487,21799361,21799571,210
5488,21799571,21799663,92
5489,21799663,21799674,11
5490,21800439,21800463,24
5491,21800919,21800958,39
5492,21800958,21801034,76
5493,21802779,21803424,645
5494,21803424,21803727,303
5495,21803727,21803818,91
5496,21803818,21804824,1006
5497,21804824,21804975,151
5498,21804975,21805118,143
5499,21805118,21805421,303
5500,21805421,21805917,496
5501,21805917,21806316,399
5502,21814230,21814347,117
5503,21814347,21814389,42
5504,21814389,21814696,307
5505,21814696,21814757,61
5506,21814757,21814768,11
5507,21814768,21814875,107
5508,21814875,21814902,27
5509,21814902,21815008,106
5510,21815008,21815369,361
5511,21815369,21815797,428
5512,21816876,21816942,66
5513,21816942,21817138,196
5514,21817951,21818107,156
5515,21818107,21818395,288
5516,21818395,21818415,20
5517,21818415,21818470,55
5518,21818470,21818573,103
5519,21818573,21818997,424
5520,21818997,21819012,15
5521,21819918,21819949,31
5522,21819949,21820874,925
5523,21820874,21820958,84
5524,21820958,21821459,501
5525,21821459,21821615,156
5526,21821615,21821903,288
5527,21821903,21821923,20
5528,21821923,21821978,55
5529,21821978,21822081,103
5530,21822544,21822577,33
5531,21825155,21825631,476
5532,21825631,21826199,568
5533,21826199,21827798,1599
5534,21828078,21828554,476
5535,21831283,21831291,8
5536,21831291,21831390,99
5537,21833898,21835497,1599
5538,21835497,21835777,280
5539,21835777,21836253,476
5540,21837945,21838067,122
5541,21838622,21838644,22
5542,21838644,21838761,117
5543,21839390,21839729,339
5544,21839729,21839777,48
5545,21839777,21839937,160
5546,21839937,21840008,71
5547,21840008,21840186,178
5548,21840186,21840525,339
5549,21841036,21841047,11
5550,21841047,21841487,440
5551,21841487,21841492,5
5552,21843849,21843872,23
5553,21844791,21844823,32
5554,21852508,21852788,280
5555,21852788,21853264,476
5556,21853264,21853832,568
5557,21855089,21855487,398
5558,21860087,21860436,349
5559,21860436,21860720,284
5560,21860720,21861248,528
5561,21861248,21861494,246
5562,21865459,21865653,194
5563,21865653,21865692,39
5564,21866654,21866712,58
5565,21869591,21869748,157
5566,21869748,21869958,210
5567,21869958,21870050,92
5568,21870050,21870061,11
5569,21870822,21870846,24
5570,21871302,21871341,39
5571,21873116,21873761,645
5572,21873761,21874064,303
5573,21874064,21874155,91
5574,21874155,21875161,1006
5575,21875161,21875312,151
5576,21875312,21875455,143
5577,21875758,21876254,496
5578,21876254,21876653,399
5579,21876653,21877222,569
5580,21877222,21877339,117
5581,21877339,21877381,42
5582,21877381,21877688,307
5583,21877688,21877749,61
5584,21877749,21877760,11
5585,21877760,21877867,107
5586,21877867,21877894,27
5587,21877894,21878000,106
5588,21878000,21878361,361
5589,21878361,21878789,428
5590,21879868,21879934,66
5591,21879934,21880130,196
5592,21880130,21880502,372
5593,21880502,21880900,398
5594,21883013,21883777,764
5595,21883777,21883935,158
5596,21883935,21884505,570
5597,21884505,21884854,349
5598,21885138,21885666,528
5599,21885666,21885912,246
5600,21888646,21888802,156
5601,21888802,21889090,288
5602,21889090,21889110,20
5603,21889110,21889165,55
5604,21889165,21889269,104
5605,21889269,21889693,424
5606,21889693,21889708,15
5607,21889708,21890614,906
5608,21890614,21890645,31
5609,21891570,21891654,84
5610,21891654,21892155,501
5611,21892155,21892311,156
5612,21892311,21892599,288
5613,21892599,21892619,20
5614,21892619,21892674,55
5615,21892674,21892778,104
5616,21893240,21893273,33
5617,21893273,21893958,685
5618,21893958,21893997,39
5619,21893997,21894228,231
5620,21896001,21896014,13
5621,21896014,21896581,567
5622,21896581,21896626,45
5623,21896626,21896785,159
5624,21896785,21897676,891
5625,21897676,21897907,231
5626,21898429,21898921,492
5627,21898921,21899002,81
5628,21899002,21899306,304
5629,21899306,21899328,22
5630,21899328,21899388,60
5631,21899388,21899511,123
5632,21899511,21899635,124
5633,21899635,21900346,711
5634,21900346,21900463,117
5635,21901178,21901365,187
5636,21901365,21901534,169
5637,21902096,21902178,82
5638,21902178,21902676,498
5639,21902676,21903417,741
5640,21903867,21904259,392
5641,21904259,21904317,58
5642,21904317,21905655,1338
5643,21907817,21907879,62
5644,21908627,21908799,172
5645,21908799,21908929,130
5646,21908929,21909068,139
5647,21909068,21909075,7
5648,21914244,21914358,114
5649,21917994,21918023,29
5650,21920204,21920228,24
5651,21920339,21920398,59
5652,21920398,21920941,543
5653,21922134,21922197,63
5654,21927715,21927738,23
5655,21929362,21929404,42
5656,21939290,21939299,9
5657,21939299,21939304,5
5658,21939773,21939801,28
5659,21942520,21942677,157
5660,21942677,21942887,210
5661,21942979,21942990,11
5662,21944224,21944263,39
5663,21944263,21944339,76
5664,21946187,21946232,45
5665,21953613,21953618,5
5666,21954827,21954868,41
5667,21955485,21955589,104
5668,21955589,21955640,51
5669,21955640,21955842,202
5670,21956458,21956523,65
5671,21956911,21956927,16
5672,21959172,21959195,23
5673,21963835,21963991,156
5674,21964279,21964299,20
5675,21964299,21964354,55
5676,21964354,21964458,104
5677,21964458,21964882,424
5678,21964882,21964897,15
5679,21965235,21965737,502
5680,21965737,21966591,854
5681,21966591,21966721,130
5682,21966721,21966916,195
5683,21968018,21968498,480
5684,21969212,21969216,4
5685,21969216,21969632,416
5686,21969632,21969677,45
5687,21969677,21969764,87
5688,21969764,21970002,238
5689,21970002,21970018,16
5690,21971094,21971224,130
5691,21972805,21972836,31
5692,21977524,21977608,84
5693,21977964,21978120,156
5694,21978120,21978408,288
5695,21978408,21978428,20
5696,21978428,21978483,55
5697,21978483,21978587,104
5698,21979785,21979824,39
5699,21980051,21980390,339
5700,21980997,21981300,303
5701,21981300,21981391,91
5702,21982397,21982548,151
5703,21982548,21982691,143
5704,21982691,21982994,303
5705,21983490,21983889,399
5706,21983889,21984458,569
5707,21984574,21984601,27
5708,21984601,21984707,106
5709,21984707,21985068,361
5710,21985068,21985496,428
5711,21986577,21986643,66
5712,21986643,21986839,196
5713,21986839,21987211,372
5714,21987211,21987609,398
5715,21989722,21990486,764
5716,21990486,21990644,158
5717,21990644,21991214,570
5718,21991563,21991847,284
5719,21991847,21992375,528
5720,21992375,21992621,246
5721,21996083,21996103,20
5722,21996103,21996158,55
5723,21996158,21996262,104
5724,21996262,21996686,424
5725,21996686,21996701,15
5726,21996701,21997607,906
5727,21997607,21997638,31
5728,21998563,21998647,84
5729,21999878,21999911,33
5730,21999911,22000596,685
5731,22000596,22000635,39
5732,22000635,22000866,231
5733,22000866,22001205,339
5734,22001205,22001597,392
5735,22001597,22001655,58
5736,22001655,22002993,1338
5737,22002993,22003797,804
5738,22005611,22005644,33
5739,22006645,22007208,563
5740,22007208,22007345,137
5741,22007345,22007367,22
5742,22007367,22007450,83
5743,22007450,22007481,31
5744,22007481,22007567,86
5745,22010443,22010511,68
5746,22010777,22010800,23
5747,22012348,22012361,13
5748,22013116,22013242,126
5749,22015561,22015808,247
5750,22015808,22015871,63
5751,22015871,22015934,63
5752,22015934,22016020,86
5753,22016020,22016365,345
5754,22017637,22017696,59
5755,22017696,22017807,111
5756,22017807,22017831,24
5757,22017831,22017972,141
5758,22019071,22019197,126
5759,22021116,22021131,15
5760,22023802,22023822,20
5761,22023822,22023877,55
5762,22024405,22024420,15
5763,22024420,22025326,906
5764,22025326,22025357,31
5765,22026282,22026366,84
5766,22026867,22027023,156
5767,22027023,22027311,288
5768,22027311,22027331,20
5769,22027331,22027386,55
5770,22027386,22027490,104
5771,22027490,22027914,424
5772,22027914,22027929,15
5773,22027929,22028835,906
5774,22028835,22028866,31
5775,22028866,22029791,925
5776,22029791,22029875,84
5777,22030376,22030532,156
5778,22030532,22030820,288
5779,22030820,22030840,20
5780,22030840,22030895,55
5781,22030895,22030999,104
5782,22030999,22031423,424
5783,22031423,22031438,15
5784,22032344,22032375,31
5785,22033888,22034044,156
5786,22034044,22034332,288
5787,22034332,22034352,20
5788,22034352,22034407,55
5789,22034974,22035007,33
5790,22035688,22035727,39
5791,22036291,22036683,392
5792,22036683,22036741,58
5793,22038079,22038883,804
5794,22040698,22040731,33
5795,22041760,22042323,563
5796,22042323,22042460,137
5797,22042460,22042482,22
5798,22042482,22042565,83
5799,22042565,22042596,31
5800,22042596,22042682,86
5801,22044868,22044903,35
5802,22045666,22045900,234
5803,22045900,22045923,23
5804,22047470,22047483,13
5805,22048238,22048364,126
5806,22049389,22049880,491
5807,22051948,22052195,247
5808,22052258,22052321,63
5809,22052321,22052384,63
5810,22052384,22052470,86
5811,22052470,22052815,345
5812,22054059,22054118,59
5813,22054118,22054229,111
5814,22054229,22054253,24
5815,22054253,22054394,141
5816,22055498,22055624,126
5817,22057544,22057559,15
5818,22059784,22059940,156
5819,22060228,22060248,20
5820,22060248,22060303,55
5821,22060303,22060407,104
5822,22060831,22060846,15
5823,22061752,22061783,31
5824,22062672,22062756,84
5825,22062756,22063257,501
5826,22063257,22063413,156
5827,22063413,22063701,288
5828,22063701,22063721,20
5829,22063721,22063776,55
5830,22063776,22063880,104
5831,22063880,22064304,424
5832,22064304,22064319,15
5833,22065225,22065256,31
5834,22065256,22066181,925
5835,22066181,22066265,84
5836,22066766,22066922,156
5837,22067210,22067230,20
5838,22067230,22067285,55
5839,22067851,22067884,33
5840,22071476,22071670,194
5841,22071670,22071709,39
5842,22071709,22071940,231
5843,22071940,22072279,339
5844,22072279,22072671,392
5845,22072671,22072729,58
5846,22076683,22076716,33
5847,22078308,22078445,137
5848,22078445,22078467,22
5849,22078467,22078550,83
5850,22078550,22078581,31
5851,22078581,22078667,86
5852,22080766,22080801,35
5853,22081456,22081524,68
5854,22081556,22081790,234
5855,22081790,22081813,23
5856,22083361,22083374,13
5857,22083977,22084006,29
5858,22084441,22084567,126
5859,22085606,22086097,491
5860,22086708,22086726,18
5861,22086726,22086787,61
5862,22086787,22086837,50
5863,22093553,22093571,18
5864,22093571,22093632,61
5865,22093632,22093682,50
5866,22094306,22094462,156
5867,22094750,22094770,20
5868,22094770,22094825,55
5869,22094825,22094929,104
5870,22094929,22095353,424
5871,22095353,22095368,15
5872,22096262,22096293,31
5873,22097218,22097302,84
5874,22097803,22097959,156
5875,22097959,22098247,288
5876,22098247,22098267,20
5877,22098267,22098322,55
5878,22098850,22098865,15
5879,22099771,22099802,31
5880,22100727,22100811,84
5881,22100811,22101312,501
5882,22101756,22101776,20
5883,22101776,22101831,55
5884,22101831,22101935,104
5885,22102359,22102374,15
5886,22103280,22103311,31
5887,22104236,22104320,84
5888,22104320,22104821,501
5889,22104977,22105265,288
5890,22105265,22105285,20
5891,22105285,22105340,55
5892,22105340,22105444,104
5893,22105868,22105883,15
5894,22106789,22106820,31
5895,22106820,22107745,925
5896,22107745,22107829,84
5897,22108328,22108484,156
5898,22108484,22108772,288
5899,22108772,22108792,20
5900,22108792,22108847,55
5901,22108847,22108951,104
5902,22109375,22109390,15
5903,22110296,22110327,31
5904,22110327,22111252,925
5905,22111835,22111991,156
5906,22111991,22112279,288
5907,22112279,22112299,20
5908,22112299,22112354,55
5909,22112354,22112458,104
5910,22112921,22112954,33
5911,22113325,22113364,39
5912,22113364,22113595,231
5913,22114295,22114353,58
5914,22118307,22118340,33
5915,22120650,22120822,172
5916,22120822,22120952,130
5917,22120952,22121091,139
5918,22121091,22121098,7
5919,22124380,22124494,114
5920,22137457,22137480,23
5921,22137578,22137593,15
5922,22140694,22140910,216
5923,22140910,22140988,78
5924,22140988,22141021,33
5925,22142817,22142941,124
5926,22142941,22143284,343
5927,22145669,22145746,77
5928,22145746,22146287,541
5929,22147542,22147667,125
5930,22147667,22148015,348
5931,22150118,22150446,328
5932,22150446,22150688,242
5933,22150766,22150799,33
5934,22152595,22152720,125
5935,22152720,22153068,348
5936,22155171,22155499,328
5937,22155499,22155741,242
5938,22155741,22155819,78
5939,22155819,22155852,33
5940,22155852,22156386,534
5941,22160544,22160786,242
5942,22160853,22160886,33
5943,22162682,22162806,124
5944,22163716,22164762,1046
5945,22165541,22165618,77
5946,22165618,22166159,541
5947,22167538,22167881,343
5948,22167881,22168448,567
5949,22169943,22170271,328
5950,22170271,22170487,216
5951,22170487,22170565,78
5952,22170565,22170598,33
5953,22170598,22171139,541
5954,22172395,22172519,124
5955,22172867,22173434,567
5956,22175153,22175369,216
5957,22175369,22175436,67
5958,22175436,22175469,33
5959,22177259,22177383,124
5960,22177731,22178298,567
5961,22179342,22179770,428
5962,22179770,22180098,328
5963,22180098,22180340,242
5964,22180340,22180418,78
5965,22180451,22180992,541
5966,22182247,22182371,124
5967,22184226,22184654,428
5968,22184654,22184982,328
5969,22184982,22185224,242
5970,22185224,22185302,78
5971,22185302,22185335,33
5972,22185335,22185869,534
5973,22187124,22187248,124
5974,22187596,22188163,567
5975,22189553,22189881,328
5976,22189881,22190123,242
5977,22190123,22190201,78
5978,22190201,22190234,33
5979,22194457,22194785,328
5980,22194785,22195027,242
5981,22195027,22195105,78
5982,22195105,22195138,33
5983,22196933,22197057,124
5984,22197057,22197400,343
5985,22200030,22200108,78
5986,22200108,22200141,33
5987,22201937,22202061,124
5988,22202061,22202409,348
5989,22202409,22202976,567
5990,22204676,22204696,20
5991,22205800,22206090,290
5992,22206090,22206417,327
5993,22206417,22206719,302
5994,22207158,22207178,20
5995,22207648,22207667,19
5996,22207667,22207750,83
5997,22207750,22207831,81
5998,22210210,22210287,77
5999,22212082,22212206,124
6000,22212206,22212554,348
6001,22212554,22213121,567
6002,22215227,22215305,78
6003,22215305,22215338,33
6004,22215338,22215879,541
6005,22217133,22217257,124
6006,22221087,22221234,147
6007,22221234,22221346,112
6008,22221346,22221357,11
6009,22221357,22221362,5
6010,22221362,22221703,341
6011,22221703,22222022,319
6012,22222022,22222248,226
6013,22222248,22222293,45
6014,22222293,22222462,169
6015,22222462,22222593,131
6016,22224426,22224504,78
6017,22224504,22224537,33
6018,22224537,22225078,541
6019,22226332,22226456,124
6020,22226456,22226799,343
6021,22227366,22228412,1046
6022,22228863,22229191,328
6023,22229191,22229433,242
6024,22229433,22229500,67
6025,22229500,22229533,33
6026,22230074,22231329,1255
6027,22231329,22231453,124
6028,22231453,22231796,343
6029,22231796,22232363,567
6030,22232363,22233407,1044
6031,22233407,22233858,451
6032,22233858,22234186,328
6033,22234186,22234428,242
6034,22234428,22234495,67
6035,22234495,22234528,33
6036,22235069,22236324,1255
6037,22236324,22236448,124
6038,22236448,22236791,343
6039,22236791,22237358,567
6040,22237358,22238402,1044
6041,22238854,22239182,328
6042,22239182,22239424,242
6043,22239424,22239502,78
6044,22239502,22239535,33
6045,22241331,22241455,124
6046,22241455,22241798,343
6047,22243904,22244232,328
6048,22244447,22244525,78
6049,22244525,22244558,33
6050,22246354,22246478,124
6051,22246826,22247393,567
6052,22248437,22248888,451
6053,22249216,22249458,242
6054,22249458,22249536,78
6055,22249536,22249569,33
6056,22251465,22251808,343
6057,22251808,22252375,567
6058,22258457,22258531,74
6059,22259854,22259877,23
6060,22260697,22260805,108
6061,22263213,22263219,6
6062,22267654,22267662,8
6063,22270162,22270267,105
6064,22270267,22270328,61
6065,22270328,22270552,224
6066,22270552,22270627,75
6067,22270627,22271050,423
6068,22271050,22271317,267
6069,22271317,22271339,22
6070,22271339,22271355,16
6071,22271355,22271699,344
6072,22271699,22271711,12
6073,22271711,22272081,370
6074,22272081,22272181,100
6075,22272181,22272532,351
6076,22272532,22272567,35
6077,22273532,22274692,1160
6078,22274692,22275180,488
6079,22275759,22275774,15
6080,22275774,22276223,449
6081,22276223,22276254,31
6082,22276879,22276894,15
6083,22277338,22277369,31
6084,22279006,22279021,15
6085,22279021,22279470,449
6086,22279470,22279501,31
6087,22280471,22280486,15
6088,22280930,22280961,31
6089,22314972,22315552,580
6090,22315552,22315567,15
6091,22315567,22315845,278
6092,22315845,22315876,31
6093,22315876,22316652,776
6094,22316652,22316778,126
6095,22317045,22317116,71
6096,22317116,22317167,51
6097,22317167,22317198,31
6098,22317198,22317421,223
6099,22317421,22317526,105
6100,22350316,22350442,126
6101,22350709,22350780,71
6102,22350780,22350831,51
6103,22350831,22350862,31
6104,22350862,22351085,223
6105,22351085,22351190,105
6106,22351474,22351549,75
6107,22351549,22351972,423
6108,22351972,22352239,267
6109,22352239,22352261,22
6110,22352261,22352277,16
6111,22352277,22352621,344
6112,22352621,22352633,12
6113,22352633,22353003,370
6114,22353003,22353103,100
6115,22353103,22353454,351
6116,22353454,22353489,35
6117,22355590,22355605,15
6118,22356054,22356085,31
6119,22356711,22356726,15
6120,22357004,22357035,31
6121,22357811,22357937,126
6122,22357937,22358204,267
6123,22358204,22358275,71
6124,22358275,22358326,51
6125,22358326,22358357,31
6126,22358357,22358581,224
6127,22358581,22358686,105
6128,22358686,22358747,61
6129,22358747,22358971,224
6130,22358971,22359046,75
6131,22359046,22359469,423
6132,22359469,22359736,267
6133,22359736,22359758,22
6134,22359758,22359774,16
6135,22359774,22360118,344
6136,22360118,22360130,12
6137,22360130,22360500,370
6138,22360600,22360951,351
6139,22360951,22360986,35
6140,22363599,22364179,580
6141,22364179,22364194,15
6142,22364194,22364472,278
6143,22364472,22364503,31
6144,22364503,22365279,776
6145,22365279,22365405,126
6146,22365405,22365672,267
6147,22365743,22365794,51
6148,22365794,22365825,31
6149,22365825,22366049,224
6150,22366049,22366154,105
6151,22366154,22366215,61
6152,22366438,22366513,75
6153,22366513,22366936,423
6154,22366936,22367203,267
6155,22367203,22367225,22
6156,22367225,22367241,16
6157,22367241,22367585,344
6158,22367585,22367597,12
6159,22368585,22368620,35
6160,22369585,22370745,1160
6161,22370745,22371233,488
6162,22374692,22374766,74
6163,22375559,22376114,555
6164,22376114,22376218,104
6165,22376218,22376285,67
6166,22376285,22376484,199
6167,22376484,22376730,246
6168,22376730,22377465,735
6169,22377465,22377742,277
6170,22377742,22378739,997
6171,22378739,22379294,555
6172,22379294,22379398,104
6173,22379398,22379465,67
6174,22379465,22379664,199
6175,22379664,22379910,246
6176,22379910,22380645,735
6177,22380645,22380922,277
6178,22380922,22381919,997
6179,22382333,22382356,23
6180,22389911,22390612,701
6181,22390612,22390627,15
6182,22390627,22390728,101
6183,22390728,22391075,347
6184,22395207,22395908,701
6185,22395908,22395923,15
6186,22395923,22396024,101
6187,22396024,22396371,347
6188,22398932,22399005,73
6189,22399005,22399022,17
6190,22399518,22399541,23
6191,22401674,22401747,73
6192,22401747,22401764,17
6193,22402815,22402822,7
6194,22409229,22409237,8
6195,22416961,22416969,8
6196,22417406,22417414,8
6197,22421849,22421855,6
6198,22425153,22425175,22
6199,22425175,22425182,7
6200,22425442,22425479,37
6201,22429562,22429570,8
6202,22431662,22431667,5
6203,22435158,22435163,5
6204,22435364,22435386,22
6205,22435622,22435628,6
6206,22440248,22440347,99
6207,22441382,22441407,25
6208,22477117,22477123,6
6209,22484809,22484815,6
6210,22486309,22486315,6
6211,22491549,22491559,10
6212,22491559,22491569,10
6213,22506253,22506259,6
6214,22511733,22511740,7
6215,22513352,22513358,6
6216,22516658,22516664,6
6217,22527655,22527660,5
6218,22552363,22552494,131
6219,22552494,22552663,169
6220,22552663,22552708,45
6221,22552708,22552934,226
6222,22553594,22553599,5
6223,22553599,22553610,11
6224,22553610,22553722,112
6225,22553722,22553869,147
6226,22561850,22561875,25
6227,22565130,22565153,23
6228,22565637,22565779,142
6229,22565779,22566079,300
6230,22566079,22566331,252
6231,22566331,22566610,279
6232,22566610,22566700,90
6233,22568058,22568075,17
6234,22568075,22568472,397
6235,22568472,22568508,36
6236,22568508,22568600,92
6237,22568690,22569326,636
6238,22569326,22569572,246
6239,22569572,22569578,6
6240,22570001,22570037,36
6241,22576151,22576157,6
6242,22584987,22584993,6
6243,22586276,22586282,6
6244,22592486,22592492,6
6245,22600113,22600119,6
6246,22602059,22602065,6
6247,22620835,22621426,591
6248,22621426,22621556,130
6249,22621556,22621871,315
6250,22621871,22622632,761
6251,22622632,22622648,16
6252,22622648,22622886,238
6253,22622886,22622973,87
6254,22622973,22623018,45
6255,22623018,22623434,416
6256,22623434,22623438,4
6257,22624152,22624632,480
6258,22626130,22626632,502
6259,22629233,22629239,6
6260,22640872,22640888,16
6261,22642695,22642704,9
6262,22645617,22645623,6
6263,22651517,22651533,16
6264,22653856,22653862,6
6265,22694184,22694190,6
6266,22699400,22699751,351
6267,22699751,22699898,147
6268,22699898,22700010,112
6269,22700010,22700021,11
6270,22700021,22700026,5
6271,22700026,22700367,341
6272,22700367,22700686,319
6273,22700686,22700912,226
6274,22700912,22700957,45
6275,22700957,22701126,169
6276,22701126,22701257,131
6277,22702909,22702918,9
6278,22713350,22713356,6
6279,22742270,22742276,6
6280,22757794,22757810,16
6281,22757810,22757816,6
6282,22763405,22763413,8
6283,22766014,22766020,6
6284,22766020,22766028,8
6285,22771676,22772178,502
6286,22772178,22773032,854
6287,22773032,22773162,130
6288,22773774,22773904,130
6289,22780641,22780647,6
6290,22784414,22784421,7
6291,22789134,22789140,6
6292,22806577,22806593,16
6293,22810946,22810953,7
6294,22812074,22812203,129
6295,22812748,22812822,74
6296,22812822,22813297,475
6297,22813297,22813412,115
6298,22813572,22814366,794
6299,22814366,22814496,130
6300,22814496,22814557,61
6301,22814557,22814569,12
6302,22814569,22814885,316
6303,22814885,22814962,77
6304,22815312,22815411,99
6305,22815411,22815516,105
6306,22815516,22816273,757
6307,22829251,22829255,4
6308,22835166,22835172,6
6309,22838107,22838113,6
6310,22838113,22838129,16
6311,22849676,22849692,16
6312,22849692,22849698,6
6313,22856002,22856008,6
6314,22862776,22862784,8
6315,22874373,22874380,7
6316,22875668,22875674,6
6317,22876256,22876261,5
6318,22877699,22877706,7
6319,22886923,22887037,114
6320,22887567,22887609,42
6321,22887804,22887932,128
6322,22887932,22887947,15
6323,22887947,22888040,93
6324,22888681,22888817,136
6325,22889924,22889930,6
6326,22891116,22891121,5
6327,22893594,22893603,9
6328,22898531,22898537,6
6329,22899649,22899674,25
6330,22899925,22899946,21
6331,22904183,22904189,6
6332,22905594,22905610,16
6333,22905610,22905616,6
6334,22909225,22909357,132
6335,22909357,22909455,98
6336,22909455,22909521,66
6337,22909521,22909737,216
6338,22911168,22911277,109
6339,22911277,22911542,265
6340,22911542,22911579,37
6341,22911579,22912030,451
6342,22912030,22912069,39
6343,22912447,22912842,395
6344,22912842,22913117,275
6345,22924138,22924144,6
6346,22933147,22933229,82
6347,22939364,22939478,114
6348,22940041,22940083,42
6349,22940331,22940459,128
6350,22940459,22940474,15
6351,22940474,22940567,93
6352,22941204,22941340,136
6353,22952635,22952728,93
6354,22952728,22952743,15
6355,22952871,22953066,195
6356,22953066,22953108,42
6357,22953248,22953269,21
6358,22953269,22953521,252
6359,22953521,22953671,150
6360,22953671,22953783,112
6361,22953783,22953841,58
6362,22954595,22954611,16
6363,22962172,22962179,7
6364,22968102,22968140,38
6365,22975930,22976023,93
6366,22976023,22976038,15
6367,22976166,22976361,195
6368,22976361,22976403,42
6369,22976543,22976564,21
6370,22976564,22976816,252
6371,22976816,22976966,150
6372,22976966,22977078,112
6373,22977078,22977136,58
6374,22977891,22977907,16
6375,22986706,22986712,6
6376,22995390,22995395,5
6377,22997787,22997800,13
6378,22997800,22998367,567
6379,22998367,22998412,45
6380,22998412,22998571,159
6381,22998571,22999462,891
6382,22999462,22999693,231
6383,22999693,23000215,522
6384,23001048,23001235,187
6385,23001235,23001404,169
6386,23001404,23001966,562
6387,23001966,23002048,82
6388,23002048,23002546,498
6389,23002546,23003287,741
6390,23017648,23017697,49
6391,23017697,23017722,25
6392,23017865,23017974,109
6393,23017974,23017995,21
6394,23018886,23018902,16
6395,23018902,23018908,6
6396,23024132,23024148,16
6397,23028147,23028154,7
6398,23029479,23029495,16
6399,23031758,23031764,6
6400,23033202,23033207,5
6401,23037321,23037483,162
6402,23040119,23040168,49
6403,23040168,23040193,25
6404,23040336,23040445,109
6405,23040445,23040466,21
6406,23043708,23043714,6
6407,23044845,23044851,6
6408,23046667,23046671,4
6409,23046895,23046903,8
6410,23047778,23047783,5
6411,23054132,23055232,1100
6412,23055232,23055295,63
6413,23055295,23055418,123
6414,23056785,23057622,837
6415,23058184,23058466,282
6416,23058720,23058842,122
6417,23058842,23058902,60
6418,23058902,23059111,209
6419,23059111,23059155,44
6420,23059155,23059458,303
6421,23059458,23059557,99
6422,23060496,23060659,163
6423,23060659,23061184,525
6424,23061184,23061521,337
6425,23061521,23061569,48
6426,23061569,23061919,350
6427,23061919,23062021,102
6428,23062021,23062033,12
6429,23063033,23064133,1100
6430,23064133,23064196,63
6431,23064196,23064319,123
6432,23065391,23065397,6
6433,23066926,23066932,6
6434,23069044,23069048,4
6435,23069048,23069052,4
6436,23069783,23069789,6
6437,23074239,23074245,6
6438,23079959,23079965,6
6439,23088513,23088518,5
6440,23090993,23090999,6
6441,23090999,23091015,16
6442,23094963,23095042,79
6443,23095042,23095094,52
6444,23100899,23100906,7
6445,23103484,23103563,79
6446,23103563,23103615,52
6447,23104768,23104774,6
6448,23104774,23104790,16
6449,23110199,23110443,244
6450,23110443,23110770,327
6451,23110770,23110852,82
6452,23110852,23111116,264
6453,23111116,23111224,108
6454,23111568,23111874,306
6455,23111874,23112302,428
6456,23112302,23112396,94
6457,23112396,23112446,50
6458,23112446,23113359,913
6459,23113359,23113363,4
6460,23113363,23113711,348
6461,23113711,23114264,553
6462,23114264,23114832,568
6463,23114832,23115308,476
6464,23115308,23115429,121
6465,23115429,23116085,656
6466,23116085,23116329,244
6467,23116329,23116656,327
6468,23116656,23116738,82
6469,23116738,23117002,264
6470,23117002,23117110,108
6471,23117110,23117453,343
6472,23117453,23117759,306
6473,23117759,23118187,428
6474,23118187,23118281,94
6475,23118281,23118331,50
6476,23119244,23119248,4
6477,23120152,23120720,568
6478,23120720,23121196,476
6479,23121196,23121317,121
6480,23121317,23121973,656
6481,23122545,23122627,82
6482,23122627,23122891,264
6483,23122891,23122999,108
6484,23122999,23123342,343
6485,23123342,23123648,306
6486,23123648,23124076,428
6487,23124076,23124170,94
6488,23124170,23124220,50
6489,23124220,23125133,913
6490,23125133,23125137,4
6491,23125137,23125485,348
6492,23125485,23126038,553
6493,23126038,23126606,568
6494,23126606,23127082,476
6495,23127082,23127203,121
6496,23127203,23127859,656
6497,23127859,23128103,244
6498,23128103,23128430,327
6499,23128430,23128512,82
6500,23128512,23128776,264
6501,23128776,23128884,108
6502,23128884,23129227,343
6503,23129227,23129533,306
6504,23129533,23129961,428
6505,23129961,23130055,94
6506,23130055,23130105,50
6507,23130105,23131018,913
6508,23131018,23131022,4
6509,23131022,23131370,348
6510,23131370,23131923,553
6511,23131923,23132491,568
6512,23132491,23132967,476
6513,23132967,23133088,121
6514,23133088,23133744,656
6515,23133744,23133988,244
6516,23133988,23134315,327
6517,23134315,23134397,82
6518,23134397,23134661,264
6519,23134661,23134769,108
6520,23134769,23135112,343
6521,23135112,23135418,306
6522,23135418,23135846,428
6523,23135846,23135940,94
6524,23135940,23135990,50
6525,23135990,23136903,913
6526,23136903,23136907,4
6527,23136907,23137255,348
6528,23137255,23137808,553
6529,23137808,23138376,568
6530,23138376,23138852,476
6531,23138852,23138973,121
6532,23138973,23139629,656
6533,23139629,23139873,244
6534,23139873,23140200,327
6535,23140200,23140282,82
6536,23140282,23140546,264
6537,23140546,23140654,108
6538,23140654,23140997,343
6539,23140997,23141303,306
6540,23141303,23141731,428
6541,23141731,23141825,94
6542,23141825,23141875,50
6543,23141875,23142788,913
6544,23142788,23142792,4
6545,23142792,23143140,348
6546,23143140,23143696,556
6547,23143696,23144264,568
6548,23144264,23144740,476
6549,23144740,23144861,121
6550,23144861,23145517,656
6551,23145517,23145761,244
6552,23145761,23146088,327
6553,23146088,23146170,82
6554,23146170,23146434,264
6555,23146434,23146542,108
6556,23146885,23147191,306
6557,23147191,23147619,428
6558,23147619,23147713,94
6559,23147713,23147763,50
6560,23148675,23148679,4
6561,23149012,23149568,556
6562,23149568,23150136,568
6563,23150136,23150612,476
6564,23155343,23155381,38
6565,23163274,23163297,23
6566,23164682,23164689,7
6567,23188363,23188370,7
6568,23198798,23198806,8
6569,23204043,23204050,7
6570,23208056,23208117,61
6571,23211411,23211419,8
6572,23211419,23211454,35
6573,23211454,23211480,26
6574,23218628,23218945,317
6575,23218945,23219064,119
6576,23219755,23219967,212
6577,23219967,23220062,95
6578,23224958,23225275,317
6579,23225275,23225394,119
6580,23226085,23226297,212
6581,23226297,23226392,95
6582,23228121,23228171,50
6583,23228571,23228592,21
6584,23232566,23232622,56
6585,23233596,23233647,51
6586,23233647,23233697,50
6587,23233697,23233719,22
6588,23234097,23234118,21
6589,23234118,23234333,215
6590,23237191,23237283,92
6591,23237934,23237990,56
6592,23238621,23238963,342
6593,23238963,23239014,51
6594,23239064,23239086,22
6595,23239463,23239484,21
6596,23240804,23240811,7
6597,23242327,23242334,7
6598,23242594,23242643,49
6599,23243939,23244401,462
6600,23244401,23244496,95
6601,23244496,23244547,51
6602,23244547,23245211,664
6603,23245211,23245425,214
6604,23245425,23245840,415
6605,23245840,23245980,140
6606,23245980,23246029,49
6607,23246029,23247324,1295
6608,23247324,23247786,462
6609,23247786,23247881,95
6610,23247881,23247932,51
6611,23247932,23248596,664
6612,23248596,23248810,214
6613,23248810,23249225,415
6614,23249225,23249365,140
6615,23249365,23249414,49
6616,23249414,23250709,1295
6617,23250709,23251171,462
6618,23251171,23251266,95
6619,23251266,23251317,51
6620,23251317,23251981,664
6621,23251981,23252195,214
6622,23252195,23252610,415
6623,23252610,23252750,140
6624,23252750,23252799,49
6625,23254786,23254881,95
6626,23254881,23254932,51
6627,23255596,23255810,214
6628,23255810,23256225,415
6629,23256225,23256365,140
6630,23256365,23256414,49
6631,23257931,23258026,95
6632,23258026,23258077,51
6633,23258077,23258741,664
6634,23258741,23258955,214
6635,23260245,23260252,7
6636,23261056,23261164,108
6637,23261931,23261938,7
6638,23262337,23262439,102
6639,23266581,23266589,8
6640,23268349,23268354,5
6641,23273039,23273044,5
6642,23281884,23281998,114
6643,23282632,23282658,26
6644,23282658,23282693,35
6645,23282693,23282701,8
6646,23282701,23282806,105
6647,23285854,23285926,72
6648,23287322,23287476,154
6649,23287476,23287498,22
6650,23288245,23288268,23
6651,23288268,23288277,9
6652,23292353,23292458,105
6653,23292458,23292551,93
6654,23292551,23292569,18
6655,23292569,23292605,36
6656,23292605,23292715,110
6657,23292715,23293011,296
6658,23293011,23293033,22
6659,23293033,23293285,252
6660,23293774,23294351,577
6661,23294351,23294582,231
6662,23294582,23294596,14
6663,23294596,23294995,399
6664,23294995,23295086,91
6665,23295086,23295529,443
6666,23295529,23295712,183
6667,23295712,23295967,255
6668,23295967,23296080,113
6669,23296080,23296090,10
6670,23296090,23296369,279
6671,23296369,23296660,291
6672,23296660,23296851,191
6673,23296851,23296875,24
6674,23296875,23296979,104
6675,23296979,23297796,817
6676,23297796,23298154,358
6677,23298154,23298213,59
6678,23299928,23300305,377
6679,23300305,23300410,105
6680,23300410,23300503,93
6681,23300503,23300521,18
6682,23300521,23300557,36
6683,23300557,23300667,110
6684,23300963,23300985,22
6685,23300985,23301237,252
6686,23301726,23302303,577
6687,23302303,23302534,231
6688,23302534,23302548,14
6689,23302548,23302947,399
6690,23302947,23303038,91
6691,23303038,23303481,443
6692,23303481,23303664,183
6693,23303664,23303919,255
6694,23303919,23304032,113
6695,23304032,23304042,10
6696,23304042,23304321,279
6697,23304321,23304612,291
6698,23304612,23304803,191
6699,23304803,23304827,24
6700,23304827,23304931,104
6701,23304931,23305748,817
6702,23305748,23306106,358
6703,23306106,23306165,59
6704,23307881,23308258,377
6705,23308447,23308465,18
6706,23308465,23308501,36
6707,23308501,23308611,110
6708,23308611,23308907,296
6709,23308907,23308929,22
6710,23308929,23309181,252
6711,23310247,23310478,231
6712,23310478,23310492,14
6713,23310492,23310891,399
6714,23310891,23310982,91
6715,23311425,23311608,183
6716,23311608,23311863,255
6717,23311863,23311976,113
6718,23311976,23311986,10
6719,23312747,23312771,24
6720,23312771,23312875,104
6721,23313010,23313021,11
6722,23313995,23314353,358
6723,23314353,23314412,59
6724,23316828,23316944,116
6725,23317154,23317169,15
6726,23317169,23317268,99
6727,23317268,23317286,18
6728,23318099,23318120,21
6729,23318899,23318944,45
6730,23320057,23320147,90
6731,23320373,23320598,225
6732,23320598,23320825,227
6733,23322293,23322303,10
6734,23323064,23323088,24
6735,23323088,23323192,104
6736,23323327,23323338,11
6737,23324672,23324731,59
6738,23328757,23328774,17
6739,23330675,23330873,198
6740,23330873,23330891,18
6741,23330891,23330927,36
6742,23331333,23331355,22
6743,23334072,23334082,10
6744,23334843,23334867,24
6745,23334867,23334971,104
6746,23335106,23335117,11
6747,23336452,23336511,59
6748,23339046,23339162,116
6749,23339490,23339535,45
6750,23340658,23340748,90
6751,23340974,23341199,225
6752,23341199,23341426,227
6753,23344271,23344286,15
6754,23344496,23344505,9
6755,23345207,23345216,9
6756,23346271,23346316,45
6757,23346644,23346662,18
6758,23352162,23352278,116
6759,23352488,23352503,15
6760,23352503,23352602,99
6761,23352602,23352620,18
6762,23353451,23353472,21
6763,23355839,23355862,23
6764,23355862,23355909,47
6765,23355909,23355961,52
6766,23358875,23358880,5
6767,23360094,23360110,16
6768,23362310,23362333,23
6769,23362333,23362380,47
6770,23362380,23362432,52
6771,23363793,23363831,38
6772,23363831,23364058,227
6773,23364320,23364762,442
6774,23364762,23365263,501
6775,23365263,23365273,10
6776,23365273,23365503,230
6777,23365503,23365735,232
6778,23365735,23366102,367
6779,23366530,23366696,166
6780,23366696,23366854,158
6781,23366854,23366859,5
6782,23366859,23366866,7
6783,23366866,23366925,59
6784,23367142,23367151,9
6785,23367442,23367534,92
6786,23367832,23367840,8
6787,23367840,23367880,40
6788,23367880,23367888,8
6789,23369038,23369250,212
6790,23369250,23369342,92
6791,23371069,23371119,50
6792,23371119,23371141,22
6793,23371518,23371535,17
6794,23371535,23371750,215
6795,23372963,23373175,212
6796,23373898,23373954,56
6797,23375025,23375047,22
6798,23376190,23376215,25
6799,23379160,23379198,38
6800,23379198,23379425,227
6801,23379687,23380129,442
6802,23380129,23380630,501
6803,23380630,23380640,10
6804,23380640,23380870,230
6805,23380870,23381102,232
6806,23381102,23381469,367
6807,23381893,23382059,166
6808,23382059,23382217,158
6809,23382217,23382222,5
6810,23382222,23382229,7
6811,23382229,23382288,59
6812,23382505,23382514,9
6813,23382805,23382897,92
6814,23383195,23383203,8
6815,23383203,23383243,40
6816,23383243,23383251,8
6817,23384549,23384641,92
6818,23385292,23385348,56
6819,23385977,23386319,342
6820,23386319,23386370,51
6821,23386370,23386420,50
6822,23386420,23386442,22
6823,23386808,23386825,17
6824,23388218,23388565,347
6825,23389893,23389985,92
6826,23391594,23391645,51
6827,23391645,23391695,50
6828,23391695,23391717,22
6829,23392094,23392115,21
6830,23393508,23393855,347
6831,23396580,23396587,7
6832,23398678,23398761,83
6833,23400891,23400913,22
6834,23400913,23400920,7
6835,23401180,23401217,37
6836,23403697,23403909,212
6837,23403909,23404001,92
6838,23404652,23404708,56
6839,23405727,23405777,50
6840,23405777,23405799,22
6841,23406140,23406161,21
6842,23406161,23406376,215
6843,23408962,23409174,212
6844,23410946,23410997,51
6845,23410997,23411047,50
6846,23411047,23411069,22
6847,23411446,23411467,21
6848,23414293,23414385,92
6849,23416059,23416110,51
6850,23416150,23416172,22
6851,23416548,23416569,21
6852,23418154,23418161,7
6853,23418645,23418680,35
6854,23419166,23419183,17
6855,23421124,23421532,408
6856,23421532,23421664,132
6857,23421664,23421782,118
6858,23422682,23422689,7
6859,23422689,23422949,260
6860,23422949,23422998,49
6861,23422998,23423229,231
6862,23423229,23423264,35
6863,23423751,23423768,17
6864,23423768,23424193,425
6865,23424193,23424917,724
6866,23424917,23425162,245
6867,23425837,23426245,408
6868,23426245,23426377,132
6869,23426377,23426495,118
6870,23427395,23427402,7
6871,23427402,23427662,260
6872,23427662,23427711,49
6873,23427711,23427942,231
6874,23427942,23427977,35
6875,23428464,23428481,17
6876,23428481,23428906,425
6877,23428906,23429630,724
6878,23429630,23429875,245
6879,23432209,23432217,8
6880,23432217,23432252,35
6881,23432252,23432278,26
6882,23446989,23446997,8
6883,23448658,23448665,7
6884,23455870,23455984,114
6885,23456618,23456644,26
6886,23456644,23456679,35
6887,23456679,23456687,8
6888,23456687,23456792,105
6889,23459118,23459125,7
6890,23461930,23462056,126
6891,23462056,23462284,228
6892,23462284,23462446,162
6893,23462446,23462528,82
6894,23462528,23462908,380
6895,23462908,23463223,315
6896,23463223,23463704,481
6897,23465238,23465624,386
6898,23468821,23468893,72
6899,23470250,23470404,154
6900,23470404,23470426,22
6901,23471165,23471188,23
6902,23471188,23471197,9
6903,23472722,23472824,102
6904,23474037,23474248,211
6905,23474248,23474939,691
6906,23474939,23475058,119
6907,23475058,23475357,299
6908,23475357,23475525,168
6909,23475525,23475963,438
6910,23475963,23475986,23
6911,23475986,23476409,423
6912,23476554,23477436,882
6913,23477436,23478954,1518
6914,23478954,23479614,660
6915,23479614,23481040,1426
6916,23481040,23481100,60
6917,23481100,23481112,12
6918,23481112,23481141,29
6919,23481141,23481796,655
6920,23481796,23482182,386
6921,23482182,23482386,204
6922,23482386,23482429,43
6923,23482429,23482733,304
6924,23482733,23483501,768
6925,23483501,23483935,434
6926,23483935,23483957,22
6927,23483957,23484007,50
6928,23484007,23484058,51
6929,23484058,23484400,342
6930,23484400,23485029,629
6931,23485029,23485085,56
6932,23485702,23485913,211
6933,23486604,23486723,119
6934,23489561,23489759,198
6935,23489759,23489777,18
6936,23489777,23489813,36
6937,23490219,23490241,22
6938,23492090,23492104,14
6939,23493612,23493622,10
6940,23494383,23494407,24
6941,23494407,23494511,104
6942,23495627,23495686,59
6943,23506232,23506478,246
6944,23511151,23511585,434
6945,23511585,23511607,22
6946,23511607,23511657,50
6947,23511657,23511708,51
6948,23512695,23512906,211
6949,23512906,23513597,691
6950,23513597,23513716,119
6951,23513716,23514015,299
6952,23514015,23514183,168
6953,23514183,23514621,438
6954,23514621,23514644,23
6955,23514644,23515067,423
6956,23515212,23516094,882
6957,23516094,23517612,1518
6958,23517612,23518272,660
6959,23518272,23519698,1426
6960,23519698,23519758,60
6961,23519758,23519770,12
6962,23519770,23519799,29
6963,23519799,23520454,655
6964,23520454,23520840,386
6965,23520840,23521044,204
6966,23521044,23521087,43
6967,23521087,23521391,304
6968,23521391,23522159,768
6969,23522159,23522593,434
6970,23522593,23522615,22
6971,23522615,23522665,50
6972,23522665,23522716,51
6973,23522716,23523058,342
6974,23523058,23523687,629
6975,23523687,23523743,56
6976,23525196,23525315,119
6977,23527209,23527231,22
6978,23527281,23527332,51
6979,23528303,23528359,56
6980,481,870,389
6981,7065,7738,673
6982,7738,8066,328
6983,8066,8678,612
6984,8678,11246,2568
6985,67134,67807,673
6986,67807,68135,328
6987,68135,68747,612
6988,68747,71315,2568
6989,74130,74519,389
6990,97519,99631,2112
6991,103485,105597,2112
6992,300762,301576,814
6993,425436,425445,9
6994,1035300,1036114,814
6995,1362586,1362684,98
6996,1438821,1438932,111
6997,1438932,1439043,111
6998,1439043,1439154,111
6999,1439154,1439265,111
7000,1443150,1443261,111
7001,1443483,1443594,111
7002,1520126,1520157,31
7003,1957497,1957573,76
7004,1957573,1959798,2225
7005,1959798,1960029,231
7006,3078641,3080670,2029
7007,3991841,3992655,814
7008,4421853,4421862,9
7009,5204704,5204710,6
7010,5428475,5428482,7
7011,5730779,5730877,98
7012,6312294,6312300,6
7013,6396243,6396341,98
7014,6607887,6608390,503
7015,7264254,7264260,6
7016,7340997,7341005,8
7017,9502538,9502545,7
7018,10064140,10064146,6
7019,10064146,10064152,6
7020,10140064,10140878,814
7021,10319292,10319303,11
7022,10807817,10807828,11
7023,10818714,10818723,9
7024,11050512,11050520,8
7025,11314668,11314744,76
7026,11314744,11316969,2225
7027,11316969,11317200,231
7028,11739892,11740283,391
7029,11740283,11740383,100
7030,11740383,11741254,871
7031,11741254,11742556,1302
7032,11742556,11742646,90
7033,11753160,11753551,391
7034,11753551,11753651,100
7035,11753651,11754522,871
7036,11754522,11755824,1302
7037,11755824,11755914,90
7038,11984334,11984341,7
7039,12066300,12066306,6
7040,12710134,12710142,8
7041,14639351,14640374,1023
7042,14779370,14779468,98
7043,15938663,15938669,6
7044,16218519,16218526,7
7045,16349992,16349999,7
7046,16856739,16856747,8
7047,17183584,17183591,7
7048,17623019,17623027,8
7049,17992141,17992148,7
7050,18432505,18434534,2029
7051,19061744,19061842,98
7052,19138402,19139216,814
7053,19919398,19920539,1141
7054,19952571,19953712,1141
7055,19957305,19958446,1141
7056,20290806,20296304,5498
7057,20296304,20298404,2100
7058,20300713,20306211,5498
7059,20306211,20308311,2100
7060,20959871,20960894,1023
7061,21147468,21148345,877
7062,21158687,21159564,877
7063,21609390,21610792,1402
7064,21610792,21612702,1910
7065,21615482,21616884,1402
7066,21616884,21618794,1910
7067,21646070,21646884,814
7068,21650205,21650281,76
7069,21652506,21652737,231
7070,21675355,21675453,98
7071,21778418,21778453,35
7072,21815644,21816300,656
7073,21825140,21826272,1132
7074,21826272,21827811,1539
7075,21833971,21835510,1539
7076,21835510,21835762,252
7077,21852521,21852773,252
7078,21852773,21853905,1132
7079,21862257,21862313,56
7080,21862313,21862401,88
7081,21862401,21862544,143
7082,21862544,21862648,104
7083,21885270,21886674,1404
7084,21886674,21886730,56
7085,21886730,21886818,88
7086,21886818,21886961,143
7087,21886961,21887065,104
7088,21913661,21913759,98
7089,21924908,21924943,35
7090,21985343,21985999,656
7091,21991979,21993383,1404
7092,21993383,21993439,56
7093,21993439,21993527,88
7094,21993813,21993917,104
7095,21993917,21993991,74
7096,22013163,22013198,35
7097,22019118,22019153,35
7098,22022405,22022496,91
7099,22048285,22048320,35
7100,22055545,22055580,35
7101,22058833,22058924,91
7102,22084488,22084523,35
7103,22139369,22139460,91
7104,22149691,22150618,927
7105,22154744,22155671,927
7106,22179407,22180270,863
7107,22184291,22185154,863
7108,22215157,22216515,1358
7109,22224356,22225714,1358
7110,22228477,22229363,886
7111,22233472,22234358,886
7112,22376093,22377981,1888
7113,22377981,22378051,70
7114,22379273,22381161,1888
7115,22381161,22381231,70
7116,22390170,22391026,856
7117,22395466,22396322,856
7118,22567021,22567052,31
7119,22912577,22913080,503
7120,23111843,23112494,651
7121,23112494,23114189,1695
7122,23114189,23115321,1132
7123,23115321,23116534,1213
7124,23116534,23117728,1194
7125,23117728,23118379,651
7126,23120077,23121209,1132
7127,23122423,23123617,1194
7128,23123617,23124268,651
7129,23124268,23125963,1695
7130,23125963,23127095,1132
7131,23127095,23128308,1213
7132,23128308,23129502,1194
7133,23129502,23130153,651
7134,23130153,23131848,1695
7135,23131848,23132980,1132
7136,23132980,23134193,1213
7137,23134193,23135387,1194
7138,23135387,23136038,651
7139,23136038,23137733,1695
7140,23137733,23138865,1132
7141,23138865,23140078,1213
7142,23140078,23141272,1194
7143,23141272,23141923,651
7144,23143621,23144753,1132
7145,23144753,23145966,1213
7146,23147160,23147811,651
7147,23149493,23150625,1132
7148,23200146,23200155,9
7149,23293896,23298498,4602
7150,23301848,23306450,4602
7151,23478270,23478346,76
7152,23478346,23480562,2216
7153,23480562,23480986,424
7154,23480986,23483266,2280
7155,23507295,23507383,88
7156,23507383,23507526,143
7157,23507526,23507630,104
7158,23507630,23507704,74
7159,23516928,23517004,76
7160,23517004,23519220,2216
7161,23519220,23519644,424
7162,23519644,23521924,2280
