,startIdx,endIdx,length
0,0,201974,201974
1,204800,205157,357
2,237644,241158,3514
3,244656,264971,20315
4,267202,530404,263202
5,533201,548483,15282
6,550106,681358,131252
7,683656,895397,211741
8,898920,900435,1515
9,902078,905360,3282
10,906174,966361,60187
11,968545,1052869,84324
12,1054801,1090257,35456
13,1091531,1122681,31150
14,1123112,1164761,41649
15,1167940,1231121,63181
16,1232321,1234689,2368
17,1236550,1404791,168241
18,1407223,1429163,21940
19,1431582,1441815,10233
20,1442289,1507672,65383
21,1509502,1568450,58948
22,1571199,1597230,26031
23,1600368,1713043,112675
24,1715343,1760999,45656
25,1763787,1781082,17295
26,1781308,1796036,14728
27,1797841,1801229,3388
28,1803793,1806565,2772
29,1809148,1960028,150880
30,1962649,2178394,215745
31,2179086,2289846,110760
32,2292026,2300363,8337
33,2302639,2442935,140296
34,2443725,2444784,1059
35,2444923,2517398,72475
36,2520900,2552232,31332
37,2555146,2562743,7597
38,2565457,2655788,90331
39,2657968,2897815,239847
40,2899685,2903875,4190
41,2905852,2906180,328
42,2908019,2915846,7827
43,2919147,2950403,31256
44,2952696,2992175,39479
45,2994576,3034796,40220
46,3038911,3050041,11130
47,3051506,3088363,36857
48,3091064,3101412,10348
49,3102273,3105298,3025
50,3109610,3110780,1170
51,3116243,3116694,451
52,3117890,3126616,8726
53,3129318,3192842,63524
54,3195573,3205138,9565
55,3206035,3206057,22
56,3208125,3227894,19769
57,3230393,3233912,3519
58,3236166,3287659,51493
59,3289091,3294675,5584
60,3296487,3298393,1906
61,3300161,3307402,7241
62,3313099,3316821,3722
63,3318954,3321068,2114
64,3321929,3322718,789
65,3322816,3323061,245
66,3325140,3407452,82312
67,3409466,3453850,44384
68,3455593,3555052,99459
69,3557749,3594926,37177
70,3597402,3646448,49046
71,3646960,3647171,211
72,3650944,3652697,1753
73,3653063,3654838,1775
74,3655877,3726252,70375
75,3731504,3732081,577
76,3732390,3738640,6250
77,3738831,3740451,1620
78,3744389,3748066,3677
79,3749460,3768479,19019
80,3769909,3769917,8
81,3771171,3774469,3298
82,3782437,3857095,74658
83,3859043,4007902,148859
84,4008900,4009357,457
85,4011601,4013423,1822
86,4015414,4057667,42253
87,4060101,4150436,90335
88,4151890,4182408,30518
89,4184365,4188886,4521
90,4192559,4213684,21125
91,4215981,4237569,21588
92,4240109,4263627,23518
93,4263781,4266037,2256
94,4266150,4293659,27509
95,4295750,4317717,21967
96,4319891,4330673,10782
97,4335803,4340096,4293
98,4342040,4444405,102365
99,4446408,4479457,33049
100,4481914,4499330,17416
101,4500420,4511440,11020
102,4514349,4519776,5427
103,4524460,4600187,75727
104,4602809,4669068,66259
105,4670834,4674468,3634
106,4676998,4685738,8740
107,4688387,4691741,3354
108,4695322,4711750,16428
109,4713607,4742780,29173
110,4745929,4772236,26307
111,4776262,4805579,29317
112,4807435,4851110,43675
113,4853107,4860986,7879
114,4863400,4865994,2594
115,4868119,4868990,871
116,4871718,4921600,49882
117,4927899,4929063,1164
118,4937800,5055313,117513
119,5056773,5083414,26641
120,5086243,5092587,6344
121,5095630,5115698,20068
122,5117673,5143678,26005
123,5144129,5145343,1214
124,5148455,5157551,9096
125,5161405,5161822,417
126,5162910,5166556,3646
127,5167047,5167230,183
128,5170307,5176601,6294
129,5179807,5205395,25588
130,5206155,5206767,612
131,5208158,5215767,7609
132,5220399,5250923,30524
133,5255734,5275648,19914
134,5277895,5287223,9328
135,5290278,5349231,58953
136,5350093,5350111,18
137,5351513,5361759,10246
138,5363655,5366461,2806
139,5369968,5442527,72559
140,5444554,5453783,9229
141,5456122,5502933,46811
142,5506450,5514055,7605
143,5514382,5531377,16995
144,5533358,5574103,40745
145,5576755,5587509,10754
146,5588565,5588576,11
147,5590262,5805778,215516
148,5809108,5815916,6808
149,5817773,5822502,4729
150,5826491,6039557,213066
151,6041617,6135386,93769
152,6138252,6205381,67129
153,6208450,6263344,54894
154,6263629,6264463,834
155,6265772,6314006,48234
156,6316538,6317361,823
157,6318471,6396074,77603
158,6396243,6396340,97
159,6398797,6404331,5534
160,6406052,6442208,36156
161,6445473,6451167,5694
162,6452970,6494367,41397
163,6497831,6870583,372752
164,6872825,6886099,13274
165,6887931,6901180,13249
166,6904693,6915814,11121
167,6918778,6919110,332
168,6920185,6920191,6
169,6923740,6952801,29061
170,6957497,7016971,59474
171,7019287,7055194,35907
172,7058091,7141525,83434
173,7143223,7227480,84257
174,7230218,7267456,37238
175,7269665,7293253,23588
176,7295704,7336427,40723
177,7338840,7348524,9684
178,7349937,7396612,46675
179,7398228,7414719,16491
180,7416964,7432434,15470
181,7434546,7439366,4820
182,7443322,7445612,2290
183,7449315,7465327,16012
184,7465612,7518082,52470
185,7520459,7565156,44697
186,7566241,7588260,22019
187,7590501,7636211,45710
188,7639958,7691228,51270
189,7694313,7760295,65982
190,7763027,7791844,28817
191,7795506,7831694,36188
192,7833620,7972487,138867
193,7975125,8001243,26118
194,8002166,8003722,1556
195,8004810,8057601,52791
196,8059504,8193134,133630
197,8197271,8228749,31478
198,8230636,8279576,48940
199,8282921,8292201,9280
200,8292318,8309585,17267
201,8312322,8329843,17521
202,8330352,8342691,12339
203,8344575,8344847,272
204,8347617,8348736,1119
205,8349994,8350056,62
206,8354288,8355981,1693
207,8362043,8410638,48595
208,8412820,8415415,2595
209,8417375,8489669,72294
210,8493530,8537780,44250
211,8540057,8560764,20707
212,8563033,8607217,44184
213,8609785,8650576,40791
214,8653484,8730378,76894
215,8731917,8741282,9365
216,8742418,8773090,30672
217,8775257,8781963,6706
218,8785351,8793879,8528
219,8797446,8827887,30441
220,8830768,8909197,78429
221,8912630,8925556,12926
222,8929990,8940065,10075
223,8943354,8966504,23150
224,8968345,8970303,1958
225,8971863,8981356,9493
226,8982086,9011121,29035
227,9019512,9140839,121327
228,9142566,9179905,37339
229,9183086,9351037,167951
230,9353127,9377942,24815
231,9380608,9382967,2359
232,9385354,9399895,14541
233,9402594,9402731,137
234,9405252,9406255,1003
235,9406853,9410118,3265
236,9412809,9418041,5232
237,9419938,9424735,4797
238,9426186,9426495,309
239,9427988,9439644,11656
240,9442846,9443071,225
241,9445641,9457762,12121
242,9460726,9505603,44877
243,9507215,9518566,11351
244,9519614,9520707,1093
245,9523353,9528777,5424
246,9532937,9654370,121433
247,9657362,9683379,26017
248,9684925,9735960,51035
249,9737661,9737841,180
250,9740736,9784733,43997
251,9786407,9840115,53708
252,9842672,9852354,9682
253,9854826,9912809,57983
254,9914460,9917442,2982
255,9917529,9932746,15217
256,9934872,9949851,14979
257,9954719,10058700,103981
258,10059672,10068392,8720
259,10069009,10130432,61423
260,10132911,10159551,26640
261,10163143,10169676,6533
262,10171260,10259727,88467
263,10262730,10262952,222
264,10262989,10279089,16100
265,10281954,10298586,16632
266,10301158,10304085,2927
267,10304209,10331278,27069
268,10333807,10413733,79926
269,10417864,10448081,30217
270,10448603,10455864,7261
271,10458668,10563745,105077
272,10566069,10570341,4272
273,10572640,10645609,72969
274,10648718,10649556,838
275,10652926,10668179,15253
276,10670375,10675064,4689
277,10677838,10682637,4799
278,10685319,10691002,5683
279,10693942,10782024,88082
280,10784670,10789229,4559
281,10789657,10969759,180102
282,10970478,10980184,9706
283,10981175,10997460,16285
284,10999742,11007514,7772
285,11009671,11067128,57457
286,11069990,11107911,37921
287,11107962,11108211,249
288,11110213,11189424,79211
289,11192069,11192182,113
290,11194604,11220678,26074
291,11220855,11223066,2211
292,11223512,11256082,32570
293,11261494,11294396,32902
294,11297328,11379925,82597
295,11380795,11383475,2680
296,11386520,11473124,86604
297,11476046,11502700,26654
298,11505673,11518443,12770
299,11520512,11524472,3960
300,11527248,11643715,116467
301,11648461,11650506,2045
302,11654973,11655201,228
303,11658020,11727039,69019
304,11728823,11774273,45450
305,11776489,11776546,57
306,11777592,11778713,1121
307,11782026,11782451,425
308,11784085,11885571,101486
309,11887764,12038823,151059
310,12041454,12047402,5948
311,12049207,12083352,34145
312,12086408,12104228,17820
313,12106234,12117109,10875
314,12119093,12125336,6243
315,12127735,12159572,31837
316,12160489,12167994,7505
317,12169707,12237915,68208
318,12240216,12257206,16990
319,12259977,12306396,46419
320,12311280,12341354,30074
321,12342840,12389872,47032
322,12392711,12422465,29754
323,12424589,12428636,4047
324,12428871,12428884,13
325,12431114,12431847,733
326,12431871,12461767,29896
327,12463603,12504373,40770
328,12506425,12524507,18082
329,12529555,12561246,31691
330,12564329,12566731,2402
331,12569082,12570248,1166
332,12572536,12631731,59195
333,12633860,12698537,64677
334,12701623,12717716,16093
335,12718581,12729534,10953
336,12731876,12747917,16041
337,12751587,12778612,27025
338,12781033,12794377,13344
339,12799761,12825685,25924
340,12827831,12833690,5859
341,12835043,12852394,17351
342,12854107,12858794,4687
343,12862424,12868310,5886
344,12869800,12872580,2780
345,12873253,12913459,40206
346,12916534,12927886,11352
347,12930666,12960745,30079
348,12963182,13005823,42641
349,13006160,13007908,1748
350,13011058,13042804,31746
351,13045859,13050964,5105
352,13053557,13167468,113911
353,13169705,13182779,13074
354,13184305,13209071,24766
355,13212540,13253513,40973
356,13256997,13347230,90233
357,13349665,13349807,142
358,13353380,13434263,80883
359,13438005,13454104,16099
360,13456461,13510631,54170
361,13513601,13562915,49314
362,13566208,13571543,5335
363,13571663,13574669,3006
364,13575269,13577406,2137
365,13579543,13653043,73500
366,13654669,13669368,14699
367,13672087,13761387,89300
368,13761994,13763409,1415
369,13764740,13795157,30417
370,13796496,13815837,19341
371,13818044,13849822,31778
372,13851652,13876995,25343
373,13882971,13909947,26976
374,13911651,13913999,2348
375,13916484,13983991,67507
376,13987102,13993957,6855
377,13994741,13995874,1133
378,13998080,14008413,10333
379,14012647,14020366,7719
380,14022364,14035603,13239
381,14038998,14039713,715
382,14042187,14064554,22367
383,14065945,14075413,9468
384,14078177,14082996,4819
385,14085896,14131773,45877
386,14132204,14144980,12776
387,14147429,14203592,56163
388,14205567,14278186,72619
389,14288413,14299219,10806
390,14302282,14317590,15308
391,14320753,14364037,43284
392,14366073,14366724,651
393,14368590,14399683,31093
394,14401651,14427287,25636
395,14429430,14435003,5573
396,14438122,14442646,4524
397,14445523,14491906,46383
398,14494138,14535453,41315
399,14538226,14560505,22279
400,14563272,14615945,52673
401,14621118,14697208,76090
402,14698737,14703949,5212
403,14704864,14705679,815
404,14707698,14777814,70116
405,14779370,14804789,25419
406,14806670,15091560,284890
407,15092303,15196485,104182
408,15199036,15206533,7497
409,15209422,15224323,14901
410,15227174,15245079,17905
411,15249015,15291024,42009
412,15293622,15297423,3801
413,15298276,15299755,1479
414,15299930,15355485,55555
415,15357431,15429700,72269
416,15432644,15436064,3420
417,15437909,15495971,58062
418,15497697,15537465,39768
419,15539739,15563340,23601
420,15565195,15635982,70787
421,15638592,15750427,111835
422,15753876,16013012,259136
423,16024187,16024477,290
424,16039642,16086834,47192
425,16087830,16088514,684
426,16089094,16093559,4465
427,16094022,16147188,53166
428,16150577,16169787,19210
429,16171923,16232181,60258
430,16235506,16360047,124541
431,16360360,16507271,146911
432,16510752,16559335,48583
433,16560350,16568137,7787
434,16569065,16569087,22
435,16570635,16580789,10154
436,16581092,16583485,2393
437,16584617,16722748,138131
438,16724791,16863173,138382
439,16864428,16989989,125561
440,16994046,17009899,15853
441,17010633,17025267,14634
442,17028493,17029050,557
443,17030377,17030533,156
444,17031975,17043540,11565
445,17045325,17046189,864
446,17048351,17048376,25
447,17049059,17055975,6916
448,17060832,17061162,330
449,17061299,17061395,96
450,17064232,17307948,243716
451,17308601,17383453,74852
452,17384665,17424314,39649
453,17426039,17436950,10911
454,17437144,17444635,7491
455,17446550,17469407,22857
456,17471087,17471240,153
457,17473958,17480227,6269
458,17481817,17520263,38446
459,17521991,17549722,27731
460,17550649,17717795,167146
461,17719218,17731887,12669
462,17733945,17797576,63631
463,17799670,17801101,1431
464,17803904,17962606,158702
465,17968423,17971114,2691
466,17974955,17990862,15907
467,17992141,17992147,6
468,17992937,17994280,1343
469,17996874,18018353,21479
470,18018364,18018733,369
471,18021128,18033772,12644
472,18036481,18051255,14774
473,18053743,18162381,108638
474,18165045,18166368,1323
475,18168441,18395926,227485
476,18398926,18454349,55423
477,18454777,18472137,17360
478,18475103,18567551,92448
479,18569856,18576716,6860
480,18578798,18606281,27483
481,18607846,18714368,106522
482,18716888,18732346,15458
483,18734488,18816907,82419
484,18819696,18940715,121019
485,18941340,18945367,4027
486,18948032,18949084,1052
487,18950948,18951702,754
488,18955756,18976501,20745
489,18980523,18988602,8079
490,18991312,18993845,2533
491,18995954,19002894,6940
492,19005213,19022939,17726
493,19025800,19041477,15677
494,19043752,19083181,39429
495,19086617,19103358,16741
496,19103614,19359509,255895
497,19361343,19379147,17804
498,19379224,19387294,8070
499,19391412,19396562,5150
500,19401435,19403325,1890
501,19406564,19447782,41218
502,19450698,19451098,400
503,19454124,19721292,267168
504,19722942,19795135,72193
505,19796858,19826577,29719
506,19828730,19840618,11888
507,19842018,19874656,32638
508,19878063,19967804,89741
509,19970834,20040706,69872
510,20043662,20063513,19851
511,20065670,20075267,9597
512,20077502,20265978,188476
513,20268006,20314971,46965
514,20315301,20316887,1586
515,20321042,20351872,30830
516,20356397,20447440,91043
517,20448682,20449854,1172
518,20449974,20538733,88759
519,20540726,20605919,65193
520,20608129,20620148,12019
521,20622639,20637282,14643
522,20638759,20654782,16023
523,20656836,20704219,47383
524,20706795,20709454,2659
525,20712073,20714165,2092
526,20716655,20721913,5258
527,20724063,20797847,73784
528,20798985,20816335,17350
529,20818133,20869241,51108
530,20871961,20904462,32501
531,20905914,20905997,83
532,20909212,20911128,1916
533,20914493,20923950,9457
534,20925901,20943004,17103
535,20944530,20944702,172
536,20945749,20948250,2501
537,20949632,20984865,35233
538,20987789,21018803,31014
539,21020455,21121853,101398
540,21122920,21166930,44010
541,21170664,21213088,42424
542,21215755,21345991,130236
543,21347636,21420576,72940
544,21420598,21428961,8363
545,21430204,21436104,5900
546,21438342,21500139,61797
547,21500500,21569672,69172
548,21572224,21574499,2275
549,21574527,21574593,66
550,21576409,21629574,53165
551,21631251,21993990,362739
552,21995639,22282757,287118
553,22314972,22317525,2553
554,22350316,22499375,149059
555,22500267,22548279,48012
556,22551654,22586281,34627
557,22588302,22600118,11816
558,22602059,22610365,8306
559,22610445,22613515,3070
560,22614281,22614396,115
561,22616733,22656752,40019
562,22658645,22660012,1367
563,22662025,22675427,13402
564,22678238,22717197,38959
565,22719308,22731151,11843
566,22733419,23051820,318401
567,23054132,23095093,40961
568,23097872,23306449,208577
569,23307881,23355960,48079
570,23358431,23536619,178188
